-6.791119501200056,0.9686006703002379,0.7408168701647115,-0.062225
-6.791119501200056,0.9686006703002379,0.8865274020017413,-0.0623846
-6.645408969363025,-0.051373052558972176,0.5951063383276809,-0.0534859
-6.645408969363025,0.9686006703002379,1.4693695293498603,-0.0574932
-6.499698437525995,-0.3427941162330317,1.1779484656758008,-0.0589379
-6.353987905688966,-0.48850464807006144,0.5951063383276809,-0.0430897
-6.353987905688966,-0.48850464807006144,1.3236589975128314,-0.0584759
-6.353987905688966,1.405732265811328,1.615080061186891,-0.0439938
-6.208277373851936,-0.6342151799070912,0.5951063383276809,-0.0378497
-6.208277373851936,0.385758542952118,-0.42486738453152784,-0.0206602
-6.208277373851936,0.8228901384632072,-0.42486738453152784,-0.0316008
-6.208277373851936,1.6971533294853876,1.4693695293498603,-0.0384814
-6.062566842014906,-0.779925711744121,0.7408168701647115,-0.037867
-6.062566842014906,-0.6342151799070912,0.012264210979561874,-0.0061865
-6.062566842014906,-0.6342151799070912,0.15797474281659074,-0.0135681
-6.062566842014906,-0.6342151799070912,1.615080061186891,-0.0577181
-6.062566842014906,0.6771796066261784,2.197922188535011,-0.041006
-5.9168563101778755,-0.9256362435811516,-1.2991305755537077,0.0277188
-5.9168563101778755,1.6971533294853876,1.7607905930239207,-0.0187983
-5.771145778340847,-1.5084783709292706,-0.7162884482055878,0.0302203
-5.771145778340847,-1.5084783709292706,-0.570577916368558,0.0280159
-5.771145778340847,-1.3627678390922418,-1.153420043716678,0.0332552
-5.625435246503816,-1.5084783709292706,-0.13344632085746788,0.0211315
-5.625435246503816,-0.051373052558972176,2.3436327203720397,-0.0475799
-5.625435246503816,0.9686006703002379,-1.153420043716678,0.00553524
-5.625435246503816,0.9686006703002379,2.3436327203720397,-0.0130996
-5.625435246503816,1.1143112021372685,-1.0077095118796482,0.00159703
-5.625435246503816,1.988574393159448,1.615080061186891,-0.00254337
-5.479724714666786,-0.9256362435811516,-1.7362621710647974,0.0327077
-5.479724714666786,0.5314690747891477,-1.5905516392277677,0.0132069
-5.479724714666786,1.405732265811328,-1.0077095118796482,0.0027044
-5.479724714666786,1.8428638613224173,1.9065011248609505,0.0150578
-5.3340141828297565,-1.5084783709292706,-1.444841107390738,0.0397909
-5.3340141828297565,-1.0713467754181805,1.1779484656758008,-0.0320893
-5.3340141828297565,0.385758542952118,2.4893432522090704,-0.0262416
-5.3340141828297565,0.5314690747891477,2.4893432522090704,-0.0198194
-5.3340141828297565,0.6771796066261784,-1.7362621710647974,0.0147831
-5.188303650992726,0.8228901384632072,2.4893432522090704,0.00149431
-5.188303650992726,2.2799954568335066,0.5951063383276809,-0.0121663
-5.042593119155697,-1.799899434603331,-0.13344632085746788,0.0292631
-5.042593119155697,2.2799954568335066,0.5951063383276809,-0.0054482
-5.042593119155697,2.2799954568335066,1.3236589975128314,0.0237204
-4.896882587318666,-1.5084783709292706,-1.5905516392277677,0.0430416
-4.896882587318666,-0.779925711744121,1.9065011248609505,-0.0380404
-4.896882587318666,0.24004801111508822,2.4893432522090704,-0.0192808
-4.751172055481637,-1.5084783709292706,-1.5905516392277677,0.0442674
-4.751172055481637,0.385758542952118,2.4893432522090704,-0.00743015
-4.751172055481637,1.8428638613224173,2.197922188535011,0.0603796
-4.605461523644607,-1.799899434603331,-1.153420043716678,0.0456913
-4.605461523644607,-1.3627678390922418,0.7408168701647115,0.0161209
-4.605461523644607,-0.9256362435811516,1.615080061186891,-0.0203388
-4.459750991807577,-1.6541889027663004,0.3036852746536214,0.0291546
-4.459750991807577,-0.9256362435811516,1.615080061186891,-0.0126607
-4.459750991807577,-0.48850464807006144,2.0522116566979802,-0.0253451
-4.459750991807577,0.9686006703002379,2.4893432522090704,0.0358421
-4.314040459970546,-1.799899434603331,-0.13344632085746788,0.038047
-4.314040459970546,-1.217057307255211,1.4693695293498603,0.00649386
-4.314040459970546,0.385758542952118,-2.173393766575887,0.0286888
-4.314040459970546,1.2600217339742974,-2.173393766575887,0.0279291
-4.168329928133517,-1.799899434603331,-0.8619989800426175,0.0489735
-4.168329928133517,-1.799899434603331,0.5951063383276809,0.0311972
-4.168329928133517,-1.6541889027663004,1.3236589975128314,0.0217789
-4.168329928133517,-0.6342151799070912,-1.8819727029018276,0.0423603
-4.168329928133517,-0.051373052558972176,-2.0276832347388574,0.0345788
-4.168329928133517,0.5314690747891477,2.3436327203720397,0.0132936
-4.168329928133517,1.2600217339742974,-2.173393766575887,0.0291009
-4.168329928133517,1.405732265811328,2.3436327203720397,0.0546389
-4.168329928133517,2.1342849249964777,1.615080061186891,0.0582417
-4.022619396296487,-1.9456099664403603,1.032237933838771,0.0304811
-4.022619396296487,-1.799899434603331,-0.7162884482055878,0.0501568
-4.022619396296487,-1.799899434603331,-0.570577916368558,0.0487057
-4.022619396296487,-1.799899434603331,-0.42486738453152784,0.0470214
-4.022619396296487,-1.799899434603331,-0.2791568526944985,0.0452011
-4.022619396296487,-1.799899434603331,-0.13344632085746788,0.0433522
-4.022619396296487,-0.6342151799070912,1.9065011248609505,-0.00234627
-4.022619396296487,-0.48850464807006144,-1.8819727029018276,0.0437979
-4.022619396296487,0.9686006703002379,2.3436327203720397,0.0331297
-4.022619396296487,1.5514427976483578,-2.0276832347388574,0.0290675
-3.8769088644594567,-1.799899434603331,1.615080061186891,0.0264245
-3.8769088644594567,-1.5084783709292706,-1.7362621710647974,0.0550673
-3.8769088644594567,1.6971533294853876,-1.8819727029018276,0.0287914
-3.8769088644594567,2.1342849249964777,-1.0077095118796482,0.0220421
-3.7311983326224274,-2.0913204982773905,1.3236589975128314,0.0335478
-3.7311983326224274,-1.9456099664403603,0.012264210979561874,0.0453609
-3.7311983326224274,-1.0713467754181805,2.0522116566979802,0.0124859
-3.7311983326224274,-0.9256362435811516,2.0522116566979802,0.00981751
-3.5854878007853968,-2.2370310301144203,0.7408168701647115,0.0394911
-3.5854878007853968,-2.2370310301144203,1.032237933838771,0.0376748
-3.5854878007853968,-1.217057307255211,-2.173393766575887,0.051517
-3.5854878007853968,1.988574393159448,1.615080061186891,0.0102517
-3.439777268948367,-2.0913204982773905,0.012264210979561874,0.0479253
-3.439777268948367,-1.799899434603331,1.9065011248609505,0.0285642
-3.439777268948367,-1.6541889027663004,-2.3191042984129173,0.0550727
-3.439777268948367,-1.217057307255211,-2.3191042984129173,0.0503333
-3.439777268948367,0.6771796066261784,2.3436327203720397,-0.0192541
-3.439777268948367,2.1342849249964777,0.5951063383276809,0.00156733
-3.294066737111338,-2.2370310301144203,-0.42486738453152784,0.0543801
-3.294066737111338,0.6771796066261784,-2.0276832347388574,0.041277
-3.294066737111338,1.8428638613224173,-0.8619989800426175,0.0246299
-3.294066737111338,1.8428638613224173,-0.7162884482055878,0.0241592
-3.294066737111338,1.8428638613224173,-0.570577916368558,0.0233214
-3.1483562052743075,-2.6741626256255104,-1.2991305755537077,0.0635212
-3.1483562052743075,-1.0713467754181805,2.197922188535011,0.0154001
-3.1483562052743075,-0.9256362435811516,2.197922188535011,0.012168
-3.1483562052743075,2.2799954568335066,0.5951063383276809,-0.00140199
-3.1483562052743075,2.2799954568335066,1.3236589975128314,-0.0147414
-3.002645673437277,-2.6741626256255104,-1.7362621710647974,0.0646673
-3.002645673437277,-2.5284520937884807,-2.0276832347388574,0.0636616
-3.002645673437277,-2.2370310301144203,0.012264210979561874,0.0515242
-3.002645673437277,-1.0713467754181805,2.197922188535011,0.0148568
-3.002645673437277,0.9686006703002379,-1.8819727029018276,0.0410886
-3.002645673437277,1.6971533294853876,-0.570577916368558,0.0292109
-2.856935141600248,1.2600217339742974,-1.2991305755537077,0.0367054
-2.856935141600248,1.5514427976483578,-0.7162884482055878,0.0342922
-2.7112246097632173,-1.9456099664403603,1.7607905930239207,0.0318554
-2.7112246097632173,-1.5084783709292706,2.0522116566979802,0.0233316
-2.7112246097632173,0.385758542952118,-2.610525362086977,0.0456731
-2.7112246097632173,0.9686006703002379,2.635053784046101,-0.0474151
-2.7112246097632173,1.2600217339742974,-1.153420043716678,0.0377327
-2.7112246097632173,2.1342849249964777,1.9065011248609505,-0.0306452
-2.7112246097632173,2.425705988670537,0.7408168701647115,0.00280013
-2.7112246097632173,2.425705988670537,1.032237933838771,-0.00660427
-2.5655140779261876,-2.81987315746254,-1.444841107390738,0.0664431
-2.5655140779261876,1.2600217339742974,-1.153420043716678,0.0370742
-2.5655140779261876,1.5514427976483578,-0.7162884482055878,0.0383051
-2.5655140779261876,2.2799954568335066,0.012264210979561874,0.0287882
-2.419803546089158,-2.81987315746254,-1.444841107390738,0.0670616
-2.419803546089158,-2.6741626256255104,-0.42486738453152784,0.0653707
-2.419803546089158,-2.2370310301144203,0.44939580649065203,0.0496461
-2.419803546089158,-2.0913204982773905,1.3236589975128314,0.0354192
-2.419803546089158,0.9686006703002379,-2.3191042984129173,0.0431108
-2.419803546089158,1.2600217339742974,-1.5905516392277677,0.0334317
-2.274093014252128,-3.25700475297363,-0.42486738453152784,0.0680776
-2.274093014252128,-2.9655836892995704,-0.8619989800426175,0.0696465
-2.274093014252128,-2.81987315746254,-1.444841107390738,0.0671753
-2.274093014252128,-2.81987315746254,-0.13344632085746788,0.0635477
-2.274093014252128,-2.5284520937884807,0.012264210979561874,0.0609538
-2.274093014252128,-2.38274156195145,0.15797474281659074,0.0578729
-2.274093014252128,-2.2370310301144203,0.44939580649065203,0.0502359
-2.274093014252128,-0.19708358439600104,2.3436327203720397,-0.0354468
-2.274093014252128,1.1143112021372685,2.635053784046101,-0.0516355
-2.274093014252128,1.405732265811328,-1.0077095118796482,0.0287847
-2.274093014252128,2.1342849249964777,-0.42486738453152784,0.0291358
-2.1283824824150974,-2.81987315746254,-1.444841107390738,0.0671691
-2.1283824824150974,1.405732265811328,-1.2991305755537077,0.0172809
-1.9826719505780686,-0.6342151799070912,1.9065011248609505,-0.0159101
-1.9826719505780686,2.425705988670537,-0.570577916368558,-0.0044057
-1.9826719505780686,2.425705988670537,0.8865274020017413,0.0218241
-1.836961418741038,-2.5284520937884807,0.7408168701647115,0.0416687
-1.836961418741038,-2.0913204982773905,0.8865274020017413,0.0353722
-1.836961418741038,-1.217057307255211,-2.610525362086977,0.0418203
-1.836961418741038,1.1143112021372685,-2.173393766575887,0.0312298
-1.836961418741038,1.2600217339742974,2.4893432522090704,-0.0496442
-1.836961418741038,2.571416520507568,0.012264210979561874,0.00919118
-1.6912508869040082,-2.5284520937884807,0.8865274020017413,0.0370041
-1.6912508869040082,-0.48850464807006144,1.9065011248609505,-0.0283654
-1.6912508869040082,1.8428638613224173,-1.7362621710647974,-0.0213443
-1.6912508869040082,2.425705988670537,0.7408168701647115,0.0264748
-1.5455403550669784,-3.54842581664769,0.7408168701647115,0.0447631
-1.5455403550669784,-0.19708358439600104,-2.756235893924007,0.0423751
-1.5455403550669784,2.8628375841816274,0.012264210979561874,-0.0181507
-1.5455403550669784,3.0085481160186562,-0.570577916368558,-0.0321439
-1.3998298232299486,-3.40271528481066,0.8865274020017413,0.0386163
-1.3998298232299486,-2.9655836892995704,1.032237933838771,0.0331114
-1.3998298232299486,-1.6541889027663004,1.1779484656758008,0.0180546
-1.3998298232299486,-1.0713467754181805,-2.464814830249947,0.0412684
-1.3998298232299486,2.8628375841816274,-1.444841107390738,-0.0398541
-1.254119291392918,-0.48850464807006144,1.4693695293498603,-0.0208882
-1.254119291392918,2.1342849249964777,1.032237933838771,0.0157561
-1.254119291392918,2.2799954568335066,0.8865274020017413,0.0119311
-1.1084087595558891,-4.422689007669869,-0.570577916368558,0.0599624
-1.1084087595558891,-2.9655836892995704,1.1779484656758008,0.0270369
-1.1084087595558891,-2.81987315746254,-1.8819727029018276,0.0454298
-1.1084087595558891,-0.48850464807006144,1.3236589975128314,-0.0150931
-1.1084087595558891,1.6971533294853876,-2.173393766575887,-0.0243628
-1.1084087595558891,1.8428638613224173,-2.173393766575887,-0.0281142
-1.1084087595558891,2.8628375841816274,-1.7362621710647974,-0.0422265
-1.1084087595558891,3.2999691796927175,-0.2791568526944985,-0.0384782
-0.9626982277188585,-3.1112942211366,1.1779484656758008,0.0254384
-0.9626982277188585,-2.38274156195145,-2.0276832347388574,0.0393684
-0.9626982277188585,-0.3427941162330317,1.3236589975128314,-0.0172355
-0.9626982277188585,0.8228901384632072,1.9065011248609505,-0.0378992
-0.8169876958818278,-4.422689007669869,-0.2791568526944985,0.052967
-0.8169876958818278,-4.2769784758328395,-1.0077095118796482,0.052257
-0.8169876958818278,-1.9456099664403603,-2.173393766575887,0.0314179
-0.8169876958818278,-1.9456099664403603,1.3236589975128314,0.0183219
-0.8169876958818278,-0.051373052558972176,-2.173393766575887,0.0395696
-0.8169876958818278,3.154258647855685,-1.5905516392277677,-0.043943
-0.671277164044799,-4.2769784758328395,0.15797474281659074,0.0451526
-0.671277164044799,-3.9855574121587796,0.5951063383276809,0.0363479
-0.671277164044799,-3.6941363484847196,0.8865274020017413,0.0279437
-0.671277164044799,1.2600217339742974,1.1779484656758008,0.0016914
-0.5255666322077683,-3.83984688032175,0.7408168701647115,0.0280216
-0.5255666322077683,-3.6941363484847196,0.8865274020017413,0.023935
-0.5255666322077683,-2.6741626256255104,-2.0276832347388574,0.0327765
-0.5255666322077683,-1.799899434603331,1.3236589975128314,0.018412
-0.5255666322077683,-0.051373052558972176,-2.0276832347388574,0.035549
-0.5255666322077683,1.6971533294853876,-2.3191042984129173,-0.0232907
-0.5255666322077683,1.988574393159448,-2.3191042984129173,-0.0296123
-0.3798561003707386,-2.6741626256255104,-2.0276832347388574,0.0304535
-0.3798561003707386,-2.38274156195145,1.4693695293498603,0.00999762
-0.3798561003707386,-1.799899434603331,-2.173393766575887,0.0241393
-0.3798561003707386,-0.051373052558972176,-2.0276832347388574,0.0327064
-0.3798561003707386,0.6771796066261784,1.1779484656758008,0.00525936
-0.3798561003707386,3.4456797115297464,0.012264210979561874,-0.0326128
-0.23414556853370883,-4.131267943995809,0.15797474281659074,0.0307984
-0.23414556853370883,0.24004801111508822,1.3236589975128314,-0.00014059
-0.23414556853370883,0.8228901384632072,1.1779484656758008,0.0130518
-0.23414556853370883,1.6971533294853876,-2.3191042984129173,-0.01946
-0.23414556853370883,2.1342849249964777,1.032237933838771,-0.0057625
-0.23414556853370883,2.571416520507568,0.8865274020017413,-0.0174039
-0.23414556853370883,3.5913902433667753,-0.7162884482055878,-0.0293332
-0.08843503669667907,-4.131267943995809,-0.7162884482055878,0.0307624
-0.08843503669667907,0.385758542952118,1.3236589975128314,0.00570552
-0.08843503669667907,1.1143112021372685,1.1779484656758008,0.0197571
-0.08843503669667907,3.2999691796927175,0.3036852746536214,-0.0234706
0.05727549514035157,-4.131267943995809,-0.42486738453152784,0.0224747
0.05727549514035157,-4.131267943995809,-0.13344632085746788,0.019449
0.05727549514035157,-0.6342151799070912,1.4693695293498603,0.0054616
0.05727549514035157,2.425705988670537,-2.173393766575887,-0.0292797
0.20298602697738133,-4.131267943995809,-0.2791568526944985,0.0114392
0.20298602697738133,-4.131267943995809,0.012264210979561874,0.00689057
0.20298602697738133,1.2600217339742974,-2.173393766575887,0.0071281
0.20298602697738133,2.2799954568335066,-2.173393766575887,-0.0236378
0.20298602697738133,3.5913902433667753,-1.153420043716678,-0.00710225
0.3486965588144102,-4.131267943995809,-0.42486738453152784,0.00298883
0.3486965588144102,-3.83984688032175,1.032237933838771,-0.0188507
0.3486965588144102,1.5514427976483578,-2.173393766575887,0.0012006
0.49440709065144084,-3.9855574121587796,0.8865274020017413,-0.0232943
0.49440709065144084,2.7171270523445967,0.7408168701647115,0.00373511
0.49440709065144084,3.7371007752038077,0.44939580649065203,0.00908524
0.6401176224884715,-3.40271528481066,-1.5905516392277677,-0.0017015
0.6401176224884715,-3.1112942211366,-1.7362621710647974,0.00201961
0.6401176224884715,-1.3627678390922418,1.615080061186891,0.0128616
0.6401176224884715,-1.217057307255211,1.615080061186891,0.0136386
0.6401176224884715,-1.0713467754181805,1.615080061186891,0.0136219
0.6401176224884715,-0.9256362435811516,1.615080061186891,0.0130358
0.6401176224884715,1.2600217339742974,1.3236589975128314,0.0231685
0.6401176224884715,1.8428638613224173,1.1779484656758008,0.0186304
0.6401176224884715,2.1342849249964777,1.032237933838771,0.0170615
0.6401176224884715,3.2999691796927175,0.7408168701647115,0.00597913
0.6401176224884715,3.7371007752038077,-1.444841107390738,0.0126598
0.6401176224884715,3.7371007752038077,0.5951063383276809,0.00941896
0.7858281543255003,-1.799899434603331,-1.7362621710647974,0.0251048
0.7858281543255003,-0.6342151799070912,1.615080061186891,0.0140387
0.7858281543255003,-0.051373052558972176,1.4693695293498603,0.0181354
0.7858281543255003,2.2799954568335066,1.032237933838771,0.0166095
0.7858281543255003,3.154258647855685,0.8865274020017413,0.00849446
0.7858281543255003,4.465653434388956,-0.570577916368558,0.0258345
0.931538686162531,-4.2769784758328395,0.15797474281659074,-0.0325949
0.931538686162531,-2.2370310301144203,1.7607905930239207,-0.00896307
0.931538686162531,-1.799899434603331,-1.7362621710647974,0.0222041
0.931538686162531,0.24004801111508822,-2.0276832347388574,0.0256991
0.931538686162531,2.571416520507568,1.032237933838771,0.0162551
0.931538686162531,3.0085481160186562,1.032237933838771,0.0113562
1.0772492179995599,-4.2769784758328395,-0.13344632085746788,-0.0343906
1.0772492179995599,-4.2769784758328395,0.15797474281659074,-0.0366097
1.0772492179995599,-2.6741626256255104,1.7607905930239207,-0.0203956
1.0772492179995599,-1.9456099664403603,-1.7362621710647974,0.0166909
1.0772492179995599,-1.217057307255211,-1.8819727029018276,0.0186164
1.0772492179995599,-0.48850464807006144,-2.0276832347388574,0.0160252
1.0772492179995599,2.425705988670537,1.1779484656758008,0.0162493
1.0772492179995599,2.8628375841816274,-1.7362621710647974,0.00675024
1.0772492179995599,3.4456797115297464,-1.7362621710647974,0.0106488
1.0772492179995599,3.8828113070408365,-1.5905516392277677,0.0167599
1.2229597498365887,-3.83984688032175,1.1779484656758008,-0.0396792
1.2229597498365887,-3.6941363484847196,1.3236589975128314,-0.0382107
1.2229597498365887,-2.6741626256255104,-1.7362621710647974,-0.00471225
1.2229597498365887,-2.2370310301144203,-1.7362621710647974,0.00676345
1.2229597498365887,-1.799899434603331,-1.7362621710647974,0.0175476
1.2229597498365887,0.24004801111508822,1.3236589975128314,0.0360368
1.2229597498365887,0.385758542952118,1.3236589975128314,0.0355132
1.3686702816736211,-0.9256362435811516,-1.8819727029018276,0.0175079
1.3686702816736211,3.5913902433667753,1.3236589975128314,0.0126808
1.3686702816736211,4.174232370714896,-1.444841107390738,0.0190443
1.51438081351065,3.0085481160186562,-1.8819727029018276,0.0110949
1.51438081351065,3.154258647855685,-1.8819727029018276,0.0105701
1.51438081351065,4.174232370714896,0.8865274020017413,0.0130495
1.51438081351065,4.319942902551927,-1.2991305755537077,0.0195947
1.6600913453476789,-4.131267943995809,0.3036852746536214,-0.0430449
1.6600913453476789,-3.9855574121587796,0.7408168701647115,-0.041785
1.6600913453476789,-2.6741626256255104,-1.5905516392277677,-0.00940572
1.6600913453476789,-2.6741626256255104,1.615080061186891,-0.0145516
1.6600913453476789,-2.0913204982773905,1.615080061186891,0.0064706
1.6600913453476789,1.2600217339742974,1.615080061186891,0.015939
1.6600913453476789,1.405732265811328,1.615080061186891,0.0137859
1.6600913453476789,1.8428638613224173,-1.8819727029018276,0.0165753
1.6600913453476789,2.7171270523445967,1.615080061186891,0.0189007
1.6600913453476789,4.028521838877865,-1.5905516392277677,0.0148692
1.6600913453476789,4.319942902551927,0.7408168701647115,0.0145274
1.6600913453476789,4.611363966225986,-0.2791568526944985,0.0212496
1.8058018771847113,0.8228901384632072,-1.8819727029018276,0.0203841
1.8058018771847113,3.0085481160186562,1.7607905930239207,0.0210925
1.8058018771847113,4.028521838877865,-1.5905516392277677,0.014342
1.8058018771847113,4.465653434388956,-1.0077095118796482,0.0198634
1.9515124090217402,-3.9855574121587796,-0.13344632085746788,-0.0397474
1.9515124090217402,-3.1112942211366,-1.2991305755537077,-0.0217749
2.097222940858769,-3.83984688032175,0.44939580649065203,-0.0316032
2.097222940858769,-2.6741626256255104,-1.2991305755537077,-0.0083701
2.097222940858769,0.9686006703002379,-1.8819727029018276,0.0155898
2.097222940858769,1.8428638613224173,-1.8819727029018276,0.0150567
2.097222940858769,2.1342849249964777,-1.8819727029018276,0.0181579
2.097222940858769,2.571416520507568,1.7607905930239207,0.0223534
2.097222940858769,4.174232370714896,-1.444841107390738,0.0155538
2.2429334726957997,-2.81987315746254,1.4693695293498603,0.00375048
2.2429334726957997,-2.0913204982773905,1.615080061186891,0.0197444
2.3886440045328303,-3.6941363484847196,0.15797474281659074,-0.0156824
2.3886440045328303,-3.6941363484847196,0.3036852746536214,-0.0128642
2.3886440045328303,-3.40271528481066,-0.570577916368558,-0.0209159
2.3886440045328303,0.385758542952118,1.7607905930239207,0.0323886
2.534354536369859,-3.6941363484847196,0.44939580649065203,0.00218244
2.534354536369859,-2.2370310301144203,-1.0077095118796482,0.0176846
2.534354536369859,3.4456797115297464,1.9065011248609505,0.0284345
2.534354536369859,4.319942902551927,-1.153420043716678,0.019121
2.534354536369859,4.465653434388956,-0.13344632085746788,0.0227546
2.68006506820689,-3.54842581664769,-0.13344632085746788,0.00240601
2.68006506820689,-3.1112942211366,-0.570577916368558,0.000294904
2.68006506820689,-3.1112942211366,1.615080061186891,0.0158663
2.68006506820689,-2.81987315746254,-0.7162884482055878,0.00536585
2.68006506820689,-1.3627678390922418,2.0522116566979802,0.0202649
2.68006506820689,-1.217057307255211,2.0522116566979802,0.0194457
2.68006506820689,2.8628375841816274,-2.173393766575887,0.0224952
2.8257756000439187,-3.40271528481066,1.4693695293498603,0.0208275
2.8257756000439187,-3.1112942211366,-0.570577916368558,0.00686711
2.8257756000439187,-2.38274156195145,-0.8619989800426175,0.019606
2.8257756000439187,-0.19708358439600104,1.9065011248609505,0.0194981
2.8257756000439187,0.8228901384632072,-1.5905516392277677,0.0270633
2.8257756000439187,1.1143112021372685,1.7607905930239207,0.0166071
2.8257756000439187,1.5514427976483578,1.615080061186891,0.0112834
2.8257756000439187,2.2799954568335066,1.615080061186891,0.014085
2.8257756000439187,2.8628375841816274,-2.173393766575887,0.0244974
2.8257756000439187,3.154258647855685,-2.173393766575887,0.024346
2.8257756000439187,4.319942902551927,1.032237933838771,0.0239781
2.9714861318809493,-3.6941363484847196,0.012264210979561874,0.018819
2.9714861318809493,-2.81987315746254,1.9065011248609505,0.0160594
2.9714861318809493,-2.0913204982773905,2.197922188535011,0.0175328
2.9714861318809493,1.6971533294853876,1.615080061186891,0.00217163
2.9714861318809493,3.0085481160186562,-2.173393766575887,0.0261099
2.9714861318809493,3.5913902433667753,1.7607905930239207,0.027822
3.11719666371798,-1.5084783709292706,-1.2991305755537077,0.0170104
3.11719666371798,1.8428638613224173,1.615080061186891,-0.00619673
3.262907195555009,-3.54842581664769,-0.2791568526944985,0.0206653
3.262907195555009,-3.40271528481066,-0.42486738453152784,0.0184418
3.262907195555009,-1.799899434603331,2.4893432522090704,0.0220494
3.262907195555009,2.2799954568335066,-1.8819727029018276,0.0244032
3.4086177273920377,-3.83984688032175,0.3036852746536214,0.0295737
3.4086177273920377,-3.83984688032175,0.8865274020017413,0.0315177
3.4086177273920377,-3.54842581664769,-0.2791568526944985,0.0220995
3.4086177273920377,-3.40271528481066,1.615080061186891,0.0246221
3.4086177273920377,3.7371007752038077,1.3236589975128314,0.0215474
3.55432825922907,-1.217057307255211,2.635053784046101,0.0283222
3.55432825922907,2.571416520507568,-1.8819727029018276,0.0258295
3.700038791066099,-0.19708358439600104,1.9065011248609505,0.0120037
3.700038791066099,1.405732265811328,-1.2991305755537077,-0.00121825
3.700038791066099,1.988574393159448,-1.2991305755537077,0.00517337
3.700038791066099,2.8628375841816274,1.1779484656758008,-0.00793876
3.700038791066099,3.4456797115297464,-1.7362621710647974,0.0297256
3.700038791066099,3.7371007752038077,0.15797474281659074,0.00715928
3.845749322903128,-3.6941363484847196,0.15797474281659074,0.0280319
3.845749322903128,-3.54842581664769,-0.13344632085746788,0.0243502
3.845749322903128,2.7171270523445967,1.032237933838771,-0.0246969
3.845749322903128,3.4456797115297464,0.15797474281659074,-0.000778711
3.9914598547401603,-3.1112942211366,-0.570577916368558,0.0175641
3.9914598547401603,-0.9256362435811516,-1.153420043716678,0.0239802
3.9914598547401603,2.1342849249964777,1.615080061186891,-0.0415305
3.9914598547401603,3.5913902433667753,-0.8619989800426175,0.0173519
4.137170386577189,-3.1112942211366,1.615080061186891,0.023446
4.137170386577189,-2.38274156195145,-1.153420043716678,0.0214853
4.137170386577189,-0.9256362435811516,-1.153420043716678,0.0245838
4.137170386577189,0.6771796066261784,-1.2991305755537077,-0.0122913
4.137170386577189,1.2600217339742974,-1.2991305755537077,-0.0207098
4.137170386577189,2.1342849249964777,-1.0077095118796482,-0.0210032
4.137170386577189,2.8628375841816274,-0.42486738453152784,-0.0135463
4.137170386577189,3.0085481160186562,-0.570577916368558,-0.00285931
4.137170386577189,3.154258647855685,-0.8619989800426175,0.00962316
4.137170386577189,3.154258647855685,-0.7162884482055878,0.00541147
4.282880918414218,-3.1112942211366,-0.42486738453152784,0.0189572
4.282880918414218,-0.3427941162330317,-0.8619989800426175,0.0071099
4.282880918414218,1.5514427976483578,1.9065011248609505,-0.046483
4.282880918414218,1.6971533294853876,-1.153420043716678,-0.0299141
4.428591450251249,-3.25700475297363,0.012264210979561874,0.0225007
4.428591450251249,-3.25700475297363,1.032237933838771,0.0273016
4.428591450251249,-2.38274156195145,-1.153420043716678,0.0245413
4.574301982088279,-1.3627678390922418,2.635053784046101,0.0329414
4.574301982088279,0.6771796066261784,1.9065011248609505,-0.0441853
4.574301982088279,1.405732265811328,-1.153420043716678,-0.0374543
4.574301982088279,2.571416520507568,0.3036852746536214,-0.0524592
4.720012513925308,-2.9655836892995704,-0.2791568526944985,0.022021
4.720012513925308,-2.81987315746254,1.3236589975128314,0.0273082
4.720012513925308,-2.5284520937884807,1.9065011248609505,0.0253937
4.720012513925308,-1.0713467754181805,2.4893432522090704,0.0295543
4.720012513925308,-0.3427941162330317,1.7607905930239207,-0.00418358
4.720012513925308,-0.19708358439600104,-0.7162884482055878,-0.0151134
4.720012513925308,-0.19708358439600104,1.615080061186891,-0.0184057
4.720012513925308,-0.051373052558972176,1.615080061186891,-0.0279172
4.865723045762339,-2.6741626256255104,-0.7162884482055878,0.025829
4.865723045762339,-0.3427941162330317,-0.570577916368558,-0.0108404
4.865723045762339,1.1143112021372685,1.7607905930239207,-0.0532581
5.011433577599368,-2.81987315746254,-0.13344632085746788,0.0247714
5.011433577599368,-2.6741626256255104,-0.570577916368558,0.0266838
5.011433577599368,-2.38274156195145,1.615080061186891,0.0258547
5.011433577599368,-2.0913204982773905,2.0522116566979802,0.0279011
5.011433577599368,-0.3427941162330317,1.1779484656758008,-0.0247016
5.011433577599368,2.2799954568335066,0.3036852746536214,-0.0583192
5.157144109436398,-2.2370310301144203,1.4693695293498603,0.0248943
5.157144109436398,-2.0913204982773905,-1.0077095118796482,0.0333451
5.157144109436398,-0.3427941162330317,0.7408168701647115,-0.0314198
5.157144109436398,1.8428638613224173,-0.42486738453152784,-0.0553682
5.157144109436398,1.988574393159448,0.8865274020017413,-0.0596669
5.302854641273429,-2.5284520937884807,0.3036852746536214,0.0262112
5.302854641273429,-2.2370310301144203,0.8865274020017413,0.0244345
5.302854641273429,-1.799899434603331,1.615080061186891,0.0227023
5.302854641273429,-1.5084783709292706,1.7607905930239207,0.0221072
5.302854641273429,-1.0713467754181805,1.4693695293498603,0.0108617
5.302854641273429,-0.6342151799070912,0.012264210979561874,-0.00485106
5.302854641273429,1.1143112021372685,1.3236589975128314,-0.0582986
5.448565173110458,-2.38274156195145,-0.13344632085746788,0.0287157
5.448565173110458,-1.799899434603331,0.8865274020017413,0.0188372
5.448565173110458,0.24004801111508822,0.012264210979561874,-0.0503989
5.448565173110458,0.385758542952118,0.8865274020017413,-0.055492
5.448565173110458,0.5314690747891477,-0.2791568526944985,-0.0522615
5.448565173110458,1.5514427976483578,0.7408168701647115,-0.0601573
5.594275704947487,-1.799899434603331,0.44939580649065203,0.0213618
5.594275704947487,0.8228901384632072,0.5951063383276809,-0.0591434
5.594275704947487,0.9686006703002379,0.5951063383276809,-0.0596367
5.594275704947487,1.1143112021372685,0.15797474281659074,-0.0588018
