-6.026239355842319,-0.8488864979981532,0.2501939257298238,0.0477708
-6.026239355842319,-0.7142844541177569,-0.019010162030968836,0.0322266
-6.026239355842319,-0.7142844541177569,0.5193980134906164,0.0404688
-5.891637311961922,-0.3104783224765679,-0.5574183375525541,0.000352493
-5.757035268081526,-1.387294673519738,-0.28821424979176147,0.0741888
-5.757035268081526,0.6317359846862063,-0.019010162030968836,-0.00523526
-5.62243322420113,-0.04127423471577529,1.4616123206533906,-0.00430624
-5.62243322420113,0.49713394080580997,-0.5574183375525541,-0.00963782
-5.487831180320733,-2.06030489292172,0.5193980134906164,0.125919
-5.487831180320733,0.36253189692541365,-0.8266224253133467,-0.0119621
-5.353229136440337,-0.7142844541177569,-1.0958265130741394,0.00465592
-5.353229136440337,0.6317359846862063,1.3270102767729943,-0.00885365
-5.218627092559941,0.22792985304501734,-1.0958265130741394,-0.0120793
-5.218627092559941,1.5739502918489805,0.11559188184942748,0.0865843
-5.218627092559941,1.7085523357293768,0.11559188184942748,0.0915783
-5.084025048679544,-1.7911008051609274,1.3270102767729943,0.0956503
-5.084025048679544,-0.7142844541177569,-1.2304285569545357,0.00279441
-5.084025048679544,1.5739502918489805,-0.4228162936721578,0.073644
-5.084025048679544,1.843154379609774,-0.4228162936721578,0.0767965
-4.949423004799148,0.6317359846862063,1.596214364533787,-0.0101238
-4.814820960918752,-2.3295089806825127,0.5193980134906164,0.124612
-4.814820960918752,-1.7911008051609274,-0.69202038143295,0.0751804
-4.814820960918752,0.49713394080580997,-1.0958265130741394,-0.00251194
-4.6802189170383555,-1.656498761280531,-0.8266224253133467,0.0600674
-4.6802189170383555,-0.5796824102373606,2.000020496174976,-0.00129298
-4.6802189170383555,1.5739502918489805,-0.961224469193743,0.0380784
-4.6802189170383555,2.1123584673705658,-0.961224469193743,0.0288903
-4.6802189170383555,2.1123584673705658,1.0578061890122017,0.0684525
-4.6802189170383555,2.5161645990117547,0.7886021012514091,0.0622865
-4.6802189170383555,2.650766642892152,-0.5574183375525541,0.0320927
-4.6802189170383555,2.7853686867725473,0.2501939257298238,0.0517744
-4.545616873157959,-2.3295089806825127,0.11559188184942748,0.112193
-4.545616873157959,1.3047462040881879,1.192408232892598,0.0479517
-4.545616873157959,1.5739502918489805,-1.0958265130741394,0.0264697
-4.411014829277563,-1.1180905857589458,-1.2304285569545357,0.0213896
-4.411014829277563,1.0355421163273952,1.3270102767729943,0.02215
-4.411014829277563,2.9199707306529437,-0.69202038143295,0.0034645
-4.411014829277563,3.05457277453334,-0.28821424979176147,0.0116382
-4.2764127853971665,0.36253189692541365,-1.2304285569545357,0.00980522
-4.2764127853971665,0.6317359846862063,-1.0958265130741394,0.0181419
-4.2764127853971665,1.7085523357293768,-1.365030600834932,0.0041447
-4.14181074151677,-2.5987130684433053,-0.15361220591136515,0.0740227
-4.14181074151677,-2.5987130684433053,0.2501939257298238,0.08171
-4.14181074151677,-2.3295089806825127,0.6540000573710127,0.0917571
-4.14181074151677,-1.656498761280531,-0.961224469193743,0.0448783
-4.14181074151677,-1.2526926296393421,-1.2304285569545357,0.0258534
-4.14181074151677,0.09332780916462102,-1.365030600834932,0.00914665
-4.14181074151677,0.49713394080580997,1.7308164084141833,-0.00496826
-4.14181074151677,1.1701441602077916,1.3270102767729943,0.0317929
-4.14181074151677,2.3815625551313584,1.3270102767729943,0.0197745
-4.007208697636374,-2.7333151123237016,0.5193980134906164,0.0732164
-4.007208697636374,-2.3295089806825127,0.7886021012514091,0.0806525
-4.007208697636374,-1.387294673519738,-1.2304285569545357,0.0270633
-4.007208697636374,0.6317359846862063,1.596214364533787,0.003458
-4.007208697636374,3.05457277453334,0.9232041451318054,-0.00198113
-4.007208697636374,3.3237768622941326,-0.5574183375525541,-0.0193054
-4.007208697636374,3.3237768622941326,0.3847959696102201,-0.00821434
-3.8726066537559776,-3.1371212439648906,-0.28821424979176147,0.0591739
-3.8726066537559776,-2.3295089806825127,0.9232041451318054,0.0699368
-3.8726066537559776,-2.06030489292172,1.0578061890122017,0.0694715
-3.8726066537559776,-1.9257028490413237,-1.0958265130741394,0.0341294
-3.8726066537559776,0.49713394080580997,-1.365030600834932,0.0173465
-3.8726066537559776,1.4393482479685842,1.4616123206533906,0.0224373
-3.7380046098755813,-1.9257028490413237,1.192408232892598,0.0577232
-3.7380046098755813,0.36253189692541365,-1.4996326447153283,0.0129412
-3.603402565995185,-0.9834885418785495,-1.6342346885957246,0.0069762
-3.603402565995185,0.09332780916462102,-1.6342346885957246,0.0078457
-3.603402565995185,2.650766642892152,1.4616123206533906,-0.0145315
-3.468800522114788,-3.406325331725683,-0.5574183375525541,0.0504811
-3.468800522114788,-1.387294673519738,-1.6342346885957246,0.00635136
-3.468800522114788,3.5929809500549252,-0.15361220591136515,-0.0338308
-3.468800522114788,3.5929809500549252,-0.019010162030968836,-0.033151
-3.3341984782343923,-2.3295089806825127,1.3270102767729943,0.0385086
-3.3341984782343923,-1.7911008051609274,-1.6342346885957246,0.0072208
-3.3341984782343923,-0.5796824102373606,-1.768836732476121,0.00133317
-3.3341984782343923,-0.44508036635696424,-1.768836732476121,0.00165408
-3.3341984782343923,-0.3104783224765679,-1.768836732476121,0.0019685
-3.199596434353996,-3.675529419486476,0.11559188184942748,0.0551791
-3.199596434353996,-3.5409273756060795,-0.5574183375525541,0.048441
-3.199596434353996,-3.406325331725683,0.7886021012514091,0.0521847
-3.199596434353996,-2.06030489292172,-1.6342346885957246,0.00781596
-3.199596434353996,-1.387294673519738,-1.768836732476121,7.89014e-05
-3.199596434353996,3.5929809500549252,0.2501939257298238,-0.0372771
-3.0649943904735997,-3.675529419486476,-0.28821424979176147,0.051211
-3.0649943904735997,-3.5409273756060795,0.6540000573710127,0.0518869
-3.0649943904735997,-3.406325331725683,-0.8266224253133467,0.0412323
-3.0649943904735997,-1.7911008051609274,-1.768836732476121,0.00128711
-3.0649943904735997,-1.656498761280531,1.596214364533787,0.0198507
-3.0649943904735997,1.1701441602077916,-1.768836732476121,0.000830618
-3.0649943904735997,3.5929809500549252,-0.28821424979176147,-0.0405298
-2.9303923465932034,-3.675529419486476,0.3847959696102201,0.0521485
-2.9303923465932034,-2.5987130684433053,-1.4996326447153283,0.0133779
-2.9303923465932034,-1.1180905857589458,1.7308164084141833,0.0105356
-2.9303923465932034,3.3237768622941326,-0.961224469193743,-0.0410847
-2.795790302712807,-1.2526926296393421,1.7308164084141833,0.0084493
-2.795790302712807,1.843154379609774,1.596214364533787,-0.0121218
-2.795790302712807,1.9777564234901694,1.596214364533787,-0.0159895
-2.795790302712807,3.05457277453334,-1.2304285569545357,-0.0382228
-2.6611882588324107,0.9009400724469989,1.596214364533787,0.0102014
-2.6611882588324107,2.7853686867725473,1.3270102767729943,-0.0324928
-2.5265862149520144,-1.9257028490413237,-1.9034387763565173,-0.00485583
-2.5265862149520144,-1.5218967174001348,1.7308164084141833,0.00528211
-2.5265862149520144,-0.1758762785961716,1.7308164084141833,0.00427803
-2.5265862149520144,1.5739502918489805,-1.768836732476121,-0.0040897
-2.391984171071618,-3.406325331725683,0.7886021012514091,0.0390614
-2.391984171071618,-3.271723287845287,-0.961224469193743,0.030276
-2.391984171071618,-2.7333151123237016,-1.4996326447153283,0.0106379
-2.391984171071618,-2.1949069368021163,1.596214364533787,0.0107557
-2.391984171071618,-1.5218967174001348,1.7308164084141833,0.00318266
-2.391984171071618,-0.7142844541177569,1.7308164084141833,0.00118426
-2.2573821271912218,-1.387294673519738,1.7308164084141833,0.000487825
-2.2573821271912218,-1.2526926296393421,1.7308164084141833,-0.000155662
-2.2573821271912218,-0.9834885418785495,-1.9034387763565173,-0.00891145
-2.2573821271912218,-0.5796824102373606,-1.768836732476121,-0.00355255
-2.2573821271912218,0.9009400724469989,1.596214364533787,0.00614754
-2.2573821271912218,2.1123584673705658,-1.4996326447153283,-0.00589215
-2.2573821271912218,2.1123584673705658,1.3270102767729943,-0.0147994
-2.2573821271912218,2.9199707306529437,-0.961224469193743,-0.0249994
-2.1227800833108255,-3.5409273756060795,-0.019010162030968836,0.0417415
-2.1227800833108255,-3.5409273756060795,0.11559188184942748,0.0414256
-2.1227800833108255,-2.5987130684433053,-1.6342346885957246,0.00484478
-2.1227800833108255,-0.3104783224765679,1.596214364533787,0.00134675
-2.1227800833108255,0.22792985304501734,1.596214364533787,0.00315576
-2.1227800833108255,0.7663380285666026,1.596214364533787,0.0047822
-2.1227800833108255,2.1123584673705658,-1.4996326447153283,-0.00219568
-2.1227800833108255,2.7853686867725473,-0.961224469193743,-0.0163673
-2.1227800833108255,3.05457277453334,-0.5574183375525541,-0.0239388
-1.9881780394304291,-3.406325331725683,0.3847959696102201,0.0372114
-1.9881780394304291,-0.04127423471577529,-1.9034387763565173,-0.00627554
-1.9881780394304291,1.843154379609774,-1.768836732476121,-0.00205324
-1.9881780394304291,2.7853686867725473,-0.8266224253133467,-0.00979723
-1.9881780394304291,2.7853686867725473,0.6540000573710127,-0.0218617
-1.8535759955500328,-0.44508036635696424,1.4616123206533906,0.000779879
-1.8535759955500328,2.246960511250963,-1.4996326447153283,0.00242056
-1.7189739516696365,-3.271723287845287,0.2501939257298238,0.0344148
-1.7189739516696365,-1.1180905857589458,1.596214364533787,-0.00414105
-1.7189739516696365,2.650766642892152,-1.0958265130741394,0.00678427
-1.5843719077892402,-3.271723287845287,-0.019010162030968836,0.0352236
-1.5843719077892402,1.1701441602077916,1.4616123206533906,0.00355155
-1.5843719077892402,2.1123584673705658,-1.768836732476121,0.00327502
-1.5843719077892402,2.650766642892152,-1.2304285569545357,0.0107519
-1.5843719077892402,2.7853686867725473,-0.961224469193743,0.0112272
-1.4497698639088439,0.09332780916462102,1.3270102767729943,0.00283192
-1.4497698639088439,1.9777564234901694,-1.9034387763565173,0.00230003
-1.4497698639088439,2.9199707306529437,-0.5574183375525541,0.0145131
-1.3151678200284476,-2.3295089806825127,1.3270102767729943,0.00305194
-1.3151678200284476,-2.1949069368021163,-2.0380408202369136,-0.00317038
-1.3151678200284476,0.6317359846862063,1.4616123206533906,0.00308054
-1.3151678200284476,1.0355421163273952,1.4616123206533906,0.00514305
-1.3151678200284476,2.9199707306529437,-0.961224469193743,0.0193805
-1.1805657761480512,-2.867917156204098,-1.6342346885957246,0.0119679
-1.1805657761480512,0.7663380285666026,1.4616123206533906,0.00545157
-1.1805657761480512,0.9009400724469989,1.4616123206533906,0.00644335
-1.1805657761480512,2.246960511250963,0.7886021012514091,0.0117122
-1.1805657761480512,2.3815625551313584,0.6540000573710127,0.0124867
-1.1805657761480512,2.5161645990117547,-1.6342346885957246,0.0154641
-1.1805657761480512,2.5161645990117547,0.5193980134906164,0.0133683
-1.1805657761480512,2.9199707306529437,-1.0958265130741394,0.022391
-1.045963732267655,-3.406325331725683,-0.961224469193743,0.0303586
-1.045963732267655,-3.271723287845287,-1.2304285569545357,0.0254241
-1.045963732267655,-3.0025192000844942,0.6540000573710127,0.0202502
-1.045963732267655,-1.1180905857589458,1.4616123206533906,-0.00339373
-1.045963732267655,0.09332780916462102,-2.307244907997706,-0.00990507
-1.045963732267655,0.22792985304501734,-2.307244907997706,-0.00984927
-1.045963732267655,0.36253189692541365,-2.307244907997706,-0.00966229
-1.045963732267655,3.05457277453334,-0.5574183375525541,0.0255369
-0.9113616883872586,-0.7142844541177569,-2.307244907997706,-0.00942198
-0.9113616883872586,-0.5796824102373606,1.3270102767729943,-0.000220787
-0.9113616883872586,0.49713394080580997,-2.307244907997706,-0.00772993
-0.9113616883872586,3.05457277453334,-0.8266224253133467,0.0287088
-0.7767596445068623,-3.1371212439648906,-1.4996326447153283,0.0224334
-0.7767596445068623,-2.7333151123237016,0.9232041451318054,0.0125924
-0.7767596445068623,-1.7911008051609274,-2.17264286411731,-0.00350851
-0.7767596445068623,-1.656498761280531,1.4616123206533906,0.00115085
-0.7767596445068623,-0.04127423471577529,1.3270102767729943,0.0045044
-0.7767596445068623,0.49713394080580997,-2.307244907997706,-0.00579467
-0.7767596445068623,2.7853686867725473,0.2501939257298238,0.0242421
-0.642157600626466,-3.5409273756060795,-0.15361220591136515,0.0359536
-0.642157600626466,-3.271723287845287,0.3847959696102201,0.0279054
-0.642157600626466,-3.0025192000844942,-1.6342346885957246,0.0199738
-0.642157600626466,-2.3295089806825127,1.192408232892598,0.00680051
-0.642157600626466,-2.1949069368021163,-2.0380408202369136,0.00311874
-0.642157600626466,-1.1180905857589458,1.4616123206533906,0.00215014
-0.642157600626466,1.1701441602077916,1.4616123206533906,0.0323534
-0.5075555567460697,-3.271723287845287,0.3847959696102201,0.0284217
-0.5075555567460697,-3.0025192000844942,-1.6342346885957246,0.0215666
-0.5075555567460697,-2.867917156204098,0.7886021012514091,0.0168681
-0.5075555567460697,-1.7911008051609274,1.4616123206533906,0.00824034
-0.5075555567460697,2.5161645990117547,-1.6342346885957246,0.0265138
-0.5075555567460697,2.7853686867725473,-1.365030600834932,0.0315796
-0.37295351286567335,-3.5409273756060795,-0.15361220591136515,0.0371614
-0.37295351286567335,-2.464111024562909,1.0578061890122017,0.0108707
-0.37295351286567335,-1.1180905857589458,1.596214364533787,0.0121066
-0.37295351286567335,-0.8488864979981532,-2.307244907997706,-0.00108195
-0.37295351286567335,0.36253189692541365,-2.307244907997706,0.00165304
-0.37295351286567335,1.1701441602077916,1.7308164084141833,0.0501665
-0.23835146898527615,-2.1949069368021163,1.3270102767729943,0.01405
-0.23835146898527615,-1.7911008051609274,-2.0380408202369136,0.00562631
-0.23835146898527615,-1.1180905857589458,1.8654184522945796,0.0204684
-0.23835146898527615,-0.5796824102373606,1.4616123206533906,0.0106404
-0.23835146898527615,1.7085523357293768,1.7308164084141833,0.0575094
-0.23835146898527615,2.5161645990117547,0.3847959696102201,0.0301203
-0.10374942510488072,-2.7333151123237016,0.7886021012514091,0.0169079
-0.10374942510488072,-1.2526926296393421,-2.17264286411731,0.00532051
-0.10374942510488072,0.22792985304501734,1.596214364533787,0.0267032
-0.10374942510488072,1.1701441602077916,-2.0380408202369136,0.013958
0.030852618775515595,-1.2526926296393421,-2.17264286411731,0.00832568
0.030852618775515595,-0.9834885418785495,2.2692245839357685,0.0250157
0.030852618775515595,0.49713394080580997,2.000020496174976,0.0347828
0.030852618775515595,0.7663380285666026,2.134622540055372,0.0413123
0.030852618775515595,1.4393482479685842,-1.9034387763565173,0.0198662
0.030852618775515595,1.7085523357293768,-1.768836732476121,0.022811
0.030852618775515595,2.650766642892152,-1.0958265130741394,0.0358841
0.030852618775515595,2.7853686867725473,-0.5574183375525541,0.0360322
0.1654546626559128,-1.387294673519738,2.538428671696562,0.0267067
0.1654546626559128,-0.9834885418785495,-2.307244907997706,0.00952442
0.1654546626559128,-0.04127423471577529,1.7308164084141833,0.0225079
0.1654546626559128,1.843154379609774,-1.6342346885957246,0.0267284
0.1654546626559128,2.246960511250963,1.596214364533787,0.0479166
0.1654546626559128,2.650766642892152,-0.4228162936721578,0.0342471
0.3000567065363082,-3.271723287845287,-0.15361220591136515,0.0365002
0.3000567065363082,-3.1371212439648906,0.11559188184942748,0.0324182
0.3000567065363082,-2.5987130684433053,0.9232041451318054,0.015694
0.3000567065363082,-2.5987130684433053,1.0578061890122017,0.0159467
0.3000567065363082,-0.9834885418785495,2.538428671696562,0.024663
0.3000567065363082,-0.5796824102373606,-2.4418469518781025,0.0100137
0.3000567065363082,0.9009400724469989,2.403826627816165,0.0399077
0.3000567065363082,1.4393482479685842,-2.0380408202369136,0.0234015
0.3000567065363082,2.3815625551313584,1.4616123206533906,0.039987
0.43465875041670454,-1.1180905857589458,2.6730307155769575,0.0241038
0.43465875041670454,-0.9834885418785495,-2.4418469518781025,0.0124663
0.43465875041670454,-0.3104783224765679,2.134622540055372,0.0217162
0.43465875041670454,2.1123584673705658,-1.0958265130741394,0.0318653
0.43465875041670454,2.246960511250963,-0.8266224253133467,0.0323636
0.43465875041670454,2.246960511250963,-0.019010162030968836,0.0259638
0.5692607942971017,-2.867917156204098,0.11559188184942748,0.0279209
0.5692607942971017,-2.7333151123237016,1.7308164084141833,0.017403
0.5692607942971017,-0.3104783224765679,2.2692245839357685,0.021848
0.5692607942971017,-0.04127423471577529,-2.576448995758499,0.0107665
0.5692607942971017,1.843154379609774,-1.6342346885957246,0.0293487
0.5692607942971017,2.5161645990117547,0.6540000573710127,0.0153931
0.7038628381774972,-2.7333151123237016,0.11559188184942748,0.0249575
0.7038628381774972,-2.7333151123237016,0.5193980134906164,0.0169975
0.7038628381774972,-0.5796824102373606,2.538428671696562,0.0219934
0.7038628381774972,1.7085523357293768,-2.0380408202369136,0.0285606
0.7038628381774972,1.843154379609774,-1.768836732476121,0.0295328
0.7038628381774972,1.843154379609774,2.403826627816165,0.0445724
0.7038628381774972,2.1123584673705658,-0.15361220591136515,0.0181043
0.8384648820578935,-2.7333151123237016,0.2501939257298238,0.020282
0.8384648820578935,-2.5987130684433053,-0.4228162936721578,0.0301937
0.8384648820578935,-1.5218967174001348,-2.4418469518781025,0.021309
0.9730669259382898,-2.3295089806825127,-0.5574183375525541,0.0277019
0.9730669259382898,1.4393482479685842,-2.4418469518781025,0.0265978
0.9730669259382898,1.7085523357293768,-2.17264286411731,0.029227
0.9730669259382898,2.5161645990117547,1.8654184522945796,0.0175925
1.107668969818687,-3.0025192000844942,1.3270102767729943,0.0110501
1.107668969818687,-2.7333151123237016,2.134622540055372,0.0135149
1.107668969818687,-0.44508036635696424,-2.711051039638895,0.0100945
1.107668969818687,1.9777564234901694,-1.0958265130741394,0.0257195
1.107668969818687,2.1123584673705658,2.403826627816165,0.0363146
1.107668969818687,2.246960511250963,2.2692245839357685,0.0302051
1.107668969818687,2.7853686867725473,0.6540000573710127,-0.0101894
1.2422710136990824,-0.7142844541177569,2.807632759457354,0.02059
1.2422710136990824,-0.3104783224765679,-2.711051039638895,0.00913017
1.2422710136990824,-0.1758762785961716,-2.711051039638895,0.00873471
1.2422710136990824,-0.04127423471577529,-2.711051039638895,0.00898716
1.2422710136990824,1.9777564234901694,-1.0958265130741394,0.0250271
1.3768730575794796,-2.3295089806825127,-0.5574183375525541,0.0226483
1.3768730575794796,-0.3104783224765679,-2.711051039638895,0.00861581
1.3768730575794796,-0.1758762785961716,2.6730307155769575,0.0328545
1.3768730575794796,0.09332780916462102,-2.711051039638895,0.0092364
1.3768730575794796,2.7853686867725473,0.3847959696102201,-0.0140329
1.511475101459875,-3.271723287845287,0.5193980134906164,0.0196952
1.511475101459875,-3.1371212439648906,0.11559188184942748,0.0229935
1.511475101459875,-0.9834885418785495,-2.711051039638895,0.0151761
1.511475101459875,-0.8488864979981532,2.942234803337751,0.0201972
1.511475101459875,-0.5796824102373606,-2.711051039638895,0.0104154
1.511475101459875,0.49713394080580997,-2.711051039638895,0.0134532
1.511475101459875,0.6317359846862063,-2.711051039638895,0.0152876
1.6460771453402705,-2.3295089806825127,2.6730307155769575,0.0122116
1.6460771453402705,-2.1949069368021163,-1.0958265130741394,0.0211965
1.6460771453402705,-1.9257028490413237,-2.17264286411731,0.0240287
1.6460771453402705,2.7853686867725473,1.7308164084141833,-0.00604907
1.7806791892206677,-2.1949069368021163,-0.8266224253133467,0.0178366
1.7806791892206677,-2.1949069368021163,2.807632759457354,0.0128762
1.7806791892206677,-0.3104783224765679,2.807632759457354,0.0356605
1.7806791892206677,1.0355421163273952,3.2114388910985427,0.0707167
1.7806791892206677,1.5739502918489805,3.0768368472181464,0.0651648
1.915281233101065,-3.406325331725683,0.5193980134906164,0.0213602
1.915281233101065,-3.271723287845287,1.3270102767729943,0.0123812
1.915281233101065,-3.1371212439648906,1.596214364533787,0.0102567
1.915281233101065,-0.44508036635696424,-2.576448995758499,0.00711342
1.915281233101065,-0.1758762785961716,2.807632759457354,0.0432609
1.915281233101065,1.843154379609774,-0.8266224253133467,0.0233045
1.915281233101065,2.3815625551313584,-0.28821424979176147,0.0109538
1.915281233101065,2.5161645990117547,-0.15361220591136515,0.00751392
2.0498832769814603,-2.06030489292172,-0.961224469193743,0.011335
2.0498832769814603,1.0355421163273952,3.2114388910985427,0.0747653
2.0498832769814603,2.9199707306529437,1.3270102767729943,-0.0127945
2.1844853208618575,-3.406325331725683,0.3847959696102201,0.0220123
2.1844853208618575,-3.1371212439648906,1.596214364533787,0.00990342
2.1844853208618575,-2.3295089806825127,-0.69202038143295,0.00988087
2.1844853208618575,-1.1180905857589458,3.2114388910985427,0.0261761
2.1844853208618575,1.1701441602077916,-2.17264286411731,0.0191395
2.1844853208618575,2.9199707306529437,1.192408232892598,-0.00985297
2.319087364742253,-3.271723287845287,1.3270102767729943,0.0119249
2.319087364742253,-1.9257028490413237,-0.961224469193743,-0.00037051
2.319087364742253,-0.9834885418785495,-2.307244907997706,0.00532061
2.319087364742253,-0.9834885418785495,3.2114388910985427,0.0293257
2.319087364742253,-0.5796824102373606,-2.307244907997706,0.00391107
2.319087364742253,1.4393482479685842,3.0768368472181464,0.0713337
2.319087364742253,2.246960511250963,2.403826627816165,0.0267088
2.4536894086226484,-1.656498761280531,3.2114388910985427,0.024811
2.4536894086226484,-0.9834885418785495,-2.17264286411731,0.000679888
2.4536894086226484,-0.5796824102373606,-2.17264286411731,0.00167252
2.4536894086226484,0.6317359846862063,-2.0380408202369136,0.0150812
2.4536894086226484,0.7663380285666026,3.0768368472181464,0.0758388
2.4536894086226484,2.7853686867725473,0.11559188184942748,0.0427076
2.5882914525030456,-2.5987130684433053,2.403826627816165,0.0116807
2.5882914525030456,-2.1949069368021163,-0.69202038143295,-0.00986834
2.5882914525030456,-1.656498761280531,3.2114388910985427,0.0262538
2.5882914525030456,1.4393482479685842,2.942234803337751,0.0688454
2.5882914525030456,1.9777564234901694,-1.2304285569545357,0.00708451
2.5882914525030456,2.3815625551313584,-0.8266224253133467,0.0240584
2.5882914525030456,2.650766642892152,-0.4228162936721578,0.0441516
2.5882914525030456,2.7853686867725473,1.192408232892598,0.00654853
2.722893496383443,-0.04127423471577529,-1.9034387763565173,0.00902744
2.722893496383443,0.6317359846862063,-1.768836732476121,0.0200401
2.722893496383443,1.7085523357293768,-1.4996326447153283,-0.00122628
2.722893496383443,2.7853686867725473,-0.28821424979176147,0.0498799
2.8574955402638382,-2.5987130684433053,2.2692245839357685,0.0103775
2.8574955402638382,-0.04127423471577529,-1.9034387763565173,0.00531737
2.8574955402638382,1.0355421163273952,2.807632759457354,0.0698602
2.8574955402638382,1.5739502918489805,-1.6342346885957246,-0.00659332
2.9920975841442354,-3.1371212439648906,0.7886021012514091,0.00949259
2.9920975841442354,-2.5987130684433053,2.134622540055372,0.00857746
2.9920975841442354,-2.1949069368021163,-0.961224469193743,-0.0413389
2.9920975841442354,-1.7911008051609274,3.0768368472181464,0.0275652
2.9920975841442354,-1.387294673519738,-1.9034387763565173,-0.0359892
2.9920975841442354,-0.8488864979981532,-2.0380408202369136,-0.0262797
2.9920975841442354,-0.7142844541177569,-2.0380408202369136,-0.0231551
2.9920975841442354,-0.04127423471577529,2.403826627816165,0.0489037
2.9920975841442354,0.22792985304501734,2.2692245839357685,0.0568511
2.9920975841442354,2.5161645990117547,1.3270102767729943,0.0244699
3.126699628024631,-2.3295089806825127,2.538428671696562,0.0167749
3.126699628024631,-1.9257028490413237,2.942234803337751,0.0257356
3.126699628024631,-0.9834885418785495,3.0768368472181464,0.0355718
3.126699628024631,1.4393482479685842,2.2692245839357685,0.0445689
3.126699628024631,1.9777564234901694,-1.6342346885957246,-0.0208213
3.126699628024631,2.7853686867725473,-0.69202038143295,0.0198596
3.2613016719050263,-2.3295089806825127,-0.961224469193743,-0.0511835
3.2613016719050263,-1.656498761280531,-1.9034387763565173,-0.0493327
3.2613016719050263,0.22792985304501734,1.7308164084141833,0.0518513
3.2613016719050263,1.3047462040881879,2.000020496174976,0.0384947
3.3959037157854235,-2.464111024562909,-0.019010162030968836,-0.0302009
3.3959037157854235,-1.5218967174001348,-2.0380408202369136,-0.0513362
3.3959037157854235,-1.387294673519738,2.942234803337751,0.0314775
3.3959037157854235,-1.2526926296393421,2.942234803337751,0.0327859
3.3959037157854235,-0.44508036635696424,-2.17264286411731,-0.0337233
3.3959037157854235,-0.1758762785961716,1.8654184522945796,0.0407472
3.3959037157854235,2.246960511250963,1.3270102767729943,0.036281
3.5305057596658207,-1.387294673519738,2.807632759457354,0.0301839
3.5305057596658207,-0.1758762785961716,1.596214364533787,0.041539
3.5305057596658207,1.9777564234901694,-1.768836732476121,-0.0348615
3.665107803546216,-2.464111024562909,-0.8266224253133467,-0.0596903
3.665107803546216,-1.656498761280531,2.538428671696562,0.0235065
3.665107803546216,-1.387294673519738,-2.17264286411731,-0.0558872
3.665107803546216,-0.1758762785961716,-2.17264286411731,-0.0371399
3.665107803546216,-0.1758762785961716,1.4616123206533906,0.0411714
3.665107803546216,1.1701441602077916,-1.9034387763565173,-0.0311287
3.665107803546216,1.7085523357293768,1.4616123206533906,0.0223715
3.665107803546216,2.650766642892152,-1.2304285569545357,-0.0240021
3.665107803546216,2.9199707306529437,-0.5574183375525541,0.00432722
3.7997098474266133,-2.464111024562909,-0.28821424979176147,-0.0560705
3.7997098474266133,-1.656498761280531,1.0578061890122017,-0.0164235
3.7997098474266133,-1.656498761280531,1.4616123206533906,-0.00234056
3.7997098474266133,1.5739502918489805,-1.9034387763565173,-0.0412126
3.7997098474266133,1.5739502918489805,1.4616123206533906,0.0163946
3.9343118913070088,-2.464111024562909,-0.28821424979176147,-0.0588252
3.9343118913070088,-0.9834885418785495,-2.307244907997706,-0.0575726
3.9343118913070088,0.09332780916462102,1.3270102767729943,0.0380773
3.9343118913070088,1.1701441602077916,1.4616123206533906,0.0130065
3.9343118913070088,1.3047462040881879,1.4616123206533906,0.0113359
3.9343118913070088,1.9777564234901694,1.3270102767729943,0.013304
3.9343118913070088,2.650766642892152,0.7886021012514091,0.0246098
3.9343118913070088,2.9199707306529437,-0.5574183375525541,-0.0081979
3.9343118913070088,2.9199707306529437,0.11559188184942748,0.0154238
4.068913935187404,-0.9834885418785495,-2.307244907997706,-0.0603366
4.068913935187404,-0.5796824102373606,-2.307244907997706,-0.0567425
4.068913935187404,2.9199707306529437,-0.4228162936721578,-0.009651
4.203515979067801,-0.8488864979981532,-2.307244907997706,-0.0621339
4.203515979067801,-0.04127423471577529,1.192408232892598,0.0256293
4.203515979067801,2.1123584673705658,1.192408232892598,0.000449808
4.203515979067801,2.7853686867725473,0.3847959696102201,0.00313146
4.338118022948199,-1.387294673519738,-2.17264286411731,-0.0668913
4.338118022948199,1.7085523357293768,1.3270102767729943,-0.0088892
4.338118022948199,2.246960511250963,1.0578061890122017,-0.00552459
4.338118022948199,2.5161645990117547,0.7886021012514091,-0.00357152
4.472720066828594,-2.3295089806825127,-0.15361220591136515,-0.063528
4.472720066828594,-1.9257028490413237,-1.768836732476121,-0.0697394
4.472720066828594,0.22792985304501734,1.0578061890122017,0.00996043
4.472720066828594,0.6317359846862063,1.192408232892598,-0.00149588
4.607322110708991,-1.656498761280531,0.6540000573710127,-0.0479702
4.607322110708991,0.9009400724469989,-1.6342346885957246,-0.0538721
4.607322110708991,1.843154379609774,-1.6342346885957246,-0.057029
4.607322110708991,2.1123584673705658,-1.4996326447153283,-0.0553314
4.741924154589387,1.3047462040881879,1.192408232892598,-0.0250593
4.741924154589387,2.5161645990117547,-0.961224469193743,-0.0485191
4.741924154589387,2.650766642892152,0.11559188184942748,-0.0297855
4.876526198469782,-1.656498761280531,-1.768836732476121,-0.0736078
4.876526198469782,1.0355421163273952,1.0578061890122017,-0.0284935
4.876526198469782,2.3815625551313584,0.5193980134906164,-0.0325539
4.876526198469782,2.5161645990117547,0.2501939257298238,-0.034338
5.1457302862305765,-1.656498761280531,-1.4996326447153283,-0.0755408
5.1457302862305765,-1.1180905857589458,0.5193980134906164,-0.0516883
5.1457302862305765,-0.5796824102373606,-1.9034387763565173,-0.0768535
5.1457302862305765,-0.1758762785961716,-1.768836732476121,-0.0753837
5.1457302862305765,0.49713394080580997,-1.0958265130741394,-0.0646881
5.1457302862305765,2.246960511250963,-0.69202038143295,-0.0557915
5.280332330110972,-1.656498761280531,-0.019010162030968836,-0.0656298
5.280332330110972,-0.5796824102373606,-1.768836732476121,-0.0785927
5.280332330110972,-0.44508036635696424,0.3847959696102201,-0.0482717
5.280332330110972,0.49713394080580997,-0.69202038143295,-0.0618305
5.280332330110972,0.6317359846862063,-0.69202038143295,-0.0609468
5.280332330110972,1.7085523357293768,-0.961224469193743,-0.0629972
5.414934373991369,-1.656498761280531,-0.4228162936721578,-0.0709852
5.414934373991369,-0.8488864979981532,0.2501939257298238,-0.0587087
5.414934373991369,0.9009400724469989,-0.019010162030968836,-0.0553374
5.5495364178717645,-1.387294673519738,-0.961224469193743,-0.0768571
5.5495364178717645,-0.9834885418785495,-0.019010162030968836,-0.0661824
5.5495364178717645,-0.5796824102373606,-1.365030600834932,-0.0803019
5.5495364178717645,-0.3104783224765679,-1.2304285569545357,-0.0790376
5.5495364178717645,-0.1758762785961716,-1.0958265130741394,-0.0773502
5.5495364178717645,-0.1758762785961716,-0.28821424979176147,-0.0662183
5.68413846175216,-0.9834885418785495,-0.8266224253133467,-0.0776729
5.68413846175216,-0.8488864979981532,-0.961224469193743,-0.0787313
5.68413846175216,-0.8488864979981532,-0.4228162936721578,-0.0731724
5.68413846175216,-0.7142844541177569,-0.961224469193743,-0.0789397
