-5.659916962573853,-0.6502360198883732,0.7197323334772054,-0.0357632
-5.659916962573853,-0.6502360198883732,0.9923083384092859,-0.0392302
-5.659916962573853,-0.24137201249025342,0.7197323334772054,-0.0443886
-5.659916962573853,-0.24137201249025342,0.9923083384092859,-0.0467518
-5.523628960107812,0.16749199490786726,1.1285963408753261,-0.0495149
-5.523628960107812,2.211812031898469,-0.23428368378507525,0.030581
-5.523628960107812,2.348100034364509,-0.23428368378507525,0.0308817
-5.523628960107812,2.4843880368305493,-0.09799568131903502,0.0316857
-5.387340957641772,-0.7865240223544134,1.8100363532055264,-0.0467198
-5.387340957641772,-0.6502360198883732,-0.09799568131903502,-0.0236888
-5.387340957641772,-0.24137201249025342,-0.09799568131903502,-0.0337887
-5.387340957641772,0.16749199490786726,1.5374603482734468,-0.0509257
-5.387340957641772,0.4400679998399468,0.9923083384092859,-0.0460987
-5.387340957641772,1.6666600220343089,0.17458032361304543,0.0236154
-5.387340957641772,2.4843880368305493,0.5834443310111652,0.0303838
-5.387340957641772,2.89325204422867,-0.09799568131903502,0.029216
-5.387340957641772,2.89325204422867,0.038292321147005204,0.0298609
-5.251052955175732,-1.4679640346846146,1.4011723458074057,-0.0183703
-5.251052955175732,0.16749199490786726,-0.09799568131903502,-0.035099
-5.251052955175732,0.5763560023059879,1.1285963408753261,-0.0435513
-5.251052955175732,3.02954004669471,-0.3705716862511155,0.0256057
-5.114764952709692,1.802948024500349,0.8560203359432457,0.0196223
-4.9784769502436514,-1.195388029752534,-0.3705716862511155,0.0135176
-4.9784769502436514,0.8489320072380675,0.9923083384092859,-0.0307771
-4.9784769502436514,2.756964041762629,-1.0520116985813162,0.019126
-4.842188947777611,-2.013116044548775,0.17458032361304543,0.0622283
-4.842188947777611,3.3021160516267907,0.5834443310111652,0.0217894
-4.705900945311571,0.031203992441827033,-0.6431476911831955,-0.0133845
-4.705900945311571,0.8489320072380675,-0.23428368378507525,0.000679683
-4.569612942845531,-1.195388029752534,-0.6431476911831955,0.0226097
-4.569612942845531,-0.37766001495629364,-0.7794356936492357,-0.00565967
-4.569612942845531,-0.37766001495629364,2.4914763655357275,-0.0483372
-4.569612942845531,0.3037799973739075,-0.6431476911831955,-0.00350525
-4.569612942845531,0.5763560023059879,-0.5068596887171557,0.00103429
-4.569612942845531,0.9852200097041077,1.2648843433413663,-0.0166494
-4.569612942845531,1.2577960146361882,-1.0520116985813162,0.0223512
-4.569612942845531,2.6206760392965895,1.2648843433413663,0.017358
-4.433324940379491,0.16749199490786726,-0.9157236961152759,0.00860226
-4.433324940379491,0.4400679998399468,-1.3245877035133966,0.0223084
-4.433324940379491,0.8489320072380675,-1.3245877035133966,0.0247247
-4.433324940379491,1.1215080121701488,1.1285963408753261,-0.00400123
-4.433324940379491,1.802948024500349,1.2648843433413663,0.0132438
-4.433324940379491,3.7109800590249113,0.038292321147005204,0.017596
-4.297036937913451,-0.37766001495629364,-0.9157236961152759,0.00638036
-4.297036937913451,1.1215080121701488,-1.5971637084454766,0.0279591
-4.297036937913451,1.2577960146361882,1.1285963408753261,0.0063083
-4.297036937913451,2.211812031898469,1.4011723458074057,0.0142132
-4.297036937913451,2.348100034364509,-1.7334517109115168,0.0201999
-4.297036937913451,2.4843880368305493,1.4011723458074057,0.0144827
-4.160748935447411,-2.4219800519468953,0.8560203359432457,0.0511587
-4.160748935447411,-0.37766001495629364,-1.0520116985813162,0.0145092
-4.160748935447411,0.5763560023059879,2.0826123581376077,-0.0172313
-4.024460932981372,-0.37766001495629364,-1.4608757059794364,0.0247655
-4.024460932981372,0.8489320072380675,-2.142315718309637,0.0328494
-4.024460932981372,0.9852200097041077,1.673748350739487,0.00510526
-4.024460932981372,3.02954004669471,1.4011723458074057,0.0154273
-4.024460932981372,3.438404054092831,1.1285963408753261,0.0162727
-4.024460932981372,3.983556063956992,-0.3705716862511155,0.0178394
-3.8881729305153305,-1.3316760322185743,-0.7794356936492357,0.0281938
-3.8881729305153305,-0.7865240223544134,-0.9157236961152759,0.0194609
-3.8881729305153305,-0.37766001495629364,-1.7334517109115168,0.0289711
-3.8881729305153305,1.6666600220343089,1.4011723458074057,0.018001
-3.8881729305153305,1.9392360269663884,-1.8697397133775566,0.0255735
-3.8881729305153305,2.211812031898469,1.5374603482734468,0.0154396
-3.8881729305153305,2.348100034364509,-2.006027715843597,0.0246462
-3.8881729305153305,3.84726806149095,0.5834443310111652,0.0173766
-3.7518849280492907,-2.6945560568789757,-0.3705716862511155,-0.00383653
-3.7518849280492907,-2.6945560568789757,0.4471563285451259,0.0144374
-3.7518849280492907,-2.2856920494808555,1.2648843433413663,0.0205622
-3.7518849280492907,-1.6042520371506543,2.218900360603647,-0.0276175
-3.7518849280492907,-0.6502360198883732,-1.188299701047356,0.0231529
-3.7518849280492907,1.5303720195682686,-2.006027715843597,0.0293736
-3.6155969255832505,-2.9671320618110557,-0.23428368378507525,-0.0133985
-3.6155969255832505,-0.6502360198883732,-1.4608757059794364,0.0254015
-3.6155969255832505,-0.37766001495629364,-2.006027715843597,0.0319781
-3.6155969255832505,-0.10508401002421319,2.4914763655357275,-0.0140119
-3.6155969255832505,1.3940840171022284,1.8100363532055264,0.022117
-3.6155969255832505,4.11984406642303,-0.23428368378507525,0.0180421
-3.4793089231172103,-3.103420064277096,-0.3705716862511155,-0.0180057
-3.4793089231172103,-2.2856920494808555,-1.188299701047356,-0.0209717
-3.4793089231172103,-2.2856920494808555,1.2648843433413663,0.00903527
-3.4793089231172103,-1.7405400396166946,-1.188299701047356,-0.0120454
-3.4793089231172103,-0.10508401002421319,2.4914763655357275,-0.00651721
-3.4793089231172103,0.3037799973739075,2.4914763655357275,0.00751486
-3.4793089231172103,0.5763560023059879,2.4914763655357275,0.0143269
-3.4793089231172103,1.5303720195682686,-2.142315718309637,0.0297273
-3.4793089231172103,3.1658280491607504,1.673748350739487,0.0241201
-3.4793089231172103,3.438404054092831,1.5374603482734468,0.0245365
-3.4793089231172103,3.7109800590249113,-2.006027715843597,0.036008
-3.4793089231172103,3.983556063956992,-1.7334517109115168,0.034266
-3.34302092065117,-3.239708066743136,-0.3705716862511155,-0.0186604
-3.34302092065117,-1.0591000272864939,-1.0520116985813162,0.0131148
-3.34302092065117,-0.7865240223544134,-1.3245877035133966,0.0226539
-3.34302092065117,0.031203992441827033,-2.414891723241717,0.0360216
-3.34302092065117,1.3940840171022284,2.218900360603647,0.026839
-3.34302092065117,3.02954004669471,-2.2786037207756773,0.0334951
-3.34302092065117,4.2561320688890705,-0.9157236961152759,0.0248395
-3.2067329181851303,-2.8308440593450155,-1.188299701047356,-0.0219653
-3.2067329181851303,-0.9228120248204537,-1.188299701047356,0.0171788
-3.2067329181851303,0.16749199490786726,2.6277643680017677,0.0143066
-3.2067329181851303,2.756964041762629,-2.2786037207756773,0.0311971
-3.2067329181851303,3.02954004669471,1.8100363532055264,0.028292
-3.2067329181851303,4.2561320688890705,-1.0520116985813162,0.0268756
-3.07044491571909,-2.9671320618110557,-1.188299701047356,-0.0189687
-3.07044491571909,-2.6945560568789757,1.2648843433413663,-0.0190473
-3.07044491571909,-2.2856920494808555,1.4011723458074057,-0.00798551
-3.07044491571909,-0.513948017422333,-2.006027715843597,0.0311632
-3.07044491571909,-0.24137201249025342,-2.2786037207756773,0.034649
-3.07044491571909,0.5763560023059879,-2.5511797257077573,0.0341781
-3.07044491571909,1.6666600220343089,-2.142315718309637,0.0284314
-3.07044491571909,2.89325204422867,-2.2786037207756773,0.0323959
-3.07044491571909,3.02954004669471,-2.2786037207756773,0.0334398
-3.07044491571909,4.2561320688890705,-0.9157236961152759,0.0248343
-2.93415691325305,-2.4219800519468953,-1.5971637084454766,-0.0237849
-2.93415691325305,-0.37766001495629364,2.4914763655357275,0.0122922
-2.93415691325305,-0.10508401002421319,2.6277643680017677,0.0171831
-2.93415691325305,2.211812031898469,1.8100363532055264,0.0299325
-2.93415691325305,3.7109800590249113,-2.006027715843597,0.0362329
-2.7978689107870096,-3.512284071675216,0.5834443310111652,-0.0205758
-2.7978689107870096,-3.375996069209176,0.8560203359432457,-0.0239277
-2.7978689107870096,-2.6945560568789757,1.4011723458074057,-0.020577
-2.7978689107870096,-1.0591000272864939,-1.4608757059794364,0.00756398
-2.7978689107870096,2.0755240294324286,1.8100363532055264,0.0320546
-2.7978689107870096,2.211812031898469,1.8100363532055264,0.031697
-2.6615809083209694,-2.6945560568789757,-1.5971637084454766,-0.0165914
-2.6615809083209694,1.9392360269663884,-2.006027715843597,0.0254747
-2.6615809083209694,2.0755240294324286,-2.006027715843597,0.0248708
-2.6615809083209694,4.11984406642303,-0.3705716862511155,0.0171922
-2.6615809083209694,4.11984406642303,0.31086832607908566,0.0204059
-2.6615809083209694,4.11984406642303,0.4471563285451259,0.0221218
-2.525292905854929,-3.6485720741412564,-0.3705716862511155,0.00738598
-2.525292905854929,-2.9671320618110557,-1.4608757059794364,-0.00660741
-2.525292905854929,0.5763560023059879,-2.414891723241717,0.0317352
-2.525292905854929,2.4843880368305493,1.8100363532055264,0.0345642
-2.525292905854929,3.84726806149095,1.2648843433413663,0.0336281
-2.389004903388889,1.9392360269663884,1.8100363532055264,0.0360064
-2.389004903388889,2.89325204422867,-2.006027715843597,0.0253364
-2.389004903388889,3.3021160516267907,1.673748350739487,0.0374043
-2.389004903388889,3.438404054092831,-1.8697397133775566,0.0297442
-2.2527169009228487,-2.5582680544129355,-1.7334517109115168,-0.00819405
-2.2527169009228487,0.8489320072380675,-2.2786037207756773,0.0243877
-2.2527169009228487,1.802948024500349,-2.006027715843597,0.014668
-2.2527169009228487,2.348100034364509,1.673748350739487,0.0352547
-2.1164288984568094,1.5303720195682686,-2.142315718309637,0.00924129
-2.1164288984568094,2.0755240294324286,1.5374603482734468,0.0347273
-2.1164288984568094,3.7109800590249113,-1.0520116985813162,0.0195548
-2.1164288984568094,3.7109800590249113,1.1285963408753261,0.0340894
-2.1164288984568094,3.84726806149095,0.038292321147005204,0.0177272
-1.9801408959907691,-1.6042520371506543,-1.8697397133775566,0.00756361
-1.9801408959907691,2.0755240294324286,1.4011723458074057,0.0332174
-1.9801408959907691,2.756964041762629,1.5374603482734468,0.0359252
-1.9801408959907691,3.438404054092831,-1.188299701047356,0.017488
-1.9801408959907691,3.574692056558871,-0.7794356936492357,0.0147833
-1.843852893524729,-2.5582680544129355,1.5374603482734468,0.00243791
-1.843852893524729,-0.6502360198883732,2.3551883630696873,0.0337205
-1.843852893524729,1.1215080121701488,-2.2786037207756773,0.00534502
-1.843852893524729,1.5303720195682686,2.0826123581376077,0.0386445
-1.843852893524729,2.211812031898469,-1.8697397133775566,-0.00174327
-1.843852893524729,2.89325204422867,-1.3245877035133966,0.00970123
-1.843852893524729,3.574692056558871,0.038292321147005204,0.0169223
-1.843852893524729,3.574692056558871,0.8560203359432457,0.0303263
-1.7075648910586887,-1.4679640346846146,2.3551883630696873,0.0314354
-1.7075648910586887,0.16749199490786726,2.4914763655357275,0.0370609
-1.7075648910586887,2.348100034364509,1.1285963408753261,0.0273842
-1.7075648910586887,2.6206760392965895,-1.4608757059794364,-1.00155e-05
-1.7075648910586887,2.89325204422867,-1.0520116985813162,0.00578132
-1.7075648910586887,3.02954004669471,-0.7794356936492357,0.00796864
-1.7075648910586887,3.438404054092831,0.31086832607908566,0.0204538
-1.5712768885926485,-3.375996069209176,0.8560203359432457,0.0146668
-1.5712768885926485,-3.103420064277096,1.1285963408753261,0.00608905
-1.5712768885926485,-2.6945560568789757,-1.5971637084454766,0.0243256
-1.5712768885926485,-0.37766001495629364,-2.5511797257077573,0.0416255
-1.5712768885926485,-0.37766001495629364,2.3551883630696873,0.0371366
-1.5712768885926485,1.9392360269663884,0.9923083384092859,0.0199546
-1.5712768885926485,3.02954004669471,-0.09799568131903502,0.0103065
-1.5712768885926485,3.1658280491607504,0.4471563285451259,0.0204534
-1.4349888861266082,-3.512284071675216,0.5834443310111652,0.0336914
-1.4349888861266082,-1.7405400396166946,-2.006027715843597,0.026656
-1.4349888861266082,0.7126440047720282,2.218900360603647,0.0398667
-1.4349888861266082,1.6666600220343089,-2.2786037207756773,-0.013203
-1.298700883660569,-2.2856920494808555,1.8100363532055264,0.0282383
-1.298700883660569,-0.10508401002421319,2.218900360603647,0.0403232
-1.298700883660569,0.3037799973739075,2.0826123581376077,0.0410716
-1.298700883660569,1.802948024500349,0.9923083384092859,0.0129863
-1.1624128811945278,-2.013116044548775,-1.7334517109115168,0.024533
-1.1624128811945278,0.031203992441827033,2.0826123581376077,0.0420179
-1.1624128811945278,0.4400679998399468,1.8100363532055264,0.0436227
-1.1624128811945278,1.3940840171022284,1.1285963408753261,0.0213508
-1.1624128811945278,2.4843880368305493,0.4471563285451259,0.00312361
-1.0261248787284876,-3.6485720741412564,-0.23428368378507525,0.0733108
-1.0261248787284876,-2.9671320618110557,0.8560203359432457,0.0317865
-1.0261248787284876,-2.149404047014815,-1.5971637084454766,0.0244513
-1.0261248787284876,0.7126440047720282,1.2648843433413663,0.0462409
-0.8898368762624482,-0.7865240223544134,2.4914763655357275,0.0428259
-0.8898368762624482,0.031203992441827033,1.9463243556715666,0.0441345
-0.8898368762624482,1.5303720195682686,-2.2786037207756773,-0.0136467
-0.8898368762624482,2.6206760392965895,-1.3245877035133966,-0.0142782
-0.8898368762624482,2.756964041762629,-0.5068596887171557,-0.00406077
-0.753548873796408,-3.239708066743136,0.4471563285451259,0.0419974
-0.753548873796408,-2.6945560568789757,0.8560203359432457,0.02971
-0.753548873796408,-1.3316760322185743,2.4914763655357275,0.0430487
-0.753548873796408,-0.9228120248204537,2.4914763655357275,0.0438067
-0.753548873796408,-0.513948017422333,2.3551883630696873,0.0435881
-0.753548873796408,0.3037799973739075,-2.414891723241717,0.0340472
-0.753548873796408,1.802948024500349,-2.142315718309637,-0.0167879
-0.6172608713303669,-1.7405400396166946,-2.142315718309637,0.0307726
-0.6172608713303669,0.16749199490786726,1.5374603482734468,0.04859
-0.6172608713303669,1.1215080121701488,0.9923083384092859,0.0298839
-0.6172608713303669,1.9392360269663884,-2.006027715843597,-0.0163767
-0.6172608713303669,2.211812031898469,0.5834443310111652,0.0112622
-0.48097286886432755,-1.7405400396166946,2.218900360603647,0.0426427
-0.48097286886432755,-0.7865240223544134,2.3551883630696873,0.0452678
-0.48097286886432755,0.3037799973739075,1.2648843433413663,0.0512542
-0.48097286886432755,0.8489320072380675,0.9923083384092859,0.0431201
-0.3446848663982873,-3.6485720741412564,-0.5068596887171557,0.00602688
-0.3446848663982873,-3.6485720741412564,-0.3705716862511155,0.00683685
-0.3446848663982873,0.3037799973739075,1.2648843433413663,0.0483637
-0.3446848663982873,1.6666600220343089,0.8560203359432457,0.0258806
-0.3446848663982873,2.211812031898469,0.5834443310111652,0.0281999
-0.2083968639322471,-3.512284071675216,-1.188299701047356,-0.0107446
-0.2083968639322471,-2.9671320618110557,0.8560203359432457,-0.00129466
-0.2083968639322471,-1.6042520371506543,2.0826123581376077,0.0443504
-0.2083968639322471,-0.37766001495629364,-2.5511797257077573,0.0438283
-0.07210886146620687,-3.7848600766072966,-0.6431476911831955,-0.0137867
-0.07210886146620687,-3.512284071675216,-1.3245877035133966,-0.0179213
-0.07210886146620687,-3.103420064277096,0.8560203359432457,-0.0078686
-0.07210886146620687,-2.8308440593450155,0.9923083384092859,-0.00279252
-0.07210886146620687,-2.013116044548775,1.4011723458074057,0.031965
-0.07210886146620687,-1.4679640346846146,-2.142315718309637,0.0322553
-0.07210886146620687,-0.6502360198883732,1.9463243556715666,0.0461229
-0.07210886146620687,0.3037799973739075,-2.142315718309637,0.041937
-0.07210886146620687,0.9852200097041077,-1.8697397133775566,0.0266033
-0.07210886146620687,2.0755240294324286,-1.4608757059794364,0.00672375
0.06417914099983335,-3.7848600766072966,-0.9157236961152759,-0.0208017
0.06417914099983335,-1.8768280420827348,-2.006027715843597,0.00693319
0.06417914099983335,-1.7405400396166946,1.5374603482734468,0.0403291
0.06417914099983335,0.4400679998399468,-2.006027715843597,0.042268
0.06417914099983335,1.2577960146361882,1.1285963408753261,0.0415835
0.06417914099983335,2.4843880368305493,-1.0520116985813162,0.0328759
0.06417914099983335,2.4843880368305493,0.7197323334772054,0.0485083
0.2004671434658727,-3.6485720741412564,-1.3245877035133966,-0.026084
0.2004671434658727,0.9852200097041077,-1.7334517109115168,0.0369165
0.2004671434658727,0.9852200097041077,1.2648843433413663,0.0416571
0.3367551459319129,-2.8308440593450155,-2.006027715843597,-0.0227851
0.3367551459319129,-1.7405400396166946,1.2648843433413663,0.0381529
0.3367551459319129,1.3940840171022284,-1.5971637084454766,0.0332949
0.3367551459319129,2.89325204422867,0.4471563285451259,0.0576909
0.3367551459319129,3.02954004669471,-0.3705716862511155,0.0586313
0.47304314839795314,-3.375996069209176,-1.7334517109115168,-0.029635
0.47304314839795314,-0.7865240223544134,-2.006027715843597,0.0465221
0.47304314839795314,2.756964041762629,0.7197323334772054,0.0529239
0.6093311508639934,-2.149404047014815,1.2648843433413663,0.0200385
0.6093311508639934,-0.9228120248204537,1.4011723458074057,0.0488596
0.6093311508639934,0.3037799973739075,-2.006027715843597,0.0353957
0.6093311508639934,1.6666600220343089,1.4011723458074057,0.0355799
0.7456191533300336,-3.239708066743136,0.9923083384092859,-0.018912
0.7456191533300336,-2.9671320618110557,1.1285963408753261,-0.0115563
0.7456191533300336,-2.2856920494808555,1.2648843433413663,0.014953
0.7456191533300336,0.3037799973739075,-2.006027715843597,0.0337606
0.7456191533300336,0.7126440047720282,1.5374603482734468,0.0356095
0.7456191533300336,1.2577960146361882,-1.7334517109115168,0.0370379
0.7456191533300336,2.348100034364509,1.1285963408753261,0.0411099
0.7456191533300336,2.6206760392965895,-1.188299701047356,0.0440039
0.7456191533300336,3.02954004669471,-0.6431476911831955,0.0553901
0.8819071557960738,1.9392360269663884,1.4011723458074057,0.0334059
0.8819071557960738,3.02954004669471,-0.6431476911831955,0.0539169
1.0181951582621132,-3.375996069209176,-1.7334517109115168,-0.0315333
1.0181951582621132,-2.149404047014815,1.2648843433413663,0.0267288
1.0181951582621132,-0.7865240223544134,1.4011723458074057,0.0523569
1.0181951582621132,0.3037799973739075,1.5374603482734468,0.0367715
1.0181951582621132,2.211812031898469,1.2648843433413663,0.035601
1.0181951582621132,2.6206760392965895,-1.188299701047356,0.0421499
1.0181951582621132,2.756964041762629,-1.0520116985813162,0.0453093
1.1544831607281543,1.6666600220343089,-1.7334517109115168,0.0314912
1.1544831607281543,3.02954004669471,-0.5068596887171557,0.0513514
1.2907711631941945,-2.5582680544129355,-2.006027715843597,-0.0120241
1.2907711631941945,-2.013116044548775,-2.006027715843597,0.0104161
1.2907711631941945,-1.195388029752534,1.4011723458074057,0.0555203
1.2907711631941945,-1.0591000272864939,1.4011723458074057,0.0561044
1.2907711631941945,-0.24137201249025342,1.4011723458074057,0.0491582
1.2907711631941945,0.7126440047720282,-1.8697397133775566,0.03384
1.4270591656602347,-3.512284071675216,0.5834443310111652,-0.0207079
1.4270591656602347,-0.9228120248204537,-1.8697397133775566,0.0549867
1.4270591656602347,-0.513948017422333,-1.8697397133775566,0.0480374
1.4270591656602347,2.0755240294324286,1.4011723458074057,0.0295891
1.563347168126275,-3.7848600766072966,-0.7794356936492357,-0.0316648
1.563347168126275,-1.7405400396166946,1.4011723458074057,0.0408704
1.563347168126275,2.4843880368305493,-1.188299701047356,0.0346858
1.6996351705923152,-0.10508401002421319,-1.7334517109115168,0.0466959
1.6996351705923152,0.031203992441827033,-1.7334517109115168,0.0443816
1.6996351705923152,0.16749199490786726,1.5374603482734468,0.042356
1.6996351705923152,0.8489320072380675,1.8100363532055264,0.0241203
1.6996351705923152,1.2577960146361882,1.8100363532055264,0.0212693
1.8359231730583554,-3.6485720741412564,-0.5068596887171557,-0.0211294
1.8359231730583554,-3.6485720741412564,-0.3705716862511155,-0.0200279
1.8359231730583554,-2.5582680544129355,0.9923083384092859,0.028195
1.8359231730583554,0.7126440047720282,1.8100363532055264,0.0257151
1.8359231730583554,1.6666600220343089,-1.7334517109115168,0.0232417
1.8359231730583554,1.9392360269663884,-1.5971637084454766,0.0244192
1.8359231730583554,1.9392360269663884,1.5374603482734468,0.0252552
1.9722111755243956,-3.512284071675216,-0.23428368378507525,-0.00919653
1.9722111755243956,-2.5582680544129355,0.9923083384092859,0.0323382
1.9722111755243956,0.031203992441827033,1.5374603482734468,0.0463379
1.9722111755243956,0.16749199490786726,-1.5971637084454766,0.0483972
2.108499177990434,-3.375996069209176,-0.5068596887171557,-0.000335715
2.108499177990434,0.3037799973739075,-1.5971637084454766,0.0447548
2.108499177990434,3.3021160516267907,0.31086832607908566,0.00200004
2.244787180456476,-2.8308440593450155,0.7197323334772054,0.0433564
2.244787180456476,-1.6042520371506543,1.673748350739487,0.0227876
2.244787180456476,0.7126440047720282,-1.7334517109115168,0.0300584
2.3810751829225145,-2.2856920494808555,-1.4608757059794364,0.0305027
2.3810751829225145,-0.37766001495629364,-1.5971637084454766,0.0477112
2.3810751829225145,1.3940840171022284,-1.7334517109115168,0.0197361
2.3810751829225145,2.6206760392965895,1.5374603482734468,0.000438287
2.5173631853885547,1.2577960146361882,-1.7334517109115168,0.0204837
2.5173631853885547,3.574692056558871,0.038292321147005204,-0.0105079
2.5173631853885547,3.574692056558871,0.5834443310111652,-0.0120512
2.6536511878545967,2.0755240294324286,-1.3245877035133966,0.0221347
2.6536511878545967,3.3021160516267907,-0.6431476911831955,-0.00783312
2.789939190320635,0.3037799973739075,1.8100363532055264,0.037822
2.789939190320635,1.5303720195682686,-1.5971637084454766,0.0207526
2.9262271927866754,-2.4219800519468953,-1.3245877035133966,0.0419693
2.9262271927866754,-1.6042520371506543,1.673748350739487,0.0214415
2.9262271927866754,1.3940840171022284,-1.5971637084454766,0.0219572
3.0625151952527156,-0.37766001495629364,-1.5971637084454766,0.0370833
3.0625151952527156,0.031203992441827033,1.8100363532055264,0.0400005
3.0625151952527156,0.7126440047720282,1.8100363532055264,0.032016
3.0625151952527156,1.1215080121701488,-1.5971637084454766,0.0249248
3.0625151952527156,1.802948024500349,1.8100363532055264,0.00725274
3.0625151952527156,1.9392360269663884,-1.3245877035133966,0.0200258
3.0625151952527156,3.1658280491607504,-0.9157236961152759,-0.0124165
3.0625151952527156,3.438404054092831,1.2648843433413663,-0.0183057
3.198803197718756,-3.103420064277096,0.4471563285451259,0.0908039
3.198803197718756,0.4400679998399468,1.8100363532055264,0.0336841
3.335091200184796,-2.013116044548775,-1.4608757059794364,0.0315945
3.335091200184796,-0.6502360198883732,-1.5971637084454766,0.0292217
3.335091200184796,1.802948024500349,1.8100363532055264,-0.000125628
3.4713792026508363,-3.103420064277096,-0.23428368378507525,0.0982329
3.4713792026508363,-2.5582680544129355,-1.0520116985813162,0.0647338
3.4713792026508363,-1.195388029752534,-1.5971637084454766,0.0203634
3.4713792026508363,0.4400679998399468,-1.4608757059794364,0.0384817
3.4713792026508363,0.8489320072380675,1.673748350739487,0.0278487
3.4713792026508363,3.7109800590249113,0.5834443310111652,-0.0175073
3.6076672051168766,0.031203992441827033,-1.4608757059794364,0.0402428
3.6076672051168766,1.5303720195682686,1.673748350739487,0.00309014
3.6076672051168766,2.89325204422867,-1.0520116985813162,-0.0166089
3.7439552075829168,-2.013116044548775,-1.188299701047356,0.0415312
3.7439552075829168,-1.4679640346846146,1.4011723458074057,0.0213858
3.7439552075829168,0.4400679998399468,1.8100363532055264,0.0121533
3.7439552075829168,1.1215080121701488,-1.188299701047356,0.0300192
3.7439552075829168,3.574692056558871,-0.23428368378507525,-0.0200361
3.880243210048957,-2.2856920494808555,-0.9157236961152759,0.0608327
3.880243210048957,-2.013116044548775,-1.0520116985813162,0.0456486
3.880243210048957,0.9852200097041077,1.5374603482734468,0.00772725
3.880243210048957,1.802948024500349,-1.0520116985813162,0.00568999
3.880243210048957,3.438404054092831,0.9923083384092859,-0.0203276
4.016531212514997,-2.6945560568789757,0.17458032361304543,0.0892777
4.016531212514997,0.9852200097041077,1.5374603482734468,-0.00237494
4.016531212514997,2.348100034364509,1.673748350739487,-0.0259901
4.016531212514997,3.1658280491607504,1.2648843433413663,-0.0238124
4.016531212514997,3.438404054092831,-0.23428368378507525,-0.0217467
4.152819214981036,3.438404054092831,0.4471563285451259,-0.0205627
4.289107217447078,-2.013116044548775,-0.3705716862511155,0.0477015
4.289107217447078,0.9852200097041077,-0.9157236961152759,0.00809234
4.289107217447078,3.3021160516267907,0.5834443310111652,-0.0225355
4.425395219913118,-2.013116044548775,0.17458032361304543,0.0294811
4.425395219913118,-1.3316760322185743,-0.9157236961152759,0.00654196
4.697971224845198,-0.7865240223544134,-1.188299701047356,-0.0123227
4.697971224845198,1.9392360269663884,-0.23428368378507525,-0.0335539
4.697971224845198,2.6206760392965895,-0.09799568131903502,-0.0324921
4.697971224845198,2.756964041762629,0.17458032361304543,-0.0318218
4.834259227311239,-1.8768280420827348,0.038292321147005204,-0.0120041
4.834259227311239,1.5303720195682686,0.7197323334772054,-0.0496343
4.970547229777277,-1.7405400396166946,0.9923083384092859,-0.0319143
4.970547229777277,-1.6042520371506543,-0.5068596887171557,-0.0218604
5.106835232243319,0.031203992441827033,-1.188299701047356,-0.0303524
5.2431232347093575,-1.7405400396166946,0.038292321147005204,-0.0350939
5.2431232347093575,-1.4679640346846146,1.2648843433413663,-0.0439425
5.2431232347093575,0.9852200097041077,1.4011723458074057,-0.0570433
5.2431232347093575,1.2577960146361882,0.9923083384092859,-0.0597672
5.51569923964144,-1.4679640346846146,-0.23428368378507525,-0.044302
5.51569923964144,-0.9228120248204537,1.5374603482734468,-0.0509811
5.51569923964144,0.5763560023059879,-0.7794356936492357,-0.047819
5.51569923964144,0.5763560023059879,1.5374603482734468,-0.0580689
5.788275244573518,-0.6502360198883732,1.4011723458074057,-0.0551175
5.788275244573518,0.3037799973739075,1.4011723458074057,-0.0596894
5.924563247039559,-1.0591000272864939,-0.09799568131903502,-0.0536344
5.924563247039559,-0.513948017422333,1.2648843433413663,-0.0569203
5.924563247039559,0.16749199490786726,1.2648843433413663,-0.0601977
5.924563247039559,0.5763560023059879,0.9923083384092859,-0.0634289
6.060851249505599,-0.9228120248204537,0.31086832607908566,-0.0568194
6.060851249505599,-0.9228120248204537,0.4471563285451259,-0.0570555
6.060851249505599,-0.513948017422333,0.9923083384092859,-0.0582853
6.197139251971639,-0.24137201249025342,0.5834443310111652,-0.0598288
