-6.374582424281584,-3.2833577779469696,-0.08745658803853296,-0.0148181
-6.200258222437357,-2.9347093742585146,-1.1334017991038978,-0.00979458
-6.200258222437357,-2.7603851724142867,-1.1334017991038978,-0.0126242
-6.200258222437357,-2.063088365037377,-0.610429193571215,-0.0184514
-6.025934020593129,-3.2833577779469696,-1.3077260009481257,-0.00134406
-5.851609818748901,-3.98065458532388,-0.9590775972596699,0.00902182
-5.851609818748901,-1.7144399613489218,-0.9590775972596699,-0.0162596
-5.677285616904674,-4.329302989012335,-0.610429193571215,0.00511561
-5.677285616904674,-1.540115759504694,-0.9590775972596699,-0.012872
-5.3286372132162185,-2.5860609705700597,-2.005022808325035,-0.0151198
-5.3286372132162185,-2.063088365037377,-1.8306986064808082,-0.0178962
-5.3286372132162185,-2.063088365037377,1.3071370267152878,0.0200424
-5.3286372132162185,-1.540115759504694,1.1328128248710598,0.0282038
-5.3286372132162185,-1.1914673558162399,-0.610429193571215,0.00458257
-5.3286372132162185,-1.1914673558162399,-0.08745658803853296,0.0131056
-5.3286372132162185,1.7720440755356295,-0.7847533954154429,-0.0073751
-5.3286372132162185,3.1666376902894493,-0.26178078988276,-0.00947845
-5.3286372132162185,3.689610295822132,-0.9590775972596699,-0.0148147
-5.1543130113719915,-4.677951392700789,0.2611918156499229,-0.0146873
-5.1543130113719915,-4.329302989012335,-1.3077260009481257,0.00971636
-5.1543130113719915,-3.2833577779469696,1.4814612285595157,-0.00644535
-5.1543130113719915,-0.842818952127784,-0.4361049917269879,0.0224275
-5.1543130113719915,-0.668494750283557,-0.26178078988276,0.0285358
-5.1543130113719915,1.7720440755356295,-1.8306986064808082,-0.00233299
-5.1543130113719915,3.3409618921336763,-0.08745658803853296,-0.00506553
-4.9799888095277645,-4.503627190856562,0.7841644211826049,-0.019591
-4.9799888095277645,-0.668494750283557,1.3071370267152878,0.0449176
-4.9799888095277645,0.02880205709335293,-1.3077260009481257,0.0288738
-4.9799888095277645,0.37745046078180877,-1.1334017991038978,0.0298845
-4.9799888095277645,1.2490714700029466,-1.1334017991038978,-0.000660665
-4.9799888095277645,1.2490714700029466,-0.9590775972596699,0.0012681
-4.9799888095277645,1.4233956718471736,-0.4361049917269879,0.00553099
-4.9799888095277645,1.9463682773798565,0.08686761380569497,0.0103933
-4.9799888095277645,2.6436650847567664,0.2611918156499229,0.00867566
-4.9799888095277645,4.038258699510586,-0.610429193571215,-0.0119953
-4.8056646076835365,-4.677951392700789,-0.9590775972596699,-0.000425424
-4.8056646076835365,-3.632006181635425,1.4814612285595157,-0.00839883
-4.8056646076835365,-1.365791557660467,-1.4820502027923528,-0.00210047
-4.8056646076835365,-0.49417054843932906,1.4814612285595157,0.0490804
-4.8056646076835365,0.37745046078180877,0.7841644211826049,0.0502957
-4.8056646076835365,0.7260988644702637,-1.1334017991038978,0.021093
-4.8056646076835365,0.9004230663144908,-0.26178078988276,0.0306754
-4.8056646076835365,0.9004230663144908,2.0044338340921977,0.0519067
-4.8056646076835365,1.4233956718471736,0.2611918156499229,0.0302507
-4.8056646076835365,1.5977198736914007,0.2611918156499229,0.0266549
-4.8056646076835365,1.7720440755356295,1.8301096322479697,0.0486687
-4.8056646076835365,2.4693408829125394,-2.527995413857718,0.0151174
-4.8056646076835365,2.9923134884452223,-2.527995413857718,0.0141109
-4.8056646076835365,3.3409618921336763,0.2611918156499229,0.00994058
-4.6313404058393095,-4.677951392700789,0.609840219338377,-0.0195348
-4.6313404058393095,-2.4117367687258318,-2.179347010169263,-0.0172079
-4.6313404058393095,-1.7144399613489218,-1.8306986064808082,-0.0104549
-4.6313404058393095,-0.1455221447508741,-1.6563744046365803,0.0231168
-4.6313404058393095,0.37745046078180877,1.8301096322479697,0.0533445
-4.6313404058393095,0.5517746626260358,2.0044338340921977,0.0520544
-4.6313404058393095,2.1206924792240835,1.6557854304037427,0.0473199
-4.6313404058393095,3.3409618921336763,0.4355160174941499,0.0198549
-4.457016203995082,-3.806330383479652,-2.005022808325035,-0.00841908
-4.457016203995082,-0.1455221447508741,1.4814612285595157,0.0530078
-4.457016203995082,0.20312625893758085,1.8301096322479697,0.0527597
-4.457016203995082,1.4233956718471736,2.3530822377806526,0.0460081
-4.457016203995082,2.6436650847567664,0.9584886230268328,0.0400252
-4.457016203995082,3.689610295822132,-2.527995413857718,0.00183294
-4.282692002150854,-4.677951392700789,0.609840219338377,-0.0193837
-4.282692002150854,-3.806330383479652,-2.005022808325035,-0.0110036
-4.282692002150854,-2.4117367687258318,-2.179347010169263,-0.0159702
-4.282692002150854,-1.1914673558162399,-1.6563744046365803,0.0103607
-4.282692002150854,-0.31984634659510114,-1.8306986064808082,0.0186095
-4.282692002150854,-0.1455221447508741,-1.8306986064808082,0.019099
-4.282692002150854,3.5152860939779034,-2.7023196157019456,0.00500028
-4.282692002150854,3.863934497666359,1.1328128248710598,0.045078
-4.108367800306627,-4.852275594545017,-0.4361049917269879,-0.0162669
-4.108367800306627,-2.4117367687258318,2.3530822377806526,0.0326435
-4.108367800306627,-0.668494750283557,2.3530822377806526,0.0506244
-4.108367800306627,2.2950166810683106,-2.876643817546173,0.0100531
-4.108367800306627,2.4693408829125394,1.8301096322479697,0.0501072
-4.108367800306627,2.9923134884452223,1.6557854304037427,0.0488212
-4.108367800306627,3.1666376902894493,-2.876643817546173,0.00875153
-3.9340435984623987,-4.329302989012335,0.9584886230268328,-0.0130794
-3.9340435984623987,-2.7603851724142867,-2.179347010169263,-0.0158351
-3.9340435984623987,1.4233956718471736,-2.527995413857718,-0.00441257
-3.9340435984623987,4.386907103199042,1.1328128248710598,0.0498872
-3.7597193966181717,-2.2374125668816047,-2.005022808325035,-0.00696481
-3.7597193966181717,-1.1914673558162399,-2.005022808325035,0.0155749
-3.7597193966181717,0.37745046078180877,2.3530822377806526,0.0422527
-3.7597193966181717,3.1666376902894493,2.0044338340921977,0.0522212
-3.7597193966181717,4.386907103199042,-0.08745658803853296,0.0198169
-3.5853951947739438,-2.063088365037377,2.5274064396248805,0.0338807
-3.5853951947739438,0.5517746626260358,2.5274064396248805,0.0395846
-3.5853951947739438,1.5977198736914007,-2.7023196157019456,-0.00677398
-3.5853951947739438,1.9463682773798565,2.7017306414691076,0.0432738
-3.5853951947739438,3.5152860939779034,-2.876643817546173,-0.00488248
-3.4110709929297167,-3.2833577779469696,1.6557854304037427,0.0233371
-3.4110709929297167,-1.365791557660467,-2.179347010169263,0.020579
-3.4110709929297167,-0.842818952127784,2.3530822377806526,0.0408537
-3.4110709929297167,-0.31984634659510114,2.0044338340921977,0.0410532
-3.4110709929297167,-0.1455221447508741,2.0044338340921977,0.0412096
-3.4110709929297167,1.5977198736914007,-2.7023196157019456,-0.00914851
-3.4110709929297167,3.5152860939779034,-2.876643817546173,-0.00768984
-3.4110709929297167,4.561231305043269,-0.610429193571215,0.00570558
-3.4110709929297167,4.561231305043269,0.2611918156499229,0.0347361
-3.236746791085489,-4.329302989012335,0.2611918156499229,-0.0105038
-3.236746791085489,-0.31984634659510114,2.0044338340921977,0.0369371
-3.236746791085489,2.1206924792240835,2.8760548433133346,0.0462048
-3.236746791085489,4.038258699510586,-2.527995413857718,-0.0145856
-3.236746791085489,4.735555506887496,0.9584886230268328,0.0476123
-3.062422589241261,-2.9347093742585146,-1.6563744046365803,-0.00515223
-3.062422589241261,0.7260988644702637,-1.6563744046365803,0.000357578
-3.062422589241261,4.386907103199042,-2.005022808325035,-0.0153899
-2.888098387397034,-3.457681979791197,1.4814612285595157,0.0291096
-2.888098387397034,-2.2374125668816047,-1.6563744046365803,0.0201201
-2.888098387397034,-1.7144399613489218,-2.179347010169263,0.0284961
-2.888098387397034,-1.365791557660467,-2.3536712120134906,0.030102
-2.888098387397034,1.4233956718471736,3.2247032470017905,0.0457232
-2.888098387397034,1.5977198736914007,3.2247032470017905,0.0466332
-2.888098387397034,3.1666376902894493,-2.876643817546173,-0.0130876
-2.888098387397034,4.735555506887496,0.7841644211826049,0.0432178
-2.888098387397034,4.735555506887496,0.9584886230268328,0.0457896
-2.713774185552807,-3.632006181635425,0.7841644211826049,0.0256773
-2.713774185552807,-3.457681979791197,1.4814612285595157,0.0319416
-2.713774185552807,-0.668494750283557,2.0044338340921977,0.0243579
-2.713774185552807,-0.49417054843932906,-2.3536712120134906,0.0268992
-2.713774185552807,4.212582901354815,-2.005022808325035,-0.0137617
-2.713774185552807,4.386907103199042,-0.7847533954154429,0.0120282
-2.713774185552807,4.386907103199042,-0.4361049917269879,0.0226077
-2.713774185552807,4.561231305043269,1.4814612285595157,0.0500072
-2.539449983708579,-1.7144399613489218,2.1787580359364256,0.0295934
-2.539449983708579,-1.365791557660467,-2.3536712120134906,0.0348445
-2.539449983708579,0.02880205709335293,-2.005022808325035,0.0198707
-2.539449983708579,0.20312625893758085,-1.8306986064808082,0.0161882
-2.539449983708579,0.5517746626260358,2.8760548433133346,0.040316
-2.539449983708579,1.9463682773798565,3.2247032470017905,0.050659
-2.539449983708579,3.1666376902894493,-2.7023196157019456,-0.0157942
-2.539449983708579,3.1666376902894493,2.1787580359364256,0.0544183
-2.365125781864351,-0.668494750283557,-2.3536712120134906,0.0317849
-2.365125781864351,0.5517746626260358,-1.4820502027923528,0.00538624
-2.365125781864351,1.9463682773798565,3.2247032470017905,0.0517552
-2.365125781864351,4.386907103199042,1.4814612285595157,0.0471511
-2.190801580020124,-3.457681979791197,1.1328128248710598,0.0386656
-2.190801580020124,-2.2374125668816047,-1.3077260009481257,0.0392468
-2.190801580020124,-1.540115759504694,-2.179347010169263,0.0385571
-2.190801580020124,3.5152860939779034,-2.179347010169263,-0.0117764
-2.190801580020124,3.689610295822132,-2.005022808325035,-0.00921893
-2.016477378175896,-2.4117367687258318,-0.9590775972596699,0.0429769
-2.016477378175896,-2.4117367687258318,2.0044338340921977,0.0357779
-2.016477378175896,3.3409618921336763,-2.005022808325035,-0.00733195
-2.016477378175896,3.689610295822132,-1.4820502027923528,0.0062083
-2.016477378175896,4.212582901354815,1.3071370267152878,0.0428136
-2.016477378175896,4.386907103199042,0.7841644211826049,0.0378262
-1.842153176331668,-0.49417054843932906,-2.005022808325035,0.0300029
-1.842153176331668,2.6436650847567664,-1.8306986064808082,-0.00276564
-1.842153176331668,2.8179892866009935,-1.8306986064808082,-0.00204218
-1.842153176331668,3.1666376902894493,-1.6563744046365803,0.00413804
-1.842153176331668,3.3409618921336763,-1.4820502027923528,0.0103488
-1.842153176331668,3.863934497666359,1.4814612285595157,0.0453409
-1.842153176331668,4.038258699510586,1.3071370267152878,0.0427986
-1.667828974487441,-2.7603851724142867,-0.4361049917269879,0.04066
-1.667828974487441,-1.1914673558162399,1.6557854304037427,0.0176101
-1.667828974487441,0.5517746626260358,-1.3077260009481257,0.00288493
-1.667828974487441,3.863934497666359,1.3071370267152878,0.0437995
-1.493504772643214,-2.2374125668816047,1.4814612285595157,0.0322685
-1.493504772643214,-1.8887641631931498,1.4814612285595157,0.0260138
-1.493504772643214,-0.1455221447508741,-1.4820502027923528,0.0197967
-1.493504772643214,2.9923134884452223,1.6557854304037427,0.0575163
-1.493504772643214,4.212582901354815,0.08686761380569497,0.038682
-1.319180570798986,-2.063088365037377,1.3071370267152878,0.0232325
-1.319180570798986,-0.1455221447508741,-1.4820502027923528,0.0160114
-1.319180570798986,0.9004230663144908,-1.1334017991038978,0.00120643
-1.1448563689547582,-2.4117367687258318,0.9584886230268328,0.0211434
-1.1448563689547582,-2.2374125668816047,1.1328128248710598,0.0185724
-1.1448563689547582,0.37745046078180877,2.5274064396248805,0.0173526
-1.1448563689547582,2.6436650847567664,-0.9590775972596699,0.0337445
-1.1448563689547582,3.863934497666359,0.7841644211826049,0.0449701
-0.9705321671105311,-2.4117367687258318,0.9584886230268328,0.0142181
-0.9705321671105311,2.9923134884452223,1.4814612285595157,0.0557953
-0.7962079652663032,-1.540115759504694,1.6557854304037427,0.000912949
-0.7962079652663032,-0.1455221447508741,-1.6563744046365803,0.00415722
-0.7962079652663032,1.0747472681587178,2.8760548433133346,0.0220175
-0.7962079652663032,2.1206924792240835,-0.4361049917269879,0.0272467
-0.7962079652663032,3.689610295822132,0.4355160174941499,0.0486811
-0.6218837634220762,1.5977198736914007,-0.610429193571215,0.00913783
-0.6218837634220762,2.9923134884452223,1.8301096322479697,0.0547759
-0.44755956157784915,-0.49417054843932906,2.3530822377806526,-0.00397364
-0.44755956157784915,0.02880205709335293,2.7017306414691076,-0.00152967
-0.44755956157784915,2.4693408829125394,-0.08745658803853296,0.0301909
-0.44755956157784915,2.6436650847567664,2.5274064396248805,0.0512
-0.44755956157784915,2.8179892866009935,0.08686761380569497,0.0407049
-0.27323535973362034,-2.9347093742585146,-0.26178078988276,0.024346
-0.27323535973362034,-2.2374125668816047,1.3071370267152878,-0.00467362
-0.27323535973362034,2.6436650847567664,0.2611918156499229,0.029415
-0.27323535973362034,2.8179892866009935,0.609840219338377,0.0348712
-0.09891115788939331,-2.7603851724142867,0.609840219338377,0.00467948
-0.09891115788939331,-2.5860609705700597,-1.3077260009481257,0.0349542
-0.09891115788939331,-2.5860609705700597,0.9584886230268328,-0.00142727
-0.09891115788939331,-0.842818952127784,2.0044338340921977,-0.00453986
-0.09891115788939331,2.1206924792240835,-0.26178078988276,0.00884153
0.07541304395483373,-0.1455221447508741,2.7017306414691076,-0.00813303
0.07541304395483373,0.20312625893758085,-1.4820502027923528,-0.00432403
0.07541304395483373,2.6436650847567664,0.4355160174941499,0.020346
0.24973724579906253,-2.9347093742585146,0.08686761380569497,0.0157995
0.24973724579906253,-2.063088365037377,1.4814612285595157,-0.00916585
0.42406144764328957,1.4233956718471736,-0.610429193571215,-0.00391584
0.5983856494875166,-3.1090335761027426,-0.4361049917269879,0.0282632
0.5983856494875166,-3.1090335761027426,-0.26178078988276,0.0250023
0.5983856494875166,1.7720440755356295,2.7017306414691076,0.0279361
0.5983856494875166,2.2950166810683106,2.3530822377806526,0.0382442
0.7727098513317436,-2.4117367687258318,1.3071370267152878,-0.00487321
0.7727098513317436,-1.365791557660467,1.8301096322479697,-0.00852047
0.7727098513317436,-0.842818952127784,2.1787580359364256,-0.00869253
0.7727098513317436,-0.49417054843932906,2.5274064396248805,-0.00956943
0.9470340531759724,-3.2833577779469696,-0.4361049917269879,0.0310002
0.9470340531759724,-1.8887641631931498,-1.8306986064808082,0.0223088
0.9470340531759724,0.02880205709335293,2.8760548433133346,-0.00509925
1.1213582550201995,-2.063088365037377,-1.8306986064808082,0.0263737
1.1213582550201995,-0.668494750283557,-1.8306986064808082,0.0147453
1.1213582550201995,1.5977198736914007,-0.4361049917269879,-0.00354684
1.2956824568644265,-3.2833577779469696,-0.9590775972596699,0.0397269
1.2956824568644265,-2.5860609705700597,1.1328128248710598,0.0015442
1.2956824568644265,0.37745046078180877,-1.1334017991038978,0.00822245
1.2956824568644265,1.9463682773798565,2.7017306414691076,0.0322409
1.2956824568644265,2.4693408829125394,0.7841644211826049,0.0148637
1.4700066587086553,-2.9347093742585146,-1.4820502027923528,0.0405926
1.4700066587086553,-0.668494750283557,2.5274064396248805,-0.00681343
1.4700066587086553,0.02880205709335293,2.8760548433133346,-0.000197428
1.4700066587086553,2.1206924792240835,0.08686761380569497,0.00396113
1.6443308605528824,-3.2833577779469696,-0.9590775972596699,0.0415311
1.6443308605528824,-0.668494750283557,2.5274064396248805,-0.00508144
1.6443308605528824,0.37745046078180877,-1.3077260009481257,0.0240979
1.6443308605528824,1.0747472681587178,3.0503790451575634,0.0170234
1.6443308605528824,2.2950166810683106,0.4355160174941499,0.0105368
1.8186550623971094,-3.1090335761027426,0.2611918156499229,0.0240516
1.8186550623971094,-1.1914673558162399,-1.8306986064808082,0.0362983
1.8186550623971094,0.02880205709335293,-2.179347010169263,0.0604196
1.8186550623971094,0.20312625893758085,2.8760548433133346,0.00560324
1.8186550623971094,0.5517746626260358,-1.3077260009481257,0.0276764
1.8186550623971094,1.0747472681587178,3.0503790451575634,0.0188769
1.9929792642413364,-2.4117367687258318,-1.6563744046365803,0.0369623
1.9929792642413364,1.5977198736914007,-0.26178078988276,0.00658743
1.9929792642413364,1.9463682773798565,0.08686761380569497,0.00959678
2.1673034660855652,-1.8887641631931498,-1.6563744046365803,0.0332847
2.3416276679297923,-2.2374125668816047,1.1328128248710598,0.0138503
2.3416276679297923,-1.7144399613489218,1.8301096322479697,0.00689644
2.3416276679297923,0.9004230663144908,-2.3536712120134906,0.0442086
2.5159518697740193,-1.7144399613489218,1.8301096322479697,0.00998976
2.5159518697740193,-1.540115759504694,-1.4820502027923528,0.0373221
2.5159518697740193,1.2490714700029466,2.8760548433133346,0.0293467
2.5159518697740193,2.4693408829125394,1.6557854304037427,0.0372516
2.690276071618248,-2.063088365037377,1.4814612285595157,0.0145328
2.690276071618248,-0.668494750283557,-2.876643817546173,0.0388009
2.690276071618248,0.37745046078180877,2.5274064396248805,0.0211014
2.690276071618248,1.4233956718471736,-0.9590775972596699,0.021234
2.690276071618248,1.7720440755356295,0.08686761380569497,0.023993
2.864600273462475,-1.1914673558162399,2.3530822377806526,0.0143212
2.864600273462475,-0.1455221447508741,2.5274064396248805,0.020966
2.864600273462475,0.37745046078180877,-3.0509680193904005,0.0473954
2.864600273462475,1.5977198736914007,-0.7847533954154429,0.0250548
2.864600273462475,1.9463682773798565,0.2611918156499229,0.0291285
3.038924475306702,-2.7603851724142867,0.2611918156499229,0.0327533
3.038924475306702,-1.7144399613489218,2.0044338340921977,0.0136731
3.038924475306702,-1.540115759504694,2.1787580359364256,0.014019
3.038924475306702,0.9004230663144908,2.3530822377806526,0.0290449
3.038924475306702,2.1206924792240835,0.08686761380569497,0.032997
3.213248677150929,-1.8887641631931498,-0.9590775972596699,0.0277634
3.213248677150929,0.5517746626260358,-3.225292221234628,0.0483682
3.561897080839385,-2.2374125668816047,-0.7847533954154429,0.0292744
3.561897080839385,-1.7144399613489218,2.1787580359364256,0.0142119
3.561897080839385,-1.365791557660467,2.5274064396248805,0.0189979
3.561897080839385,-1.017143153972012,-3.0509680193904005,-0.00536169
3.561897080839385,0.9004230663144908,1.8301096322479697,0.0252403
3.736221282683612,0.5517746626260358,-3.399616423078856,0.045564
3.736221282683612,1.7720440755356295,-2.876643817546173,0.0788787
3.910545484527841,-1.7144399613489218,-2.179347010169263,-0.00891955
3.910545484527841,0.02880205709335293,-3.399616423078856,0.0181447
4.084869686372068,-1.7144399613489218,-2.179347010169263,-0.00715619
4.084869686372068,1.9463682773798565,-1.4820502027923528,0.0550666
4.259193888216295,-1.7144399613489218,2.0044338340921977,0.011458
4.259193888216295,-0.1455221447508741,2.7017306414691076,0.0211865
4.259193888216295,0.20312625893758085,2.5274064396248805,0.0174937
4.259193888216295,1.0747472681587178,1.4814612285595157,0.0107307
4.433518090060522,-2.5860609705700597,0.609840219338377,0.025387
4.433518090060522,-1.7144399613489218,-0.9590775972596699,0.0257161
4.607842291904749,-1.7144399613489218,-1.1334017991038978,0.0279917
4.607842291904749,0.9004230663144908,-3.225292221234628,0.0542642
4.607842291904749,1.4233956718471736,1.3071370267152878,-0.00178867
4.782166493748978,-1.7144399613489218,1.3071370267152878,0.0112208
4.782166493748978,-1.365791557660467,1.8301096322479697,0.00824269
4.782166493748978,2.2950166810683106,0.2611918156499229,0.0219646
4.956490695593205,-1.8887641631931498,-0.9590775972596699,0.0247423
4.956490695593205,-1.8887641631931498,0.08686761380569497,0.024323
4.956490695593205,-0.49417054843932906,2.1787580359364256,-0.001564
4.956490695593205,-0.1455221447508741,2.1787580359364256,-0.0100832
4.956490695593205,1.0747472681587178,1.8301096322479697,-0.0362105
4.956490695593205,1.4233956718471736,-2.527995413857718,0.0666037
5.130814897437434,-1.1914673558162399,-2.7023196157019456,0.0484325
5.130814897437434,-1.1914673558162399,1.3071370267152878,0.0096978
5.130814897437434,0.9004230663144908,-2.7023196157019456,0.0455773
5.130814897437434,1.0747472681587178,2.0044338340921977,-0.0458196
5.305139099281661,-1.1914673558162399,-2.7023196157019456,0.0606327
5.305139099281661,0.37745046078180877,-2.7023196157019456,0.0264991
5.479463301125888,-1.7144399613489218,-2.3536712120134906,0.0627567
5.479463301125888,1.0747472681587178,-1.4820502027923528,0.0528353
5.653787502970115,-1.8887641631931498,0.08686761380569497,-0.00342158
5.653787502970115,-0.842818952127784,1.8301096322479697,-0.0299521
5.653787502970115,0.9004230663144908,-1.6563744046365803,0.0427165
5.828111704814342,-1.1914673558162399,1.3071370267152878,-0.0162013
5.828111704814342,-1.017143153972012,1.6557854304037427,-0.0294923
6.002435906658571,-0.31984634659510114,2.3530822377806526,-0.0536748
6.002435906658571,0.37745046078180877,2.5274064396248805,-0.0615725
6.176760108502798,-0.842818952127784,-2.7023196157019456,0.0378352
6.176760108502798,0.02880205709335293,-2.527995413857718,0.015751
6.176760108502798,0.20312625893758085,2.5274064396248805,-0.0621506
6.176760108502798,1.0747472681587178,-1.3077260009481257,0.0270707
6.5254085121912535,1.5977198736914007,2.0044338340921977,-0.067533
6.699732714035479,-1.7144399613489218,-2.179347010169263,-0.00571627
6.874056915879708,1.9463682773798565,0.7841644211826049,-0.0549102
6.874056915879708,1.9463682773798565,0.9584886230268328,-0.0578077
7.048381117723935,-2.063088365037377,-1.4820502027923528,-0.0378742
7.048381117723935,0.20312625893758085,-2.179347010169263,-0.0279321
7.222705319568163,-1.017143153972012,0.4355160174941499,-0.0539771
7.397029521412392,-1.540115759504694,-1.8306986064808082,-0.0405133
7.397029521412392,-0.842818952127784,0.4355160174941499,-0.0604028
7.5713537232566175,-0.668494750283557,0.609840219338377,-0.0683088
7.5713537232566175,-0.49417054843932906,1.4814612285595157,-0.0747497
7.5713537232566175,0.20312625893758085,-1.4820502027923528,-0.0466689
7.5713537232566175,0.20312625893758085,-0.610429193571215,-0.0481896
7.5713537232566175,1.2490714700029466,0.2611918156499229,-0.0590203
7.745677925100846,-1.017143153972012,-0.4361049917269879,-0.0610903
7.745677925100846,-0.31984634659510114,1.3071370267152878,-0.0771274
7.745677925100846,-0.1455221447508741,-1.4820502027923528,-0.0525383
