-10.162281536611411,1.0183681992092284,-0.07176489628081306,0.0876766
-10.162281536611411,1.360756436523494,0.4418174596905864,0.0921707
-9.99108741795428,-1.2071553433335018,1.1265939343191187,0.0965952
-9.99108741795428,-0.5223788687049691,0.6130115783477192,0.0887043
-9.99108741795428,1.1895623178663604,0.784205697004853,0.0887193
-9.819893299297146,-1.2071553433335018,1.6401762902905181,0.0983867
-9.819893299297146,1.0183681992092284,0.955399815661985,0.0862372
-9.648699180640012,-1.7207376993049008,1.1265939343191187,0.0956588
-9.47750506198288,-1.7207376993049008,0.4418174596905864,0.0842343
-9.306310943325746,-0.008796512733570516,1.9825645276047839,0.0795908
-9.135116824668614,-0.008796512733570516,-1.0989296082236106,0.0559194
-9.135116824668614,1.531950555180627,1.4689821716333844,0.0700743
-9.135116824668614,3.757474097723356,-1.0989296082236106,0.0926742
-8.96392270601148,1.1895623178663604,1.6401762902905181,0.0666061
-8.96392270601148,2.730309385780558,0.27062334103345353,0.0871754
-8.792728587354347,-2.0631259366191665,0.6130115783477192,0.0830081
-8.792728587354347,-1.3783494619906347,-0.5853472522522116,0.0605858
-8.792728587354347,-0.3511847500478371,2.3249527649190505,0.0742303
-8.792728587354347,1.8743387924948927,1.4689821716333844,0.0649309
-8.792728587354347,2.730309385780558,-1.9549002015092762,0.078711
-8.792728587354347,3.41508586040909,-0.07176489628081306,0.087149
-8.792728587354347,4.099862335037623,-0.5853472522522116,0.0883653
-8.621534468697215,0.3335917245806952,2.1537586462619167,0.0654726
-8.621534468697215,0.5047858432378289,-1.6125119641950096,0.0537644
-8.621534468697215,3.2438917417519564,0.09942922237632068,0.0842703
-8.450340350040081,-1.8919318179620337,-0.24295901493794503,0.0641349
-8.450340350040081,-1.8919318179620337,1.6401762902905181,0.0928226
-8.450340350040081,-0.008796512733570516,2.3249527649190505,0.066049
-8.27914623138295,-2.0631259366191665,-0.07176489628081306,0.0671215
-8.27914623138295,-1.8919318179620337,1.6401762902905181,0.092785
-8.27914623138295,-1.7207376993049008,-0.5853472522522116,0.0577611
-8.27914623138295,2.0455329111520264,1.4689821716333844,0.0596895
-8.107952112725815,-2.0631259366191665,1.4689821716333844,0.0942089
-8.107952112725815,-0.5223788687049691,-1.2701237268807435,0.0519224
-8.107952112725815,-0.17999063139070337,-1.4413178455378768,0.0513365
-8.107952112725815,0.16239760592356234,2.3249527649190505,0.0612057
-8.107952112725815,4.442250572351887,-1.6125119641950096,0.0785743
-7.936757994068682,-1.0359612246763685,-1.0989296082236106,0.0529551
-7.936757994068682,-0.17999063139070337,-1.4413178455378768,0.0526081
-7.936757994068682,3.757474097723356,0.27062334103345353,0.0745081
-7.76556387541155,1.0183681992092284,1.9825645276047839,0.0531687
-7.76556387541155,2.559115267123425,0.955399815661985,0.0668378
-7.76556387541155,2.9015035044376907,0.6130115783477192,0.0750784
-7.76556387541155,4.613444691009021,-1.0989296082236106,0.0757747
-7.76556387541155,4.613444691009021,-0.9277354895664778,0.0755037
-7.594369756754416,-2.405514173933433,-0.24295901493794503,0.0668304
-7.594369756754416,-1.2071553433335018,-1.0989296082236106,0.0538917
-7.594369756754416,1.360756436523494,1.811370408947651,0.0526877
-7.594369756754416,4.099862335037623,-2.297288438823542,0.0745504
-7.423175638097283,1.0183681992092284,-2.126094320166409,0.0667078
-7.423175638097283,3.2438917417519564,0.6130115783477192,0.0753001
-7.25198151944015,-3.090290648561965,0.784205697004853,0.0972295
-7.25198151944015,-2.919096529904832,1.6401762902905181,0.104962
-7.25198151944015,-0.3511847500478371,-1.2701237268807435,0.0635759
-7.25198151944015,0.6759799618949609,1.9825645276047839,0.0551124
-7.080787400783017,-2.7479024112476993,-0.07176489628081306,0.076997
-7.080787400783017,-1.8919318179620337,2.3249527649190505,0.0854393
-7.080787400783017,-0.5223788687049691,-1.2701237268807435,0.0641122
-7.080787400783017,2.9015035044376907,0.784205697004853,0.0747194
-6.909593282125884,-3.090290648561965,0.4418174596905864,0.0934319
-6.909593282125884,-0.17999063139070337,2.3249527649190505,0.0571314
-6.909593282125884,4.784638809666155,-0.7565413709093445,0.0796269
-6.909593282125884,4.784638809666155,-0.5853472522522116,0.0805221
-6.738399163468752,0.16239760592356234,-1.9549002015092762,0.0599885
-6.738399163468752,1.0183681992092284,1.4689821716333844,0.0626165
-6.738399163468752,1.7031446738377598,-2.639676676137808,0.0854975
-6.567205044811618,-2.0631259366191665,2.3249527649190505,0.0917416
-6.567205044811618,-0.3511847500478371,2.3249527649190505,0.0605396
-6.396010926154485,1.360756436523494,-2.297288438823542,0.0815357
-6.396010926154485,1.7031446738377598,1.2977880529762524,0.0616624
-6.396010926154485,2.730309385780558,0.784205697004853,0.0776829
-6.224816807497352,-3.090290648561965,1.2977880529762524,0.110499
-6.224816807497352,-1.5495435806477675,2.3249527649190505,0.0816097
-6.224816807497352,-1.2071553433335018,-1.4413178455378768,0.0720126
-6.224816807497352,-0.5223788687049691,-1.7837060828521425,0.0669507
-6.224816807497352,0.16239760592356234,-2.126094320166409,0.0654344
-6.053622688840219,-2.576708292590566,-0.07176489628081306,0.0836505
-6.053622688840219,-2.0631259366191665,-0.7565413709093445,0.0761865
-6.053622688840219,0.8471740805520946,1.4689821716333844,0.0667639
-6.053622688840219,1.531950555180627,1.2977880529762524,0.0630232
-6.053622688840219,2.9015035044376907,0.6130115783477192,0.0845272
-5.882428570183086,-2.2343200552763003,1.9825645276047839,0.101466
-5.882428570183086,-0.5223788687049691,2.1537586462619167,0.0713327
-5.711234451525954,-2.2343200552763003,1.811370408947651,0.102654
-5.711234451525954,3.757474097723356,0.4418174596905864,0.0992445
-5.54004033286882,-2.0631259366191665,-0.9277354895664778,0.0739738
-5.54004033286882,-0.8647671060192357,1.9825645276047839,0.0823685
-5.54004033286882,1.8743387924948927,-2.126094320166409,0.100136
-5.54004033286882,2.2167270298091584,0.784205697004853,0.0751993
-5.54004033286882,3.0726976230948244,0.27062334103345353,0.094875
-5.54004033286882,4.442250572351887,-0.7565413709093445,0.0964764
-5.368846214211686,-2.576708292590566,0.784205697004853,0.0891383
-5.368846214211686,-0.8647671060192357,-1.6125119641950096,0.0948099
-5.368846214211686,1.7031446738377598,1.1265939343191187,0.0711715
-5.368846214211686,2.730309385780558,-2.126094320166409,0.0980068
-5.368846214211686,3.2438917417519564,0.09942922237632068,0.0989634
-5.197652095554554,-0.8647671060192357,1.811370408947651,0.0883271
-5.197652095554554,-0.5223788687049691,1.811370408947651,0.0875084
-5.197652095554554,2.730309385780558,-1.4413178455378768,0.101899
-5.197652095554554,3.2438917417519564,-1.2701237268807435,0.0941187
-5.197652095554554,3.586279979066224,-0.24295901493794503,0.102207
-5.0264579768974205,-2.576708292590566,0.955399815661985,0.0876629
-5.0264579768974205,-2.2343200552763003,-1.0989296082236106,0.072196
-5.0264579768974205,1.0183681992092284,1.2977880529762524,0.0809273
-5.0264579768974205,2.0455329111520264,-1.9549002015092762,0.111092
-4.855263858240288,-0.008796512733570516,-1.9549002015092762,0.108455
-4.855263858240288,2.559115267123425,-0.41415313359507877,0.10639
-4.684069739583155,0.6759799618949609,-2.126094320166409,0.111389
-4.684069739583155,1.360756436523494,0.955399815661985,0.0904679
-4.684069739583155,1.8743387924948927,0.6130115783477192,0.0915204
-4.684069739583155,2.559115267123425,-0.7565413709093445,0.11363
-4.512875620926022,-0.8647671060192357,1.811370408947651,0.0923419
-4.512875620926022,1.1895623178663604,-2.126094320166409,0.119093
-4.341681502268888,2.387921148466292,-1.0989296082236106,0.124528
-4.341681502268888,2.387921148466292,-0.5853472522522116,0.119626
-4.170487383611756,1.0183681992092284,-1.9549002015092762,0.130685
-3.9992932649546225,-1.8919318179620337,-1.4413178455378768,0.124372
-3.9992932649546225,0.5047858432378289,-2.126094320166409,0.136462
-3.9992932649546225,1.360756436523494,-1.7837060828521425,0.136223
-3.9992932649546225,1.531950555180627,0.27062334103345353,0.122899
-3.6569050276403567,-2.576708292590566,2.3249527649190505,0.193249
-3.6569050276403567,-1.7207376993049008,-1.7837060828521425,0.139369
-3.6569050276403567,1.531950555180627,-1.0989296082236106,0.144518
-3.485710908983224,1.531950555180627,-0.07176489628081306,0.14324
-3.31451679032609,-3.432678885876231,-0.5853472522522116,0.136029
-3.31451679032609,-3.2614847672190983,-0.07176489628081306,0.136448
-3.31451679032609,-3.2614847672190983,0.6130115783477192,0.139314
-3.143322671668958,-0.17999063139070337,1.4689821716333844,0.140472
-3.143322671668958,1.1895623178663604,-0.9277354895664778,0.150324
-2.9721285530118244,-3.603873004533364,-0.41415313359507877,0.137592
-2.9721285530118244,-3.603873004533364,1.1265939343191187,0.118337
-2.9721285530118244,-3.603873004533364,1.2977880529762524,0.11992
-2.9721285530118244,-3.2614847672190983,-1.6125119641950096,0.145134
-2.9721285530118244,-1.0359612246763685,2.3249527649190505,0.121979
-2.9721285530118244,-0.008796512733570516,1.4689821716333844,0.146821
-2.9721285530118244,1.360756436523494,0.784205697004853,0.158425
-2.9721285530118244,1.531950555180627,0.27062334103345353,0.157452
-2.8009344343546907,-1.8919318179620337,-1.9549002015092762,0.155026
-2.8009344343546907,-1.3783494619906347,-2.126094320166409,0.15599
-2.8009344343546907,-0.6935729873621028,-2.4684825574806752,0.154699
-2.6297403156975587,1.0183681992092284,-0.9277354895664778,0.161294
-2.4585461970404268,-3.603873004533364,0.4418174596905864,0.110788
-2.4585461970404268,-0.17999063139070337,1.4689821716333844,0.158385
-2.2873520783832912,-3.432678885876231,2.1537586462619167,0.095256
-2.2873520783832912,-1.7207376993049008,-1.9549002015092762,0.167005
-2.2873520783832912,-1.3783494619906347,-1.9549002015092762,0.171293
-2.2873520783832912,-0.6935729873621028,-2.126094320166409,0.168645
-2.2873520783832912,-0.3511847500478371,-2.126094320166409,0.167803
-2.1161579597261593,-1.3783494619906347,-1.9549002015092762,0.174595
-2.1161579597261593,-0.17999063139070337,-1.9549002015092762,0.17338
-1.9449638410690273,-3.7750671231904973,1.1265939343191187,0.0811332
-1.9449638410690273,-0.17999063139070337,1.6401762902905181,0.185783
-1.9449638410690273,1.0183681992092284,0.6130115783477192,0.217549
-1.7737697224118936,-3.603873004533364,1.811370408947651,0.0758551
-1.7737697224118936,0.3335917245806952,-1.2701237268807435,0.188397
-1.7737697224118936,0.3335917245806952,1.4689821716333844,0.208855
-1.7737697224118936,0.6759799618949609,-0.41415313359507877,0.211309
-1.7737697224118936,0.8471740805520946,1.1265939343191187,0.222942
-1.7737697224118936,1.0183681992092284,0.09942922237632068,0.225234
-1.6025756037547598,-3.432678885876231,-0.7565413709093445,0.14971
-1.6025756037547598,-3.432678885876231,-0.5853472522522116,0.147826
-1.6025756037547598,-0.6935729873621028,2.3249527649190505,0.179357
-1.6025756037547598,0.6759799618949609,-0.41415313359507877,0.220417
-1.6025756037547598,0.6759799618949609,1.4689821716333844,0.218752
-1.6025756037547598,0.8471740805520946,-0.24295901493794503,0.22676
-1.4313814850976279,-3.603873004533364,1.1265939343191187,0.0803134
-1.4313814850976279,-3.603873004533364,1.2977880529762524,0.077187
-1.4313814850976279,-3.2614847672190983,0.09942922237632068,0.133932
-1.2601873664404941,-3.432678885876231,0.784205697004853,0.0950301
-1.2601873664404941,0.8471740805520946,1.6401762902905181,0.222426
-0.9177991291262284,-2.576708292590566,2.1537586462619167,0.100237
-0.7466050104690947,-2.919096529904832,0.955399815661985,0.117661
-0.7466050104690947,-2.405514173933433,1.9825645276047839,0.117378
-0.5754108918119627,-3.090290648561965,0.09942922237632068,0.15589
-0.5754108918119627,-1.5495435806477675,-2.297288438823542,0.167723
-0.40421677315482896,-2.2343200552763003,1.1265939343191187,0.170488
-0.40421677315482896,-1.0359612246763685,-2.4684825574806752,0.171645
-0.23302265449769521,-2.2343200552763003,0.955399815661985,0.18015
-0.23302265449769521,-1.5495435806477675,2.1537586462619167,0.209449
-0.23302265449769521,0.5047858432378289,-1.4413178455378768,0.185832
-0.23302265449769521,0.8471740805520946,-0.7565413709093445,0.203771
0.10936558281656872,-2.919096529904832,0.27062334103345353,0.167562
0.10936558281656872,-2.2343200552763003,-1.7837060828521425,0.164545
0.10936558281656872,1.7031446738377598,-0.07176489628081306,0.192381
0.28055970147370424,-2.2343200552763003,0.784205697004853,0.185952
0.28055970147370424,1.1895623178663604,-1.4413178455378768,0.156734
0.4517538201308362,-2.2343200552763003,0.784205697004853,0.18486
0.6229479387879682,-2.2343200552763003,0.955399815661985,0.180938
0.6229479387879682,-0.5223788687049691,2.4961468835761824,0.18227
0.6229479387879682,1.360756436523494,1.4689821716333844,0.185511
0.6229479387879682,2.387921148466292,-0.7565413709093445,0.156421
0.7941420574451037,2.0455329111520264,0.4418174596905864,0.166493
0.9653361761022357,-2.405514173933433,0.6130115783477192,0.175963
0.9653361761022357,-2.405514173933433,0.784205697004853,0.174586
0.9653361761022357,-1.3783494619906347,-1.4413178455378768,0.166661
0.9653361761022357,-1.3783494619906347,2.1537586462619167,0.168786
0.9653361761022357,0.8471740805520946,-2.126094320166409,0.138008
1.1365302947593676,-2.405514173933433,1.1265939343191187,0.169374
1.1365302947593676,-0.5223788687049691,2.667341002233316,0.162229
1.1365302947593676,1.531950555180627,1.2977880529762524,0.167549
1.3077244134165014,-1.0359612246763685,-2.126094320166409,0.155613
1.3077244134165014,-0.5223788687049691,-2.4684825574806752,0.150712
1.3077244134165014,2.559115267123425,-0.07176489628081306,0.149056
1.478918532073635,-0.5223788687049691,2.667341002233316,0.154621
1.478918532073635,1.8743387924948927,0.784205697004853,0.152605
1.478918532073635,2.387921148466292,-1.2701237268807435,0.136934
1.478918532073635,2.559115267123425,-0.9277354895664778,0.140503
1.650112650730767,1.1895623178663604,2.3249527649190505,0.160462
1.650112650730767,1.7031446738377598,0.955399815661985,0.151514
1.650112650730767,2.2167270298091584,-1.4413178455378768,0.131439
1.8213067693879008,-1.3783494619906347,-1.4413178455378768,0.150441
1.8213067693879008,2.0455329111520264,0.784205697004853,0.143147
1.9925008880450328,-2.2343200552763003,0.27062334103345353,0.160883
1.9925008880450328,0.3335917245806952,2.667341002233316,0.153379
1.9925008880450328,1.7031446738377598,1.1265939343191187,0.141114
1.9925008880450328,2.730309385780558,0.09942922237632068,0.135095
2.1636950067021665,-1.7207376993049008,-0.24295901493794503,0.153592
2.1636950067021665,-0.8647671060192357,2.1537586462619167,0.141048
2.1636950067021665,-0.17999063139070337,2.4961468835761824,0.14575
2.1636950067021665,2.9015035044376907,-0.07176489628081306,0.129144
2.3348891253593003,-1.7207376993049008,1.6401762902905181,0.146423
2.3348891253593003,-1.5495435806477675,-1.0989296082236106,0.142628
2.3348891253593003,-0.3511847500478371,-2.297288438823542,0.129832
2.3348891253593003,-0.17999063139070337,2.3249527649190505,0.141772
2.5060832440164322,1.0183681992092284,-1.9549002015092762,0.11218
2.5060832440164322,2.559115267123425,1.6401762902905181,0.12048
2.5060832440164322,3.41508586040909,0.09942922237632068,0.122899
2.677277362673564,-1.8919318179620337,-0.24295901493794503,0.133012
2.677277362673564,-1.7207376993049008,0.955399815661985,0.140022
2.677277362673564,-0.17999063139070337,-2.126094320166409,0.117945
2.8484714813306997,-2.0631259366191665,-0.24295901493794503,0.126143
2.8484714813306997,0.8471740805520946,1.811370408947651,0.109496
2.8484714813306997,1.0183681992092284,-1.9549002015092762,0.0998721
2.8484714813306997,1.7031446738377598,-1.6125119641950096,0.0961264
2.8484714813306997,3.41508586040909,-0.24295901493794503,0.111295
3.0196655999878317,-2.405514173933433,-0.7565413709093445,0.125419
3.0196655999878317,-2.2343200552763003,-1.6125119641950096,0.12849
3.0196655999878317,-1.3783494619906347,-2.126094320166409,0.117922
3.0196655999878317,-0.6935729873621028,-2.126094320166409,0.109383
3.0196655999878317,-0.6935729873621028,1.2977880529762524,0.113217
3.0196655999878317,0.6759799618949609,1.811370408947651,0.102158
3.1908597186449636,-2.0631259366191665,0.09942922237632068,0.110707
3.1908597186449636,-1.7207376993049008,-2.126094320166409,0.118471
3.1908597186449636,0.3335917245806952,-2.126094320166409,0.0922437
3.1908597186449636,2.2167270298091584,1.9825645276047839,0.0987363
3.1908597186449636,3.2438917417519564,-0.5853472522522116,0.0968416
3.362053837302099,-1.0359612246763685,-2.297288438823542,0.102552
3.362053837302099,1.0183681992092284,1.9825645276047839,0.0876483
3.362053837302099,1.8743387924948927,-1.6125119641950096,0.0789033
3.533247955959231,-1.3783494619906347,0.955399815661985,0.0915002
3.533247955959231,1.531950555180627,-1.7837060828521425,0.0759691
3.533247955959231,2.2167270298091584,-1.4413178455378768,0.0758652
3.704442074616363,-0.6935729873621028,1.2977880529762524,0.0839002
3.704442074616363,-0.008796512733570516,-2.297288438823542,0.0805195
3.704442074616363,1.8743387924948927,-1.6125119641950096,0.0720065
3.875636193273497,-2.2343200552763003,0.09942922237632068,0.0899883
3.875636193273497,-1.5495435806477675,-2.297288438823542,0.0992647
3.875636193273497,-0.6935729873621028,1.2977880529762524,0.0802239
3.875636193273497,1.360756436523494,2.1537586462619167,0.0773568
3.875636193273497,1.8743387924948927,2.1537586462619167,0.0822696
3.875636193273497,2.2167270298091584,-1.4413178455378768,0.0705074
4.046830311930631,-2.405514173933433,-0.24295901493794503,0.0896503
4.046830311930631,-1.7207376993049008,0.784205697004853,0.0794445
4.046830311930631,2.730309385780558,1.811370408947651,0.0987061
4.2180244305877626,-2.0631259366191665,-1.9549002015092762,0.0964895
4.389218549244896,-1.5495435806477675,0.955399815661985,0.0730909
4.389218549244896,-0.6935729873621028,1.2977880529762524,0.0745675
4.389218549244896,0.16239760592356234,1.4689821716333844,0.0784346
4.389218549244896,2.2167270298091584,2.1537586462619167,0.0840202
4.389218549244896,2.730309385780558,-1.0989296082236106,0.0684853
4.560412667902028,-2.405514173933433,-1.2701237268807435,0.0739071
4.560412667902028,-1.5495435806477675,0.955399815661985,0.0716335
4.560412667902028,-0.8647671060192357,-2.297288438823542,0.0783494
4.560412667902028,0.6759799618949609,-1.9549002015092762,0.0678765
4.560412667902028,2.387921148466292,-1.2701237268807435,0.0651112
4.731606786559162,1.1895623178663604,-1.4413178455378768,0.0744179
4.902800905216296,3.586279979066224,1.2977880529762524,0.111503
5.0739950238734295,-1.0359612246763685,1.2977880529762524,0.0713963
5.0739950238734295,1.360756436523494,2.3249527649190505,0.0733834
5.24518914253056,-2.919096529904832,-0.24295901493794503,0.0314355
5.24518914253056,1.360756436523494,2.3249527649190505,0.0748556
5.24518914253056,2.559115267123425,-1.0989296082236106,0.0654361
5.24518914253056,3.757474097723356,0.6130115783477192,0.105005
5.587577379844827,2.387921148466292,2.3249527649190505,0.0944116
5.587577379844827,3.586279979066224,0.09942922237632068,0.094333
5.758771498501961,-2.919096529904832,-1.6125119641950096,0.040584
5.758771498501961,1.8743387924948927,2.3249527649190505,0.0886378
5.758771498501961,2.2167270298091584,2.3249527649190505,0.0938852
5.929965617159095,0.3335917245806952,-1.9549002015092762,0.0824982
5.929965617159095,1.8743387924948927,-1.2701237268807435,0.0700352
5.929965617159095,3.2438917417519564,1.9825645276047839,0.113892
6.101159735816225,-2.405514173933433,0.784205697004853,0.0278541
6.101159735816225,-1.2071553433335018,-2.639676676137808,0.0804384
6.101159735816225,0.5047858432378289,1.9825645276047839,0.0822423
6.101159735816225,1.8743387924948927,2.3249527649190505,0.0963243
6.101159735816225,2.387921148466292,-0.9277354895664778,0.0741383
6.272353854473359,-2.405514173933433,0.784205697004853,0.0264513
6.272353854473359,-1.3783494619906347,-2.810870794794941,0.0790395
6.272353854473359,0.3335917245806952,-1.9549002015092762,0.0884275
6.272353854473359,2.9015035044376907,-0.41415313359507877,0.0860412
6.272353854473359,3.0726976230948244,-0.24295901493794503,0.0899724
6.272353854473359,3.586279979066224,1.2977880529762524,0.116791
6.443547973130492,-2.919096529904832,-2.297288438823542,0.0774006
6.443547973130492,-0.3511847500478371,-2.9820649134520743,0.0903202
6.443547973130492,2.0455329111520264,2.667341002233316,0.103337
6.6147420917876225,-2.7479024112476993,0.4418174596905864,0.0254557
6.6147420917876225,-2.576708292590566,-2.810870794794941,0.0797708
6.6147420917876225,-1.8919318179620337,-2.9820649134520743,0.0763795
6.6147420917876225,0.3335917245806952,1.9825645276047839,0.0760567
6.6147420917876225,0.5047858432378289,-1.7837060828521425,0.0890762
6.6147420917876225,1.360756436523494,2.667341002233316,0.0989178
6.6147420917876225,1.7031446738377598,2.838535120890449,0.102132
6.6147420917876225,3.41508586040909,0.4418174596905864,0.106515
6.78593621044476,-0.8647671060192357,1.1265939343191187,0.0544068
6.78593621044476,1.0183681992092284,2.4961468835761824,0.0951361
6.78593621044476,2.0455329111520264,3.009729239547582,0.104527
6.9571303291018936,-3.432678885876231,-2.126094320166409,0.0855132
6.9571303291018936,-1.8919318179620337,-3.153259032109207,0.0767744
6.9571303291018936,1.0183681992092284,-1.2701237268807435,0.0792341
6.9571303291018936,1.8743387924948927,-0.7565413709093445,0.0899321
6.9571303291018936,2.9015035044376907,-0.41415313359507877,0.0995191
7.128324447759024,-3.090290648561965,-0.7565413709093445,0.0648783
7.128324447759024,-1.2071553433335018,-3.32445315076634,0.0805468
7.128324447759024,-0.008796512733570516,-3.153259032109207,0.0937751
7.128324447759024,0.6759799618949609,2.3249527649190505,0.0860619
7.2995185664161575,-3.432678885876231,-2.4684825574806752,0.0900764
7.2995185664161575,0.8471740805520946,-1.2701237268807435,0.0705998
7.2995185664161575,1.531950555180627,3.1809233582047147,0.0988958
7.2995185664161575,3.586279979066224,-0.07176489628081306,0.104564
7.470712685073291,-2.576708292590566,-3.153259032109207,0.0850827
7.470712685073291,-0.008796512733570516,-3.153259032109207,0.0930534
7.470712685073291,2.387921148466292,3.1809233582047147,0.102415
7.641906803730421,-1.0359612246763685,-3.32445315076634,0.0829305
7.641906803730421,-0.3511847500478371,1.811370408947651,0.0435632
7.641906803730421,0.3335917245806952,2.1537586462619167,0.0714227
7.641906803730421,1.1895623178663604,-1.0989296082236106,0.0628044
7.641906803730421,2.387921148466292,3.1809233582047147,0.101041
7.813100922387559,-2.919096529904832,-0.5853472522522116,0.0689413
7.813100922387559,2.2167270298091584,-0.7565413709093445,0.09123
7.813100922387559,3.2438917417519564,-0.5853472522522116,0.100937
7.813100922387559,3.2438917417519564,2.1537586462619167,0.0979066
7.984295041044689,-1.2071553433335018,-3.153259032109207,0.0825608
7.984295041044689,-0.8647671060192357,0.955399815661985,0.0373873
7.984295041044689,0.16239760592356234,1.9825645276047839,0.0652571
7.984295041044689,2.2167270298091584,-0.7565413709093445,0.0898741
8.155489159701823,-3.2614847672190983,-1.2701237268807435,0.0766566
8.155489159701823,-2.919096529904832,-2.810870794794941,0.0891531
8.155489159701823,-2.2343200552763003,0.09942922237632068,0.0687718
8.155489159701823,-0.6935729873621028,1.1265939343191187,0.0378989
8.155489159701823,1.360756436523494,3.009729239547582,0.0888457
8.155489159701823,3.0726976230948244,2.3249527649190505,0.0977674
8.155489159701823,3.41508586040909,-0.41415313359507877,0.10017
8.326683278358956,-0.008796512733570516,-2.4684825574806752,0.0850587
8.326683278358956,0.16239760592356234,1.811370408947651,0.0689868
8.326683278358956,0.3335917245806952,1.9825645276047839,0.0764955
8.326683278358956,0.6759799618949609,-0.9277354895664778,0.0518935
8.326683278358956,1.1895623178663604,2.838535120890449,0.0851846
8.497877397016087,-3.090290648561965,-2.126094320166409,0.085434
8.497877397016087,-0.17999063139070337,-2.297288438823542,0.0826217
8.497877397016087,-0.008796512733570516,-1.6125119641950096,0.0734921
8.497877397016087,3.2438917417519564,1.6401762902905181,0.100484
8.66907151567322,-2.405514173933433,-2.4684825574806752,0.0842861
8.66907151567322,-0.17999063139070337,-1.6125119641950096,0.0753213
8.840265634330358,-2.2343200552763003,-2.126094320166409,0.0823736
8.840265634330358,-1.0359612246763685,-2.126094320166409,0.0869792
8.840265634330358,1.0183681992092284,2.4961468835761824,0.0835082
8.840265634330358,1.531950555180627,2.667341002233316,0.0855334
9.011459752987488,-2.2343200552763003,-1.4413178455378768,0.0766554
9.011459752987488,-0.3511847500478371,-1.0989296082236106,0.0777805
9.011459752987488,-0.3511847500478371,-0.5853472522522116,0.077643
9.011459752987488,2.559115267123425,-0.24295901493794503,0.0857681
9.011459752987488,2.9015035044376907,-0.07176489628081306,0.0885482
9.011459752987488,3.0726976230948244,0.09942922237632068,0.0900304
9.011459752987488,3.0726976230948244,1.2977880529762524,0.097206
9.182653871644622,-2.0631259366191665,-0.7565413709093445,0.078244
9.182653871644622,-1.3783494619906347,-0.07176489628081306,0.0849197
9.182653871644622,-0.5223788687049691,-0.9277354895664778,0.0811208
9.182653871644622,-0.5223788687049691,-0.7565413709093445,0.0816687
9.182653871644622,1.531950555180627,2.4961468835761824,0.0877892
9.182653871644622,2.2167270298091584,2.3249527649190505,0.0923376
9.182653871644622,2.9015035044376907,0.27062334103345353,0.0879213
9.353847990301755,-1.7207376993049008,-0.9277354895664778,0.0814006
9.353847990301755,-1.7207376993049008,-0.7565413709093445,0.0820628
9.353847990301755,-1.3783494619906347,-1.2701237268807435,0.0821899
9.353847990301755,-1.2071553433335018,-1.2701237268807435,0.0825699
9.353847990301755,-0.8647671060192357,-0.9277354895664778,0.08401
9.353847990301755,1.360756436523494,-0.07176489628081306,0.085695
9.69623622761602,2.559115267123425,1.1265939343191187,0.0939789
9.867430346273153,0.8471740805520946,1.6401762902905181,0.0981007
10.038624464930287,1.1895623178663604,1.6401762902905181,0.100247
10.038624464930287,1.7031446738377598,0.6130115783477192,0.0964658
10.038624464930287,1.8743387924948927,1.6401762902905181,0.0992995
