-4.47668995424526,-2.078369944458665,0.4942700337544901,-0.0601277
-4.342550411244918,-0.7369745144552438,0.4942700337544901,-0.0394682
-4.2084108682445756,-2.346649030459349,-0.17642768124721986,-0.0577493
-4.2084108682445756,-0.8711140574555856,1.2991072917565436,-0.0458508
-4.2084108682445756,-0.7369745144552438,-0.04228813824687805,-0.0348232
-4.2084108682445756,-0.602834971454902,0.8966886627555173,-0.0353379
-4.2084108682445756,0.7385604585485197,0.09185140475346465,0.085559
-4.2084108682445756,1.0068395445492042,1.030828205755859,0.102945
-4.074271325244234,0.604420915548177,-0.04228813824687805,0.0734725
-4.074271325244234,1.6775372595509142,-0.44470676724790437,0.0751347
-3.940131782243892,-2.8832072024607176,0.8966886627555173,-0.0635012
-3.940131782243892,-1.2735326864566123,-0.7129858532485884,-0.0381645
-3.940131782243892,0.604420915548177,-0.31056722424756167,0.0603726
-3.8059922392435497,-2.4807885734596917,-0.5788463102482462,-0.0523901
-3.8059922392435497,-1.0052536004559283,-0.7129858532485884,-0.0296557
-3.8059922392435497,-0.20041634245387563,0.8966886627555173,-0.00343665
-3.6718526962432074,-2.346649030459349,1.8356654637579126,-0.0587428
-3.6718526962432074,-0.8711140574555856,1.8356654637579126,-0.0414666
-3.6718526962432074,-0.06627679945353382,0.09185140475346465,0.0217098
-3.6718526962432074,1.140979087549546,-0.9812649392492729,0.0340924
-3.6718526962432074,1.140979087549546,1.567386377757228,0.0777245
-3.6718526962432074,1.9458163455515987,-0.8471253962489307,0.0464369
-3.537713153242865,-3.151486288461402,0.09185140475346465,-0.0585913
-3.537713153242865,-2.4807885734596917,1.8356654637579126,-0.0587049
-3.537713153242865,-1.4076722294569546,-0.9812649392492729,-0.028614
-3.537713153242865,-1.0052536004559283,1.9698050067582544,-0.0425951
-3.537713153242865,-0.06627679945353382,-0.17642768124721986,0.0242777
-3.537713153242865,2.6165140605533095,-0.04228813824687805,0.0805863
-3.537713153242865,2.6165140605533095,0.4942700337544901,0.0895914
-3.4035736102425234,-2.8832072024607176,1.567386377757228,-0.0602377
-3.4035736102425234,-2.749067659460376,1.70152592075757,-0.0594588
-3.4035736102425234,-1.2735326864566123,2.1039445497585962,-0.0452158
-3.4035736102425234,-1.13939314345627,-0.9812649392492729,-0.0181377
-3.4035736102425234,2.214095431552283,-0.9812649392492729,0.0400944
-3.269434067242181,-3.151486288461402,-0.17642768124721986,-0.0521106
-3.269434067242181,-1.13939314345627,2.1039445497585962,-0.0409061
-3.269434067242181,-0.20041634245387563,1.4332468347568854,-0.00113179
-3.269434067242181,0.06786274354680977,-0.7129858532485884,0.0261055
-3.269434067242181,0.604420915548177,-1.1154044822496147,0.0203973
-3.269434067242181,1.811676802551256,1.70152592075757,0.0575645
-3.269434067242181,2.214095431552283,-1.1154044822496147,0.0347951
-3.269434067242181,2.884793146553993,-0.5788463102482462,0.0595413
-3.269434067242181,3.018932689554336,-0.44470676724790437,0.06344
-3.269434067242181,3.287211775555021,-0.17642768124721986,0.0676768
-3.269434067242181,3.287211775555021,-0.04228813824687805,0.0698631
-3.1352945242418393,-3.01734674546106,-0.44470676724790437,-0.0458188
-3.1352945242418393,-2.212509487459007,2.1039445497585962,-0.0518871
-3.1352945242418393,-1.8100908584579805,-1.1154044822496147,-0.0220014
-3.1352945242418393,0.06786274354680977,1.2991072917565436,0.0271436
-3.1352945242418393,0.20200228654715158,-0.9812649392492729,0.0216208
-3.0011549812414966,-1.9442304014583227,-1.1154044822496147,-0.0197388
-3.0011549812414966,0.20200228654715158,-1.1154044822496147,0.0188539
-3.0011549812414966,0.8727000015488615,-1.3836835682502988,0.0143477
-3.0011549812414966,2.0799558885519405,1.70152592075757,0.0458638
-3.0011549812414966,3.1530722325546785,-0.9812649392492729,0.0481589
-2.867015438241155,-3.01734674546106,1.567386377757228,-0.0532654
-2.867015438241155,-2.749067659460376,1.8356654637579126,-0.0520927
-2.867015438241155,-2.6149281164600335,-0.8471253962489307,-0.0294975
-2.867015438241155,-0.7369745144552438,1.9698050067582544,-0.0212018
-2.867015438241155,-0.20041634245387563,-1.1154044822496147,0.0187714
-2.867015438241155,2.348234974552625,-1.3836835682502988,0.0295679
-2.867015438241155,3.555490861555705,-0.9812649392492729,0.0509437
-2.7328758952408125,-2.6149281164600335,-0.8471253962489307,-0.024067
-2.7328758952408125,-0.7369745144552438,1.9698050067582544,-0.0167404
-2.7328758952408125,1.140979087549546,-1.517823111250641,0.0135722
-2.7328758952408125,2.7506536035536513,-1.3836835682502988,0.0345306
-2.7328758952408125,3.421351318555362,1.030828205755859,0.058939
-2.7328758952408125,3.957909490556731,-0.8471253962489307,0.0576765
-2.5987363522404703,-2.212509487459007,2.1039445497585962,-0.0418619
-2.5987363522404703,2.7506536035536513,1.4332468347568854,0.0460276
-2.464596809240128,-3.2856258314617444,0.09185140475346465,-0.0236574
-2.464596809240128,0.604420915548177,-1.517823111250641,0.0133756
-2.464596809240128,1.2751186305498887,1.9698050067582544,0.0199985
-2.464596809240128,1.5433977165505723,1.9698050067582544,0.0209558
-2.464596809240128,3.555490861555705,1.164967748756201,0.0527885
-2.464596809240128,3.8237699475563884,1.030828205755859,0.0568732
-2.464596809240128,4.360328119557756,-0.5788463102482462,0.064009
-2.330457266239786,-3.01734674546106,1.4332468347568854,-0.0367437
-2.330457266239786,-2.749067659460376,-0.7129858532485884,-0.00529475
-2.330457266239786,-1.9442304014583227,2.1039445497585962,-0.0305444
-2.330457266239786,-0.8711140574555856,-1.3836835682502988,0.0241176
-2.330457266239786,-0.06627679945353382,1.70152592075757,0.0199683
-2.330457266239786,2.4823745175529677,-1.6519626542509833,0.0257342
-2.330457266239786,3.6896304045560457,1.164967748756201,0.0516515
-2.1963177232394444,-3.2856258314617444,0.4942700337544901,-0.00964484
-2.1963177232394444,-1.2735326864566123,-1.3836835682502988,0.0255568
-2.1963177232394444,-0.46869542845455925,-1.517823111250641,0.0176704
-2.1963177232394444,1.2751186305498887,1.9698050067582544,0.015414
-2.1963177232394444,1.4092581735502305,1.9698050067582544,0.0157639
-2.1963177232394444,2.4823745175529677,1.70152592075757,0.0297852
-2.062178180239102,-2.749067659460376,1.567386377757228,-0.0256233
-2.062178180239102,3.8237699475563884,1.164967748756201,0.0486201
-1.92803863723876,-2.212509487459007,1.8356654637579126,-0.0170251
-1.92803863723876,0.06786274354680977,1.8356654637579126,0.016862
-1.7938990942384176,-3.2856258314617444,0.6284095767548337,0.029522
-1.7938990942384176,-2.8832072024607176,-0.9812649392492729,0.015942
-1.7938990942384176,2.0799558885519405,-1.7861021972513251,0.0173173
-1.6597595512380758,-3.5539049174624284,-0.17642768124721986,0.0557477
-1.6597595512380758,-3.2856258314617444,0.7625491197551755,0.0364942
-1.6597595512380758,-2.6149281164600335,1.4332468347568854,0.000248353
-1.6597595512380758,-1.0052536004559283,-1.517823111250641,0.0265357
-1.6597595512380758,0.20200228654715158,-1.7861021972513251,0.0116017
-1.6597595512380758,0.3361418295474934,-1.7861021972513251,0.0119051
-1.6597595512380758,1.2751186305498887,1.8356654637579126,0.014067
-1.6597595512380758,1.5433977165505723,-1.6519626542509833,0.0233454
-1.6597595512380758,3.8237699475563884,-1.2495440252499566,0.0358895
-1.6597595512380758,3.8237699475563884,1.164967748756201,0.0413446
-1.5256200082377331,-1.5418117724572968,1.8356654637579126,0.0144472
-1.5256200082377331,2.884793146553993,-1.7861021972513251,0.0106382
-1.5256200082377331,4.092049033557072,-0.9812649392492729,0.0424718
-1.5256200082377331,4.494467662558098,-0.17642768124721986,0.0560792
-1.3914804652373913,-2.346649030459349,1.567386377757228,0.00741753
-1.3914804652373913,-2.212509487459007,-1.6519626542509833,0.0011447
-1.3914804652373913,-0.06627679945353382,-1.7861021972513251,0.0147219
-1.3914804652373913,0.8727000015488615,-1.7861021972513251,0.0173767
-1.3914804652373913,1.5433977165505723,-1.7861021972513251,0.0154328
-1.3914804652373913,2.4823745175529677,-1.9202417402516678,0.00306616
-1.2573409222370495,-3.8221840034631125,-0.17642768124721986,0.0740035
-1.2573409222370495,1.811676802551256,-1.9202417402516678,0.00559019
-1.2573409222370495,4.360328119557756,-0.17642768124721986,0.0485934
-1.2573409222370495,4.360328119557756,0.09185140475346465,0.0489774
-1.1232013792367068,-2.4807885734596917,1.567386377757228,0.0092954
-1.1232013792367068,1.5433977165505723,-1.9202417402516678,0.00764717
-1.1232013792367068,2.0799558885519405,1.567386377757228,0.0224915
-1.1232013792367068,2.7506536035536513,-1.9202417402516678,-0.00566403
-0.989061836236365,-1.13939314345627,-1.6519626542509833,0.0238569
-0.989061836236365,-0.602834971454902,1.70152592075757,0.0250773
-0.989061836236365,1.140979087549546,1.567386377757228,0.0195971
-0.989061836236365,2.0799558885519405,-2.0543812832520096,-0.00636864
-0.989061836236365,3.018932689554336,1.4332468347568854,0.0193107
-0.989061836236365,3.287211775555021,1.2991072917565436,0.0211969
-0.989061836236365,3.957909490556731,0.6284095767548337,0.0334782
-0.989061836236365,4.092049033557072,0.36013049075414827,0.0370977
-0.8549222932360232,-3.01734674546106,-1.3836835682502988,0.0150311
-0.8549222932360232,-2.212509487459007,-1.7861021972513251,0.00259679
-0.8549222932360232,1.811676802551256,1.4332468347568854,0.0230862
-0.7207827502356814,-2.8832072024607176,1.4332468347568854,0.0196441
-0.7207827502356814,0.604420915548177,1.70152592075757,0.0114039
-0.7207827502356814,1.5433977165505723,-2.0543812832520096,0.00015925
-0.7207827502356814,2.6165140605533095,-2.0543812832520096,-0.018211
-0.7207827502356814,3.421351318555362,-1.517823111250641,-0.0109617
-0.7207827502356814,3.8237699475563884,-0.7129858532485884,0.0131051
-0.7207827502356814,3.8237699475563884,0.4942700337544901,0.0221873
-0.5866432072353378,-3.6880444604627707,0.7625491197551755,0.0671863
-0.5866432072353378,-3.2856258314617444,1.164967748756201,0.0419316
-0.5866432072353378,-2.8832072024607176,1.4332468347568854,0.0185512
-0.5866432072353378,1.4092581735502305,-2.0543812832520096,0.00271403
-0.5866432072353378,2.6165140605533095,1.4332468347568854,0.00690551
-0.452503664234996,-3.5539049174624284,-0.8471253962489307,0.0453218
-0.452503664234996,-2.212509487459007,-1.7861021972513251,0.00874706
-0.452503664234996,-2.212509487459007,1.70152592075757,0.00172009
-0.452503664234996,-0.46869542845455925,1.4332468347568854,0.0279267
-0.452503664234996,0.8727000015488615,1.567386377757228,0.0141823
-0.452503664234996,2.214095431552283,1.4332468347568854,0.00627875
-0.452503664234996,2.348234974552625,1.4332468347568854,0.00468995
-0.452503664234996,3.1530722325546785,1.164967748756201,0.0018076
-0.452503664234996,3.6896304045560457,0.4942700337544901,0.00605577
-0.3183641212346542,-2.212509487459007,-1.7861021972513251,0.0110216
-0.3183641212346542,-2.078369944458665,1.70152592075757,0.00118308
-0.3183641212346542,-1.13939314345627,1.567386377757228,0.0170801
-0.3183641212346542,-0.20041634245387563,1.4332468347568854,0.0238445
-0.3183641212346542,3.8237699475563884,-0.17642768124721986,-0.00484638
-0.18422457823431238,-3.5539049174624284,-0.7129858532485884,0.0394917
-0.18422457823431238,-3.419765374462086,0.8966886627555173,0.0465898
-0.18422457823431238,-2.212509487459007,-1.7861021972513251,0.0128776
-0.18422457823431238,-0.33455588545421744,-2.0543812832520096,0.0141598
-0.18422457823431238,1.4092581735502305,-2.0543812832520096,0.00208716
-0.18422457823431238,2.7506536035536513,1.2991072917565436,-0.00671813
-0.18422457823431238,3.555490861555705,0.6284095767548337,-0.00897654
-0.050085035233970565,-3.419765374462086,-0.8471253962489307,0.022797
-0.050085035233970565,0.20200228654715158,1.4332468347568854,0.0191843
-0.050085035233970565,3.1530722325546785,-1.7861021972513251,-0.0347339
-0.050085035233970565,3.421351318555362,-1.517823111250641,-0.0343735
0.08405450776637213,-0.8711140574555856,-2.0543812832520096,0.0203932
0.08405450776637213,-0.8711140574555856,1.2991072917565436,0.0306952
0.08405450776637213,0.06786274354680977,-2.188520826252352,0.00908273
0.08405450776637213,0.7385604585485197,-2.0543812832520096,0.0163461
0.08405450776637213,2.4823745175529677,1.2991072917565436,-0.0105149
0.08405450776637213,2.884793146553993,-1.9202417402516678,-0.0351437
0.08405450776637213,3.6896304045560457,-0.9812649392492729,-0.0338472
0.21819405076671394,-3.5539049174624284,-0.5788463102482462,0.00749861
0.21819405076671394,-3.151486288461402,-1.3836835682502988,-0.013872
0.21819405076671394,0.3361418295474934,-2.188520826252352,0.0106907
0.21819405076671394,1.811676802551256,-2.0543812832520096,-0.00995214
0.21819405076671394,1.811676802551256,1.2991072917565436,0.000361281
0.21819405076671394,1.9458163455515987,1.2991072917565436,-0.00279493
0.21819405076671394,2.0799558885519405,1.2991072917565436,-0.00569884
0.21819405076671394,3.6896304045560457,0.09185140475346465,-0.0284319
0.35233359376705664,-3.151486288461402,-1.517823111250641,-0.0232506
0.35233359376705664,-1.9442304014583227,1.4332468347568854,0.00888121
0.35233359376705664,0.8727000015488615,-2.0543812832520096,0.017846
0.35233359376705664,2.6165140605533095,1.164967748756201,-0.0169062
0.35233359376705664,3.555490861555705,-1.1154044822496147,-0.0414783
0.48647313676739845,-3.5539049174624284,-1.1154044822496147,-0.0294521
0.48647313676739845,-3.5539049174624284,0.09185140475346465,-0.00189705
0.48647313676739845,-3.2856258314617444,-1.517823111250641,-0.031407
0.48647313676739845,-2.4807885734596917,1.164967748756201,0.0074513
0.48647313676739845,-1.9442304014583227,-2.0543812832520096,0.00406191
0.48647313676739845,-1.13939314345627,1.2991072917565436,0.0301471
0.48647313676739845,-0.33455588545421744,1.2991072917565436,0.0233773
0.48647313676739845,0.604420915548177,1.2991072917565436,0.0171468
0.48647313676739845,2.4823745175529677,-1.9202417402516678,-0.0291839
0.48647313676739845,3.287211775555021,0.6284095767548337,-0.029956
0.6206126797677411,-3.01734674546106,0.7625491197551755,-0.00114718
0.6206126797677411,-1.8100908584579805,1.2991072917565436,0.0174482
0.6206126797677411,-1.4076722294569546,1.2991072917565436,0.0270604
0.6206126797677411,-0.602834971454902,1.2991072917565436,0.0261754
0.6206126797677411,1.140979087549546,1.164967748756201,0.0149383
0.6206126797677411,2.214095431552283,-1.9202417402516678,-0.018038
0.6206126797677411,2.6165140605533095,1.030828205755859,-0.0187706
0.754752222768083,-0.7369745144552438,-2.188520826252352,0.0113725
0.754752222768083,0.06786274354680977,1.4332468347568854,0.0162419
0.754752222768083,3.421351318555362,-0.8471253962489307,-0.0461303
0.8888917657684248,-3.8221840034631125,-0.8471253962489307,-0.0461923
0.8888917657684248,-3.2856258314617444,-1.7861021972513251,-0.0455194
0.8888917657684248,-1.0052536004559283,1.2991072917565436,0.0280412
0.8888917657684248,-0.46869542845455925,1.9698050067582544,0.0235727
0.8888917657684248,0.06786274354680977,1.8356654637579126,0.0187948
0.8888917657684248,1.9458163455515987,1.164967748756201,0.00211214
0.8888917657684248,2.7506536035536513,-1.517823111250641,-0.0352461
1.0230313087687666,-1.9442304014583227,1.164967748756201,0.0100639
1.0230313087687666,-0.8711140574555856,1.9698050067582544,0.0231983
1.0230313087687666,-0.46869542845455925,2.37222363575928,0.0222628
1.0230313087687666,-0.06627679945353382,2.37222363575928,0.0197913
1.0230313087687666,1.9458163455515987,1.2991072917565436,0.0066427
1.0230313087687666,2.4823745175529677,1.030828205755859,-0.00319624
1.1571708517691084,-2.6149281164600335,1.030828205755859,-0.0191984
1.1571708517691084,-1.6759513154576386,-2.188520826252352,-0.0136357
1.1571708517691084,-0.602834971454902,-2.188520826252352,0.0126702
1.1571708517691084,2.6165140605533095,1.030828205755859,0.000994072
1.1571708517691084,3.018932689554336,0.09185140475346465,-0.0327042
1.291310394769451,-1.5418117724572968,1.164967748756201,0.0138564
1.291310394769451,-0.602834971454902,-2.188520826252352,0.0134855
1.291310394769451,0.20200228654715158,2.6405027217599644,0.0144245
1.291310394769451,0.4702813725478352,-2.590939455253378,0.0172873
1.291310394769451,1.2751186305498887,1.567386377757228,0.00948057
1.291310394769451,2.0799558885519405,1.567386377757228,0.0118565
1.291310394769451,2.4823745175529677,-1.3836835682502988,-0.013272
1.291310394769451,2.884793146553993,0.4942700337544901,-0.0112786
1.425449937769793,-3.01734674546106,0.8966886627555173,-0.0384522
1.425449937769793,-2.749067659460376,-2.188520826252352,-0.0480738
1.5595894807701356,-1.5418117724572968,1.164967748756201,0.00278515
1.5595894807701356,-0.8711140574555856,2.774642264760307,0.0160865
1.5595894807701356,-0.7369745144552438,-2.188520826252352,0.011887
1.5595894807701356,0.06786274354680977,2.908781807760649,0.0117749
1.5595894807701356,0.20200228654715158,-2.590939455253378,0.0148182
1.5595894807701356,2.4823745175529677,-0.7129858532485884,-0.0143866
1.6937290237704774,-1.13939314345627,2.6405027217599644,0.0135958
1.6937290237704774,2.4823745175529677,-1.517823111250641,0.00756567
1.82786856677082,-3.5539049174624284,0.36013049075414827,-0.0570859
1.82786856677082,0.8727000015488615,-2.8592185412540623,0.0196242
1.82786856677082,1.140979087549546,2.238084092758938,0.00562307
1.82786856677082,2.4823745175529677,-1.517823111250641,0.0110312
1.82786856677082,2.4823745175529677,-1.3836835682502988,0.00807662
1.962008109771162,0.3361418295474934,-2.7250789982537205,0.0133891
1.962008109771162,0.8727000015488615,-2.8592185412540623,0.0191878
1.962008109771162,1.4092581735502305,2.1039445497585962,0.00710709
1.962008109771162,3.018932689554336,0.09185140475346465,0.000798306
2.0961476527715037,-3.6880444604627707,-0.9812649392492729,-0.064104
2.0961476527715037,-1.2735326864566123,2.6405027217599644,0.00679414
2.0961476527715037,0.8727000015488615,2.774642264760307,0.00247434
2.0961476527715037,1.0068395445492042,-2.8592185412540623,0.0205073
2.0961476527715037,1.140979087549546,2.5063631787596226,0.00389411
2.0961476527715037,3.1530722325546785,0.4942700337544901,0.00755022
2.0961476527715037,3.1530722325546785,0.7625491197551755,0.0110167
2.2302871957718455,-0.7369745144552438,3.0429213507609916,0.00587065
2.2302871957718455,-0.33455588545421744,-2.590939455253378,0.0126955
2.3644267387721882,-3.5539049174624284,-0.8471253962489307,-0.0641842
2.3644267387721882,-3.5539049174624284,-0.31056722424756167,-0.0637328
2.3644267387721882,-1.6759513154576386,1.70152592075757,-0.00962681
2.3644267387721882,-0.20041634245387563,3.1770608937613334,0.00256789
2.3644267387721882,1.811676802551256,-2.590939455253378,0.0272198
2.3644267387721882,2.6165140605533095,-0.5788463102482462,0.00466909
2.3644267387721882,3.1530722325546785,0.4942700337544901,0.00807676
2.498566281772531,-3.2856258314617444,-1.2495440252499566,-0.0632716
2.498566281772531,-2.078369944458665,0.7625491197551755,-0.0409818
2.498566281772531,-1.8100908584579805,-1.9202417402516678,-0.0378046
2.498566281772531,-1.2735326864566123,2.6405027217599644,0.00108799
2.498566281772531,-0.7369745144552438,3.0429213507609916,0.00246187
2.498566281772531,0.4702813725478352,3.1770608937613334,0.00193755
2.498566281772531,0.8727000015488615,-2.7250789982537205,0.0173271
2.498566281772531,1.6775372595509142,-2.590939455253378,0.0259886
2.498566281772531,2.0799558885519405,1.9698050067582544,0.0104494
2.6327058247728736,-2.8832072024607176,0.36013049075414827,-0.0576133
2.6327058247728736,-2.346649030459349,-1.7861021972513251,-0.0542606
2.6327058247728736,-2.212509487459007,0.6284095767548337,-0.0460219
2.6327058247728736,-0.33455588545421744,3.1770608937613334,0.00093093
2.7668453677732145,-3.151486288461402,-0.31056722424756167,-0.0622303
2.7668453677732145,0.20200228654715158,-2.590939455253378,0.014059
2.7668453677732145,2.4823745175529677,1.70152592075757,0.010969
2.9009849107735572,-2.8832072024607176,-0.9812649392492729,-0.0617548
2.9009849107735572,-1.8100908584579805,1.567386377757228,-0.011297
2.9009849107735572,-1.4076722294569546,-1.7861021972513251,-0.00375285
2.9009849107735572,0.06786274354680977,3.311200436761675,0.00299045
2.9009849107735572,1.0068395445492042,-2.456799912253036,0.0182762
2.9009849107735572,1.811676802551256,-2.0543812832520096,0.0241463
2.9009849107735572,2.884793146553993,1.164967748756201,0.00933359
2.9009849107735572,3.018932689554336,0.36013049075414827,0.00489376
3.035124453773898,-2.6149281164600335,-0.8471253962489307,-0.0599698
3.035124453773898,-2.6149281164600335,-0.31056722424756167,-0.0587885
3.035124453773898,-2.346649030459349,-1.1154044822496147,-0.056611
3.035124453773898,-1.8100908584579805,0.36013049075414827,-0.0291463
3.035124453773898,-1.4076722294569546,2.37222363575928,-0.00410678
3.035124453773898,-1.13939314345627,-2.0543812832520096,0.0128993
3.035124453773898,-1.0052536004559283,-2.188520826252352,0.0160554
3.035124453773898,-0.46869542845455925,-2.456799912253036,0.0192123
3.035124453773898,0.8727000015488615,3.311200436761675,0.010978
3.035124453773898,1.0068395445492042,-2.3226603692526937,0.0186928
3.035124453773898,1.811676802551256,2.238084092758938,0.00943161
3.035124453773898,2.6165140605533095,1.4332468347568854,0.00891536
3.035124453773898,2.7506536035536513,-0.44470676724790437,0.00666975
3.169263996774241,-1.9442304014583227,1.164967748756201,-0.0102242
3.169263996774241,0.4702813725478352,-2.3226603692526937,0.0170733
3.169263996774241,1.6775372595509142,2.6405027217599644,0.0123371
3.169263996774241,2.884793146553993,-0.04228813824687805,0.00505909
3.3034035397745836,-1.13939314345627,-1.7861021972513251,0.0142379
3.3034035397745836,-0.7369745144552438,-2.188520826252352,0.0211002
3.3034035397745836,-0.33455588545421744,-2.3226603692526937,0.0211581
3.3034035397745836,1.2751186305498887,3.1770608937613334,0.0160901
3.3034035397745836,1.5433977165505723,2.908781807760649,0.0153294
3.4375430827749245,-1.0052536004559283,-1.7861021972513251,0.0180429
3.4375430827749245,-0.7369745144552438,-2.0543812832520096,0.0218086
3.4375430827749245,0.06786274354680977,-2.188520826252352,0.0205373
3.4375430827749245,0.3361418295474934,3.445339979762017,0.012085
3.4375430827749245,1.811676802551256,-1.3836835682502988,0.0211635
3.4375430827749245,1.9458163455515987,1.8356654637579126,0.0102974
3.571682625775267,-1.6759513154576386,1.9698050067582544,-0.00212403
3.571682625775267,-1.4076722294569546,-0.04228813824687805,-0.00379259
3.571682625775267,-0.8711140574555856,2.774642264760307,-0.000854518
3.571682625775267,-0.20041634245387563,-2.0543812832520096,0.022769
3.571682625775267,0.3361418295474934,3.445339979762017,0.013526
3.571682625775267,1.140979087549546,-1.517823111250641,0.023534
3.571682625775267,2.7506536035536513,-0.44470676724790437,0.0125038
3.705822168775608,-1.5418117724572968,0.09185140475346465,-0.00110583
3.705822168775608,-1.4076722294569546,2.238084092758938,-0.00208322
3.705822168775608,-1.13939314345627,-0.17642768124721986,0.00320551
3.705822168775608,-0.602834971454902,-0.44470676724790437,0.0116588
3.705822168775608,0.06786274354680977,-1.7861021972513251,0.0223063
3.705822168775608,1.5433977165505723,2.908781807760649,0.0197301
3.705822168775608,1.811676802551256,2.238084092758938,0.0142334
3.705822168775608,2.348234974552625,1.164967748756201,0.00838044
3.705822168775608,2.7506536035536513,0.4942700337544901,0.0084382
3.839961711775951,-1.9442304014583227,1.164967748756201,0.00382846
3.839961711775951,-1.8100908584579805,0.4942700337544901,0.00265279
3.839961711775951,-0.46869542845455925,3.0429213507609916,0.00377962
3.839961711775951,-0.20041634245387563,-1.2495440252499566,0.0216006
3.839961711775951,-0.20041634245387563,-1.1154044822496147,0.0207976
3.839961711775951,0.06786274354680977,-1.2495440252499566,0.0215049
3.839961711775951,1.0068395445492042,3.311200436761675,0.0211732
3.839961711775951,2.4823745175529677,-0.8471253962489307,0.0191414
3.839961711775951,2.7506536035536513,-0.31056722424756167,0.0152433
3.9741012547762935,-1.8100908584579805,1.567386377757228,0.0043598
3.9741012547762935,-0.8711140574555856,-0.17642768124721986,0.00907181
3.9741012547762935,-0.20041634245387563,-0.31056722424756167,0.0129781
3.9741012547762935,-0.20041634245387563,3.1770608937613334,0.00868137
3.9741012547762935,0.06786274354680977,-0.5788463102482462,0.0159776
3.9741012547762935,1.6775372595509142,2.5063631787596226,0.0184556
3.9741012547762935,1.811676802551256,-1.2495440252499566,0.0225667
4.108240797776634,-1.6759513154576386,1.70152592075757,0.00473115
4.108240797776634,0.3361418295474934,-0.7129858532485884,0.0164095
4.108240797776634,1.4092581735502305,-1.2495440252499566,0.0224788
4.108240797776634,1.6775372595509142,2.238084092758938,0.0165498
4.108240797776634,2.6165140605533095,-0.44470676724790437,0.0199898
4.242380340776979,-0.7369745144552438,2.5063631787596226,-0.000774155
4.242380340776979,-0.33455588545421744,2.908781807760649,0.00611084
4.242380340776979,0.8727000015488615,3.1770608937613334,0.0223313
4.242380340776979,2.6165140605533095,0.09185140475346465,0.0183906
4.376519883777322,-1.6759513154576386,1.164967748756201,0.0104532
4.376519883777322,-0.46869542845455925,2.6405027217599644,0.00240997
4.376519883777322,-0.33455588545421744,2.774642264760307,0.0052712
4.376519883777322,1.0068395445492042,-0.9812649392492729,0.021033
4.376519883777322,1.140979087549546,2.908781807760649,0.0226158
4.376519883777322,1.2751186305498887,2.774642264760307,0.0219694
4.376519883777322,1.811676802551256,1.030828205755859,0.0130166
4.5106594267776625,-1.4076722294569546,1.567386377757228,0.00726631
4.5106594267776625,0.06786274354680977,2.908781807760649,0.0124121
4.5106594267776625,0.604420915548177,-0.44470676724790437,0.0160364
4.5106594267776625,1.0068395445492042,-0.8471253962489307,0.0210598
4.5106594267776625,1.4092581735502305,1.030828205755859,0.0119236
4.644798969778005,1.0068395445492042,0.7625491197551755,0.0113913
4.644798969778005,1.0068395445492042,1.4332468347568854,0.00799494
4.644798969778005,2.214095431552283,-0.31056722424756167,0.0253212
4.778938512778346,-0.06627679945353382,2.238084092758938,0.00365
4.778938512778346,0.3361418295474934,1.164967748756201,0.00296718
4.778938512778346,0.4702813725478352,1.2991072917565436,0.00354096
4.778938512778346,0.604420915548177,1.4332468347568854,0.00464228
4.778938512778346,1.4092581735502305,-0.5788463102482462,0.0245933
4.778938512778346,1.5433977165505723,-0.5788463102482462,0.025484
4.778938512778346,1.6775372595509142,0.4942700337544901,0.0192965
