-5.222523953521863,2.2314185766431915,0.5871274043809329,0.0426335
-4.949775436819876,0.322178959729289,-1.5948607292349553,0.0466973
-4.949775436819876,0.7313017347822681,-1.0493636958309835,0.0467349
-4.949775436819876,0.7313017347822681,-0.776615179128997,0.0470612
-4.949775436819876,1.6859215432392185,-0.3674924040760179,0.0426905
-4.949775436819876,2.640541351696169,0.5871274043809329,0.0362511
-4.813401178468883,-1.4506863988336205,0.996250179433912,0.0395908
-4.813401178468883,-1.1779378821316344,0.723501662731926,0.0383385
-4.813401178468883,1.2767987681862394,1.5417472128378842,0.0396721
-4.813401178468883,2.5041670933451767,1.2689986961358972,0.0350689
-4.67702692011789,-0.9051893654296483,-1.0493636958309835,0.0402413
-4.67702692011789,-0.9051893654296483,-0.776615179128997,0.039295
-4.67702692011789,-0.7688151070786553,-0.23111814572502531,0.0405362
-4.67702692011789,-0.3596923320256762,-1.8676092459369413,0.0447664
-4.67702692011789,-0.3596923320256762,0.31437888767894684,0.047436
-4.67702692011789,-0.3596923320256762,0.5871274043809329,0.0470868
-4.67702692011789,0.18580470137829597,0.31437888767894684,0.0520398
-4.540652661766897,-1.4506863988336205,2.0872442462418554,0.0523282
-4.540652661766897,-1.1779378821316344,-0.09474388737403228,0.0337527
-4.540652661766897,-1.0415636237806414,-0.3674924040760179,0.0359797
-4.540652661766897,-0.6324408487276623,2.0872442462418554,0.0505067
-4.540652661766897,0.18580470137829597,0.723501662731926,0.0511119
-4.540652661766897,1.2767987681862394,-1.0493636958309835,0.046606
-4.404278403415905,-1.4506863988336205,2.2236185045928494,0.0520534
-4.404278403415905,-1.0415636237806414,-1.3221122125329692,0.0381379
-4.404278403415905,-0.08694381532369011,-2.1403577626389274,0.0424033
-4.267904145064911,-2.1325576905885852,1.5417472128378842,0.0378847
-4.267904145064911,-0.7688151070786553,-1.8676092459369413,0.0396738
-4.267904145064911,1.2767987681862394,-1.4584864708839627,0.043352
-4.267904145064911,1.5495472848882264,-1.1857379541819761,0.0450212
-4.267904145064911,3.049664126749149,0.1780046293279538,0.0246859
-4.131529886713919,-2.2689319489395787,0.5871274043809329,0.016417
-4.131529886713919,-2.2689319489395787,1.2689986961358972,0.0295094
-3.9951556283629253,-2.2689319489395787,1.5417472128378842,0.0336674
-3.9951556283629253,-1.3143121404826275,2.4963670212948346,0.0473408
-3.9951556283629253,-0.4960665903766692,-2.1403577626389274,0.0366824
-3.9951556283629253,0.04943044302730204,-2.27673202098992,0.0364017
-3.9951556283629253,1.1404245098352472,1.8144957295398703,0.0215955
-3.8587813700119327,-2.1325576905885852,-0.3674924040760179,0.00813991
-3.8587813700119327,-1.9961834322375922,-0.503866662427011,0.0109857
-3.8587813700119327,-0.08694381532369011,-2.27673202098992,0.034028
-3.8587813700119327,2.5041670933451767,1.6781214711888763,0.00882585
-3.8587813700119327,2.9132898683981567,-1.3221122125329692,0.0358325
-3.8587813700119327,3.049664126749149,-1.1857379541819761,0.0348923
-3.8587813700119327,3.186038385100143,0.4507531460299399,0.0199086
-3.722407111660939,-1.9961834322375922,-0.6402409207780044,0.0102155
-3.722407111660939,-1.587060657184613,-0.9129894374799901,0.0220857
-3.722407111660939,0.04943044302730204,2.0872442462418554,0.0256389
-3.722407111660939,2.9132898683981567,1.2689986961358972,0.00844156
-3.722407111660939,3.049664126749149,-1.3221122125329692,0.036407
-3.586032853309946,-2.4053062072905713,-0.3674924040760179,0.00154662
-3.586032853309946,-1.7234349155356061,-0.9129894374799901,0.0179245
-3.586032853309946,-0.4960665903766692,-2.1403577626389274,0.0289828
-3.586032853309946,1.1404245098352472,-1.8676092459369413,0.0350345
-3.4496585949589536,-1.8598091738865996,-0.9129894374799901,0.0141957
-3.4496585949589536,0.8676759931332603,1.9508699878908633,-0.00171391
-3.4496585949589536,1.1404245098352472,-1.8676092459369413,0.0337922
-3.4496585949589536,1.4131730265372333,-1.7312349875859483,0.0364183
-3.4496585949589536,2.5041670933451767,2.0872442462418554,-0.0243394
-3.4496585949589536,2.776915610047163,1.8144957295398703,-0.0194747
-3.31328433660796,-2.8144289823435504,0.1780046293279538,0.000314184
-3.31328433660796,-1.9961834322375922,-0.9129894374799901,0.0112403
-3.31328433660796,-1.4506863988336205,2.4963670212948346,0.0339845
-3.31328433660796,-1.3143121404826275,-1.3221122125329692,0.0307564
-3.31328433660796,1.1404245098352472,-1.8676092459369413,0.0320952
-3.31328433660796,3.186038385100143,0.996250179433912,-0.00187628
-3.176910078256967,-2.1325576905885852,-0.9129894374799901,0.00935055
-3.176910078256967,1.2767987681862394,2.4963670212948346,-0.0345602
-3.176910078256967,3.186038385100143,1.5417472128378842,-0.0263699
-3.176910078256967,3.322412643451135,0.4507531460299399,0.0115302
-3.176910078256967,3.458786901802127,0.04163037097696076,0.0198177
-3.0405358199059744,0.18580470137829597,2.0872442462418554,-0.00215695
-3.0405358199059744,2.2314185766431915,2.6327412796458285,-0.0450408
-3.0405358199059744,2.776915610047163,-1.7312349875859483,0.0386025
-3.0405358199059744,2.9132898683981567,2.2236185045928494,-0.0424885
-3.0405358199059744,3.322412643451135,0.5871274043809329,0.00367105
-3.0405358199059744,3.322412643451135,1.2689986961358972,-0.023444
-3.0405358199059744,3.458786901802127,0.04163037097696076,0.019304
-2.904161561554981,-3.0871774990455365,0.31437888767894684,0.00448757
-2.904161561554981,-3.0871774990455365,0.4507531460299399,0.0061228
-2.904161561554981,-2.678054723992558,-0.6402409207780044,0.00369309
-2.904161561554981,-2.5416804656415644,-0.776615179128997,0.00588104
-2.904161561554981,-2.4053062072905713,1.6781214711888763,0.0281442
-2.904161561554981,0.322178959729289,2.0872442462418554,-0.0137011
-2.904161561554981,1.1404245098352472,2.6327412796458285,-0.0419193
-2.904161561554981,1.6859215432392185,2.7691155379968215,-0.0466372
-2.767787303203988,-2.678054723992558,1.5417472128378842,0.025706
-2.767787303203988,-1.7234349155356061,2.2236185045928494,0.0242972
-2.767787303203988,-0.08694381532369011,2.2236185045928494,-0.00460545
-2.767787303203988,0.18580470137829597,-2.549480537691906,-0.0127044
-2.767787303203988,3.458786901802127,1.2689986961358972,-0.0303753
-2.6314130448529953,-2.8144289823435504,-0.6402409207780044,0.00724593
-2.6314130448529953,-2.5416804656415644,-0.9129894374799901,0.0123546
-2.6314130448529953,-1.3143121404826275,2.3599927629438424,0.0150063
-2.6314130448529953,-0.9051893654296483,-2.27673202098992,-0.000474768
-2.6314130448529953,3.458786901802127,-0.776615179128997,0.0345575
-2.4950387865020023,-2.2689319489395787,-1.1857379541819761,0.0230418
-2.4950387865020023,0.322178959729289,-2.685854796042899,-0.0206938
-2.4950387865020023,1.6859215432392185,-1.7312349875859483,0.0196728
-2.4950387865020023,1.8222958015902124,2.9054897963478137,-0.0511362
-2.4950387865020023,2.0950443182921976,-1.7312349875859483,0.0286688
-2.4950387865020023,2.2314185766431915,-1.7312349875859483,0.0310278
-2.4950387865020023,2.776915610047163,-1.5948607292349553,0.0380351
-2.4950387865020023,3.458786901802127,0.723501662731926,-0.015986
-2.3586645281510092,-3.3599260157475226,1.132624437784905,0.0249681
-2.3586645281510092,-2.8144289823435504,1.8144957295398703,0.030187
-2.3586645281510092,1.5495472848882264,2.9054897963478137,-0.0502828
-2.3586645281510092,2.776915610047163,2.6327412796458285,-0.0512351
-2.222290269800016,-2.9508032406945435,-0.6402409207780044,0.0125501
-2.222290269800016,0.04943044302730204,2.0872442462418554,-0.0222695
-2.222290269800016,1.5495472848882264,-1.8676092459369413,0.00352184
-2.222290269800016,1.5495472848882264,2.9054897963478137,-0.0497834
-2.222290269800016,3.186038385100143,-0.9129894374799901,0.0371259
-2.085916011449023,-2.2689319489395787,-1.8676092459369413,0.0334046
-2.085916011449023,-2.1325576905885852,-2.0039835042879344,0.0338616
-2.085916011449023,-0.08694381532369011,-2.8222290543938926,-0.0237309
-2.085916011449023,1.9586700599412055,2.9054897963478137,-0.0491018
-2.085916011449023,2.2314185766431915,-1.4584864708839627,0.0301708
-2.085916011449023,2.5041670933451767,2.7691155379968215,-0.0493101
-1.9495417530980301,-2.678054723992558,2.0872442462418554,0.0308779
-1.9495417530980301,-1.7234349155356061,2.2236185045928494,0.0117609
-1.9495417530980301,-1.1779378821316344,-2.4131062793409135,0.0137702
-1.9495417530980301,-0.6324408487276623,-2.685854796042899,-0.011476
-1.9495417530980301,0.322178959729289,-2.8222290543938926,-0.0264981
-1.9495417530980301,1.4131730265372333,-2.1403577626389274,-0.0108112
-1.9495417530980301,3.049664126749149,-0.09474388737403228,0.0240908
-1.813167494747037,-2.2689319489395787,-2.27673202098992,0.035699
-1.813167494747037,-0.6324408487276623,-2.685854796042899,-0.00935942
-1.813167494747037,0.322178959729289,-2.8222290543938926,-0.0262853
-1.813167494747037,0.45855321808028116,2.2236185045928494,-0.0342355
-1.813167494747037,2.3677928349941846,-1.0493636958309835,0.037121
-1.676793236396044,-3.6326745324495087,0.723501662731926,0.0231802
-1.676793236396044,-3.0871774990455365,1.9508699878908633,0.0363484
-1.676793236396044,-2.1325576905885852,2.2236185045928494,0.0198801
-1.676793236396044,-1.3143121404826275,2.2236185045928494,0.000637403
-1.676793236396044,-0.22331807367468315,1.9508699878908633,-0.0172514
-1.676793236396044,-0.08694381532369011,-2.8222290543938926,-0.0210519
-1.676793236396044,2.776915610047163,2.4963670212948346,-0.0403936
-1.676793236396044,3.186038385100143,2.0872442462418554,-0.0384387
-1.676793236396044,3.322412643451135,0.5871274043809329,-0.00437776
-1.676793236396044,3.458786901802127,1.132624437784905,-0.0228082
-1.540418978045051,-2.1325576905885852,2.2236185045928494,0.0196397
-1.540418978045051,-1.8598091738865996,2.2236185045928494,0.0129334
-1.540418978045051,1.1404245098352472,-2.4131062793409135,-0.0193228
-1.540418978045051,2.2314185766431915,-0.503866662427011,0.051224
-1.540418978045051,2.3677928349941846,2.6327412796458285,-0.0356876
-1.404044719694058,-3.6326745324495087,0.996250179433912,0.0271533
-1.404044719694058,-3.0871774990455365,1.9508699878908633,0.0362161
-1.404044719694058,-1.8598091738865996,-2.685854796042899,0.0352258
-1.404044719694058,-0.9051893654296483,2.0872442462418554,-0.00664973
-1.404044719694058,0.5949274764312751,-2.685854796042899,-0.02281
-1.404044719694058,0.5949274764312751,2.0872442462418554,-0.020749
-1.404044719694058,0.7313017347822681,2.2236185045928494,-0.0232954
-1.404044719694058,1.5495472848882264,2.6327412796458285,-0.0288309
-1.404044719694058,2.776915610047163,0.04163037097696076,0.0390272
-1.404044719694058,3.186038385100143,1.8144957295398703,-0.0258962
-1.267670461343065,-3.2235517573965295,1.8144957295398703,0.0357762
-1.267670461343065,-0.22331807367468315,-2.685854796042899,-0.00878546
-1.267670461343065,-0.22331807367468315,1.6781214711888763,-0.00858331
-1.267670461343065,0.322178959729289,1.5417472128378842,-0.00166794
-1.267670461343065,0.7313017347822681,2.0872442462418554,-0.014027
-1.267670461343065,1.4131730265372333,2.4963670212948346,-0.0204558
-1.1312962029920728,-2.1325576905885852,-2.685854796042899,0.0374475
-1.1312962029920728,-0.9051893654296483,1.9508699878908633,-0.0033054
-1.1312962029920728,1.2767987681862394,-2.1403577626389274,-0.00537254
-1.1312962029920728,2.0950443182921976,-0.3674924040760179,0.0675941
-1.1312962029920728,2.2314185766431915,-0.23111814572502531,0.0693057
-1.1312962029920728,2.5041670933451767,2.2236185045928494,-0.0118031
-0.9949219446410789,-2.9508032406945435,-1.7312349875859483,0.0250678
-0.9949219446410789,-2.9508032406945435,-0.9129894374799901,0.0075765
-0.9949219446410789,-2.9508032406945435,-0.776615179128997,0.00473069
-0.9949219446410789,-1.9961834322375922,2.0872442462418554,0.0159584
-0.9949219446410789,-1.1779378821316344,1.9508699878908633,0.00219514
-0.9949219446410789,-0.3596923320256762,1.5417472128378842,-0.000677548
-0.8585476862900858,-3.496300274098515,0.723501662731926,0.00230005
-0.8585476862900858,-2.678054723992558,1.9508699878908633,0.0268289
-0.8585476862900858,-2.4053062072905713,-2.549480537691906,0.0370267
-0.8585476862900858,-2.1325576905885852,-2.685854796042899,0.0375408
-0.8585476862900858,-1.0415636237806414,1.8144957295398703,0.00325849
-0.8585476862900858,2.2314185766431915,-1.0493636958309835,0.0583901
-0.8585476862900858,2.3677928349941846,1.9508699878908633,0.0163841
-0.7221734279390937,-2.5416804656415644,-2.4131062793409135,0.035195
-0.7221734279390937,-0.6324408487276623,-2.4131062793409135,0.0268636
-0.7221734279390937,0.7313017347822681,1.2689986961358972,0.0445401
-0.7221734279390937,1.6859215432392185,1.9508699878908633,0.0343048
-0.7221734279390937,1.8222958015902124,1.9508699878908633,0.0339099
-0.5857991695880997,-3.496300274098515,-0.503866662427011,-0.0366298
-0.5857991695880997,-2.9508032406945435,-1.4584864708839627,0.00858856
-0.5857991695880997,-2.2689319489395787,1.8144957295398703,0.0176397
-0.5857991695880997,-2.1325576905885852,1.8144957295398703,0.0164855
-0.5857991695880997,-1.4506863988336205,-2.685854796042899,0.0338755
-0.5857991695880997,0.45855321808028116,0.996250179433912,0.0357743
-0.5857991695880997,0.5949274764312751,0.996250179433912,0.0438867
-0.4494249112371067,-2.8144289823435504,1.5417472128378842,0.00924984
-0.4494249112371067,-2.2689319489395787,1.6781214711888763,0.0144916
-0.4494249112371067,-2.1325576905885852,1.6781214711888763,0.0145652
-0.4494249112371067,0.04943044302730204,-2.1403577626389274,0.0245593
-0.4494249112371067,0.18580470137829597,-2.1403577626389274,0.0212677
-0.4494249112371067,0.322178959729289,-2.1403577626389274,0.018714
-0.4494249112371067,2.3677928349941846,-0.23111814572502531,0.0646515
-0.31305065288611456,-2.5416804656415644,1.5417472128378842,0.00496944
-0.31305065288611456,-2.2689319489395787,-2.4131062793409135,0.0340673
-0.31305065288611456,-1.1779378821316344,1.4053729544868911,0.0177997
-0.31305065288611456,-1.0415636237806414,1.4053729544868911,0.0159131
-0.31305065288611456,-0.08694381532369011,1.2689986961358972,0.0118497
-0.31305065288611456,1.4131730265372333,-2.1403577626389274,0.0330944
-0.31305065288611456,1.9586700599412055,1.2689986961358972,0.0743339
-0.31305065288611456,2.0950443182921976,1.132624437784905,0.0762235
-0.31305065288611456,2.5041670933451767,-1.1857379541819761,0.0582105
-0.31305065288611456,2.5041670933451767,-0.503866662427011,0.0595246
-0.17667639453512063,0.45855321808028116,1.132624437784905,0.0272754
-0.17667639453512063,1.8222958015902124,0.996250179433912,0.0736589
-0.17667639453512063,1.9586700599412055,0.859875921082919,0.0736683
-0.17667639453512063,2.5041670933451767,-0.3674924040760179,0.0570877
-0.04030213618412759,-2.678054723992558,1.5417472128378842,-0.0128676
-0.04030213618412759,-2.5416804656415644,1.5417472128378842,-0.008854
-0.04030213618412759,-2.4053062072905713,-2.0039835042879344,0.025334
-0.04030213618412759,-2.2689319489395787,-2.1403577626389274,0.0295434
-0.04030213618412759,-1.8598091738865996,1.4053729544868911,0.0148811
-0.04030213618412759,-0.7688151070786553,1.4053729544868911,0.0151298
-0.04030213618412759,-0.6324408487276623,1.4053729544868911,0.0132116
-0.04030213618412759,0.8676759931332603,1.132624437784905,0.037242
-0.04030213618412759,1.9586700599412055,0.723501662731926,0.0608459
-0.04030213618412759,2.3677928349941846,0.04163037097696076,0.05394
0.09607212216686456,-4.17817156585348,-0.23111814572502531,-0.0526713
0.09607212216686456,-4.17817156585348,0.31437888767894684,-0.0515319
0.09607212216686456,-3.0871774990455365,1.5417472128378842,-0.0277644
0.09607212216686456,-1.7234349155356061,1.4053729544868911,0.0202452
0.09607212216686456,-0.3596923320256762,-2.1403577626389274,0.0290216
0.09607212216686456,1.2767987681862394,1.132624437784905,0.0397572
0.09607212216686456,1.6859215432392185,-2.1403577626389274,0.036759
0.09607212216686456,1.9586700599412055,-2.0039835042879344,0.0423043
0.2324463805178585,-4.041797307502488,-0.776615179128997,-0.0515973
0.2324463805178585,-3.2235517573965295,-1.4584864708839627,-0.0315301
0.2324463805178585,-2.2689319489395787,-1.7312349875859483,0.020051
0.2324463805178585,-0.3596923320256762,1.4053729544868911,0.015381
0.2324463805178585,-0.22331807367468315,-2.1403577626389274,0.0272939
0.2324463805178585,0.18580470137829597,-2.1403577626389274,0.0295553
0.2324463805178585,1.6859215432392185,-2.1403577626389274,0.0352128
0.2324463805178585,1.9586700599412055,-2.0039835042879344,0.0403228
0.3688206388688515,-2.8144289823435504,-1.5948607292349553,-0.0152207
0.3688206388688515,-2.8144289823435504,1.6781214711888763,-0.0249718
0.3688206388688515,-1.4506863988336205,-2.0039835042879344,0.0297891
0.3688206388688515,0.7313017347822681,1.2689986961358972,0.0218782
0.3688206388688515,0.8676759931332603,1.2689986961358972,0.0222904
0.3688206388688515,1.5495472848882264,1.132624437784905,0.0275268
0.3688206388688515,2.5041670933451767,-1.4584864708839627,0.0475614
0.3688206388688515,2.776915610047163,-1.1857379541819761,0.0471027
0.3688206388688515,3.049664126749149,-1.0493636958309835,0.0453752
0.3688206388688515,3.322412643451135,-0.776615179128997,0.0427992
0.5051948972198437,-4.314545824204473,-0.23111814572502531,-0.0553858
0.5051948972198437,-4.041797307502488,-0.9129894374799901,-0.0520621
0.5051948972198437,-3.6326745324495087,-1.3221122125329692,-0.0442569
0.5051948972198437,-2.9508032406945435,-1.5948607292349553,-0.022617
0.5051948972198437,-1.8598091738865996,-1.7312349875859483,0.0297299
0.5051948972198437,-1.3143121404826275,-2.0039835042879344,0.0263068
0.5051948972198437,0.8676759931332603,-2.27673202098992,0.0242143
0.5051948972198437,2.0950443182921976,-1.8676092459369413,0.0390052
0.5051948972198437,3.458786901802127,-0.23111814572502531,0.0350659
0.6415691555708376,-0.22331807367468315,-2.1403577626389274,0.0226205
0.6415691555708376,0.7313017347822681,-2.27673202098992,0.0227579
0.6415691555708376,1.0040502514842542,-2.27673202098992,0.0226286
0.6415691555708376,2.0950443182921976,0.859875921082919,0.0227715
0.6415691555708376,2.2314185766431915,-1.7312349875859483,0.0392284
0.6415691555708376,3.049664126749149,0.1780046293279538,0.0293922
0.7779434139218306,-2.1325576905885852,1.6781214711888763,0.00291219
0.7779434139218306,-0.08694381532369011,-2.1403577626389274,0.0225844
0.7779434139218306,0.7313017347822681,-2.27673202098992,0.0208753
0.7779434139218306,1.0040502514842542,-2.27673202098992,0.0205577
0.7779434139218306,3.867909676855107,-1.3221122125329692,0.0390605
0.9143176722728228,-3.2235517573965295,1.6781214711888763,-0.0378855
0.9143176722728228,-0.9051893654296483,1.5417472128378842,0.0334357
0.9143176722728228,-0.4960665903766692,1.4053729544868911,0.0329056
0.9143176722728228,0.7313017347822681,-2.27673202098992,0.0186025
0.9143176722728228,0.8676759931332603,-2.27673202098992,0.0183717
0.9143176722728228,2.776915610047163,0.5871274043809329,0.0221255
0.9143176722728228,3.731535418504113,0.1780046293279538,0.0230947
0.9143176722728228,3.867909676855107,0.04163037097696076,0.0251014
0.9143176722728228,4.004283935206101,-1.3221122125329692,0.0373045
1.0506919306238167,-2.9508032406945435,-1.5948607292349553,-0.0234371
1.0506919306238167,-1.9961834322375922,1.6781214711888763,0.0124286
1.0506919306238167,-0.6324408487276623,-2.0039835042879344,0.020422
1.0506919306238167,1.8222958015902124,1.2689986961358972,0.00995284
1.0506919306238167,2.2314185766431915,0.996250179433912,0.0153557
1.0506919306238167,3.731535418504113,0.31437888767894684,0.0193771
1.1870661889748098,-3.3599260157475226,-1.4584864708839627,-0.0370793
1.323440447325802,-4.314545824204473,0.31437888767894684,-0.0578882
1.323440447325802,-2.4053062072905713,1.6781214711888763,-0.00464275
1.323440447325802,-2.1325576905885852,1.6781214711888763,0.00852135
1.323440447325802,-1.9961834322375922,-1.5948607292349553,0.0280263
1.323440447325802,2.776915610047163,-2.0039835042879344,0.0243237
1.323440447325802,2.9132898683981567,0.996250179433912,0.0151277
1.459814705676794,-0.7688151070786553,-1.7312349875859483,0.0296902
1.459814705676794,-0.22331807367468315,1.5417472128378842,0.0260642
1.459814705676794,0.322178959729289,-2.1403577626389274,0.0127038
1.459814705676794,1.2767987681862394,1.5417472128378842,0.00857847
1.459814705676794,2.9132898683981567,1.132624437784905,0.0147164
1.596188964027788,-4.17817156585348,-0.3674924040760179,-0.0551671
1.596188964027788,-1.7234349155356061,1.8144957295398703,0.0134935
1.596188964027788,2.9132898683981567,1.2689986961358972,0.0150146
1.596188964027788,4.004283935206101,0.4507531460299399,0.0131351
1.732563222378782,-3.0871774990455365,-1.3221122125329692,-0.0259956
1.732563222378782,-2.678054723992558,1.5417472128378842,-0.00735634
1.732563222378782,-2.1325576905885852,-1.4584864708839627,0.0235275
1.732563222378782,1.4131730265372333,1.5417472128378842,0.0101085
1.732563222378782,1.8222958015902124,-2.0039835042879344,0.0146644
1.732563222378782,2.0950443182921976,-2.0039835042879344,0.0166689
1.732563222378782,4.140658193557093,0.31437888767894684,0.0131904
1.732563222378782,4.413406710259079,-0.9129894374799901,0.0238302
1.868937480729774,-4.041797307502488,0.4507531460299399,-0.0522169
1.868937480729774,-3.2235517573965295,-1.1857379541819761,-0.0300902
1.868937480729774,-1.8598091738865996,-1.4584864708839627,0.0317772
1.868937480729774,-1.587060657184613,1.9508699878908633,0.00814705
1.868937480729774,-0.6324408487276623,1.9508699878908633,0.00726018
1.868937480729774,0.7313017347822681,-2.1403577626389274,0.00519531
1.868937480729774,2.0950443182921976,1.4053729544868911,0.0126019
1.868937480729774,2.9132898683981567,-2.1403577626389274,0.0156023
1.868937480729774,4.277032451908085,-1.3221122125329692,0.0230249
1.868937480729774,4.413406710259079,-0.503866662427011,0.0190894
2.005311739080768,-3.9054230491514943,-0.3674924040760179,-0.0483546
2.005311739080768,-2.4053062072905713,1.5417472128378842,0.0156626
2.005311739080768,-0.9051893654296483,-1.4584864708839627,0.0356434
2.005311739080768,-0.4960665903766692,-1.4584864708839627,0.0358589
2.005311739080768,-0.08694381532369011,-1.7312349875859483,0.0201212
2.005311739080768,2.5041670933451767,-2.1403577626389274,0.0139333
2.005311739080768,3.049664126749149,-2.1403577626389274,0.0144859
2.14168599743176,-3.2235517573965295,-0.9129894374799901,-0.0272225
2.14168599743176,-0.9051893654296483,-1.4584864708839627,0.0311129
2.14168599743176,2.3677928349941846,1.5417472128378842,0.0155381
2.2780602557827523,-3.6326745324495087,-0.23111814572502531,-0.0372563
2.2780602557827523,-2.2689319489395787,1.6781214711888763,0.0244893
2.2780602557827523,-1.3143121404826275,2.0872442462418554,0.00443769
2.2780602557827523,-0.9051893654296483,-1.4584864708839627,0.026738
2.2780602557827523,-0.3596923320256762,1.9508699878908633,0.0106082
2.2780602557827523,2.2314185766431915,1.5417472128378842,0.0146933
2.2780602557827523,2.776915610047163,1.6781214711888763,0.0196203
2.2780602557827523,3.049664126749149,1.6781214711888763,0.0214432
2.2780602557827523,4.004283935206101,-1.5948607292349553,0.0160915
2.414434514133746,-3.0871774990455365,0.859875921082919,0.00723373
2.414434514133746,-2.9508032406945435,-0.6402409207780044,-0.00729945
2.414434514133746,-1.4506863988336205,-1.4584864708839627,0.0168775
2.414434514133746,-1.3143121404826275,2.0872442462418554,0.00547453
2.414434514133746,4.140658193557093,-1.3221122125329692,0.0151132
2.5508087724847384,-1.8598091738865996,-1.3221122125329692,0.0117756
2.5508087724847384,-1.1779378821316344,2.0872442462418554,0.00524454
2.5508087724847384,-0.9051893654296483,-1.4584864708839627,0.0193458
2.5508087724847384,-0.3596923320256762,-1.4584864708839627,0.0277177
2.5508087724847384,3.322412643451135,1.6781214711888763,0.0243285
2.6871830308357323,-2.8144289823435504,-0.3674924040760179,0.0162413
2.6871830308357323,-0.3596923320256762,1.9508699878908633,0.0103562
2.6871830308357323,0.04943044302730204,-1.5948607292349553,0.0210122
2.6871830308357323,1.6859215432392185,1.4053729544868911,0.0107671
2.6871830308357323,4.277032451908085,0.04163037097696076,0.0122137
2.823557289186726,-2.9508032406945435,0.859875921082919,0.0512013
2.823557289186726,-1.9961834322375922,-1.1857379541819761,0.00774044
2.823557289186726,-1.7234349155356061,-1.3221122125329692,0.00662232
2.823557289186726,0.18580470137829597,-1.5948607292349553,0.01983
2.823557289186726,2.9132898683981567,-2.27673202098992,0.0156313
2.9599315475377184,0.5949274764312751,1.9508699878908633,-0.00103615
2.9599315475377184,1.0040502514842542,1.8144957295398703,-0.00326589
3.0963058058887105,-2.9508032406945435,0.31437888767894684,0.0553193
3.0963058058887105,-2.8144289823435504,-0.09474388737403228,0.0437207
3.0963058058887105,-1.9961834322375922,1.8144957295398703,0.0446943
3.0963058058887105,4.140658193557093,-0.3674924040760179,0.0110688
3.2326800642397044,-2.2689319489395787,-0.776615179128997,0.0171367
3.2326800642397044,-1.8598091738865996,1.8144957295398703,0.0435579
3.2326800642397044,0.5949274764312751,-1.4584864708839627,0.018227
3.2326800642397044,1.4131730265372333,1.6781214711888763,-0.0179099
3.2326800642397044,2.0950443182921976,1.4053729544868911,-0.00212307
3.2326800642397044,4.004283935206101,-1.0493636958309835,0.0121022
3.3690543225906966,-2.8144289823435504,0.996250179433912,0.0779953
3.3690543225906966,-2.5416804656415644,-0.3674924040760179,0.0388461
3.3690543225906966,-2.5416804656415644,1.4053729544868911,0.0743522
3.3690543225906966,0.04943044302730204,2.0872442462418554,-0.0171987
3.3690543225906966,1.8222958015902124,1.4053729544868911,-0.0180639
3.3690543225906966,2.3677928349941846,-2.27673202098992,0.0216222
3.3690543225906966,2.640541351696169,1.5417472128378842,0.00982399
3.3690543225906966,3.186038385100143,1.5417472128378842,0.0194651
3.3690543225906966,4.004283935206101,-0.6402409207780044,0.0103352
3.3690543225906966,4.004283935206101,0.723501662731926,0.0173785
3.5054285809416905,-2.2689319489395787,1.5417472128378842,0.0692012
3.5054285809416905,-0.7688151070786553,1.8144957295398703,-0.00128853
3.5054285809416905,-0.4960665903766692,-1.1857379541819761,0.0191348
3.5054285809416905,0.322178959729289,-1.3221122125329692,0.0172083
3.6418028392926844,-1.4506863988336205,-0.9129894374799901,0.00766108
3.6418028392926844,-1.0415636237806414,1.6781214711888763,0.00885417
3.6418028392926844,1.0040502514842542,-1.1857379541819761,0.00784656
3.6418028392926844,3.458786901802127,-1.8676092459369413,0.0215186
3.7781770976436766,-2.4053062072905713,-0.09474388737403228,0.0555549
3.7781770976436766,-2.1325576905885852,-0.3674924040760179,0.0369024
3.7781770976436766,-1.7234349155356061,-0.6402409207780044,0.0167786
3.7781770976436766,-0.7688151070786553,1.8144957295398703,-0.0144538
3.7781770976436766,0.7313017347822681,-1.1857379541819761,0.00215557
3.7781770976436766,2.5041670933451767,1.132624437784905,-0.00834598
3.7781770976436766,2.776915610047163,-2.1403577626389274,0.0254208
3.7781770976436766,3.731535418504113,-0.23111814572502531,0.0061223
3.9145513559946687,-2.2689319489395787,1.132624437784905,0.0772041
3.9145513559946687,-1.1779378821316344,-0.6402409207780044,0.00884831
3.9145513559946687,-0.9051893654296483,-0.776615179128997,0.00602512
3.9145513559946687,0.45855321808028116,2.2236185045928494,-0.0425159
3.9145513559946687,1.2767987681862394,-1.0493636958309835,-0.00568661
3.9145513559946687,1.5495472848882264,-1.3221122125329692,0.00631201
4.050925614345663,-1.3143121404826275,-0.3674924040760179,0.011976
4.050925614345663,-0.7688151070786553,-0.776615179128997,-0.00102169
4.050925614345663,0.18580470137829597,2.2236185045928494,-0.0445012
4.050925614345663,1.6859215432392185,-1.3221122125329692,0.00612268
4.050925614345663,2.640541351696169,0.5871274043809329,-0.0147192
4.050925614345663,2.776915610047163,0.5871274043809329,-0.00988716
4.187299872696655,-1.0415636237806414,1.5417472128378842,-0.0184978
4.187299872696655,-0.7688151070786553,1.8144957295398703,-0.0327246
4.187299872696655,0.322178959729289,2.2236185045928494,-0.0487369
4.187299872696655,2.2314185766431915,0.4507531460299399,-0.0382624
4.187299872696655,2.776915610047163,0.04163037097696076,-0.0111393
4.323674131047647,-1.0415636237806414,-0.3674924040760179,-0.0106729
4.323674131047647,1.2767987681862394,1.9508699878908633,-0.0547512
4.323674131047647,1.5495472848882264,-0.776615179128997,-0.0279623
4.323674131047647,1.9586700599412055,-0.9129894374799901,-0.00640146
4.460048389398643,1.1404245098352472,-0.9129894374799901,-0.0350252
4.460048389398643,1.4131730265372333,-0.776615179128997,-0.0360834
4.596422647749635,0.7313017347822681,2.0872442462418554,-0.0578765
4.732796906100627,1.5495472848882264,-0.503866662427011,-0.0491103
4.732796906100627,1.9586700599412055,0.4507531460299399,-0.0598795
4.732796906100627,1.9586700599412055,0.5871274043809329,-0.0606929
4.869171164451621,0.7313017347822681,1.9508699878908633,-0.0616073
5.005545422802613,-0.6324408487276623,-0.3674924040760179,-0.0453274
5.278293939504601,-0.7688151070786553,0.4507531460299399,-0.0561434
5.278293939504601,-0.7688151070786553,0.723501662731926,-0.0575994
5.278293939504601,0.04943044302730204,-0.503866662427011,-0.0541999
5.278293939504601,0.7313017347822681,-0.503866662427011,-0.0571891
5.414668197855593,0.322178959729289,-0.3674924040760179,-0.058443
5.414668197855593,0.45855321808028116,-0.3674924040760179,-0.0589306
5.551042456206585,0.04943044302730204,1.132624437784905,-0.0669287
5.551042456206585,0.5949274764312751,1.132624437784905,-0.0673737
5.551042456206585,1.0040502514842542,0.723501662731926,-0.0672777
