-7.08043179369904,1.5743974465899937,-0.4908838287985784,-0.0476375
-7.08043179369904,1.7332162270538234,0.3032100735205674,-0.0513476
-7.08043179369904,1.8920350075176522,-0.33206504833474915,-0.0516121
-6.921613013235211,0.7803035442708479,-0.4908838287985784,-0.0463198
-6.921613013235211,2.3684913489091395,-0.1732462678709199,-0.0571798
-6.921613013235211,2.3684913489091395,-0.014427487407090211,-0.0576567
-6.762794232771382,1.7332162270538234,0.9384851953758853,-0.0474619
-6.6039754523075525,0.4626659833431894,0.6208476344482259,-0.0472923
-6.6039754523075525,2.686128909836798,-0.4908838287985784,-0.0570699
-6.445156671843724,-1.76079694315042,0.4620288539843971,0.0132333
-6.445156671843724,-1.2843406017589318,-0.6497026092624072,-0.0198202
-6.445156671843724,-0.013790358048297868,-0.014427487407090211,-0.0576454
-6.445156671843724,0.7803035442708479,-1.2849777311177242,-0.0453501
-6.286337891379894,-1.76079694315042,-0.6497026092624072,0.00762983
-6.286337891379894,2.527310129372969,-1.126158950653895,-0.0475058
-6.127519110916065,-2.2372532845419077,0.6208476344482259,0.0555988
-6.127519110916065,1.0979411051985055,-1.6026152920453827,-0.0402514
-6.127519110916065,2.2096725684453107,-1.4437965115815534,-0.0408749
-5.9687003304522355,-2.554890845469566,-0.1732462678709199,0.0838116
-5.9687003304522355,-1.6019781626865908,-1.126158950653895,-0.00352962
-5.9687003304522355,1.0979411051985055,1.4149415367673726,-0.021988
-5.9687003304522355,2.527310129372969,1.097303975839714,-0.0402891
-5.809881549988407,-2.554890845469566,-0.4908838287985784,0.0795693
-5.809881549988407,0.4626659833431894,-1.4437965115815534,-0.0414301
-5.809881549988407,0.9391223247346776,1.4149415367673726,-0.0164198
-5.651062769524577,-2.3960720650057366,-0.8085213897262364,0.0610627
-5.651062769524577,-2.3960720650057366,1.097303975839714,0.0627942
-5.651062769524577,-0.49024669943978605,1.5737603172312014,-0.025944
-5.651062769524577,1.415578666126165,-1.761434072509212,-0.0305832
-5.651062769524577,3.162585251228286,0.9384851953758853,-0.0508018
-5.651062769524577,3.3214040316921167,0.3032100735205674,-0.0543982
-5.492243989060748,1.2567598856623352,-1.761434072509212,-0.0275232
-5.492243989060748,2.527310129372969,1.4149415367673726,-0.0243382
-5.492243989060748,3.3214040316921167,-0.1732462678709199,-0.0477576
-5.492243989060748,3.6390415926197726,0.4620288539843971,-0.0579658
-5.492243989060748,3.6390415926197726,0.6208476344482259,-0.0583059
-5.333425208596919,-1.9196157236142488,-1.2849777311177242,0.0208863
-5.333425208596919,0.7803035442708479,1.4149415367673726,0.00731036
-5.333425208596919,2.3684913489091395,1.5737603172312014,-0.0147311
-5.17460642813309,-1.6019781626865908,-1.4437965115815534,0.00857536
-5.17460642813309,0.4626659833431894,-1.4437965115815534,-0.0206737
-5.17460642813309,2.050853787981481,-1.6026152920453827,-0.0131565
-5.17460642813309,3.162585251228286,-0.6497026092624072,-0.0287826
-5.17460642813309,3.4802228121559455,1.5737603172312014,-0.0501299
-5.17460642813309,3.7978603730836014,1.2561227563035438,-0.0558746
-5.17460642813309,3.956679153547432,0.9384851953758853,-0.0582484
-5.01578764766926,3.0037664707644574,1.8913978781588598,-0.0376991
-5.01578764766926,4.115497934011261,0.7796664149120556,-0.0578486
-4.856968867205431,-3.3489847477887116,-0.014427487407090211,0.0544308
-4.856968867205431,-1.6019781626865908,-1.4437965115815534,0.0181056
-4.856968867205431,2.686128909836798,-1.126158950653895,0.00105873
-4.698150086741602,-3.190165967324883,-0.8085213897262364,0.027836
-4.698150086741602,-1.6019781626865908,1.732579097695031,0.0164568
-4.698150086741602,0.14502842241553093,-1.2849777311177242,0.0115117
-4.698150086741602,2.686128909836798,-1.126158950653895,0.00718975
-4.698150086741602,4.2743167144750895,0.7796664149120556,-0.0545602
-4.539331306277773,-0.6490654799036157,1.732579097695031,0.0135031
-4.539331306277773,2.2096725684453107,2.0502166586226895,-0.00963766
-4.380512525813944,-3.5078035282525413,-1.126158950653895,0.00347517
-4.380512525813944,-1.2843406017589318,1.732579097695031,0.0212137
-4.380512525813944,0.4626659833431894,1.5737603172312014,0.0369966
-4.380512525813944,2.3684913489091395,-1.2849777311177242,0.0243006
-4.221693745350114,-3.0313471868610535,1.2561227563035438,0.0188305
-4.221693745350114,-2.713709625933395,1.2561227563035438,0.0317586
-4.221693745350114,-2.3960720650057366,1.2561227563035438,0.0454025
-4.221693745350114,-0.9667030408312742,1.732579097695031,0.0254351
-4.221693745350114,-0.8078842603674445,-1.6026152920453827,0.0273185
-4.221693745350114,-0.8078842603674445,1.732579097695031,0.0253474
-4.221693745350114,-0.6490654799036157,-1.6026152920453827,0.025887
-4.221693745350114,-0.49024669943978605,-1.6026152920453827,0.0240482
-4.062874964886285,-1.6019781626865908,-1.4437965115815534,0.0408487
-4.062874964886285,0.4626659833431894,1.732579097695031,0.0305326
-4.062874964886285,0.6214847638070182,1.732579097695031,0.0324051
-4.062874964886285,3.3214040316921167,-0.9673401701900661,-0.0160631
-3.9040561844224557,-4.143078650107858,0.7796664149120556,0.00925757
-3.9040561844224557,-2.713709625933395,-1.6026152920453827,0.00723845
-3.9040561844224557,-1.76079694315042,-1.4437965115815534,0.041087
-3.9040561844224557,2.527310129372969,2.2090354390865192,-0.0244117
-3.9040561844224557,2.686128909836798,-1.126158950653895,0.0164555
-3.9040561844224557,4.2743167144750895,-0.014427487407090211,-0.0421772
-3.745237403958626,-3.5078035282525413,1.4149415367673726,0.00210495
-3.745237403958626,-1.9196157236142488,1.4149415367673726,0.0459982
-3.745237403958626,2.686128909836798,2.2090354390865192,-0.0284696
-3.586418623494798,-4.460716211035516,0.14439129305673948,0.0335497
-3.586418623494798,3.3214040316921167,2.0502166586226895,-0.0368236
-3.586418623494798,4.2743167144750895,0.7796664149120556,-0.0388889
-3.4275998430309684,-4.301897430571687,0.7796664149120556,0.0252173
-3.4275998430309684,-1.1255218212951021,1.732579097695031,0.0332124
-3.4275998430309684,1.8920350075176522,1.8913978781588598,-0.00214728
-3.2687810625671396,-3.6666223087163705,-1.6026152920453827,0.0158472
-3.2687810625671396,-3.190165967324883,-1.761434072509212,0.00949784
-3.2687810625671396,-2.554890845469566,1.5737603172312014,0.0184342
-3.2687810625671396,-1.1255218212951021,1.732579097695031,0.0317446
-3.2687810625671396,2.527310129372969,-0.9673401701900661,0.0229315
-3.2687810625671396,2.527310129372969,2.0502166586226895,-0.0257353
-3.10996228210331,-3.6666223087163705,-1.6026152920453827,0.0220447
-3.10996228210331,-3.190165967324883,-1.761434072509212,0.0140189
-3.10996228210331,-1.1255218212951021,1.732579097695031,0.0300336
-3.10996228210331,-0.9667030408312742,1.732579097695031,0.029562
-3.10996228210331,1.7332162270538234,-1.4437965115815534,0.025826
-2.9511435016394802,-3.0313471868610535,-1.761434072509212,0.0185336
-2.9511435016394802,-2.8725284063972243,-1.761434072509212,0.0187731
-2.9511435016394802,0.7803035442708479,-1.761434072509212,0.0141646
-2.7923247211756514,-2.2372532845419077,1.5737603172312014,0.0301862
-2.7923247211756514,-0.013790358048297868,-1.6026152920453827,0.024582
-2.7923247211756514,0.7803035442708479,-1.761434072509212,0.0140509
-2.7923247211756514,0.9391223247346776,-1.761434072509212,0.0138497
-2.7923247211756514,1.5743974465899937,-1.6026152920453827,0.0186472
-2.7923247211756514,2.686128909836798,1.732579097695031,-0.0259087
-2.6335059407118218,-4.6195349914993455,-0.1732462678709199,0.105569
-2.6335059407118218,1.0979411051985055,-1.761434072509212,0.0138348
-2.6335059407118218,2.3684913489091395,-1.126158950653895,0.0257715
-2.474687160247993,-4.460716211035516,0.4620288539843971,0.0974684
-2.315868379784164,-2.554890845469566,-1.6026152920453827,0.0408908
-2.315868379784164,-1.4431593822227615,-1.9202528529730412,0.0185721
-2.315868379784164,-0.17260913851212756,-1.6026152920453827,0.0248184
-2.315868379784164,2.2096725684453107,1.4149415367673726,0.00480316
-2.315868379784164,3.162585251228286,-0.33206504833474915,0.0215282
-2.1570495993203345,-1.6019781626865908,-1.9202528529730412,0.019435
-2.1570495993203345,0.4626659833431894,1.732579097695031,0.0151925
-2.1570495993203345,2.3684913489091395,-1.2849777311177242,0.0241437
-1.9982308188565057,-0.8078842603674445,1.5737603172312014,0.0221101
-1.9982308188565057,-0.33142791897595636,-1.761434072509212,0.0177862
-1.839412038392676,-2.8725284063972243,-1.2849777311177242,0.0681988
-1.839412038392676,1.2567598856623352,1.732579097695031,0.0133448
-1.6805932579288463,-3.0313471868610535,-1.126158950653895,0.0820633
-1.6805932579288463,-2.8725284063972243,0.9384851953758853,0.0632358
-1.6805932579288463,1.0979411051985055,1.732579097695031,0.0135397
-1.6805932579288463,1.7332162270538234,-1.6026152920453827,0.0178615
-1.6805932579288463,2.8449476903006286,0.9384851953758853,0.0297874
-1.5217744774650184,-3.8254410891801998,0.3032100735205674,0.122958
-1.5217744774650184,-3.190165967324883,0.6208476344482259,0.0886585
-1.5217744774650184,2.527310129372969,-1.126158950653895,0.0317579
-1.5217744774650184,3.162585251228286,0.3032100735205674,0.0420783
-1.3629556970011887,-3.3489847477887116,-0.6497026092624072,0.107908
-1.3629556970011887,-3.3489847477887116,0.3032100735205674,0.104794
-1.3629556970011887,-3.190165967324883,-0.8085213897262364,0.0947861
-1.3629556970011887,-2.8725284063972243,0.7796664149120556,0.0659731
-1.3629556970011887,-1.76079694315042,1.5737603172312014,0.0219821
-1.204136916537359,-3.3489847477887116,-0.1732462678709199,0.104918
-1.204136916537359,-3.190165967324883,0.3032100735205674,0.0896942
-1.204136916537359,1.0979411051985055,-1.761434072509212,0.0145425
-1.204136916537359,2.050853787981481,1.2561227563035438,0.0270882
-1.0453181360735302,2.8449476903006286,0.4620288539843971,0.0467525
-0.8864993556097005,-0.9667030408312742,1.5737603172312014,0.0178666
-0.8864993556097005,0.4626659833431894,-1.9202528529730412,0.0135379
-0.8864993556097005,2.050853787981481,-1.126158950653895,0.0338721
-0.8864993556097005,2.2096725684453107,0.9384851953758853,0.0374501
-0.8864993556097005,2.686128909836798,-0.4908838287985784,0.0472082
-0.7276805751458717,2.2096725684453107,-0.9673401701900661,0.0386459
-0.7276805751458717,2.3684913489091395,-0.8085213897262364,0.0421287
-0.7276805751458717,2.686128909836798,-0.014427487407090211,0.0506987
-0.5688617946820429,-3.190165967324883,0.14439129305673948,0.0617048
-0.5688617946820429,-2.554890845469566,-1.4437965115815534,0.0378393
-0.5688617946820429,-1.2843406017589318,1.4149415367673726,0.0231476
-0.5688617946820429,-1.1255218212951021,-1.761434072509212,0.0232627
-0.5688617946820429,2.527310129372969,0.3032100735205674,0.0495096
-0.4100430142182132,-3.0313471868610535,-0.9673401701900661,0.0460793
-0.4100430142182132,-2.713709625933395,0.7796664149120556,0.0430193
-0.4100430142182132,0.14502842241553093,-1.9202528529730412,0.0161742
-0.4100430142182132,0.14502842241553093,1.5737603172312014,0.0196828
-0.4100430142182132,0.30384720287935973,1.5737603172312014,0.0199547
-0.2512242337543844,-1.9196157236142488,1.097303975839714,0.0314232
-0.2512242337543844,-0.9667030408312742,-1.6026152920453827,0.0302744
-0.2512242337543844,1.5743974465899937,-1.6026152920453827,0.0209546
-0.2512242337543844,2.3684913489091395,0.6208476344482259,0.0441324
-0.09240545329055472,-3.0313471868610535,-0.9673401701900661,0.0269052
-0.09240545329055472,2.050853787981481,0.9384851953758853,0.0371748
-0.09240545329055472,2.2096725684453107,-1.2849777311177242,0.0258356
0.06641332717327408,-3.0313471868610535,-1.126158950653895,0.0124668
0.06641332717327408,-2.8725284063972243,0.4620288539843971,0.0288144
0.06641332717327408,-2.3960720650057366,0.7796664149120556,0.0313912
0.06641332717327408,-1.6019781626865908,0.9384851953758853,0.0357351
0.22523210763710466,-3.5078035282525413,-0.4908838287985784,0.000606197
0.22523210763710466,-2.8725284063972243,-1.4437965115815534,0.00171356
0.22523210763710466,-2.2372532845419077,-1.6026152920453827,0.0113921
0.22523210763710466,-0.17260913851212756,-1.9202528529730412,0.0149871
0.38405088810093346,-2.8725284063972243,0.6208476344482259,0.00956423
0.38405088810093346,-1.1255218212951021,0.9384851953758853,0.0399569
0.38405088810093346,-0.8078842603674445,1.097303975839714,0.0338179
0.38405088810093346,2.8449476903006286,-0.1732462678709199,0.0381492
0.5428696685647623,-3.6666223087163705,0.14439129305673948,-0.0131004
0.5428696685647623,-1.9196157236142488,0.9384851953758853,0.0252294
0.5428696685647623,1.0979411051985055,-1.9202528529730412,-0.000178874
0.7016884490285928,-3.9842598696440286,-0.8085213897262364,-0.0274889
0.7016884490285928,-3.8254410891801998,0.14439129305673948,-0.0204968
0.7016884490285928,-2.554890845469566,0.9384851953758853,0.00497999
0.7016884490285928,-0.6490654799036157,-1.9202528529730412,0.0196394
0.7016884490285928,-0.013790358048297868,-2.07907163343687,0.00550774
0.7016884490285928,0.4626659833431894,-2.07907163343687,-0.000427301
0.7016884490285928,1.0979411051985055,-1.9202528529730412,-0.00501809
0.7016884490285928,1.0979411051985055,1.4149415367673726,0.0223898
0.8605072294924216,-3.6666223087163705,-1.6026152920453827,-0.0299499
0.8605072294924216,-3.190165967324883,-1.9202528529730412,-0.0241692
0.8605072294924216,-1.9196157236142488,1.097303975839714,0.0197493
0.8605072294924216,1.0979411051985055,-1.9202528529730412,-0.0101507
0.8605072294924216,2.2096725684453107,0.7796664149120556,0.0325315
0.8605072294924216,2.527310129372969,-1.126158950653895,-0.0102736
0.8605072294924216,2.686128909836798,0.14439129305673948,0.0303354
1.0193260099562487,-3.8254410891801998,0.4620288539843971,-0.026389
1.0193260099562487,-2.554890845469566,1.097303975839714,-0.000582194
1.0193260099562487,-0.9667030408312742,1.2561227563035438,0.0316286
1.1781447904200775,-3.9842598696440286,-1.4437965115815534,-0.0389573
1.336963570883908,-4.301897430571687,-0.4908838287985784,-0.0423987
1.336963570883908,-3.8254410891801998,0.6208476344482259,-0.0304389
1.336963570883908,-2.554890845469566,-2.2378904139006996,-0.0205868
1.336963570883908,-2.3960720650057366,-2.2378904139006996,-0.0175358
1.336963570883908,-1.9196157236142488,1.2561227563035438,0.0170669
1.336963570883908,-0.8078842603674445,-2.07907163343687,0.0185391
1.336963570883908,1.5743974465899937,0.9384851953758853,0.0278618
1.4957823513477368,-2.2372532845419077,1.2561227563035438,0.0058612
1.4957823513477368,1.7332162270538234,-2.396709194364529,-0.0519852
1.4957823513477368,1.8920350075176522,-2.396709194364529,-0.0545634
1.6546011318115657,-4.301897430571687,-0.1732462678709199,-0.0446542
1.6546011318115657,-1.9196157236142488,-2.2378904139006996,-0.00808084
1.6546011318115657,-0.6490654799036157,-2.07907163343687,0.0191504
1.6546011318115657,1.2567598856623352,-2.396709194364529,-0.0417481
1.6546011318115657,1.415578666126165,0.9384851953758853,0.0297647
1.6546011318115657,2.3684913489091395,-2.396709194364529,-0.0603388
1.8134199122753962,-4.301897430571687,-0.1732462678709199,-0.0458258
1.8134199122753962,-0.8078842603674445,1.732579097695031,0.0404368
1.8134199122753962,-0.33142791897595636,-2.07907163343687,0.0170882
1.8134199122753962,-0.013790358048297868,1.5737603172312014,0.027834
1.8134199122753962,3.162585251228286,-0.4908838287985784,-0.0429881
1.972238692739225,-4.301897430571687,-0.8085213897262364,-0.0492661
1.972238692739225,-3.3489847477887116,-2.07907163343687,-0.0371759
1.972238692739225,-1.1255218212951021,-2.07907163343687,0.0164591
1.972238692739225,-0.49024669943978605,1.8913978781588598,0.0386742
1.972238692739225,2.2096725684453107,0.4620288539843971,0.00290773
1.972238692739225,3.162585251228286,-0.33206504833474915,-0.0424964
2.131057473203054,-4.143078650107858,0.14439129305673948,-0.043817
2.131057473203054,-2.2372532845419077,1.2561227563035438,0.00859256
2.131057473203054,0.14502842241553093,-2.07907163343687,0.0130805
2.131057473203054,0.4626659833431894,1.4149415367673726,0.0307442
2.131057473203054,1.0979411051985055,-2.555527974828358,-0.038336
2.131057473203054,3.0037664707644574,-0.014427487407090211,-0.0360612
2.2898762536668844,-1.76079694315042,1.8913978781588598,0.0362443
2.2898762536668844,-0.49024669943978605,-1.9202528529730412,0.0276762
2.2898762536668844,0.14502842241553093,1.732579097695031,0.0339674
2.2898762536668844,1.415578666126165,-2.714346755292187,-0.0474705
2.448695034130713,-3.9842598696440286,-1.2849777311177242,-0.0473491
2.448695034130713,-2.078434504078078,-2.07907163343687,-0.0148124
2.448695034130713,-1.76079694315042,2.0502166586226895,0.0366645
2.607513814594542,-3.5078035282525413,0.6208476344482259,-0.0312663
2.607513814594542,0.4626659833431894,-2.2378904139006996,-0.000448083
2.607513814594542,1.8920350075176522,0.7796664149120556,0.0175403
2.7663325950583726,0.4626659833431894,1.8913978781588598,0.0325496
2.9251513755222014,-2.713709625933395,-1.761434072509212,-0.027642
2.9251513755222014,-2.2372532845419077,-1.761434072509212,-0.0181914
2.9251513755222014,-2.078434504078078,1.8913978781588598,0.0287241
2.9251513755222014,-1.4431593822227615,-1.6026152920453827,0.00759346
2.9251513755222014,1.0979411051985055,1.4149415367673726,0.0254685
2.9251513755222014,3.0037664707644574,-2.2378904139006996,-0.0612045
2.9251513755222014,3.3214040316921167,-1.761434072509212,-0.0616832
3.0839701559860284,0.14502842241553093,3.161948121869494,0.0231799
3.0839701559860284,1.0979411051985055,1.5737603172312014,0.0245577
3.0839701559860284,1.2567598856623352,1.4149415367673726,0.020912
3.0839701559860284,2.527310129372969,-2.555527974828358,-0.057293
3.242788936449859,-3.190165967324883,-0.014427487407090211,-0.0273166
3.242788936449859,-3.0313471868610535,0.14439129305673948,-0.0227451
3.242788936449859,-1.9196157236142488,-1.2849777311177242,-0.00792899
3.242788936449859,-0.9667030408312742,3.003129341405665,0.0300666
3.242788936449859,0.7803035442708479,3.4795856827971523,0.0263979
3.401607716913688,-2.3960720650057366,-0.9673401701900661,-0.0171398
3.401607716913688,-1.2843406017589318,3.003129341405665,0.0315874
3.401607716913688,0.7803035442708479,3.638404463260981,0.0252433
3.401607716913688,2.2096725684453107,-2.555527974828358,-0.0499313
3.401607716913688,2.686128909836798,0.14439129305673948,-0.0298471
3.5604264973775166,-2.2372532845419077,-0.1732462678709199,-0.001675
3.5604264973775166,-2.078434504078078,-0.33206504833474915,-7.36906e-06
3.5604264973775166,-1.9196157236142488,2.2090354390865192,0.0322539
3.5604264973775166,-1.4431593822227615,3.161948121869494,0.0325427
3.5604264973775166,-1.1255218212951021,-1.126158950653895,0.00383532
3.5604264973775166,-0.17260913851212756,3.797223243724811,0.020006
3.5604264973775166,0.9391223247346776,-2.2378904139006996,-0.0114132
3.5604264973775166,3.162585251228286,-1.6026152920453827,-0.0560834
3.7192452778413454,-2.3960720650057366,0.14439129305673948,0.00504373
3.7192452778413454,-1.1255218212951021,-1.126158950653895,0.000382825
3.7192452778413454,-0.8078842603674445,3.9560420241886396,0.0291701
3.7192452778413454,-0.33142791897595636,3.9560420241886396,0.0224814
3.7192452778413454,0.4626659833431894,-1.9202528529730412,0.0127915
3.7192452778413454,1.0979411051985055,-2.2378904139006996,-0.0130423
3.7192452778413454,1.7332162270538234,3.3207669023333226,0.0349273
3.7192452778413454,2.050853787981481,0.6208476344482259,0.00282954
3.7192452778413454,3.162585251228286,-1.126158950653895,-0.0517647
4.036882838769005,-0.17260913851212756,-1.761434072509212,0.00583839
4.195701619232834,-1.9196157236142488,2.526673000014177,0.0322632
4.195701619232834,-0.17260913851212756,-1.761434072509212,0.00674901
4.195701619232834,1.2567598856623352,-2.2378904139006996,0.00262043
4.195701619232834,1.5743974465899937,3.638404463260981,0.0298292
4.195701619232834,2.050853787981481,-2.2378904139006996,-0.00813089
4.195701619232834,2.3684913489091395,-2.07907163343687,-0.0130433
4.195701619232834,2.527310129372969,-0.014427487407090211,-0.00652516
4.195701619232834,2.8449476903006286,-0.8085213897262364,-0.0243236
4.354520399696664,-0.9667030408312742,4.273679585116299,0.0351369
4.354520399696664,-0.6490654799036157,-1.6026152920453827,0.00442285
4.354520399696664,-0.33142791897595636,4.273679585116299,0.0256532
4.354520399696664,1.0979411051985055,-2.2378904139006996,0.0087786
4.354520399696664,1.5743974465899937,3.638404463260981,0.0282796
4.354520399696664,2.050853787981481,2.8443105609418353,0.0307694
4.354520399696664,2.686128909836798,-1.761434072509212,-0.00714245
4.354520399696664,2.8449476903006286,-0.8085213897262364,-0.0145915
4.513339180160493,-2.078434504078078,2.0502166586226895,0.0304602
4.513339180160493,2.050853787981481,2.6854917804780065,0.0283947
4.513339180160493,2.527310129372969,0.6208476344482259,0.0110405
4.513339180160493,2.8449476903006286,-0.6497026092624072,-0.00738746
4.672157960624322,-2.713709625933395,0.6208476344482259,0.0276848
4.672157960624322,-1.4431593822227615,-0.6497026092624072,0.0151002
4.672157960624322,-1.2843406017589318,-0.8085213897262364,0.01106
4.672157960624322,-1.1255218212951021,-1.4437965115815534,0.0113983
4.672157960624322,-0.17260913851212756,-2.07907163343687,0.015505
4.672157960624322,0.4626659833431894,-2.07907163343687,0.0153374
4.672157960624322,0.7803035442708479,3.9560420241886396,0.0185099
4.672157960624322,1.8920350075176522,1.8913978781588598,0.0221085
4.830976741088152,-1.76079694315042,-0.4908838287985784,0.0211545
4.830976741088152,-1.4431593822227615,-0.6497026092624072,0.0164397
4.830976741088152,1.0979411051985055,3.797223243724811,0.0200119
4.830976741088152,1.2567598856623352,-2.396709194364529,0.0150878
4.830976741088152,2.686128909836798,0.7796664149120556,0.0170761
4.830976741088152,2.8449476903006286,-0.1732462678709199,0.00248261
4.989795521551981,-0.9667030408312742,-2.396709194364529,0.0244496
4.989795521551981,1.2567598856623352,3.638404463260981,0.0201884
4.989795521551981,1.8920350075176522,2.367854219550347,0.0216927
5.148614302015808,-1.9196157236142488,2.8443105609418353,0.0293476
5.148614302015808,-1.6019781626865908,-1.6026152920453827,0.0191811
5.148614302015808,-1.6019781626865908,-1.4437965115815534,0.0176225
5.148614302015808,0.7803035442708479,3.797223243724811,0.0181367
5.307433082479639,-2.3960720650057366,1.097303975839714,0.0331068
5.307433082479639,-1.76079694315042,-0.33206504833474915,0.0233459
5.307433082479639,-1.6019781626865908,-0.6497026092624072,0.0166531
5.307433082479639,0.9391223247346776,3.638404463260981,0.0181726
5.307433082479639,1.7332162270538234,2.526673000014177,0.0193309
5.307433082479639,2.527310129372969,1.2561227563035438,0.0286213
5.307433082479639,2.686128909836798,-1.761434072509212,0.0195245
5.4662518629434675,-2.2372532845419077,1.097303975839714,0.0335339
5.4662518629434675,-1.76079694315042,-1.4437965115815534,0.0183144
5.4662518629434675,-1.76079694315042,2.8443105609418353,0.0263378
5.4662518629434675,-0.9667030408312742,-2.714346755292187,0.027072
5.4662518629434675,-0.013790358048297868,3.9560420241886396,0.0200238
5.4662518629434675,2.8449476903006286,-0.6497026092624072,0.0107278
5.625070643407296,-2.078434504078078,0.9384851953758853,0.0338386
5.625070643407296,-1.76079694315042,1.4149415367673726,0.0311702
5.625070643407296,-1.6019781626865908,-2.2378904139006996,0.026489
5.625070643407296,-0.6490654799036157,3.9560420241886396,0.0247562
5.625070643407296,2.050853787981481,1.5737603172312014,0.031676
5.625070643407296,2.527310129372969,1.2561227563035438,0.0310396
5.783889423871127,-1.76079694315042,-0.8085213897262364,0.0139653
5.783889423871127,-1.76079694315042,-0.014427487407090211,0.0251603
5.783889423871127,-1.76079694315042,0.9384851953758853,0.0332887
5.783889423871127,-1.1255218212951021,-2.714346755292187,0.0272718
5.783889423871127,-0.49024669943978605,-2.8731655357560166,0.0218813
5.783889423871127,-0.49024669943978605,3.797223243724811,0.0213455
5.783889423871127,1.2567598856623352,-2.2378904139006996,0.0178745
5.942708204334956,-1.2843406017589318,3.003129341405665,0.0210397
5.942708204334956,-0.33142791897595636,-2.8731655357560166,0.0190611
5.942708204334956,-0.33142791897595636,3.638404463260981,0.019045
5.942708204334956,1.5743974465899937,1.732579097695031,0.0299041
6.1015269847987845,-0.33142791897595636,3.4795856827971523,0.0188081
6.1015269847987845,1.5743974465899937,1.5737603172312014,0.0322319
6.1015269847987845,2.686128909836798,-0.1732462678709199,0.0196402
6.260345765262615,-1.2843406017589318,-2.555527974828358,0.0242403
6.260345765262615,-1.1255218212951021,1.097303975839714,0.0352783
6.260345765262615,-0.9667030408312742,1.2561227563035438,0.0340552
6.260345765262615,-0.33142791897595636,3.3207669023333226,0.0197656
6.260345765262615,2.3684913489091395,-0.6497026092624072,0.0218304
6.419164545726444,-1.6019781626865908,-2.07907163343687,0.0206395
6.419164545726444,-0.33142791897595636,3.161948121869494,0.0216924
6.419164545726444,2.050853787981481,-1.126158950653895,0.0247892
6.419164545726444,2.050853787981481,1.097303975839714,0.033002
6.419164545726444,2.2096725684453107,-0.6497026092624072,0.0239929
6.577983326190273,-1.76079694315042,-0.8085213897262364,0.013774
6.577983326190273,-0.6490654799036157,1.4149415367673726,0.0350846
6.577983326190273,-0.49024669943978605,2.8443105609418353,0.0247947
6.577983326190273,0.7803035442708479,2.8443105609418353,0.0299218
6.577983326190273,1.8920350075176522,0.9384851953758853,0.0316191
6.577983326190273,2.050853787981481,-0.6497026092624072,0.0254058
6.7368021066541015,-1.4431593822227615,0.7796664149120556,0.0361541
6.7368021066541015,-1.2843406017589318,-2.2378904139006996,0.0177863
6.7368021066541015,-0.33142791897595636,2.6854917804780065,0.0290441
6.7368021066541015,0.7803035442708479,1.732579097695031,0.0384548
6.7368021066541015,0.7803035442708479,2.526673000014177,0.0345342
6.7368021066541015,1.7332162270538234,0.6208476344482259,0.0286562
6.895620887117932,-1.76079694315042,-0.33206504833474915,0.0209518
6.895620887117932,-1.76079694315042,-0.014427487407090211,0.0260376
6.895620887117932,0.14502842241553093,1.732579097695031,0.0390836
6.895620887117932,0.14502842241553093,2.526673000014177,0.0348004
6.895620887117932,0.4626659833431894,1.8913978781588598,0.0394989
6.895620887117932,0.6214847638070182,0.7796664149120556,0.0258555
7.054439667581759,-1.4431593822227615,-1.2849777311177242,0.0127008
7.054439667581759,-0.17260913851212756,1.097303975839714,0.0327277
7.054439667581759,0.9391223247346776,0.4620288539843971,0.0225771
7.054439667581759,1.8920350075176522,-1.2849777311177242,0.0271191
7.054439667581759,1.8920350075176522,-0.9673401701900661,0.0263145
7.213258448045588,0.30384720287935973,0.7796664149120556,0.0246058
7.213258448045588,1.7332162270538234,-1.761434072509212,0.028668
7.3720772285094185,0.9391223247346776,-2.396709194364529,0.0244169
7.3720772285094185,1.415578666126165,-0.1732462678709199,0.02227
7.530896008973247,-1.1255218212951021,-0.9673401701900661,0.014201
7.530896008973247,-0.8078842603674445,-1.6026152920453827,0.0130688
7.530896008973247,0.4626659833431894,-2.396709194364529,0.0213509
7.530896008973247,1.7332162270538234,-1.4437965115815534,0.0315884
7.689714789437076,-0.17260913851212756,-2.07907163343687,0.0166026
7.689714789437076,0.14502842241553093,-2.2378904139006996,0.0199096
7.689714789437076,0.9391223247346776,-2.2378904139006996,0.0286638
7.848533569900907,-0.8078842603674445,-0.33206504833474915,0.0176743
7.848533569900907,-0.8078842603674445,-0.1732462678709199,0.0193969
8.007352350364735,0.9391223247346776,-1.9202528529730412,0.0324156
8.166171130828564,-0.013790358048297868,-1.2849777311177242,0.0210604
8.166171130828564,0.7803035442708479,-0.6497026092624072,0.0248813
