-8.990656209397589,-1.4032842920457314,0.026596975666365985,0.0549186
-8.990656209397589,0.12719462131861192,-0.1434562369296719,0.0439979
-8.82060299680155,-1.2332310794496935,-0.9937222999098623,0.0436737
-8.82060299680155,-0.21291180387346387,0.5367566134544806,0.0469253
-8.82060299680155,-0.04285859127742597,-1.163775512505901,0.0469479
-8.82060299680155,0.9774606842988032,0.026596975666365985,0.0501799
-8.650549784205513,-0.38296501646950176,-1.5038819376979773,0.0445977
-8.650549784205513,-0.21291180387346387,-1.5038819376979773,0.0455148
-8.480496571609475,0.2972478339146507,0.7068098260505193,0.0462741
-8.310443359013437,-1.4032842920457314,0.8768630386465572,0.0591396
-8.310443359013437,1.4876203220869186,-1.3338287251019394,0.0486408
-8.140390146417399,-2.0834971424298843,-0.3135094495257098,0.0478192
-8.140390146417399,-2.0834971424298843,-0.1434562369296719,0.0501556
-8.140390146417399,-1.7433907172378076,-1.163775512505901,0.0359722
-7.970336933821359,-1.7433907172378076,0.7068098260505193,0.0575358
-7.970336933821359,-0.7230714416615784,1.3870226764346727,0.0620469
-7.970336933821359,0.2972478339146507,1.7271291016267485,0.0561264
-7.970336933821359,0.4673010465106886,1.0469162512425951,0.0543255
-7.970336933821359,1.4876203220869186,0.5367566134544806,0.0573027
-7.970336933821359,1.9977799598750332,-0.4835626621217477,0.0586562
-7.8002837212253215,-1.5733375046417697,-1.6739351502940156,0.0319701
-7.8002837212253215,-1.5733375046417697,0.8768630386465572,0.0580491
-7.8002837212253215,-1.0631778668536551,-2.3541480006781685,0.0414541
-7.8002837212253215,0.8074074717027653,1.0469162512425951,0.0553225
-7.8002837212253215,1.8277267472789944,0.19665018826240477,0.0602004
-7.630230508629284,-2.0834971424298843,0.026596975666365985,0.0472556
-7.630230508629284,-0.7230714416615784,2.7474483772029776,0.0636999
-7.630230508629284,-0.38296501646950176,-2.6942544258702448,0.0454452
-7.630230508629284,1.9977799598750332,-0.8236690873138244,0.0546815
-7.460177296033245,-1.7433907172378076,-1.5038819376979773,0.0289143
-7.290124083437207,-1.9134439298338464,-0.9937222999098623,0.031086
-7.290124083437207,-0.38296501646950176,3.087554802395055,0.059306
-7.290124083437207,1.147513896894841,2.407341952010901,0.0499798
-7.120070870841168,-1.9134439298338464,-0.8236690873138244,0.0328056
-7.120070870841168,0.4673010465106886,-2.524201213274207,0.0373788
-7.120070870841168,1.4876203220869186,2.407341952010901,0.0520596
-7.120070870841168,1.6576735346829565,0.7068098260505193,0.0601182
-6.95001765824513,1.8277267472789944,-0.3135094495257098,0.0555195
-6.95001765824513,2.167833172471071,1.5570758890307106,0.0608641
-6.779964445649092,1.6576735346829565,0.36670340085844266,0.0601599
-6.609911233053054,-1.7433907172378076,-0.9937222999098623,0.0299156
-6.609911233053054,-1.5733375046417697,1.0469162512425951,0.0449156
-6.609911233053054,0.2972478339146507,-2.524201213274207,0.029282
-6.439858020457016,-1.5733375046417697,1.216969463838633,0.0460159
-6.439858020457016,-1.2332310794496935,-2.524201213274207,-0.00450707
-6.269804807860978,0.12719462131861192,-2.524201213274207,0.0105791
-6.269804807860978,0.6373542591067265,3.087554802395055,0.0566739
-6.099751595264939,-1.4032842920457314,2.407341952010901,0.0478717
-6.099751595264939,-0.7230714416615784,3.087554802395055,0.0492551
-6.099751595264939,1.147513896894841,-1.163775512505901,0.0397774
-6.099751595264939,1.6576735346829565,0.19665018826240477,0.0517144
-5.929698382668901,-2.0834971424298843,-1.3338287251019394,0.000620196
-5.929698382668901,-1.5733375046417697,1.3870226764346727,0.0479228
-5.929698382668901,0.12719462131861192,-2.6942544258702448,-0.0118593
-5.929698382668901,0.8074074717027653,-1.5038819376979773,0.0368943
-5.929698382668901,1.317567109490879,2.9175015897990155,0.054253
-5.929698382668901,2.337886385067109,1.0469162512425951,0.0627049
-5.759645170072863,-2.0834971424298843,-0.9937222999098623,0.015209
-5.759645170072863,0.8074074717027653,-1.5038819376979773,0.0358165
-5.589591957476825,-0.7230714416615784,3.087554802395055,0.0511067
-5.589591957476825,1.4876203220869186,-0.4835626621217477,0.0390944
-5.589591957476825,1.9977799598750332,0.7068098260505193,0.0586497
-5.589591957476825,2.167833172471071,2.237288739414863,0.0593213
-5.419538744880787,0.2972478339146507,-2.864307638466283,-0.0206937
-5.419538744880787,1.317567109490879,-0.8236690873138244,0.0415883
-5.419538744880787,2.167833172471071,2.067235526818825,0.059157
-5.249485532284749,-2.2535503550259226,-0.8236690873138244,0.0243852
-5.249485532284749,-0.21291180387346387,3.257608014991093,0.0557646
-5.249485532284749,0.9774606842988032,2.9175015897990155,0.0546308
-5.249485532284749,1.6576735346829565,0.5367566134544806,0.0557818
-5.249485532284749,2.167833172471071,1.5570758890307106,0.0592067
-5.079432319688711,0.6373542591067265,-2.524201213274207,-0.00969405
-4.909379107092672,-0.5530182290655405,-3.3744672762543977,-0.031526
-4.909379107092672,1.4876203220869186,-0.4835626621217477,0.0546211
-4.739325894496634,-1.4032842920457314,1.7271291016267485,0.0692617
-4.569272681900596,2.337886385067109,0.026596975666365985,0.0529333
-4.399219469304558,-2.0834971424298843,-0.1434562369296719,0.0703565
-4.399219469304558,-1.9134439298338464,1.0469162512425951,0.0657935
-4.399219469304558,0.2972478339146507,2.9175015897990155,0.0637461
-4.399219469304558,1.8277267472789944,-1.163775512505901,0.0568181
-4.399219469304558,1.9977799598750332,1.5570758890307106,0.0558459
-4.229166256708519,-2.423603567621961,-1.5038819376979773,0.0200111
-4.229166256708519,-2.0834971424298843,-0.1434562369296719,0.0725966
-4.229166256708519,-1.0631778668536551,2.237288739414863,0.0737026
-4.229166256708519,0.8074074717027653,-1.8439883628900535,0.0280581
-4.229166256708519,1.6576735346829565,-1.3338287251019394,0.0553006
-4.059113044112481,-1.5733375046417697,-3.034360851062321,-0.0121354
-4.059113044112481,-1.0631778668536551,-3.2044140636583593,-0.017826
-4.059113044112481,0.4673010465106886,-2.524201213274207,-0.00112236
-4.059113044112481,0.6373542591067265,-2.18409478808213,0.0127246
-4.059113044112481,0.6373542591067265,2.407341952010901,0.066831
-4.059113044112481,2.337886385067109,1.5570758890307106,0.0519051
-4.059113044112481,2.507939597663147,0.8768630386465572,0.0449015
-3.889059831516443,1.317567109490879,-1.5038819376979773,0.05288
-3.719006618920404,-2.2535503550259226,-0.8236690873138244,0.0709126
-3.719006618920404,-0.5530182290655405,2.237288739414863,0.0710972
-3.548953406324366,-1.2332310794496935,-2.864307638466283,0.019234
-3.548953406324366,-0.5530182290655405,-2.864307638466283,0.00586952
-3.548953406324366,2.6779928102591857,1.0469162512425951,0.0420785
-3.3789001937283283,-2.2535503550259226,0.026596975666365985,0.0711087
-3.3789001937283283,0.6373542591067265,2.407341952010901,0.0563487
-3.3789001937283283,2.6779928102591857,1.216969463838633,0.0418309
-3.2088469811322904,-1.7433907172378076,1.8971823142227873,0.0529024
-3.2088469811322904,-0.8931246542576163,-2.6942544258702448,0.0485392
-3.2088469811322904,-0.21291180387346387,2.067235526818825,0.0580095
-3.2088469811322904,0.6373542591067265,2.407341952010901,0.0522814
-3.2088469811322904,1.147513896894841,2.5773951646069397,0.0527667
-3.2088469811322904,1.317567109490879,-1.8439883628900535,0.052373
-3.2088469811322904,1.4876203220869186,2.5773951646069397,0.0532614
-3.0387937685362516,-1.0631778668536551,-2.6942544258702448,0.0679087
-3.0387937685362516,2.6779928102591857,1.216969463838633,0.0392078
-3.0387937685362516,2.8480460228552236,0.36670340085844266,0.0409513
-2.8687405559402137,-1.7433907172378076,1.7271291016267485,0.0428464
-2.8687405559402137,-1.4032842920457314,-2.6942544258702448,0.0839686
-2.8687405559402137,-1.0631778668536551,2.067235526818825,0.0429367
-2.698687343344176,2.6779928102591857,0.8768630386465572,0.0386854
-2.528634130748136,-0.04285859127742597,-2.864307638466283,0.0490551
-2.528634130748136,0.4673010465106886,-3.034360851062321,0.0477333
-2.528634130748136,0.8074074717027653,-3.034360851062321,0.0497436
-2.528634130748136,1.8277267472789944,-2.0140415754860923,0.0507367
-2.528634130748136,2.507939597663147,-0.8236690873138244,0.0429804
-2.528634130748136,2.6779928102591857,-0.4835626621217477,0.0422004
-2.3585809181520982,-2.763709992814037,-0.6536158747177865,0.0559261
-2.3585809181520982,-2.763709992814037,-0.4835626621217477,0.0558624
-2.3585809181520982,1.4876203220869186,2.237288739414863,0.0332582
-2.3585809181520982,1.9977799598750332,-1.3338287251019394,0.0465327
-2.3585809181520982,2.6779928102591857,0.7068098260505193,0.0391624
-2.1885277055560604,-0.5530182290655405,-2.6942544258702448,0.0604385
-2.1885277055560604,-0.5530182290655405,1.7271291016267485,0.0247488
-2.1885277055560604,0.8074074717027653,2.067235526818825,0.0300526
-2.1885277055560604,2.167833172471071,1.7271291016267485,0.0252126
-2.0184744929600225,-1.7433907172378076,1.0469162512425951,0.0197614
-2.0184744929600225,-1.0631778668536551,-2.524201213274207,0.0714892
-2.0184744929600225,2.167833172471071,-1.163775512505901,0.0379225
-2.0184744929600225,2.337886385067109,1.5570758890307106,0.0190545
-2.0184744929600225,2.6779928102591857,-0.6536158747177865,0.0351419
-2.0184744929600225,3.0180992354512615,0.19665018826240477,0.0377801
-1.8484212803639846,-2.423603567621961,-1.5038819376979773,0.0539813
-1.8484212803639846,-1.4032842920457314,1.3870226764346727,-0.00527857
-1.6783680677679467,1.4876203220869186,1.8971823142227873,0.0146251
-1.6783680677679467,1.8277267472789944,-2.3541480006781685,0.040711
-1.6783680677679467,3.528258873239377,0.36670340085844266,0.0170931
-1.508314855171907,0.8074074717027653,2.067235526818825,0.00927206
-1.508314855171907,3.358205660643339,1.3870226764346727,-0.00513876
-1.508314855171907,3.528258873239377,-0.4835626621217477,0.00986395
-1.508314855171907,3.698312085835415,0.19665018826240477,0.0112346
-1.508314855171907,3.698312085835415,0.36670340085844266,0.010216
-1.338261642575869,-2.423603567621961,2.5773951646069397,-0.0903531
-1.338261642575869,-1.5733375046417697,3.427661227587131,-0.0880501
-1.338261642575869,3.188152448047301,-1.163775512505901,-0.00144634
-1.338261642575869,3.188152448047301,1.7271291016267485,-0.0147953
-1.338261642575869,3.698312085835415,1.0469162512425951,-0.00384033
-1.1682084299798312,-2.593656780217999,1.8971823142227873,-0.0871017
-1.1682084299798312,-1.4032842920457314,3.597714440183169,-0.0892316
-1.1682084299798312,2.8480460228552236,-1.5038819376979773,-0.00558251
-1.1682084299798312,3.358205660643339,-1.163775512505901,-0.00695218
-0.9981552173837933,-3.44392284319819,0.026596975666365985,-0.0683319
-0.9981552173837933,0.6373542591067265,-2.864307638466283,0.0333474
-0.9981552173837933,1.317567109490879,-2.524201213274207,0.0323545
-0.9981552173837933,1.4876203220869186,2.067235526818825,-0.0131067
-0.8281020047877554,0.8074074717027653,-2.6942544258702448,0.0311313
-0.8281020047877554,1.8277267472789944,-1.8439883628900535,0.0107416
-0.8281020047877554,3.528258873239377,1.7271291016267485,-0.0224587
-0.6580487921917175,-3.2738696306021517,1.216969463838633,-0.0904289
-0.6580487921917175,1.8277267472789944,2.237288739414863,-0.0288833
-0.6580487921917175,4.038418511027491,-0.3135094495257098,-0.00738651
-0.48799557959567963,-3.613976055794228,0.19665018826240477,-0.0867603
-0.48799557959567963,-0.8931246542576163,-2.524201213274207,0.0322429
-0.48799557959567963,0.6373542591067265,2.237288739414863,-0.0424689
-0.48799557959567963,1.9977799598750332,-1.8439883628900535,-0.00437367
-0.48799557959567963,2.337886385067109,-1.8439883628900535,-0.0116846
-0.48799557959567963,3.8683652984314527,-0.8236690873138244,-0.0137988
-0.31794236699963996,-3.613976055794228,0.026596975666365985,-0.0884305
-0.31794236699963996,-2.593656780217999,-1.3338287251019394,-0.0599275
-0.31794236699963996,3.0180992354512615,-1.6739351502940156,-0.019478
-0.14788915440360206,-3.613976055794228,0.026596975666365985,-0.0914212
-0.14788915440360206,2.507939597663147,-1.8439883628900535,-0.0152435
-0.14788915440360206,3.8683652984314527,-0.8236690873138244,-0.0141661
-0.14788915440360206,4.038418511027491,0.8768630386465572,-0.00891418
0.02216405819243583,-2.593656780217999,-1.3338287251019394,-0.0737273
0.02216405819243583,-0.38296501646950176,3.7677676527792068,-0.0964627
0.02216405819243583,0.8074074717027653,2.067235526818825,-0.0395367
0.02216405819243583,1.147513896894841,-1.6739351502940156,0.0103228
0.02216405819243583,1.317567109490879,-1.6739351502940156,0.00514853
0.02216405819243583,2.507939597663147,2.237288739414863,-0.0338076
0.02216405819243583,3.0180992354512615,-1.6739351502940156,-0.0167227
0.19221727078847373,-3.44392284319819,0.8768630386465572,-0.0935217
0.19221727078847373,-1.7433907172378076,-1.5038819376979773,-0.0522068
0.19221727078847373,3.0180992354512615,-1.6739351502940156,-0.0127729
0.19221727078847373,3.8683652984314527,-0.6536158747177865,-0.00973486
0.19221727078847373,4.038418511027491,0.36670340085844266,-0.00147323
0.3622704833845116,-0.5530182290655405,3.7677676527792068,-0.098496
0.3622704833845116,1.9977799598750332,-2.0140415754860923,-0.0027183
0.3622704833845116,3.8683652984314527,-0.4835626621217477,-0.00527596
0.5323236959805495,-3.2738696306021517,-0.4835626621217477,-0.100131
0.5323236959805495,-0.04285859127742597,-1.8439883628900535,0.022326
0.5323236959805495,2.507939597663147,-2.524201213274207,0.0110016
0.5323236959805495,3.188152448047301,1.7271291016267485,-0.0148729
0.7023769085765874,-2.423603567621961,-1.163775512505901,-0.092255
0.7023769085765874,0.8074074717027653,-1.6739351502940156,0.00163629
0.7023769085765874,3.358205660643339,-1.6739351502940156,0.00567636
0.7023769085765874,3.358205660643339,-1.3338287251019394,-0.00140421
0.7023769085765874,3.528258873239377,-0.8236690873138244,-0.00283198
0.8724301211726271,-1.9134439298338464,-1.163775512505901,-0.0814966
0.8724301211726271,-1.7433907172378076,-1.163775512505901,-0.074901
0.8724301211726271,-0.5530182290655405,-1.163775512505901,-0.0144152
0.8724301211726271,-0.21291180387346387,-1.3338287251019394,-0.00461427
0.8724301211726271,0.6373542591067265,-1.8439883628900535,0.00354511
0.8724301211726271,1.9977799598750332,-2.864307638466283,0.00672358
0.8724301211726271,2.8480460228552236,-2.864307638466283,0.0164305
1.042483333768665,-1.4032842920457314,3.427661227587131,-0.0943324
1.042483333768665,-0.8931246542576163,-0.9937222999098623,-0.0297229
1.042483333768665,-0.21291180387346387,3.087554802395055,-0.0886624
1.042483333768665,0.12719462131861192,-1.5038819376979773,-0.00278157
1.042483333768665,0.6373542591067265,2.407341952010901,-0.055023
1.042483333768665,3.358205660643339,-0.8236690873138244,0.00533832
1.2125365463647029,-2.0834971424298843,-0.8236690873138244,-0.0899403
1.2125365463647029,-1.2332310794496935,3.257608014991093,-0.0914292
1.2125365463647029,0.6373542591067265,2.407341952010901,-0.051679
1.2125365463647029,1.6576735346829565,-3.034360851062321,0.00260286
1.2125365463647029,2.167833172471071,1.8971823142227873,-0.0198473
1.3825897589607408,-2.593656780217999,0.36670340085844266,-0.0797148
1.3825897589607408,-2.423603567621961,-0.4835626621217477,-0.0988451
1.3825897589607408,-2.423603567621961,0.8768630386465572,-0.0462827
1.3825897589607408,-0.21291180387346387,2.5773951646069397,-0.0626423
1.3825897589607408,-0.04285859127742597,-1.5038819376979773,-0.00282247
1.3825897589607408,0.4673010465106886,-2.864307638466283,0.0125533
1.5526429715567787,-2.2535503550259226,0.5367566134544806,-0.0496984
1.5526429715567787,-1.7433907172378076,2.067235526818825,-0.0415699
1.5526429715567787,-1.0631778668536551,2.5773951646069397,-0.0670828
1.5526429715567787,-0.8931246542576163,2.5773951646069397,-0.06601
1.5526429715567787,0.2972478339146507,2.407341952010901,-0.045091
1.5526429715567787,1.317567109490879,-3.2044140636583593,0.00377688
1.5526429715567787,3.358205660643339,0.8768630386465572,0.0156011
1.7226961841528166,-2.933763205410075,-0.8236690873138244,-0.101252
1.7226961841528166,-2.933763205410075,-0.3135094495257098,-0.103176
1.7226961841528166,-2.423603567621961,0.19665018826240477,-0.075812
1.7226961841528166,-0.5530182290655405,2.407341952010901,-0.0502741
1.7226961841528166,-0.21291180387346387,2.407341952010901,-0.0454285
1.8927493967488545,-1.7433907172378076,1.7271291016267485,-0.0348599
1.8927493967488545,2.167833172471071,1.7271291016267485,-0.00786285
1.8927493967488545,3.528258873239377,-0.8236690873138244,0.00949913
1.8927493967488545,3.698312085835415,-1.3338287251019394,0.00761464
2.062802609344896,-3.2738696306021517,0.026596975666365985,-0.0981634
2.062802609344896,1.147513896894841,2.067235526818825,-0.0216084
2.062802609344896,3.188152448047301,-3.034360851062321,0.00635343
2.062802609344896,3.188152448047301,1.3870226764346727,0.0115315
2.232855821940934,-3.44392284319819,0.026596975666365985,-0.0964718
2.232855821940934,-1.2332310794496935,2.237288739414863,-0.0558929
2.232855821940934,1.9977799598750332,1.7271291016267485,-0.00279778
2.4029090345369717,-2.593656780217999,-2.0140415754860923,-0.0730072
2.4029090345369717,-0.7230714416615784,-1.5038819376979773,0.00705723
2.4029090345369717,0.2972478339146507,2.237288739414863,-0.026813
2.5729622471330096,-3.2738696306021517,0.5367566134544806,-0.0843846
2.5729622471330096,-0.8931246542576163,-1.6739351502940156,-5.72732e-05
2.5729622471330096,1.6576735346829565,-3.3744672762543977,0.00210611
2.5729622471330096,3.528258873239377,-2.524201213274207,0.00189719
2.5729622471330096,3.698312085835415,-1.8439883628900535,0.002413
2.7430154597290475,-2.593656780217999,-2.18409478808213,-0.0707844
2.7430154597290475,1.8277267472789944,1.8971823142227873,0.00288893
2.9130686723250854,-3.7840292683902663,0.026596975666365985,-0.0868815
2.9130686723250854,-1.7433907172378076,1.8971823142227873,-0.0528098
2.9130686723250854,-0.38296501646950176,2.407341952010901,-0.044706
2.9130686723250854,-0.21291180387346387,-2.18409478808213,0.0127165
2.9130686723250854,1.4876203220869186,2.237288739414863,0.000184219
3.0831218849211233,-2.0834971424298843,1.3870226764346727,-0.0392452
3.0831218849211233,-0.7230714416615784,-1.8439883628900535,0.0068117
3.0831218849211233,1.317567109490879,2.407341952010901,0.000564566
3.253175097517163,-2.933763205410075,-2.18409478808213,-0.0752717
3.253175097517163,0.2972478339146507,-2.6942544258702448,0.0105141
3.253175097517163,3.358205660643339,-2.6942544258702448,0.00675589
3.253175097517163,3.528258873239377,-2.3541480006781685,0.00603871
3.423228310113201,-3.613976055794228,0.36670340085844266,-0.0757409
3.423228310113201,3.0180992354512615,1.216969463838633,0.0136885
3.423228310113201,3.188152448047301,-2.864307638466283,0.00946792
3.5932815227092387,-1.4032842920457314,1.8971823142227873,-0.0380507
3.5932815227092387,-0.38296501646950176,-2.18409478808213,0.00904718
3.5932815227092387,2.507939597663147,-3.2044140636583593,0.010278
3.5932815227092387,3.528258873239377,-2.0140415754860923,0.00945462
3.5932815227092387,3.528258873239377,-1.8439883628900535,0.00884553
3.7633347353052766,2.8480460228552236,0.8768630386465572,0.00938008
3.7633347353052766,3.0180992354512615,-0.8236690873138244,0.00663865
3.9333879479013145,-3.2738696306021517,0.5367566134544806,-0.0607476
3.9333879479013145,0.6373542591067265,-2.524201213274207,0.0163109
3.9333879479013145,0.8074074717027653,-2.524201213274207,0.0140813
3.9333879479013145,1.8277267472789944,-3.034360851062321,0.0103481
3.9333879479013145,3.358205660643339,-2.18409478808213,0.0142052
4.103441160497352,-0.38296501646950176,1.8971823142227873,-0.00557642
4.103441160497352,2.337886385067109,-0.6536158747177865,0.00481024
4.103441160497352,2.507939597663147,-0.8236690873138244,0.00490024
4.27349437309339,-3.613976055794228,-0.3135094495257098,-0.0676415
4.27349437309339,-2.593656780217999,-2.0140415754860923,-0.0671296
4.27349437309339,-2.2535503550259226,0.8768630386465572,-0.0125602
4.27349437309339,-1.4032842920457314,1.3870226764346727,0.00302254
4.27349437309339,1.4876203220869186,-2.524201213274207,0.012847
4.27349437309339,1.9977799598750332,-0.6536158747177865,0.00250542
4.27349437309339,2.337886385067109,-0.9937222999098623,0.00383221
4.27349437309339,2.6779928102591857,-2.6942544258702448,0.0182632
4.44354758568943,-1.2332310794496935,-1.8439883628900535,-0.0107874
4.44354758568943,-0.5530182290655405,1.8971823142227873,0.00256955
4.44354758568943,1.6576735346829565,-2.3541480006781685,0.0136926
4.44354758568943,1.8277267472789944,-0.6536158747177865,-0.00134905
4.613600798285468,1.8277267472789944,-0.3135094495257098,-0.00814715
4.613600798285468,1.9977799598750332,0.36670340085844266,-0.0104141
4.783654010881506,-2.933763205410075,-1.3338287251019394,-0.0556198
4.783654010881506,-1.5733375046417697,1.5570758890307106,0.00439675
4.783654010881506,-0.5530182290655405,-2.3541480006781685,0.00996455
4.953707223477544,-3.1038164180061134,-0.8236690873138244,-0.0379089
4.953707223477544,-0.7230714416615784,-2.18409478808213,0.00646796
5.123760436073582,-2.2535503550259226,0.5367566134544806,-0.00174618
5.123760436073582,1.4876203220869186,1.5570758890307106,-0.0163601
5.123760436073582,1.6576735346829565,1.3870226764346727,-0.0236311
5.123760436073582,1.9977799598750332,-0.1434562369296719,-0.0401365
5.2938136486696195,-3.2738696306021517,-0.6536158747177865,-0.0126729
5.2938136486696195,-3.2738696306021517,-0.4835626621217477,-0.0114828
5.2938136486696195,-2.763709992814037,0.36670340085844266,-0.0067863
5.2938136486696195,-1.7433907172378076,-1.8439883628900535,-0.0156571
5.2938136486696195,-1.0631778668536551,-2.0140415754860923,-3.89613e-05
5.2938136486696195,-0.5530182290655405,-2.18409478808213,0.0095639
5.2938136486696195,0.12719462131861192,-2.3541480006781685,0.0166884
5.2938136486696195,0.9774606842988032,-2.0140415754860923,0.00837961
5.463866861265657,-1.7433907172378076,-2.0140415754860923,-0.013546
5.463866861265657,-0.38296501646950176,-2.18409478808213,0.011277
5.633920073861699,-2.0834971424298843,-2.0140415754860923,-0.0159744
5.803973286457737,0.2972478339146507,-1.8439883628900535,0.00432064
5.803973286457737,0.6373542591067265,1.8971823142227873,-0.00692592
5.803973286457737,1.9977799598750332,-0.9937222999098623,-0.0530446
5.974026499053775,-1.9134439298338464,1.3870226764346727,0.00719258
5.974026499053775,2.507939597663147,0.7068098260505193,-0.0548133
6.1440797116498125,-2.933763205410075,-1.6739351502940156,-0.00756202
6.1440797116498125,0.9774606842988032,1.8971823142227873,-0.0191243
6.31413292424585,-0.7230714416615784,-2.6942544258702448,0.0140476
6.31413292424585,0.12719462131861192,2.067235526818825,0.012195
6.31413292424585,1.317567109490879,-1.5038819376979773,-0.0475137
6.31413292424585,2.167833172471071,-0.9937222999098623,-0.0573844
6.484186136841888,1.147513896894841,1.8971823142227873,-0.0154709
6.484186136841888,1.9977799598750332,-1.163775512505901,-0.0563935
6.484186136841888,2.167833172471071,-0.9937222999098623,-0.0567683
6.654239349437926,-0.04285859127742597,1.8971823142227873,0.0204979
6.654239349437926,2.507939597663147,0.7068098260505193,-0.0400424
6.824292562033964,-2.2535503550259226,-2.18409478808213,-0.00434277
6.824292562033964,1.6576735346829565,-1.3338287251019394,-0.0525244
6.824292562033964,2.337886385067109,-0.6536158747177865,-0.0497709
6.994345774630002,2.167833172471071,-0.8236690873138244,-0.0476212
7.16439898722604,-3.1038164180061134,-0.3135094495257098,-0.00339334
7.16439898722604,-2.423603567621961,0.8768630386465572,0.00316326
7.16439898722604,-1.0631778668536551,-2.6942544258702448,0.0144362
7.16439898722604,0.12719462131861192,-1.8439883628900535,-0.00325498
7.334452199822078,-2.593656780217999,0.7068098260505193,0.00304527
7.334452199822078,1.4876203220869186,-1.163775512505901,-0.0407702
7.504505412418119,-2.933763205410075,-0.4835626621217477,-0.00190585
7.504505412418119,-2.933763205410075,-0.1434562369296719,-0.000787313
7.504505412418119,-0.5530182290655405,-2.3541480006781685,0.0114326
7.504505412418119,0.9774606842988032,-1.163775512505901,-0.03011
7.674558625014157,-0.8931246542576163,1.0469162512425951,0.0314187
7.674558625014157,-0.38296501646950176,-2.0140415754860923,0.00567037
7.674558625014157,0.9774606842988032,-0.9937222999098623,-0.0205469
7.674558625014157,1.147513896894841,1.5570758890307106,0.0584573
7.844611837610195,0.2972478339146507,-0.6536158747177865,0.00865809
7.844611837610195,1.8277267472789944,0.026596975666365985,0.0230168
8.014665050206233,-2.423603567621961,-0.9937222999098623,0.0024679
8.014665050206233,-2.0834971424298843,-1.3338287251019394,0.000594183
8.014665050206233,-0.8931246542576163,0.8768630386465572,0.0333988
8.18471826280227,-2.2535503550259226,-0.9937222999098623,0.00448799
8.18471826280227,1.147513896894841,-0.1434562369296719,0.0451575
8.18471826280227,1.4876203220869186,0.5367566134544806,0.0685428
8.354771475398309,-1.5733375046417697,-1.163775512505901,0.00440413
8.354771475398309,-0.5530182290655405,0.026596975666365985,0.0289251
8.354771475398309,0.6373542591067265,0.5367566134544806,0.0831581
8.524824687994347,-1.7433907172378076,0.5367566134544806,0.0266905
8.694877900590384,-1.5733375046417697,-0.4835626621217477,0.0179373
8.694877900590384,-1.5733375046417697,0.19665018826240477,0.0262848
8.694877900590384,-1.4032842920457314,-0.4835626621217477,0.0179552
