-5.054270472611252,0.16362159280636046,-0.4545552842715752,0.036686
-5.054270472611252,0.16362159280636046,-0.3154726969685031,0.0350163
-5.054270472611252,0.8590345293217219,-0.5936378715746482,0.0339169
-4.91518788530818,-0.11454358179978552,-0.5936378715746482,0.0388438
-4.91518788530818,1.276282291230939,-0.176390109665431,0.0255846
-4.776105298005107,1.276282291230939,0.5190228268499313,0.0244713
-4.637022710702035,-0.25362616910285674,-1.010885633483865,0.0438362
-4.637022710702035,-0.11454358179978552,-1.1499682207869375,0.0451157
-4.637022710702035,0.30270418010943256,1.0753531760622206,0.0230054
-4.637022710702035,1.276282291230939,0.9362705887591494,0.0240487
-4.637022710702035,1.6935300531401563,-0.3154726969685031,0.020376
-4.637022710702035,1.8326126404432292,0.24085765224378708,0.0207844
-4.637022710702035,1.8326126404432292,0.3799402395468583,0.0215405
-4.497940123398962,0.16362159280636046,-1.4281333953930826,0.0454444
-4.35885753609589,-0.6708739310120748,-0.4545552842715752,0.0349304
-4.35885753609589,-0.6708739310120748,-0.037307522362358014,0.0272835
-4.35885753609589,1.6935300531401563,-0.8718030461807929,0.0207614
-4.35885753609589,1.6935300531401563,1.3535183506683666,0.0204022
-4.35885753609589,2.3889429896555177,0.3799402395468583,0.0243905
-4.219774948792818,0.16362159280636046,-1.5672159826961547,0.0460315
-4.219774948792818,0.16362159280636046,1.9098486998806559,0.0210667
-4.219774948792818,0.30270418010943256,1.9098486998806559,0.0198799
-4.219774948792818,1.5544474658370833,-1.1499682207869375,0.0233273
-4.219774948792818,2.3889429896555177,-0.037307522362358014,0.0208804
-4.080692361489746,-0.8099565183151478,-0.3154726969685031,0.0321701
-4.080692361489746,-0.5317913437090018,-1.1499682207869375,0.0472596
-4.080692361489746,0.02453900550328747,-1.5672159826961547,0.0473778
-4.080692361489746,0.16362159280636046,2.048931287183728,0.0204976
-4.080692361489746,1.9716952277463013,-0.7327204588777203,0.0158993
-3.9416097741866727,1.5544474658370833,1.7707661125775829,0.0119074
-3.8025271868836,-0.949039105618219,0.24085765224378708,0.0238214
-3.8025271868836,-0.949039105618219,1.3535183506683666,0.0219069
-3.8025271868836,2.3889429896555177,-0.4545552842715752,0.016693
-3.663444599580528,-1.088121692921292,-1.28905080809001,0.0538887
-3.663444599580528,-0.949039105618219,-1.7062985699992272,0.057414
-3.663444599580528,-0.949039105618219,-0.8718030461807929,0.0472302
-3.663444599580528,-0.949039105618219,-0.176390109665431,0.0326234
-3.663444599580528,-0.5317913437090018,-1.7062985699992272,0.0553516
-3.5243620122774555,-1.088121692921292,0.6581054141530043,0.021348
-3.5243620122774555,-0.949039105618219,1.6316835252745108,0.0199936
-3.5243620122774555,0.16362159280636046,-1.7062985699992272,0.0462456
-3.5243620122774555,1.6935300531401563,1.9098486998806559,0.00387263
-3.5243620122774555,2.3889429896555177,1.6316835252745108,0.0145913
-3.3852794249743834,-1.6444520421335813,-1.28905080809001,0.0524525
-3.3852794249743834,-1.088121692921292,-2.262628919211517,0.0584706
-3.3852794249743834,2.8061907515647357,1.2144357633652936,0.0196602
-3.246196837671311,-1.7835346294366543,-1.7062985699992272,0.0559164
-3.246196837671311,-0.8099565183151478,1.9098486998806559,0.0154396
-3.246196837671311,-0.6708739310120748,2.048931287183728,0.0158884
-3.246196837671311,0.44178676741250467,-1.7062985699992272,0.0386313
-3.246196837671311,0.5808693547155768,2.327096461789873,0.00480854
-3.246196837671311,1.8326126404432292,1.9098486998806559,-0.00277552
-3.1071142503682383,-1.9226172167397264,-1.5672159826961547,0.0535017
-3.1071142503682383,-1.9226172167397264,-1.28905080809001,0.0499313
-3.1071142503682383,-0.6708739310120748,-2.5407940938176616,0.0524954
-3.1071142503682383,0.16362159280636046,-1.984463744605372,0.0431979
-3.1071142503682383,1.415364878534012,-1.4281333953930826,0.0108026
-3.1071142503682383,1.8326126404432292,1.9098486998806559,-0.00788463
-3.1071142503682383,2.8061907515647357,1.2144357633652936,0.0116983
-2.9680316630651657,-1.2272042802243641,0.10177506494071409,0.0404645
-2.9680316630651657,1.6935300531401563,-1.28905080809001,0.0042011
-2.9680316630651657,1.8326126404432292,1.9098486998806559,-0.0142574
-2.9680316630651657,1.9716952277463013,-1.010885633483865,0.0066536
-2.9680316630651657,2.9452733388678096,0.5190228268499313,0.0168198
-2.9680316630651657,2.9452733388678096,0.6581054141530043,0.0155006
-2.8289490757620936,-2.061699804042799,-1.7062985699992272,0.0544474
-2.8289490757620936,-2.061699804042799,-0.5936378715746482,0.0407565
-2.8289490757620936,-1.2272042802243641,1.0753531760622206,0.00486222
-2.8289490757620936,0.5808693547155768,-1.8453811573022993,0.0273252
-2.8289490757620936,1.415364878534012,-1.5672159826961547,0.00107029
-2.8289490757620936,2.8061907515647357,0.10177506494071409,0.0168066
-2.689866488459021,-3.5916082643765956,-0.5936378715746482,-0.00718455
-2.689866488459021,-3.313443089770451,-1.1499682207869375,0.00514173
-2.689866488459021,-3.174360502467378,-0.037307522362358014,-0.00525469
-2.689866488459021,-2.200782391345871,0.24085765224378708,0.0303209
-2.689866488459021,-2.061699804042799,0.3799402395468583,0.0296569
-2.689866488459021,-1.366286867527437,1.3535183506683666,-0.0124297
-2.689866488459021,1.276282291230939,2.048931287183728,-0.0236681
-2.689866488459021,2.1107778150493735,1.9098486998806559,-0.032573
-2.689866488459021,2.8061907515647357,0.24085765224378708,0.0133831
-2.550783901155949,-3.7306908516796677,-0.176390109665431,-0.00876413
-2.550783901155949,-3.174360502467378,0.24085765224378708,-0.00413952
-2.550783901155949,-2.200782391345871,-1.7062985699992272,0.0543113
-2.550783901155949,-2.061699804042799,-1.984463744605372,0.059463
-2.550783901155949,-1.9226172167397264,1.4926009379714387,-0.0237876
-2.550783901155949,-0.949039105618219,1.7707661125775829,-0.0195551
-2.550783901155949,0.02453900550328747,2.1880138744868,-0.00497927
-2.550783901155949,1.137199703927867,-1.8453811573022993,6.29748e-08
-2.550783901155949,1.6935300531401563,-1.5672159826961547,-0.0102763
-2.550783901155949,2.3889429896555177,-0.4545552842715752,0.0114689
-2.411701313852876,-4.008856026285812,-0.8718030461807929,0.000125348
-2.411701313852876,-3.313443089770451,0.3799402395468583,-0.0046152
-2.411701313852876,-2.6180301532550887,-1.7062985699992272,0.0441091
-2.411701313852876,-2.3398649786489436,1.3535183506683666,-0.0202231
-2.411701313852876,-1.7835346294366543,-2.4017115065145895,0.0600743
-2.411701313852876,-0.949039105618219,1.9098486998806559,-0.0302505
-2.411701313852876,0.8590345293217219,-1.984463744605372,0.00817612
-2.272618726549804,-4.147938613588885,-0.8718030461807929,0.00365223
-2.272618726549804,-2.757112740558161,0.7971880014560764,0.00236897
-2.272618726549804,-1.9226172167397264,-2.262628919211517,0.0633099
-2.272618726549804,-0.8099565183151478,-2.8189592684238063,0.043646
-2.272618726549804,0.7199519420186498,2.048931287183728,-0.0245215
-2.272618726549804,1.415364878534012,2.327096461789873,-0.0487399
-2.272618726549804,1.6935300531401563,-1.7062985699992272,-0.0161878
-2.272618726549804,2.3889429896555177,-0.4545552842715752,0.00994956
-2.272618726549804,2.3889429896555177,2.327096461789873,-0.0550836
-2.272618726549804,2.5280255769585915,-0.037307522362358014,0.0130802
-2.133536139246732,-4.2870212008919575,-0.5936378715746482,0.00528691
-2.133536139246732,-2.3398649786489436,-1.984463744605372,0.0662447
-2.133536139246732,-2.061699804042799,-2.123546331908445,0.0675296
-2.133536139246732,-0.11454358179978552,-2.679876681120734,0.032443
-2.133536139246732,0.30270418010943256,-2.4017115065145895,0.0265834
-2.133536139246732,0.30270418010943256,1.9098486998806559,-0.0185361
-2.133536139246732,2.3889429896555177,2.466179049092945,-0.0576064
-1.9944535519436588,-3.452525677073523,-2.123546331908445,0.0614554
-1.9944535519436588,-1.7835346294366543,-2.4017115065145895,0.0638893
-1.9944535519436588,-0.949039105618219,-2.8189592684238063,0.0434873
-1.9944535519436588,-0.25362616910285674,1.9098486998806559,-0.0357004
-1.9944535519436588,1.276282291230939,-1.984463744605372,-0.012591
-1.9944535519436588,2.5280255769585915,-0.176390109665431,0.0134858
-1.8553709646405867,-4.42610378819503,-0.8718030461807929,0.018099
-1.8553709646405867,-3.7306908516796677,0.6581054141530043,0.0101747
-1.8553709646405867,-1.366286867527437,-2.679876681120734,0.052182
-1.8553709646405867,0.02453900550328747,1.7707661125775829,-0.0315731
-1.8553709646405867,1.8326126404432292,2.7443442236990894,-0.0590201
-1.8553709646405867,2.9452733388678096,0.24085765224378708,-0.0111101
-1.7162883773375137,-4.2870212008919575,-1.4281333953930826,0.0338034
-1.7162883773375137,-3.5916082643765956,0.7971880014560764,0.0129647
-1.7162883773375137,-0.25362616910285674,2.048931287183728,-0.048474
-1.7162883773375137,-0.11454358179978552,1.9098486998806559,-0.043956
-1.7162883773375137,0.30270418010943256,-2.5407940938176616,0.0233415
-1.7162883773375137,0.5808693547155768,2.048931287183728,-0.0386493
-1.7162883773375137,2.3889429896555177,2.7443442236990894,-0.0598429
-1.5772057900344425,-4.565186375498103,-0.3154726969685031,0.0310964
-1.5772057900344425,-0.11454358179978552,-2.8189592684238063,0.0301241
-1.5772057900344425,1.8326126404432292,-1.7062985699992272,-0.0218931
-1.5772057900344425,2.8061907515647357,2.605261636396018,-0.0591831
-1.5772057900344425,3.223438513473952,0.3799402395468583,-0.0237276
-1.5772057900344425,3.501603688080098,1.0753531760622206,-0.0443989
-1.4381232027313695,-4.565186375498103,-0.8718030461807929,0.035954
-1.4381232027313695,-1.366286867527437,-2.679876681120734,0.0537
-1.4381232027313695,-1.088121692921292,-2.8189592684238063,0.0462986
-1.4381232027313695,0.5808693547155768,-2.4017115065145895,0.0134403
-1.4381232027313695,0.5808693547155768,2.1880138744868,-0.0441731
-1.4381232027313695,0.998117116624794,-2.123546331908445,-0.0069678
-1.4381232027313695,3.362521100777026,0.5190228268499313,-0.0306351
-1.2990406154282965,-2.8961953278612333,2.048931287183728,-0.0447266
-1.2990406154282965,0.44178676741250467,2.048931287183728,-0.0404612
-1.2990406154282965,1.137199703927867,-2.123546331908445,-0.0150138
-1.2990406154282965,2.6671081642616636,-0.4545552842715752,0.0206979
-1.2990406154282965,3.223438513473952,2.327096461789873,-0.0579556
-1.1599580281252244,-3.452525677073523,1.0753531760622206,0.0212662
-1.1599580281252244,-2.757112740558161,-2.679876681120734,0.102955
-1.1599580281252244,0.7199519420186498,-2.4017115065145895,0.00290866
-1.1599580281252244,1.5544474658370833,-2.123546331908445,-0.0274735
-1.1599580281252244,3.501603688080098,1.9098486998806559,-0.055632
-1.0208754408221514,-4.565186375498103,0.3799402395468583,0.0684567
-1.0208754408221514,-4.2870212008919575,-1.7062985699992272,0.0651583
-1.0208754408221514,-4.147938613588885,-1.984463744605372,0.0752868
-1.0208754408221514,1.415364878534012,-2.4017115065145895,-0.0285557
-1.0208754408221514,2.2498604023524456,-1.28905080809001,0.00140202
-0.8817928535190802,-4.704268962801175,0.10177506494071409,0.0737861
-0.8817928535190802,-3.0352779151643055,1.9098486998806559,-0.0395703
-0.8817928535190802,-1.366286867527437,-2.679876681120734,0.0563386
-0.8817928535190802,1.415364878534012,2.8834268110021624,-0.0526558
-0.8817928535190802,2.9452733388678096,-0.176390109665431,0.00842469
-0.8817928535190802,3.362521100777026,0.3799402395468583,-0.0259467
-0.7427102662160072,-4.565186375498103,-1.010885633483865,0.0622653
-0.7427102662160072,-1.6444520421335813,-2.4017115065145895,0.0669885
-0.7427102662160072,1.137199703927867,2.7443442236990894,-0.0479945
-0.7427102662160072,2.9452733388678096,-0.176390109665431,0.00917805
-0.7427102662160072,3.362521100777026,2.1880138744868,-0.0564776
-0.6036276789129342,-4.704268962801175,-0.5936378715746482,0.0718946
-0.6036276789129342,-3.7306908516796677,-2.4017115065145895,0.0929475
-0.6036276789129342,-3.5916082643765956,1.0753531760622206,0.0444229
-0.6036276789129342,-3.174360502467378,1.4926009379714387,-0.0167126
-0.6036276789129342,-1.9226172167397264,-2.262628919211517,0.0754231
-0.6036276789129342,-1.7835346294366543,-2.262628919211517,0.0706341
-0.6036276789129342,0.16362159280636046,1.9098486998806559,-0.0268519
-0.6036276789129342,1.5544474658370833,2.8834268110021624,-0.0502669
-0.6036276789129342,2.5280255769585915,-1.984463744605372,-0.0197411
-0.4645450916098621,-4.704268962801175,0.10177506494071409,0.0868058
-0.4645450916098621,0.16362159280636046,-2.8189592684238063,0.0201316
-0.4645450916098621,0.44178676741250467,2.048931287183728,-0.0210035
-0.4645450916098621,1.415364878534012,-2.9580418557268793,-0.0305443
-0.32546250430679,-4.704268962801175,-0.3154726969685031,0.0826839
-0.32546250430679,-3.0352779151643055,1.6316835252745108,-0.0291531
-0.32546250430679,-2.8961953278612333,1.9098486998806559,-0.0421347
-0.32546250430679,-1.7835346294366543,2.605261636396018,-0.0502775
-0.32546250430679,2.5280255769585915,-2.4017115065145895,-0.0241399
-0.32546250430679,2.8061907515647357,-0.5936378715746482,0.016866
-0.32546250430679,2.8061907515647357,2.605261636396018,-0.0534126
-0.18637991700371792,-2.6180301532550887,-2.4017115065145895,0.0779109
-0.18637991700371792,-1.7835346294366543,-1.984463744605372,0.0557183
-0.18637991700371792,0.16362159280636046,2.048931287183728,-0.0055328
-0.18637991700371792,2.8061907515647357,-1.1499682207869375,0.00902793
-0.18637991700371792,2.8061907515647357,-0.8718030461807929,0.0135893
-0.18637991700371792,3.08435592617088,0.24085765224378708,-0.00861945
-0.04729732970064493,-3.313443089770451,0.9362705887591494,0.035951
-0.04729732970064493,-2.061699804042799,-1.984463744605372,0.0516235
-0.04729732970064493,-1.7835346294366543,-1.8453811573022993,0.047784
-0.04729732970064493,-1.5053694548305092,-1.984463744605372,0.0495087
-0.04729732970064493,0.30270418010943256,2.1880138744868,9.2555e-05
-0.04729732970064493,2.9452733388678096,-0.176390109665431,0.00739811
0.09178525760242717,-2.8961953278612333,1.2144357633652936,-0.0150625
0.09178525760242717,-1.5053694548305092,-1.7062985699992272,0.0414573
0.09178525760242717,-0.6708739310120748,-2.5407940938176616,0.0419307
0.09178525760242717,-0.6708739310120748,2.605261636396018,0.00101304
0.09178525760242717,0.8590345293217219,-3.0971244430299514,-0.0190864
0.09178525760242717,2.1107778150493735,-2.9580418557268793,-0.0275826
0.09178525760242717,3.08435592617088,0.5190228268499313,-0.0138114
0.23086784490549928,-2.8961953278612333,0.7971880014560764,0.00761791
0.23086784490549928,-2.061699804042799,-1.7062985699992272,0.0310057
0.23086784490549928,-1.6444520421335813,-1.4281333953930826,0.0297714
0.23086784490549928,0.02453900550328747,-2.679876681120734,0.0128361
0.23086784490549928,0.44178676741250467,2.466179049092945,0.00674766
0.23086784490549928,1.137199703927867,2.327096461789873,-0.0131235
0.23086784490549928,2.8061907515647357,-2.262628919211517,-0.0121749
0.23086784490549928,2.9452733388678096,-1.7062985699992272,0.0006392
0.23086784490549928,2.9452733388678096,-1.4281333953930826,0.00681222
0.23086784490549928,3.223438513473952,1.3535183506683666,-0.0317171
0.36995043220857227,-2.757112740558161,0.6581054141530043,0.00185438
0.36995043220857227,-1.9226172167397264,-1.4281333953930826,0.0192415
0.36995043220857227,-0.949039105618219,-1.7062985699992272,0.0333707
0.36995043220857227,0.44178676741250467,2.605261636396018,0.00999196
0.36995043220857227,0.7199519420186498,-3.0971244430299514,-0.0162368
0.36995043220857227,1.9716952277463013,2.466179049092945,-0.0232054
0.36995043220857227,2.9452733388678096,-1.1499682207869375,0.0122455
0.36995043220857227,2.9452733388678096,0.24085765224378708,0.00364164
0.5090330195116444,-4.008856026285812,-0.4545552842715752,0.057006
0.5090330195116444,-1.5053694548305092,-1.010885633483865,0.0118366
0.5090330195116444,-0.6708739310120748,-1.4281333953930826,0.0245056
0.5090330195116444,0.5808693547155768,2.605261636396018,0.0114589
0.5090330195116444,1.137199703927867,-3.2362070303330235,-0.0256962
0.5090330195116444,2.9452733388678096,-1.984463744605372,-0.00360501
0.5090330195116444,2.9452733388678096,-1.010885633483865,0.0139151
0.5090330195116444,2.9452733388678096,-0.8718030461807929,0.0134496
0.5090330195116444,2.9452733388678096,0.6581054141530043,0.00107348
0.6481156068147174,-3.7306908516796677,-0.4545552842715752,0.0405208
0.6481156068147174,-3.7306908516796677,-0.3154726969685031,0.0432764
0.6481156068147174,-3.5916082643765956,-0.8718030461807929,0.028768
0.6481156068147174,-2.8961953278612333,-1.4281333953930826,0.0149195
0.6481156068147174,-2.8961953278612333,0.24085765224378708,0.00535957
0.6481156068147174,-2.757112740558161,-1.4281333953930826,0.0125228
0.6481156068147174,-2.478947565952016,0.6581054141530043,-0.0168328
0.6481156068147174,-2.3398649786489436,1.0753531760622206,-0.0292673
0.6481156068147174,-2.200782391345871,1.3535183506683666,-0.0341226
0.6481156068147174,-2.061699804042799,-1.1499682207869375,0.00201795
0.6481156068147174,-1.6444520421335813,-1.010885633483865,0.00294349
0.6481156068147174,-0.949039105618219,-1.010885633483865,0.00759696
0.6481156068147174,-0.11454358179978552,3.0225093983052354,0.016813
0.6481156068147174,0.30270418010943256,2.8834268110021624,0.0151695
0.6481156068147174,2.5280255769585915,-2.8189592684238063,-0.0240691
0.6481156068147174,2.8061907515647357,2.048931287183728,-0.00237839
0.6481156068147174,2.9452733388678096,0.10177506494071409,0.0097296
0.6481156068147174,2.9452733388678096,0.6581054141530043,0.00720772
0.7871981941177886,-3.0352779151643055,-1.010885633483865,0.00752152
0.7871981941177886,-2.200782391345871,1.2144357633652936,-0.0300025
0.7871981941177886,2.9452733388678096,-0.3154726969685031,0.0124055
0.7871981941177886,2.9452733388678096,-0.176390109665431,0.0121905
0.7871981941177886,2.9452733388678096,-0.037307522362358014,0.0121725
0.9262807814208616,-2.6180301532550887,0.6581054141530043,-0.0186849
0.9262807814208616,-2.478947565952016,0.9362705887591494,-0.0245236
0.9262807814208616,1.415364878534012,2.466179049092945,0.0167374
0.9262807814208616,2.6671081642616636,-2.8189592684238063,-0.0281123
1.0653633687239346,-2.200782391345871,-1.010885633483865,-0.00782833
1.0653633687239346,-1.6444520421335813,2.048931287183728,-5.55155e-05
1.0653633687239346,-0.8099565183151478,-1.28905080809001,-0.00553172
1.0653633687239346,-0.6708739310120748,-1.28905080809001,-0.00337879
1.0653633687239346,0.30270418010943256,3.0225093983052354,0.0184215
1.2044459560270067,-2.8961953278612333,0.24085765224378708,-0.0115931
1.2044459560270067,-2.757112740558161,-0.4545552842715752,-0.00758864
1.2044459560270067,-2.200782391345871,1.4926009379714387,-0.0217749
1.2044459560270067,-1.366286867527437,2.605261636396018,0.0116266
1.2044459560270067,-1.088121692921292,2.8834268110021624,0.0150509
1.2044459560270067,0.30270418010943256,-3.0971244430299514,-0.0252972
1.2044459560270067,1.8326126404432292,2.605261636396018,0.0237784
1.2044459560270067,1.9716952277463013,2.605261636396018,0.0241532
1.2044459560270067,2.9452733388678096,-1.28905080809001,0.00805213
1.3435285433300788,-2.3398649786489436,1.4926009379714387,-0.0222426
1.3435285433300788,-1.9226172167397264,1.7707661125775829,-0.00960723
1.3435285433300788,-1.7835346294366543,1.9098486998806559,-0.00302161
1.3435285433300788,-1.366286867527437,2.605261636396018,0.0116886
1.3435285433300788,-0.5317913437090018,-1.4281333953930826,-0.00932125
1.3435285433300788,-0.25362616910285674,-1.984463744605372,-0.00446837
1.3435285433300788,-0.11454358179978552,3.1615919856083075,0.0181106
1.3435285433300788,0.5808693547155768,-3.3752896176360965,-0.03715
1.3435285433300788,2.8061907515647357,2.327096461789873,0.0290205
1.3435285433300788,2.9452733388678096,-1.28905080809001,0.00479972
1.3435285433300788,3.223438513473952,0.9362705887591494,0.0201328
1.4826111306331509,-1.2272042802243641,2.7443442236990894,0.0134345
1.4826111306331509,0.02453900550328747,3.1615919856083075,0.0189425
1.4826111306331509,2.5280255769585915,-3.2362070303330235,-0.0445659
1.4826111306331509,2.9452733388678096,-1.28905080809001,0.00122209
1.621693717936223,-2.757112740558161,-0.7327204588777203,-0.00153384
1.621693717936223,-1.9226172167397264,1.9098486998806559,-0.00599507
1.621693717936223,-1.5053694548305092,-1.5672159826961547,-0.0122713
1.621693717936223,-0.8099565183151478,3.0225093983052354,0.0159217
1.621693717936223,-0.3927087564059297,3.1615919856083075,0.0175077
1.621693717936223,0.02453900550328747,-2.8189592684238063,-0.02629
1.621693717936223,1.415364878534012,2.605261636396018,0.032574
1.621693717936223,2.9452733388678096,-1.28905080809001,-0.00245379
1.621693717936223,2.9452733388678096,2.1880138744868,0.0322203
1.7607763052392968,-1.7835346294366543,2.048931287183728,0.000427006
1.7607763052392968,-0.5317913437090018,-1.5672159826961547,-0.0216653
1.7607763052392968,-0.25362616910285674,-1.8453811573022993,-0.0195324
1.7607763052392968,1.415364878534012,2.605261636396018,0.0340788
1.7607763052392968,1.8326126404432292,2.605261636396018,0.033073
1.7607763052392968,2.9452733388678096,0.10177506494071409,0.02096
1.899858892542369,-2.3398649786489436,1.7707661125775829,-0.0175126
1.899858892542369,-1.6444520421335813,2.1880138744868,0.00588223
1.899858892542369,0.7199519420186498,3.0225093983052354,0.0283734
1.899858892542369,2.1107778150493735,-3.5143722049391686,-0.0522655
1.899858892542369,3.08435592617088,0.5190228268499313,0.0190949
2.038941479845441,-3.174360502467378,0.24085765224378708,-0.0103167
2.038941479845441,-1.5053694548305092,2.327096461789873,0.0100972
2.038941479845441,-0.25362616910285674,-1.7062985699992272,-0.0279889
2.038941479845441,2.2498604023524456,2.466179049092945,0.0347637
2.038941479845441,2.8061907515647357,-2.8189592684238063,-0.0399739
2.038941479845441,2.8061907515647357,-0.3154726969685031,0.0190071
2.178024067148515,-3.174360502467378,0.10177506494071409,-0.00739449
2.178024067148515,-2.200782391345871,1.9098486998806559,-0.0134022
2.178024067148515,-1.6444520421335813,2.1880138744868,0.00570782
2.178024067148515,2.6671081642616636,-2.9580418557268793,-0.0431998
2.178024067148515,2.9452733388678096,0.10177506494071409,0.0192002
2.3171066544515853,-3.174360502467378,0.10177506494071409,-0.00692018
2.3171066544515853,-3.0352779151643055,1.0753531760622206,-0.0221112
2.3171066544515853,-1.088121692921292,-1.7062985699992272,-0.0224297
2.3171066544515853,-0.11454358179978552,-1.8453811573022993,-0.0344468
2.3171066544515853,2.1107778150493735,2.327096461789873,0.034789
2.3171066544515853,2.9452733388678096,-1.984463744605372,-0.0287613
2.3171066544515853,2.9452733388678096,-1.8453811573022993,-0.0267809
2.4561892417546574,-2.757112740558161,1.4926009379714387,-0.0232986
2.4561892417546574,-0.949039105618219,2.8834268110021624,0.0207484
2.4561892417546574,-0.3927087564059297,-1.5672159826961547,-0.0343118
2.4561892417546574,-0.11454358179978552,3.3006745729113796,0.0289171
2.4561892417546574,2.6671081642616636,-1.010885633483865,-0.00822603
2.4561892417546574,2.8061907515647357,-2.4017115065145895,-0.0356097
2.4561892417546574,2.9452733388678096,0.3799402395468583,0.019239
2.5952718290577312,-3.0352779151643055,-0.3154726969685031,0.00283854
2.5952718290577312,-2.8961953278612333,-0.5936378715746482,0.00836949
2.5952718290577312,-0.11454358179978552,3.3006745729113796,0.0312323
2.5952718290577312,0.16362159280636046,-2.4017115065145895,-0.0386982
2.7343544163608033,-1.7835346294366543,2.048931287183728,-0.00257413
2.7343544163608033,-1.2272042802243641,2.466179049092945,0.0178149
2.7343544163608033,2.6671081642616636,-1.5672159826961547,-0.027263
2.8734370036638754,-2.3398649786489436,-1.1499682207869375,0.00934014
2.8734370036638754,-2.061699804042799,1.9098486998806559,-0.0124346
2.8734370036638754,-1.9226172167397264,-1.4281333953930826,-0.000883
2.8734370036638754,0.16362159280636046,-1.1499682207869375,-0.0341533
2.8734370036638754,0.30270418010943256,-1.984463744605372,-0.041571
2.8734370036638754,0.30270418010943256,-1.1499682207869375,-0.033773
2.8734370036638754,2.3889429896555177,-1.010885633483865,-0.00797805
2.8734370036638754,2.5280255769585915,1.2144357633652936,0.0239501
3.0125195909669475,-3.0352779151643055,0.6581054141530043,-0.0174145
3.0125195909669475,-0.949039105618219,-1.5672159826961547,-0.0266885
3.0125195909669475,0.16362159280636046,-1.010885633483865,-0.0306248
3.0125195909669475,0.7199519420186498,-2.5407940938176616,-0.0418737
3.0125195909669475,1.415364878534012,2.048931287183728,0.0384678
3.0125195909669475,2.2498604023524456,-2.4017115065145895,-0.0387251
3.0125195909669475,2.5280255769585915,0.9362705887591494,0.0240522
3.1516021782700214,-0.949039105618219,2.605261636396018,0.0267703
3.1516021782700214,0.30270418010943256,-0.7327204588777203,-0.0202069
3.1516021782700214,0.7199519420186498,-1.5672159826961547,-0.0402835
3.1516021782700214,1.137199703927867,-2.5407940938176616,-0.0418648
3.1516021782700214,2.1107778150493735,1.2144357633652936,0.0285396
3.1516021782700214,2.5280255769585915,0.6581054141530043,0.0258766
3.2906847655730935,-1.366286867527437,-1.4281333953930826,-0.0175507
3.2906847655730935,1.276282291230939,-1.4281333953930826,-0.0337787
3.2906847655730935,1.276282291230939,1.6316835252745108,0.0365835
3.429767352876164,-2.6180301532550887,-0.4545552842715752,0.000126998
3.429767352876164,-1.9226172167397264,-1.1499682207869375,-0.00481766
3.429767352876164,-0.949039105618219,2.1880138744868,0.0230481
3.429767352876164,-0.6708739310120748,-1.28905080809001,-0.0311114
3.429767352876164,0.02453900550328747,3.0225093983052354,0.0417435
3.429767352876164,0.16362159280636046,3.0225093983052354,0.042305
3.429767352876164,0.30270418010943256,-0.3154726969685031,-0.00880674
3.429767352876164,0.44178676741250467,-0.037307522362358014,0.0043118
3.429767352876164,1.8326126404432292,0.9362705887591494,0.0308321
3.5688499401792377,-0.3927087564059297,2.7443442236990894,0.038418
3.5688499401792377,0.16362159280636046,-0.3154726969685031,-0.0140646
3.5688499401792377,0.998117116624794,0.10177506494071409,0.0228318
3.5688499401792377,1.276282291230939,-0.3154726969685031,0.0212031
3.5688499401792377,1.9716952277463013,0.5190228268499313,0.0312489
3.70793252748231,-0.8099565183151478,1.6316835252745108,0.0122612
3.70793252748231,-0.5317913437090018,2.327096461789873,0.0332019
3.70793252748231,-0.11454358179978552,-0.5936378715746482,-0.0255278
3.70793252748231,0.02453900550328747,-0.3154726969685031,-0.018197
3.70793252748231,0.7199519420186498,1.6316835252745108,0.0330611
3.847015114785382,-2.478947565952016,0.5190228268499313,-0.0205697
3.847015114785382,-2.061699804042799,1.2144357633652936,-0.022317
3.847015114785382,-0.25362616910285674,2.1880138744868,0.0350799
3.847015114785382,-0.11454358179978552,0.6581054141530043,0.00052069
3.847015114785382,0.30270418010943256,1.6316835252745108,0.0305018
3.847015114785382,0.44178676741250467,2.1880138744868,0.0391371
3.986097702088456,-0.5317913437090018,0.9362705887591494,-0.00402531
4.125180289391528,-1.9226172167397264,-0.176390109665431,-0.0200832
4.125180289391528,-1.6444520421335813,-0.4545552842715752,-0.0214145
4.125180289391528,-0.949039105618219,0.9362705887591494,-0.01396
4.125180289391528,-0.5317913437090018,-0.176390109665431,-0.0249258
4.125180289391528,-0.5317913437090018,0.5190228268499313,-0.0147948
4.2642628766946,-1.366286867527437,-0.176390109665431,-0.0255804
4.2642628766946,-1.366286867527437,0.6581054141530043,-0.0229372
4.2642628766946,-1.088121692921292,-0.176390109665431,-0.0266303
