-5.361641466520682,-1.6673617110125134,-0.3032074276345256,-0.0759825
-5.361641466520682,-1.6673617110125134,0.18574437517654996,-0.0734215
-5.361641466520682,-0.8524420396607209,-0.14022349336416706,-0.0840761
-5.361641466520682,-0.8524420396607209,0.022760440906191448,-0.0828813
-5.361641466520682,2.0812687772057323,0.6746961779876255,-0.202574
-5.361641466520682,2.5702205800168088,0.511712243717267,-0.204877
-5.361641466520682,2.7332045142871664,1.3266319150690595,-0.205374
-5.198657532250324,-1.504377776742155,0.6746961779876255,-0.0761774
-5.198657532250324,-1.0154259739310794,-0.7921592304456011,-0.0913104
-5.198657532250324,1.9182848429353747,1.6525997836097766,-0.200856
-5.198657532250324,2.5702205800168088,1.815583717880135,-0.204312
-5.198657532250324,3.222156317098243,0.511712243717267,-0.207402
-5.035673597979965,-0.5264741711200038,0.511712243717267,-0.0921881
-5.035673597979965,1.5923169743946577,1.6525997836097766,-0.195857
-5.035673597979965,1.7553009086650153,1.815583717880135,-0.198092
-5.035673597979965,1.9182848429353747,0.022760440906191448,-0.198734
-4.872689663709607,-2.645265316634665,-1.9330467703381111,-0.0741103
-4.872689663709607,-2.3192974480939474,0.34872830944690847,-0.0827645
-4.872689663709607,-1.0154259739310794,1.0006640465283425,-0.0859593
-4.872689663709607,-0.2005063025792868,-0.14022349336416706,-0.107284
-4.872689663709607,2.407236645746451,-0.3032074276345256,-0.201948
-4.872689663709607,3.3851402513686004,0.022760440906191448,-0.209956
-4.872689663709607,3.711108119909319,0.511712243717267,-0.211222
-4.872689663709607,3.711108119909319,1.3266319150690595,-0.208762
-4.709705729439248,-3.623168922256816,-1.7700628360677526,-0.0605033
-4.709705729439248,-3.297201053716099,-1.1181270989863181,-0.0718201
-4.709705729439248,-2.971233185175382,-2.4219985731491867,-0.0675865
-4.709705729439248,-2.8082492509050234,-2.4219985731491867,-0.0713464
-4.709705729439248,-0.3634902368496453,-0.9551431647159596,-0.114962
-4.709705729439248,0.7773973030428643,1.3266319150690595,-0.150101
-4.709705729439248,0.7773973030428643,1.6525997836097766,-0.143289
-4.709705729439248,0.9403812373132228,1.3266319150690595,-0.163907
-4.709705729439248,2.8961884485575258,2.3045355206912106,-0.202481
-4.709705729439248,3.711108119909319,0.18574437517654996,-0.212796
-4.546721795168889,-3.4601849879864575,-0.9551431647159596,-0.0755187
-4.546721795168889,-1.0154259739310794,-1.607078901797394,-0.112979
-4.546721795168889,-0.6894581053903623,-1.4440949675270356,-0.116711
-4.383737860898531,-3.949136790797533,-1.9330467703381111,-0.0594396
-4.383737860898531,1.5923169743946577,2.3045355206912106,-0.18492
-4.383737860898531,3.711108119909319,-0.14022349336416706,-0.214711
-4.220753926628172,-2.645265316634665,0.511712243717267,-0.100586
-4.220753926628172,-2.156313513823589,-2.7479664416899037,-0.0962142
-4.220753926628172,3.3851402513686004,-0.4661913619048841,-0.212546
-4.220753926628172,4.200059922720394,0.837680112257984,-0.216539
-4.220753926628172,4.200059922720394,1.0006640465283425,-0.215642
-4.057769992357814,-3.7861528565271745,-2.584982507419545,-0.0611148
-4.057769992357814,-3.297201053716099,-0.3032074276345256,-0.0973986
-4.057769992357814,-3.1342171194457404,-0.14022349336416706,-0.100116
-4.057769992357814,-2.3192974480939474,-2.910950375960262,-0.0940972
-4.057769992357814,-1.3413938424717964,-2.4219985731491867,-0.117537
-4.057769992357814,-0.0375223683089283,-1.2811110332566766,-0.132565
-4.057769992357814,0.45142943450214723,0.022760440906191448,-0.133981
-4.057769992357814,4.200059922720394,0.511712243717267,-0.219056
-4.057769992357814,4.200059922720394,1.3266319150690595,-0.214325
-3.894786058087455,-3.623168922256816,-0.4661913619048841,-0.096292
-3.894786058087455,-2.8082492509050234,0.511712243717267,-0.108373
-3.894786058087455,-1.6673617110125134,1.3266319150690595,-0.105765
-3.894786058087455,-1.0154259739310794,1.9785676521504936,-0.10387
-3.894786058087455,-0.2005063025792868,-1.607078901797394,-0.133655
-3.894786058087455,-0.2005063025792868,2.793487323502287,-0.105744
-3.894786058087455,0.45142943450214723,-0.3032074276345256,-0.134494
-3.894786058087455,0.6144133687725057,-0.14022349336416706,-0.137675
-3.894786058087455,0.9403812373132228,-0.14022349336416706,-0.148299
-3.894786058087455,1.2663491058539398,2.467519454961569,-0.153808
-3.7318021238170966,-2.8082492509050234,-3.0739343102306207,-0.0853028
-3.7318021238170966,-2.156313513823589,1.163647980798701,-0.110779
-3.7318021238170966,-1.0154259739310794,-2.4219985731491867,-0.127081
-3.7318021238170966,0.7773973030428643,2.793487323502287,-0.1263
-3.7318021238170966,3.222156317098243,-0.6291752961752426,-0.21198
-3.7318021238170966,4.0370759884500345,1.815583717880135,-0.210495
-3.568818189546738,-2.8082492509050234,0.6746961779876255,-0.115188
-3.568818189546738,-0.2005063025792868,-1.7700628360677526,-0.137623
-3.568818189546738,0.6144133687725057,-0.6291752961752426,-0.139083
-3.568818189546738,0.7773973030428643,-0.4661913619048841,-0.138677
-3.568818189546738,2.0812687772057323,2.6305033892319276,-0.178346
-3.4058342552763796,-4.112120725067891,-0.9551431647159596,-0.0934664
-3.4058342552763796,-3.949136790797533,-0.6291752961752426,-0.1007
-3.4058342552763796,-3.4601849879864575,-2.910950375960262,-0.0738824
-3.4058342552763796,-1.0154259739310794,-2.584982507419545,-0.129523
-3.4058342552763796,0.45142943450214723,2.9564712577726446,-0.119851
-3.4058342552763796,0.7773973030428643,-0.6291752961752426,-0.139236
-3.4058342552763796,2.2442527114760917,-0.7921592304456011,-0.178669
-3.4058342552763796,3.54812418563896,2.3045355206912106,-0.200723
-3.4058342552763796,3.711108119909319,-0.3032074276345256,-0.223138
-3.4058342552763796,3.874092054179677,-0.14022349336416706,-0.224839
-3.242850321006021,-1.3413938424717964,1.6525997836097766,-0.115691
-3.242850321006021,-0.8524420396607209,2.467519454961569,-0.113416
-3.242850321006021,-0.6894581053903623,2.6305033892319276,-0.113266
-3.242850321006021,1.1033651715835813,-0.6291752961752426,-0.139453
-3.242850321006021,2.5702205800168088,-0.7921592304456011,-0.190255
-3.0798663867356626,-3.623168922256816,-2.7479664416899037,-0.0746255
-3.0798663867356626,0.2884455002317887,-1.4440949675270356,-0.144585
-3.0798663867356626,0.45142943450214723,-1.2811110332566766,-0.145103
-3.0798663867356626,2.7332045142871664,-0.7921592304456011,-0.196967
-2.916882452465304,-4.112120725067891,-0.9551431647159596,-0.102506
-2.916882452465304,-1.1784099082014379,1.9785676521504936,-0.118153
-2.916882452465304,4.0370759884500345,1.3266319150690595,-0.217745
-2.7538985181949456,-3.4601849879864575,-2.910950375960262,-0.0776969
-2.7538985181949456,-2.482281382364306,1.0006640465283425,-0.127609
-2.7538985181949456,-0.5264741711200038,-2.0960307046084696,-0.137391
-2.7538985181949456,-0.5264741711200038,2.793487323502287,-0.116336
-2.7538985181949456,2.407236645746451,2.467519454961569,-0.158143
-2.7538985181949456,3.54812418563896,-0.4661913619048841,-0.223885
-2.7538985181949456,3.874092054179677,1.489615849339418,-0.213023
-2.5909145839245866,-4.112120725067891,-1.7700628360677526,-0.0903979
-2.5909145839245866,-3.7861528565271745,-0.3032074276345256,-0.118817
-2.5909145839245866,-3.1342171194457404,0.34872830944690847,-0.128476
-2.5909145839245866,-2.482281382364306,-3.399902178771338,-0.099942
-2.5909145839245866,-1.504377776742155,1.6525997836097766,-0.123097
-2.5909145839245866,0.6144133687725057,3.119455192043004,-0.116506
-2.5909145839245866,1.5923169743946577,2.6305033892319276,-0.130977
-2.427930649654228,-3.949136790797533,-2.584982507419545,-0.0752946
-2.427930649654228,-3.623168922256816,-0.14022349336416706,-0.123608
-2.427930649654228,-3.4601849879864575,0.022760440906191448,-0.126107
-2.427930649654228,-3.1342171194457404,-3.399902178771338,-0.081746
-2.427930649654228,-1.9933295795532304,1.3266319150690595,-0.129257
-2.427930649654228,1.1033651715835813,-0.9551431647159596,-0.153822
-2.427930649654228,1.2663491058539398,-0.9551431647159596,-0.159139
-2.427930649654228,1.9182848429353747,2.467519454961569,-0.132739
-2.427930649654228,3.222156317098243,1.9785676521504936,-0.182227
-2.2649467153838696,-4.112120725067891,-1.1181270989863181,-0.107764
-2.2649467153838696,-2.482281382364306,-3.5628861130416967,-0.0972041
-2.2649467153838696,-1.1784099082014379,-3.0739343102306207,-0.128238
-2.2649467153838696,-1.1784099082014379,1.9785676521504936,-0.121476
-2.2649467153838696,0.2884455002317887,-1.607078901797394,-0.14398
-2.2649467153838696,1.4293330401242983,2.793487323502287,-0.123459
-2.101962781113511,-4.112120725067891,-1.1181270989863181,-0.108764
-2.101962781113511,-3.297201053716099,0.022760440906191448,-0.129904
-2.101962781113511,-2.482281382364306,0.6746961779876255,-0.133336
-2.101962781113511,-0.8524420396607209,-2.7479664416899037,-0.133908
-1.9389788468431526,-2.482281382364306,0.511712243717267,-0.133076
-1.9389788468431526,0.45142943450214723,-1.607078901797394,-0.145057
-1.9389788468431526,1.5923169743946577,2.6305033892319276,-0.123935
-1.9389788468431526,2.5702205800168088,2.141551586420852,-0.151674
-1.9389788468431526,3.3851402513686004,-1.1181270989863181,-0.214126
-1.9389788468431526,3.874092054179677,1.163647980798701,-0.214422
-1.775994912572794,-2.482281382364306,0.34872830944690847,-0.131869
-1.775994912572794,-1.9933295795532304,1.163647980798701,-0.133256
-1.775994912572794,-1.830345645282872,1.3266319150690595,-0.131816
-1.775994912572794,0.9403812373132228,3.119455192043004,-0.107214
-1.775994912572794,1.1033651715835813,-1.1181270989863181,-0.160997
-1.6130109783024356,-1.830345645282872,-3.5628861130416967,-0.108392
-1.6130109783024356,-1.0154259739310794,1.9785676521504936,-0.122065
-1.6130109783024356,1.7553009086650153,2.3045355206912106,-0.131077
-1.6130109783024356,2.0812687772057323,2.141551586420852,-0.142822
-1.6130109783024356,3.222156317098243,1.815583717880135,-0.188527
-1.450027044032077,-2.3192974480939474,-3.725870047312055,-0.0937259
-1.450027044032077,-1.1784099082014379,-3.236918244500979,-0.123046
-1.450027044032077,0.1254615659614302,3.119455192043004,-0.0993583
-1.450027044032077,0.45142943450214723,-1.7700628360677526,-0.141714
-1.2870431097617185,-2.3192974480939474,0.511712243717267,-0.134288
-1.2870431097617185,-1.1784099082014379,-3.236918244500979,-0.121863
-1.2870431097617185,-0.6894581053903623,-2.910950375960262,-0.130625
-1.12405917549136,-1.9933295795532304,-3.5628861130416967,-0.100667
-0.9610752412210015,-3.949136790797533,-1.1181270989863181,-0.11076
-0.9610752412210015,-2.645265316634665,-3.725870047312055,-0.080138
-0.9610752412210015,-2.3192974480939474,0.837680112257984,-0.133615
-0.9610752412210015,-1.6673617110125134,-3.399902178771338,-0.107875
-0.9610752412210015,-1.3413938424717964,1.489615849339418,-0.131505
-0.9610752412210015,-0.5264741711200038,2.141551586420852,-0.119103
-0.9610752412210015,1.4293330401242983,1.9785676521504936,-0.136089
-0.9610752412210015,3.711108119909319,-0.6291752961752426,-0.20986
-0.798091306950643,-3.949136790797533,-1.2811110332566766,-0.107028
-0.798091306950643,-2.645265316634665,1.6525997836097766,-0.110346
-0.798091306950643,-2.156313513823589,1.9785676521504936,-0.116417
-0.798091306950643,-1.9933295795532304,1.9785676521504936,-0.120046
-0.798091306950643,2.2442527114760917,1.815583717880135,-0.171225
-0.798091306950643,2.407236645746451,1.815583717880135,-0.175642
-0.6351073726802845,-3.7861528565271745,-1.1181270989863181,-0.112196
-0.6351073726802845,-2.971233185175382,0.022760440906191448,-0.134605
-0.6351073726802845,-2.156313513823589,-3.399902178771338,-0.0925371
-0.6351073726802845,-1.830345645282872,2.3045355206912106,-0.118122
-0.6351073726802845,-1.3413938424717964,1.9785676521504936,-0.128893
-0.6351073726802845,-0.8524420396607209,1.6525997836097766,-0.132435
-0.6351073726802845,3.711108119909319,0.837680112257984,-0.204882
-0.472123438409926,-3.949136790797533,-2.910950375960262,-0.0636044
-0.472123438409926,-1.3413938424717964,2.3045355206912106,-0.125222
-0.3091395041395675,-3.7861528565271745,-1.9330467703381111,-0.0900423
-0.3091395041395675,-3.4601849879864575,0.837680112257984,-0.110265
-0.3091395041395675,-3.4601849879864575,1.6525997836097766,-0.0861133
-0.3091395041395675,-1.504377776742155,2.6305033892319276,-0.119354
-0.3091395041395675,-0.8524420396607209,1.9785676521504936,-0.131325
-0.3091395041395675,0.45142943450214723,1.9785676521504936,-0.13568
-0.3091395041395675,0.9403812373132228,-1.607078901797394,-0.141626
-0.3091395041395675,2.7332045142871664,-1.2811110332566766,-0.167224
-0.14615556986920897,-3.1342171194457404,-0.3032074276345256,-0.129472
-0.14615556986920897,-0.6894581053903623,1.9785676521504936,-0.131478
-0.14615556986920897,1.9182848429353747,-1.607078901797394,-0.150932
-0.14615556986920897,1.9182848429353747,1.3266319150690595,-0.144506
-0.14615556986920897,2.2442527114760917,-1.7700628360677526,-0.14999
0.016828364401149543,-3.7861528565271745,1.163647980798701,-0.0949352
0.016828364401149543,-3.7861528565271745,1.3266319150690595,-0.0901755
0.016828364401149543,-3.297201053716099,-2.0960307046084696,-0.0871771
0.016828364401149543,-3.297201053716099,2.467519454961569,-0.0730589
0.016828364401149543,-3.1342171194457404,2.6305033892319276,-0.0764124
0.016828364401149543,0.1254615659614302,-1.9330467703381111,-0.120971
0.016828364401149543,0.45142943450214723,-1.7700628360677526,-0.128327
0.016828364401149543,1.2663491058539398,-1.607078901797394,-0.141027
0.016828364401149543,1.9182848429353747,-1.9330467703381111,-0.143434
0.016828364401149543,2.407236645746451,-2.0960307046084696,-0.139382
0.17981229867150805,-3.7861528565271745,0.6746961779876255,-0.10723
0.17981229867150805,-2.3192974480939474,3.119455192043004,-0.0989392
0.17981229867150805,-1.6673617110125134,-3.0739343102306207,-0.089834
0.17981229867150805,-1.504377776742155,-3.0739343102306207,-0.0923632
0.17981229867150805,1.5923169743946577,-1.9330467703381111,-0.138407
0.17981229867150805,2.2442527114760917,0.837680112257984,-0.137115
0.34279623294186656,-3.949136790797533,1.0006640465283425,-0.0977505
0.34279623294186656,-2.156313513823589,-2.910950375960262,-0.0797741
0.34279623294186656,-0.3634902368496453,-2.4219985731491867,-0.107315
0.34279623294186656,0.7773973030428643,1.815583717880135,-0.132311
0.34279623294186656,1.7553009086650153,-2.259014638878828,-0.133585
0.34279623294186656,2.0812687772057323,-2.4219985731491867,-0.131711
0.34279623294186656,3.874092054179677,-0.7921592304456011,-0.129873
0.5057801672122251,-3.949136790797533,1.815583717880135,-0.0790438
0.5057801672122251,-3.1342171194457404,-0.3032074276345256,-0.120463
0.5057801672122251,3.54812418563896,0.18574437517654996,-0.153194
0.6687641014825836,-3.949136790797533,1.9785676521504936,-0.0783091
0.6687641014825836,-2.482281382364306,-2.584982507419545,-0.0744627
0.6687641014825836,-2.482281382364306,3.2824391263133617,-0.0975334
0.6687641014825836,-1.3413938424717964,3.119455192043004,-0.1141
0.6687641014825836,0.9403812373132228,-1.7700628360677526,-0.118881
0.6687641014825836,1.5923169743946577,-2.4219985731491867,-0.126518
0.6687641014825836,2.2442527114760917,0.6746961779876255,-0.119726
0.6687641014825836,3.059172382827885,-2.584982507419545,-0.110998
0.6687641014825836,3.222156317098243,0.511712243717267,-0.149385
0.8317480357529421,-4.112120725067891,1.163647980798701,-0.0950097
0.8317480357529421,-4.112120725067891,1.3266319150690595,-0.0918895
0.8317480357529421,-3.4601849879864575,2.793487323502287,-0.07984
0.8317480357529421,-1.0154259739310794,-2.7479664416899037,-0.0849295
0.8317480357529421,-0.5264741711200038,2.3045355206912106,-0.112202
0.8317480357529421,4.200059922720394,-0.9551431647159596,-0.104593
0.8317480357529421,4.200059922720394,-0.7921592304456011,-0.109761
0.9947319700233006,-3.949136790797533,2.141551586420852,-0.0817095
0.9947319700233006,-2.645265316634665,-1.1181270989863181,-0.0964637
0.9947319700233006,0.45142943450214723,1.815583717880135,-0.112528
0.9947319700233006,1.9182848429353747,0.837680112257984,-0.102447
0.9947319700233006,3.3851402513686004,-2.584982507419545,-0.100118
0.9947319700233006,3.874092054179677,-2.0960307046084696,-0.0870815
1.1577159042936591,-4.112120725067891,1.0006640465283425,-0.0990821
1.1577159042936591,-4.112120725067891,1.6525997836097766,-0.0898317
1.1577159042936591,-3.949136790797533,0.511712243717267,-0.105488
1.1577159042936591,-1.6673617110125134,3.2824391263133617,-0.109321
1.1577159042936591,1.7553009086650153,-2.7479664416899037,-0.119388
1.1577159042936591,2.2442527114760917,0.837680112257984,-0.111472
1.1577159042936591,4.0370759884500345,-1.9330467703381111,-0.0834998
1.3206998385640176,-1.3413938424717964,3.119455192043004,-0.109861
1.3206998385640176,-0.8524420396607209,-2.0960307046084696,-0.0827321
1.3206998385640176,-0.5264741711200038,-1.7700628360677526,-0.091894
1.3206998385640176,0.9403812373132228,1.6525997836097766,-0.106738
1.3206998385640176,3.54812418563896,-2.584982507419545,-0.0955603
1.3206998385640176,3.874092054179677,-2.259014638878828,-0.0870452
1.483683772834377,-2.971233185175382,-0.3032074276345256,-0.102292
1.483683772834377,-2.156313513823589,-1.607078901797394,-0.0780076
1.483683772834377,-0.8524420396607209,-1.7700628360677526,-0.0862672
1.483683772834377,3.711108119909319,0.511712243717267,-0.12794
1.6466677071047346,-1.504377776742155,-1.607078901797394,-0.0807455
1.6466677071047346,-1.3413938424717964,-1.607078901797394,-0.082528
1.6466677071047346,-0.2005063025792868,-1.7700628360677526,-0.0995047
1.6466677071047346,0.2884455002317887,-1.9330467703381111,-0.102618
1.6466677071047346,0.6144133687725057,1.815583717880135,-0.105931
1.809651641375094,-3.1342171194457404,2.9564712577726446,-0.0968332
1.809651641375094,0.2884455002317887,1.9785676521504936,-0.10611
1.809651641375094,1.4293330401242983,-2.584982507419545,-0.109292
1.809651641375094,1.9182848429353747,1.163647980798701,-0.104526
1.809651641375094,2.8961884485575258,0.837680112257984,-0.115741
1.9726355756454517,-2.482281382364306,3.119455192043004,-0.101879
1.9726355756454517,0.2884455002317887,1.9785676521504936,-0.105892
2.135619509915811,-3.4601849879864575,2.467519454961569,-0.0960695
2.135619509915811,-3.297201053716099,2.6305033892319276,-0.0968429
2.135619509915811,-0.2005063025792868,-1.7700628360677526,-0.101533
2.135619509915811,2.7332045142871664,-2.910950375960262,-0.108659
2.135619509915811,3.54812418563896,-2.584982507419545,-0.0995155
2.2986034441861705,-3.623168922256816,1.9785676521504936,-0.0954822
2.2986034441861705,-3.297201053716099,2.467519454961569,-0.0964552
2.2986034441861705,-1.3413938424717964,2.6305033892319276,-0.0972347
2.2986034441861705,-1.0154259739310794,-1.2811110332566766,-0.096259
2.2986034441861705,-0.8524420396607209,2.467519454961569,-0.0988089
2.2986034441861705,2.5702205800168088,0.837680112257984,-0.104129
2.461587378456528,-3.4601849879864575,1.9785676521504936,-0.0941494
2.461587378456528,-2.971233185175382,0.18574437517654996,-0.0869624
2.461587378456528,-2.8082492509050234,2.6305033892319276,-0.0966235
2.461587378456528,-1.6673617110125134,-1.1181270989863181,-0.0991059
2.461587378456528,-1.6673617110125134,2.6305033892319276,-0.0952648
2.461587378456528,-1.0154259739310794,2.467519454961569,-0.0967996
2.461587378456528,-0.5264741711200038,-1.4440949675270356,-0.097172
2.461587378456528,-0.3634902368496453,2.3045355206912106,-0.103348
2.461587378456528,1.1033651715835813,-2.259014638878828,-0.0990671
2.461587378456528,1.7553009086650153,-2.584982507419545,-0.104514
2.461587378456528,4.200059922720394,-0.4661913619048841,-0.108437
2.6245713127268857,-1.6673617110125134,-1.1181270989863181,-0.0995838
2.6245713127268857,-1.3413938424717964,2.467519454961569,-0.0927676
2.6245713127268857,-0.6894581053903623,-1.2811110332566766,-0.0945389
2.6245713127268857,0.1254615659614302,1.9785676521504936,-0.104395
2.6245713127268857,2.2442527114760917,1.0006640465283425,-0.102668
2.6245713127268857,4.200059922720394,-0.9551431647159596,-0.103895
2.787555246997245,-3.1342171194457404,0.6746961779876255,-0.0785539
2.787555246997245,-3.1342171194457404,1.815583717880135,-0.0841929
2.787555246997245,3.222156317098243,0.34872830944690847,-0.105577
2.787555246997245,4.0370759884500345,-1.4440949675270356,-0.101685
2.9505391812676045,-2.8082492509050234,-0.14022349336416706,-0.084066
2.9505391812676045,-2.645265316634665,2.141551586420852,-0.0789122
2.9505391812676045,0.6144133687725057,1.489615849339418,-0.0980933
2.9505391812676045,2.2442527114760917,-2.4219985731491867,-0.100905
3.113523115537962,-2.971233185175382,1.815583717880135,-0.0684006
3.113523115537962,-2.482281382364306,-0.6291752961752426,-0.0907619
3.113523115537962,-2.3192974480939474,-0.7921592304456011,-0.0935794
3.113523115537962,-2.156313513823589,2.3045355206912106,-0.0772846
3.113523115537962,-1.0154259739310794,-1.2811110332566766,-0.0989599
3.113523115537962,-0.2005063025792868,-1.7700628360677526,-0.101734
3.113523115537962,2.2442527114760917,-2.259014638878828,-0.0969586
3.113523115537962,2.8961884485575258,-2.259014638878828,-0.101601
3.2765070498083197,-2.3192974480939474,-0.7921592304456011,-0.0923219
3.2765070498083197,0.9403812373132228,1.489615849339418,-0.102616
3.2765070498083197,2.407236645746451,-2.0960307046084696,-0.093753
3.2765070498083197,2.5702205800168088,-2.0960307046084696,-0.0956612
3.439490984078679,-3.297201053716099,0.837680112257984,-0.0585326
3.439490984078679,-2.3192974480939474,-0.7921592304456011,-0.0910307
3.439490984078679,1.1033651715835813,1.489615849339418,-0.103614
3.439490984078679,3.222156317098243,-0.6291752961752426,-0.0929489
3.6024749183490385,-0.6894581053903623,-1.607078901797394,-0.100961
3.6024749183490385,1.9182848429353747,1.163647980798701,-0.099287
3.6024749183490385,2.407236645746451,0.6746961779876255,-0.0917845
3.6024749183490385,3.059172382827885,-0.9551431647159596,-0.0847359
3.765458852619396,-2.3192974480939474,2.3045355206912106,-0.0608933
3.765458852619396,-1.504377776742155,-1.2811110332566766,-0.098482
3.765458852619396,1.5923169743946577,-2.0960307046084696,-0.0798119
3.928442786889754,-1.9933295795532304,-0.9551431647159596,-0.0917547
3.928442786889754,-1.504377776742155,-1.2811110332566766,-0.0971543
3.928442786889754,-0.0375223683089283,-1.9330467703381111,-0.0967484
4.091426721160113,-1.9933295795532304,2.3045355206912106,-0.0630883
4.091426721160113,-1.3413938424717964,2.3045355206912106,-0.0783422
4.091426721160113,-0.8524420396607209,-1.607078901797394,-0.0973281
4.091426721160113,1.5923169743946577,-2.0960307046084696,-0.0735795
4.254410655430473,-1.6673617110125134,-1.1181270989863181,-0.0917771
4.254410655430473,-1.1784099082014379,-1.4440949675270356,-0.0945654
4.254410655430473,1.2663491058539398,-2.0960307046084696,-0.075903
4.254410655430473,2.8961884485575258,-1.1181270989863181,-0.0569981
4.254410655430473,2.8961884485575258,-0.3032074276345256,-0.064074
4.41739458970083,-0.0375223683089283,1.9785676521504936,-0.0945156
4.41739458970083,1.5923169743946577,1.163647980798701,-0.0922767
4.41739458970083,2.7332045142871664,0.022760440906191448,-0.0664741
4.580378523971188,-2.645265316634665,0.18574437517654996,-0.0582572
4.580378523971188,-0.3634902368496453,1.9785676521504936,-0.0887971
4.580378523971188,2.5702205800168088,0.18574437517654996,-0.0674305
4.743362458241547,-2.8082492509050234,0.837680112257984,-0.0434057
4.743362458241547,0.6144133687725057,1.6525997836097766,-0.0916552
4.906346392511907,-1.830345645282872,-0.4661913619048841,-0.0717291
4.906346392511907,-0.3634902368496453,1.815583717880135,-0.0823257
4.906346392511907,-0.2005063025792868,1.815583717880135,-0.08413
4.906346392511907,1.1033651715835813,-1.7700628360677526,-0.0653789
4.906346392511907,2.7332045142871664,-0.7921592304456011,-0.044772
4.906346392511907,2.7332045142871664,-0.6291752961752426,-0.0465946
5.069330326782264,-1.0154259739310794,-1.2811110332566766,-0.0790673
5.069330326782264,0.6144133687725057,1.489615849339418,-0.0845752
5.232314261052622,0.45142943450214723,-1.2811110332566766,-0.0659013
5.232314261052622,1.7553009086650153,0.18574437517654996,-0.0619157
5.395298195322981,-0.6894581053903623,1.489615849339418,-0.0649252
5.395298195322981,-0.5264741711200038,-1.2811110332566766,-0.0701676
5.395298195322981,0.9403812373132228,-0.9551431647159596,-0.0539633
5.395298195322981,1.2663491058539398,-1.1181270989863181,-0.050961
5.395298195322981,2.0812687772057323,-0.9551431647159596,-0.0416619
5.395298195322981,2.0812687772057323,-0.4661913619048841,-0.0462889
5.558282129593341,0.1254615659614302,-1.1181270989863181,-0.0606975
5.721266063863698,0.45142943450214723,-0.7921592304456011,-0.0518918
5.721266063863698,0.7773973030428643,0.6746961779876255,-0.0606136
5.884249998134056,-1.1784099082014379,0.837680112257984,-0.0437131
5.884249998134056,-1.0154259739310794,1.0006640465283425,-0.045771
6.210217866674775,-0.8524420396607209,-0.4661913619048841,-0.0404425
6.210217866674775,-0.5264741711200038,-0.6291752961752426,-0.0416609
6.210217866674775,-0.2005063025792868,-0.6291752961752426,-0.0416044
6.210217866674775,0.1254615659614302,-0.4661913619048841,-0.040732
6.373201800945132,0.1254615659614302,0.18574437517654996,-0.0375831
