-5.531070779188134,-2.9445917586235177,0.23906585821648196,0.176525
-5.531070779188134,-2.7816951385925286,0.8906523383404386,0.170628
-5.531070779188134,-2.130108658468573,0.5648590982784603,0.171212
-5.368174159157146,-4.084868098840441,0.5648590982784603,0.173202
-5.368174159157146,-3.596178238747474,-0.08672738184549544,0.175303
-5.205277539126157,-3.596178238747474,-0.7383138619694511,0.173596
-5.205277539126157,-2.6187985185615394,1.5422388184643943,0.170685
-5.042380919095168,-3.921971478809452,1.8680320585263726,0.186457
-4.879484299064179,-2.6187985185615394,-1.2270037220624186,0.17
-4.879484299064179,-1.152728938282639,-0.41252062190747285,0.179754
-4.879484299064179,-0.9898323182516497,-0.08672738184549544,0.183194
-4.553691059002201,-4.410661338902419,-0.9012104820004403,0.176721
-4.390794438971211,-4.736454578964397,1.0535489583714277,0.184074
-4.390794438971211,-2.293005278499562,1.8680320585263726,0.186696
-4.390794438971211,-1.9672120384375837,1.7051354384953843,0.185752
-4.227897818940223,-3.107488378654507,2.193825298588351,0.195727
-4.227897818940223,2.1052034623371414,-1.5527969621243969,0.102731
-4.227897818940223,2.756789942461098,-0.08672738184549544,0.100025
-4.227897818940223,3.2454798025540645,0.5648590982784603,0.0994648
-4.227897818940223,3.571273042616043,-0.41252062190747285,0.110628
-4.065001198909234,-4.736454578964397,0.401962478247472,0.180813
-4.065001198909234,-4.573557958933408,-0.9012104820004403,0.181866
-4.065001198909234,-3.596178238747474,2.193825298588351,0.200578
-4.065001198909234,-1.6414187983756054,-1.0641071020314294,0.175047
-4.065001198909234,1.2907203621821965,-1.8785902021863743,0.0984404
-4.065001198909234,2.2681000823681297,-1.2270037220624186,0.103192
-4.065001198909234,2.4309967023991197,-1.2270037220624186,0.104583
-4.065001198909234,2.4309967023991197,0.5648590982784603,0.0889778
-4.065001198909234,2.593893322430108,0.7277557183094503,0.0889505
-4.065001198909234,3.897066282678021,0.5648590982784603,0.104856
-3.9021045788782445,-1.6414187983756054,-1.0641071020314294,0.177234
-3.9021045788782445,0.63913388205824,-2.2043834422483526,0.107901
-3.9021045788782445,0.80203050208923,-2.5301766823103304,0.102438
-3.9021045788782445,1.2907203621821965,-1.3899003420934077,0.100942
-3.9021045788782445,2.4309967023991197,-0.9012104820004403,0.103275
-3.9021045788782445,2.4309967023991197,-0.7383138619694511,0.1022
-3.9021045788782445,3.0825831825230763,-1.0641071020314294,0.109118
-3.9021045788782445,3.408376422585053,1.0535489583714277,0.0961353
-3.7392079588472553,1.779410222275163,-3.1817631624342866,0.0923075
-3.7392079588472553,4.385756142770988,-0.2496240018764846,0.106817
-3.576311338816266,-2.455901898530551,2.0309286785573626,0.232297
-3.576311338816266,-1.4785221783446172,1.379342198433406,0.218783
-3.576311338816266,0.4762372620272517,-1.3899003420934077,0.118737
-3.576311338816266,1.1278237421512083,-3.1817631624342866,0.0947896
-3.576311338816266,1.4536169822131848,0.401962478247472,0.0885669
-3.413414718785278,-4.573557958933408,-0.41252062190747285,0.196244
-3.413414718785278,-4.573557958933408,0.7277557183094503,0.211218
-3.413414718785278,-1.152728938282639,0.8906523383404386,0.212236
-3.413414718785278,1.1278237421512083,-0.08672738184549544,0.0971639
-3.413414718785278,1.6165136022441748,1.2164455784024168,0.0815023
-3.413414718785278,2.2681000823681297,2.0309286785573626,0.0783307
-3.413414718785278,2.756789942461098,-3.3446597824652757,0.0917491
-3.413414718785278,3.571273042616043,-1.3899003420934077,0.105658
-3.2505180987542888,-2.130108658468573,2.193825298588351,0.247712
-3.2505180987542888,-1.6414187983756054,-1.2270037220624186,0.181062
-3.2505180987542888,-0.5011424581586823,-0.5754172419384629,0.17483
-3.2505180987542888,-0.5011424581586823,-0.08672738184549544,0.18082
-3.2505180987542888,-0.175349218096704,-2.6930733023413196,0.126882
-3.2505180987542888,1.2907203621821965,0.8906523383404386,0.0868281
-3.2505180987542888,2.756789942461098,2.6825151586813174,0.0842659
-3.0876214787232996,-1.9672120384375837,-1.5527969621243969,0.179635
-3.0876214787232996,-1.4785221783446172,-1.3899003420934077,0.17307
-3.0876214787232996,1.1278237421512083,-3.507556402496265,0.0936426
-2.9247248586923105,-1.8043154184065946,-1.7156935821553851,0.17268
-2.9247248586923105,-1.3156255583136272,1.5422388184643943,0.237347
-2.9247248586923105,-0.012452598065715748,-0.2496240018764846,0.157976
-2.9247248586923105,3.897066282678021,3.171205018774284,0.104746
-2.7618282386613213,-4.24776471887143,1.5422388184643943,0.240783
-2.7618282386613213,-3.107488378654507,-1.7156935821553851,0.196702
-2.7618282386613213,1.6165136022441748,-3.6704530225272536,0.0896097
-2.598931618630332,-4.573557958933408,0.23906585821648196,0.247766
-2.598931618630332,4.548652762801978,1.379342198433406,0.0911344
-2.598931618630332,4.711549382832966,1.8680320585263726,0.0951513
-2.436034998599344,-3.759074858778463,2.0309286785573626,0.239356
-2.436034998599344,-0.6640390781896723,0.8906523383404386,0.187632
-2.436034998599344,0.1504440219652734,-3.3446597824652757,0.107712
-2.436034998599344,0.80203050208923,0.8906523383404386,0.0993098
-2.436034998599344,1.1278237421512083,1.7051354384953843,0.0860017
-2.436034998599344,1.9423068423061531,3.0083083987432957,0.0791757
-2.273138378568354,-4.736454578964397,0.5648590982784603,0.256856
-2.273138378568354,-4.410661338902419,1.5422388184643943,0.249681
-2.273138378568354,-4.24776471887143,1.7051354384953843,0.245946
-2.273138378568354,-3.4332816187164847,-1.7156935821553851,0.196145
-2.273138378568354,-2.130108658468573,-2.3672800622793413,0.171997
-2.273138378568354,-1.152728938282639,-1.8785902021863743,0.15485
-2.273138378568354,-0.6640390781896723,-1.7156935821553851,0.146956
-2.273138378568354,0.63913388205824,0.8906523383404386,0.104468
-2.273138378568354,0.9649271221202183,1.2164455784024168,0.0945376
-2.273138378568354,1.6165136022441748,-3.8333496425582427,0.0893891
-2.273138378568354,2.1052034623371414,3.171205018774284,0.0815463
-2.273138378568354,4.385756142770988,3.171205018774284,0.104968
-2.1102417585373656,-3.759074858778463,2.0309286785573626,0.240831
-2.1102417585373656,-3.2703849986854956,-2.0414868222173634,0.188626
-2.1102417585373656,-2.7816951385925286,-2.3672800622793413,0.181315
-2.1102417585373656,-1.3156255583136272,1.8680320585263726,0.242552
-2.1102417585373656,0.80203050208923,1.2164455784024168,0.0980212
-2.1102417585373656,3.408376422585053,-2.8559699223723087,0.0824659
-2.1102417585373656,3.408376422585053,3.4969982588362623,0.0996704
-2.1102417585373656,3.571273042616043,3.4969982588362623,0.101172
-2.1102417585373656,4.548652762801978,3.0083083987432957,0.102514
-1.9473451385063765,-2.130108658468573,2.519618538650329,0.255316
-1.9473451385063765,-0.012452598065715748,0.8906523383404386,0.1326
-1.7844485184753873,-4.084868098840441,-0.41252062190747285,0.243544
-1.621551898444399,-3.596178238747474,-1.5527969621243969,0.192483
-1.621551898444399,-1.8043154184065946,2.193825298588351,0.245544
-1.621551898444399,-1.4785221783446172,1.8680320585263726,0.233892
-1.621551898444399,-0.5011424581586823,-2.0414868222173634,0.109329
-1.621551898444399,-0.5011424581586823,1.0535489583714277,0.157308
-1.621551898444399,-0.012452598065715748,1.379342198433406,0.12008
-1.621551898444399,2.4309967023991197,3.4969982588362623,0.0925072
-1.621551898444399,3.897066282678021,3.334101638805274,0.0996801
-1.621551898444399,4.222859522739998,3.171205018774284,0.098243
-1.458655278413409,-3.759074858778463,-0.5754172419384629,0.228871
-1.458655278413409,-3.107488378654507,-2.2043834422483526,0.181305
-1.458655278413409,3.897066282678021,-0.9012104820004403,0.0697778
-1.458655278413409,4.385756142770988,0.0761692381854937,0.0644255
-1.2957586583824208,-1.3156255583136272,-2.0414868222173634,0.149445
-1.2957586583824208,-0.8269356982206606,1.5422388184643943,0.170218
-1.2957586583824208,-0.175349218096704,1.7051354384953843,0.121916
-1.1328620383514307,-4.084868098840441,0.0761692381854937,0.248938
-1.1328620383514307,0.31334064199626255,2.519618538650329,0.0972757
-0.9699654183204425,-3.596178238747474,1.379342198433406,0.2371
-0.9699654183204425,0.63913388205824,-2.8559699223723087,0.0732216
-0.8070687982894533,-3.759074858778463,-0.08672738184549544,0.220491
-0.8070687982894533,-3.596178238747474,-0.5754172419384629,0.202053
-0.8070687982894533,-3.4332816187164847,-1.0641071020314294,0.18695
-0.8070687982894533,-3.107488378654507,-1.7156935821553851,0.177534
-0.8070687982894533,0.63913388205824,3.0083083987432957,0.0949592
-0.8070687982894533,0.9649271221202183,-3.018866542403298,0.0801243
-0.8070687982894533,3.2454798025540645,3.4969982588362623,0.100327
-0.8070687982894533,4.385756142770988,1.2164455784024168,0.0614514
-0.6441721782584642,-3.2703849986854956,-1.2270037220624186,0.180005
-0.6441721782584642,-0.6640390781896723,-2.5301766823103304,0.0960593
-0.6441721782584642,0.31334064199626255,2.6825151586813174,0.0992494
-0.6441721782584642,0.4762372620272517,2.8454117787123074,0.0972446
-0.6441721782584642,0.9649271221202183,-2.8559699223723087,0.0731075
-0.6441721782584642,1.2907203621821965,-3.1817631624342866,0.0890392
-0.6441721782584642,1.779410222275163,-3.507556402496265,0.0997913
-0.6441721782584642,2.2681000823681297,-3.507556402496265,0.1029
-0.6441721782584642,3.897066282678021,2.6825151586813174,0.0822591
-0.48127555822747503,-3.759074858778463,-0.41252062190747285,0.193208
-0.48127555822747503,-2.7816951385925286,1.7051354384953843,0.187944
-0.48127555822747503,-1.8043154184065946,-2.3672800622793413,0.148823
-0.48127555822747503,0.63913388205824,3.0083083987432957,0.0981113
-0.48127555822747503,1.2907203621821965,-2.8559699223723087,0.080889
-0.48127555822747503,1.6165136022441748,-3.1817631624342866,0.0945174
-0.31837893819648677,-3.921971478809452,-0.08672738184549544,0.193229
-0.31837893819648677,-2.9445917586235177,-1.3899003420934077,0.171375
-0.31837893819648677,0.31334064199626255,-2.8559699223723087,0.0626688
-0.31837893819648677,3.734169662647033,0.7277557183094503,0.0592464
-0.31837893819648677,4.059962902709009,1.379342198433406,0.0593853
-0.15548231816549674,-0.5011424581586823,-2.6930733023413196,0.0947217
-0.15548231816549674,0.31334064199626255,-2.8559699223723087,0.0632299
-0.15548231816549674,2.9196865624920862,-0.7383138619694511,0.0709001
0.007414301865491524,3.734169662647033,1.2164455784024168,0.0587967
0.17031092189648156,-3.921971478809452,-0.41252062190747285,0.174046
0.17031092189648156,3.2454798025540645,3.4969982588362623,0.0987846
0.17031092189648156,3.734169662647033,1.8680320585263726,0.0647071
0.3332075419274698,-3.759074858778463,0.8906523383404386,0.173819
0.3332075419274698,-3.4332816187164847,1.2164455784024168,0.168552
0.3332075419274698,-2.6187985185615394,-2.0414868222173634,0.151101
0.3332075419274698,-0.8269356982206606,-2.8559699223723087,0.118078
0.3332075419274698,0.80203050208923,-2.6930733023413196,0.061357
0.3332075419274698,0.80203050208923,2.8454117787123074,0.108002
0.3332075419274698,1.2907203621821965,3.4969982588362623,0.109463
0.3332075419274698,1.779410222275163,-1.7156935821553851,0.0780837
0.3332075419274698,3.408376422585053,3.0083083987432957,0.086917
0.3332075419274698,3.571273042616043,1.5422388184643943,0.0621979
0.4961041619584581,-0.8269356982206606,2.0309286785573626,0.141417
0.4961041619584581,-0.33824583812769404,2.193825298588351,0.125605
0.4961041619584581,0.9649271221202183,2.8454117787123074,0.109532
0.4961041619584581,1.6165136022441748,3.6598948788672523,0.111545
0.4961041619584581,1.9423068423061531,3.8227914988982405,0.112338
0.4961041619584581,2.1052034623371414,-1.0641071020314294,0.0839136
0.4961041619584581,2.593893322430108,-0.2496240018764846,0.069417
0.6590007819894481,-2.9445917586235177,-1.2270037220624186,0.15376
0.6590007819894481,-1.8043154184065946,2.0309286785573626,0.147561
0.6590007819894481,0.1504440219652734,2.519618538650329,0.115946
0.6590007819894481,1.2907203621821965,3.0083083987432957,0.109127
0.6590007819894481,1.779410222275163,-1.3899003420934077,0.0819459
0.8218974020204364,-0.9898323182516497,1.8680320585263726,0.137101
0.8218974020204364,2.2681000823681297,3.4969982588362623,0.10699
0.8218974020204364,3.0825831825230763,2.356721918619339,0.0768216
0.9847940220514264,-1.8043154184065946,1.8680320585263726,0.139417
0.9847940220514264,-0.012452598065715748,2.356721918619339,0.12019
0.9847940220514264,1.1278237421512083,-2.3672800622793413,0.0859809
0.9847940220514264,2.593893322430108,0.5648590982784603,0.0641301
0.9847940220514264,2.756789942461098,1.0535489583714277,0.06364
1.1476906420824147,-3.596178238747474,0.401962478247472,0.159593
1.1476906420824147,-2.455901898530551,-2.2043834422483526,0.137081
1.1476906420824147,0.63913388205824,2.519618538650329,0.114064
1.310587262113403,-3.4332816187164847,-0.08672738184549544,0.153381
1.310587262113403,-3.2703849986854956,0.8906523383404386,0.154466
1.310587262113403,1.779410222275163,-0.2496240018764846,0.0768187
1.310587262113403,2.2681000823681297,1.5422388184643943,0.0752977
1.473483882144393,-1.3156255583136272,-2.6930733023413196,0.121607
1.473483882144393,1.2907203621821965,2.193825298588351,0.103312
1.6363805021753812,-2.293005278499562,-1.5527969621243969,0.127775
1.6363805021753812,-1.4785221783446172,-2.5301766823103304,0.120406
1.6363805021753812,-0.33824583812769404,1.8680320585263726,0.10606
1.6363805021753812,1.9423068423061531,-0.5754172419384629,0.076967
1.6363805021753812,2.1052034623371414,-1.0641071020314294,0.0850726
1.7992771222063713,-2.455901898530551,-0.9012104820004403,0.124381
1.7992771222063713,-1.4785221783446172,2.193825298588351,0.108889
1.7992771222063713,0.1504440219652734,1.8680320585263726,0.107302
1.7992771222063713,1.2907203621821965,1.7051354384953843,0.0966571
1.9621737422373595,-3.2703849986854956,1.5422388184643943,0.13874
1.9621737422373595,-2.9445917586235177,-0.2496240018764846,0.121979
1.9621737422373595,0.31334064199626255,1.7051354384953843,0.101295
1.9621737422373595,1.1278237421512083,1.2164455784024168,0.0910637
1.9621737422373595,1.779410222275163,0.0761692381854937,0.0695792
1.9621737422373595,1.9423068423061531,-2.5301766823103304,0.107361
1.9621737422373595,2.2681000823681297,-1.8785902021863743,0.10031
2.1250703622683496,-3.4332816187164847,0.8906523383404386,0.132222
2.1250703622683496,-3.2703849986854956,0.23906585821648196,0.123425
2.1250703622683496,-2.6187985185615394,-0.7383138619694511,0.109576
2.1250703622683496,0.31334064199626255,1.5422388184643943,0.0924911
2.1250703622683496,1.9423068423061531,-0.08672738184549544,0.0688904
2.1250703622683496,2.2681000823681297,-1.0641071020314294,0.0834128
2.287966982299338,-3.4332816187164847,0.8906523383404386,0.127737
2.287966982299338,-3.107488378654507,-0.08672738184549544,0.111954
2.287966982299338,-1.6414187983756054,-1.8785902021863743,0.097678
2.287966982299338,-0.6640390781896723,2.193825298588351,0.0863434
2.450863602330326,-3.2703849986854956,0.23906585821648196,0.112537
2.450863602330326,-3.2703849986854956,1.5422388184643943,0.128306
2.450863602330326,1.4536169822131848,-2.8559699223723087,0.10102
2.450863602330326,2.2681000823681297,-1.8785902021863743,0.0985246
2.613760222361316,-1.4785221783446172,2.356721918619339,0.0962538
2.613760222361316,-0.9898323182516497,2.356721918619339,0.0862184
2.613760222361316,-0.5011424581586823,-2.5301766823103304,0.0808728
2.776656842392306,-0.9898323182516497,-2.2043834422483526,0.0777588
2.776656842392306,0.31334064199626255,1.5422388184643943,0.074857
2.776656842392306,0.4762372620272517,-2.8559699223723087,0.0833984
2.776656842392306,1.1278237421512083,-2.8559699223723087,0.0925212
2.776656842392306,1.779410222275163,-2.5301766823103304,0.100449
2.9395534624232944,-1.6414187983756054,2.356721918619339,0.0982002
2.9395534624232944,1.1278237421512083,0.8906523383404386,0.0691379
3.1024500824542827,-3.107488378654507,1.2164455784024168,0.112082
3.1024500824542827,-2.9445917586235177,1.5422388184643943,0.115716
3.1024500824542827,0.4762372620272517,1.5422388184643943,0.0704673
3.1024500824542827,0.9649271221202183,1.0535489583714277,0.0697384
3.1024500824542827,2.2681000823681297,-1.3899003420934077,0.0920741
3.265346702485271,-2.130108658468573,-1.0641071020314294,0.0730069
3.265346702485271,-0.8269356982206606,2.519618538650329,0.0806554
3.265346702485271,0.4762372620272517,1.7051354384953843,0.0678782
3.265346702485271,0.80203050208923,-2.6930733023413196,0.0820258
3.428243322516261,-2.455901898530551,-0.7383138619694511,0.0731952
3.428243322516261,-1.6414187983756054,-1.2270037220624186,0.071311
3.428243322516261,-0.9898323182516497,-1.8785902021863743,0.0679813
3.428243322516261,1.6165136022441748,0.8906523383404386,0.062791
3.591139942547251,-2.130108658468573,-0.9012104820004403,0.0692882
3.591139942547251,-0.9898323182516497,-1.7156935821553851,0.0676838
3.591139942547251,1.2907203621821965,1.2164455784024168,0.0629858
3.591139942547251,2.593893322430108,-1.0641071020314294,0.0880053
3.591139942547251,2.593893322430108,-0.7383138619694511,0.0822007
3.7540365625782393,-1.9672120384375837,-0.9012104820004403,0.0678168
3.7540365625782393,-1.6414187983756054,2.6825151586813174,0.097345
3.7540365625782393,-1.4785221783446172,-1.0641071020314294,0.0711456
3.7540365625782393,-0.9898323182516497,-1.5527969621243969,0.0681633
3.7540365625782393,-0.5011424581586823,-2.2043834422483526,0.0639626
3.7540365625782393,0.80203050208923,-2.5301766823103304,0.0782557
3.7540365625782393,1.4536169822131848,-2.3672800622793413,0.090567
3.9169331826092275,-2.7816951385925286,0.0761692381854937,0.0773374
3.9169331826092275,-1.8043154184065946,-0.9012104820004403,0.0671049
3.9169331826092275,0.4762372620272517,2.0309286785573626,0.0652182
3.9169331826092275,1.9423068423061531,0.7277557183094503,0.0648721
4.079829802640216,-2.7816951385925286,0.23906585821648196,0.0787528
4.079829802640216,-0.6640390781896723,-1.8785902021863743,0.0625517
4.242726422671208,0.80203050208923,1.8680320585263726,0.0653613
4.242726422671208,2.593893322430108,-0.2496240018764846,0.0803428
4.405623042702196,-2.6187985185615394,0.0761692381854937,0.0737756
4.405623042702196,-1.3156255583136272,-1.0641071020314294,0.064012
4.405623042702196,-0.8269356982206606,2.6825151586813174,0.0856544
4.405623042702196,-0.33824583812769404,-2.0414868222173634,0.0622422
4.405623042702196,1.779410222275163,-2.3672800622793413,0.0937245
4.405623042702196,2.2681000823681297,0.23906585821648196,0.0743082
4.568519662733184,-2.7816951385925286,2.0309286785573626,0.109635
4.568519662733184,-2.455901898530551,-0.08672738184549544,0.0704858
4.568519662733184,0.1504440219652734,2.193825298588351,0.0724712
4.731416282764172,-0.33824583812769404,-1.8785902021863743,0.0620504
4.731416282764172,-0.33824583812769404,2.356721918619339,0.0806146
4.731416282764172,0.31334064199626255,-2.2043834422483526,0.0686338
4.731416282764172,0.4762372620272517,2.0309286785573626,0.071509
4.731416282764172,1.2907203621821965,-2.3672800622793413,0.0847293
4.731416282764172,1.4536169822131848,-2.3672800622793413,0.0879801
4.731416282764172,2.2681000823681297,0.0761692381854937,0.0801451
4.894312902795162,-1.9672120384375837,2.6825151586813174,0.108789
4.894312902795162,-0.5011424581586823,2.356721918619339,0.0848899
4.894312902795162,0.63913388205824,-2.2043834422483526,0.0731794
4.894312902795162,2.4309967023991197,-0.2496240018764846,0.0870675
5.057209522826152,-2.6187985185615394,2.0309286785573626,0.109037
5.057209522826152,2.1052034623371414,-2.0414868222173634,0.100423
5.057209522826152,2.4309967023991197,-0.41252062190747285,0.0913106
5.220106142857141,-2.6187985185615394,1.2164455784024168,0.0941301
5.220106142857141,-2.6187985185615394,1.7051354384953843,0.104131
5.220106142857141,-0.6640390781896723,2.193825298588351,0.0915469
5.220106142857141,-0.33824583812769404,-1.5527969621243969,0.0626791
5.220106142857141,-0.012452598065715748,-1.7156935821553851,0.0658839
5.220106142857141,1.4536169822131848,1.2164455784024168,0.0763873
5.383002762888129,-1.8043154184065946,-0.08672738184549544,0.0683495
5.383002762888129,-0.012452598065715748,-1.5527969621243969,0.0668976
5.383002762888129,1.6165136022441748,0.7277557183094503,0.0825737
5.545899382919119,-1.6414187983756054,2.193825298588351,0.104491
5.545899382919119,-1.152728938282639,-0.7383138619694511,0.0642424
5.545899382919119,1.2907203621821965,-1.7156935821553851,0.0879404
5.545899382919119,2.1052034623371414,-1.2270037220624186,0.0998413
5.708796002950107,-1.8043154184065946,1.7051354384953843,0.100873
5.708796002950107,-0.9898323182516497,-0.7383138619694511,0.0660173
5.708796002950107,-0.5011424581586823,-1.0641071020314294,0.0667386
5.708796002950107,0.31334064199626255,-1.2270037220624186,0.0754001
5.708796002950107,1.1278237421512083,-1.2270037220624186,0.0882583
5.708796002950107,1.4536169822131848,-1.2270037220624186,0.0927887
5.708796002950107,1.4536169822131848,-0.7383138619694511,0.0950868
5.8716926229810955,-1.3156255583136272,0.5648590982784603,0.0839186
5.8716926229810955,-0.8269356982206606,1.379342198433406,0.0978286
5.8716926229810955,-0.5011424581586823,-0.9012104820004403,0.0692116
5.8716926229810955,0.9649271221202183,1.5422388184643943,0.088707
6.0345892430120855,0.63913388205824,-0.7383138619694511,0.0866849
6.197485863043074,-0.9898323182516497,0.401962478247472,0.0843884
6.197485863043074,-0.6640390781896723,-0.41252062190747285,0.0750884
6.197485863043074,-0.6640390781896723,1.2164455784024168,0.0970279
6.360382483074064,-0.8269356982206606,0.401962478247472,0.0870232
6.523279103105052,0.80203050208923,-0.08672738184549544,0.0970306
6.68617572313604,-0.33824583812769404,0.7277557183094503,0.0979432
6.68617572313604,0.31334064199626255,-0.08672738184549544,0.0947822
6.68617572313604,0.4762372620272517,1.0535489583714277,0.103106
6.68617572313604,0.80203050208923,0.401962478247472,0.101562
