-6.57016790800089,0.782067821083321,-0.2735883209315575,0.0533444
-6.57016790800089,0.782067821083321,0.27837737466667356,0.0532296
-6.4321764841013325,-1.0118206896109312,0.4163687985662312,0.108623
-6.294185060201775,0.23010212548508857,-0.4115797448311156,0.0628602
-6.294185060201775,0.23010212548508857,0.4163687985662312,0.062677
-6.294185060201775,1.885999212279783,0.0023945268675578113,0.0343244
-6.156193636302217,1.3340335166815516,-0.9635454404293471,0.0315181
-6.156193636302217,1.3340335166815516,0.9683344941644627,0.0312443
-6.0182022124026595,-1.9777606569078356,-0.6875625926302309,0.0547151
-5.880210788503101,-1.839769233008278,0.9683344941644627,0.0417816
-5.880210788503101,-0.4598549940126997,0.8303430702649042,0.0780082
-5.880210788503101,1.7480077883802254,0.9683344941644627,0.0210938
-5.742219364603543,-1.839769233008278,1.1063259180640204,0.0273159
-5.742219364603543,0.5060849732842048,-1.2395282882284624,0.0261395
-5.742219364603543,3.127922027375803,-0.5495711687306737,-0.028117
-5.742219364603543,3.40390487517492,-0.5495711687306737,-0.0320656
-5.742219364603543,3.40390487517492,0.5543602224657889,-0.032028
-5.604227940703986,-0.5978464179122582,1.1063259180640204,0.0549325
-5.604227940703986,1.6100163644806678,-1.2395282882284624,0.0124389
-5.604227940703986,3.5418962990744767,-0.825554016529789,-0.0324565
-5.604227940703986,3.5418962990744767,0.8303430702649042,-0.0323912
-5.466236516804427,-2.391734928606509,0.9683344941644627,-0.00739586
-5.466236516804427,-2.253743504706952,1.1063259180640204,-0.00538935
-5.466236516804427,-1.7017778091087203,-1.37751971212802,0.00679074
-5.466236516804427,-1.1498121135104888,1.3823087658631366,0.0245704
-5.466236516804427,1.4720249405811092,1.3823087658631366,0.00821991
-5.466236516804427,4.231853418572264,-0.2735883209315575,-0.0236448
-5.32824509290487,-2.391734928606509,1.1063259180640204,-0.0170482
-5.32824509290487,-1.9777606569078356,-1.37751971212802,-0.00906375
-5.32824509290487,-0.8738292657113726,1.3823087658631366,0.0256491
-5.32824509290487,-0.045880722314025846,1.244317341963579,0.0302926
-5.32824509290487,4.369844842471823,-0.2735883209315575,-0.017584
-5.32824509290487,4.369844842471823,0.27837737466667356,-0.0175758
-5.190253669005312,1.7480077883802254,1.3823087658631366,0.00369752
-5.190253669005312,2.1619820600788984,-1.1015368643289043,0.00363297
-5.190253669005312,2.4379649078780137,-1.1015368643289043,-0.00676843
-5.190253669005312,4.507836266371381,0.0023945268675578113,-0.00927881
-5.052262245105754,-2.253743504706952,1.3823087658631366,-0.0285708
-5.052262245105754,-0.4598549940126997,-1.37751971212802,0.0240254
-5.052262245105754,2.8519391795766875,1.3823087658631366,-0.0212132
-5.052262245105754,4.369844842471823,-0.825554016529789,-0.0124764
-5.052262245105754,4.369844842471823,0.8303430702649042,-0.0124549
-4.9142708212061965,-0.045880722314025846,1.5203001897626933,0.0127723
-4.9142708212061965,1.7480077883802254,1.5203001897626933,5.34153e-05
-4.776279397306639,-1.7017778091087203,1.6582916136622519,-0.0243011
-4.776279397306639,-0.5978464179122582,1.5203001897626933,0.0124875
-4.776279397306639,-0.32186357011314204,-1.5155111360275781,0.0145195
-4.776279397306639,2.1619820600788984,1.3823087658631366,0.00133988
-4.638287973407081,0.5060849732842048,-1.791493983826694,-0.00386053
-4.638287973407081,1.196042092781994,1.7962830375618095,-0.00627641
-4.638287973407081,4.093861994672709,-1.37751971212802,-0.0114952
-4.500296549507524,-3.0816920481042986,0.0023945268675578113,-0.0688917
-4.500296549507524,-2.9437006242047405,0.6923516463653474,-0.0645724
-4.500296549507524,-1.0118206896109312,-1.6535025599271358,-0.0052463
-4.500296549507524,-0.1838721462135844,1.6582916136622519,0.00663772
-4.500296549507524,0.3680935493846471,-1.791493983826694,-0.00354956
-4.500296549507524,0.3680935493846471,1.7962830375618095,-0.00361329
-4.500296549507524,1.3340335166815516,-1.791493983826694,-0.00631525
-4.500296549507524,1.3340335166815516,1.7962830375618095,-0.00634345
-4.500296549507524,2.1619820600788984,-1.5155111360275781,0.00236372
-4.500296549507524,2.4379649078780137,-1.5155111360275781,-0.00239775
-4.362305125607966,-3.0816920481042986,0.0023945268675578113,-0.0752046
-4.362305125607966,-2.9437006242047405,-0.6875625926302309,-0.0699485
-4.362305125607966,-2.391734928606509,1.3823087658631366,-0.0522042
-4.362305125607966,-1.0118206896109312,-1.6535025599271358,-0.00557235
-4.362305125607966,1.885999212279783,-1.6535025599271358,0.000414761
-4.362305125607966,3.9558705707731505,1.5203001897626933,-0.00715605
-4.362305125607966,4.64582769027094,-0.825554016529789,0.0293883
-4.362305125607966,4.64582769027094,0.8303430702649042,0.0292825
-4.224313701708407,-3.0816920481042986,0.0023945268675578113,-0.0812331
-4.224313701708407,-2.6677177764056252,-1.1015368643289043,-0.0646866
-4.224313701708407,-2.529726352506067,-1.2395282882284624,-0.0599222
-4.224313701708407,-2.1157520808073937,-1.5155111360275781,-0.0459646
-4.224313701708407,-1.1498121135104888,-1.6535025599271358,-0.0107081
-4.224313701708407,-0.5978464179122582,-1.6535025599271358,0.00634206
-4.224313701708407,1.4720249405811092,-1.791493983826694,-0.00520378
-4.224313701708407,1.4720249405811092,1.7962830375618095,-0.00524056
-4.224313701708407,2.8519391795766875,1.6582916136622519,-0.007325
-4.08632227780885,-0.735837841811815,-1.6535025599271358,0.0041201
-4.08632227780885,1.4720249405811092,1.7962830375618095,-0.00471019
-4.08632227780885,2.1619820600788984,-1.6535025599271358,0.00543135
-3.948330853909292,-1.839769233008278,1.5203001897626933,-0.037202
-3.948330853909292,-0.735837841811815,1.6582916136622519,0.00432844
-3.948330853909292,1.4720249405811092,1.7962830375618095,-0.00400045
-3.948330853909292,2.299973483978456,1.6582916136622519,0.00736411
-3.948330853909292,2.8519391795766875,1.6582916136622519,0.000124906
-3.948330853909292,4.921810538070055,-0.4115797448311156,0.0784056
-3.948330853909292,4.921810538070055,0.4163687985662312,0.0782484
-3.8103394300097344,-1.5637863852091627,-1.5155111360275781,-0.0237826
-3.8103394300097344,0.3680935493846471,-1.791493983826694,-0.00404317
-3.8103394300097344,0.5060849732842048,-1.791493983826694,-0.00516473
-3.8103394300097344,0.6440763971837624,1.7962830375618095,-0.00601578
-3.8103394300097344,0.782067821083321,1.7962830375618095,-0.0064557
-3.8103394300097344,0.9200592449828786,1.7962830375618095,-0.00653381
-3.8103394300097344,1.0580506688824354,1.7962830375618095,-0.00624457
-3.8103394300097344,1.196042092781994,1.7962830375618095,-0.0055848
-3.8103394300097344,1.3340335166815516,-1.791493983826694,-0.00451673
-3.8103394300097344,2.4379649078780137,1.6582916136622519,0.0088059
-3.8103394300097344,3.127922027375803,-1.6535025599271358,0.00140539
-3.8103394300097344,3.2659134512753614,-1.6535025599271358,0.00122484
-3.672348006110176,-2.8057092003051824,0.9683344941644627,-0.0780752
-3.672348006110176,-1.839769233008278,-1.37751971212802,-0.0344874
-3.672348006110176,-1.2878035374100474,-1.5155111360275781,-0.00861223
-3.534356582210619,-3.6336577437025297,-0.6875625926302309,-0.0809225
-3.534356582210619,-3.6336577437025297,0.6923516463653474,-0.0807299
-3.534356582210619,-3.4956663198029716,0.8303430702649042,-0.0802232
-3.534356582210619,-2.6677177764056252,-1.1015368643289043,-0.0713137
-3.534356582210619,-1.9777606569078356,1.244317341963579,-0.0393478
-3.534356582210619,-1.5637863852091627,-1.37751971212802,-0.0170293
-3.534356582210619,-1.5637863852091627,1.3823087658631366,-0.0170917
-3.534356582210619,4.231853418572264,-1.2395282882284624,0.0474332
-3.3963651583110606,0.9200592449828786,-1.6535025599271358,-0.00050672
-3.3963651583110606,2.575956331777572,-1.6535025599271358,0.0120975
-3.3963651583110606,3.8178791468735938,1.3823087658631366,0.0331706
-3.3963651583110606,4.783819114170496,-0.6875625926302309,0.096957
-3.3963651583110606,4.783819114170496,0.6923516463653474,0.0966334
-3.258373734411503,-1.4257949613096041,1.3823087658631366,-0.00560689
-3.258373734411503,1.196042092781994,-1.6535025599271358,0.000568809
-3.258373734411503,1.196042092781994,1.6582916136622519,0.000456509
-3.258373734411503,2.575956331777572,-1.6535025599271358,0.0118886
-3.258373734411503,2.9899306034762443,-1.5155111360275781,0.0190534
-3.1203823105119444,2.575956331777572,1.6582916136622519,0.0108499
-3.1203823105119444,3.2659134512753614,-1.37751971212802,0.0293467
-3.1203823105119444,3.2659134512753614,1.3823087658631366,0.0291881
-3.1203823105119444,4.369844842471823,-0.9635454404293471,0.0846068
-3.1203823105119444,4.369844842471823,0.9683344941644627,0.0842462
-2.9823908866123867,-2.253743504706952,1.3823087658631366,-0.0389249
-2.9823908866123867,-1.5637863852091627,-1.37751971212802,-0.00622443
-2.9823908866123867,-1.5637863852091627,1.3823087658631366,-0.00639159
-2.9823908866123867,0.782067821083321,-1.5155111360275781,0.00693504
-2.9823908866123867,1.885999212279783,1.7962830375618095,-0.00145591
-2.9823908866123867,2.0239906361793407,-1.791493983826694,-0.000318207
-2.9823908866123867,2.0239906361793407,1.7962830375618095,-0.000376983
-2.9823908866123867,3.127922027375803,1.3823087658631366,0.0281262
-2.84439946271283,-3.219683472003856,-1.5155111360275781,-0.0609858
-2.84439946271283,-2.529726352506067,1.5203001897626933,-0.0456472
-2.84439946271283,-1.839769233008278,-1.37751971212802,-0.0138008
-2.84439946271283,-1.4257949613096041,-1.5155111360275781,-0.00450383
-2.84439946271283,-0.5978464179122582,1.7962830375618095,-0.00506861
-2.84439946271283,1.7480077883802254,1.7962830375618095,-0.00350346
-2.84439946271283,2.1619820600788984,1.7962830375618095,-0.000618653
-2.84439946271283,3.9558705707731505,-0.9635454404293471,0.0766457
-2.84439946271283,3.9558705707731505,0.9683344941644627,0.0763456
-2.7064080388132714,0.3680935493846471,-1.6535025599271358,0.00193867
-2.7064080388132714,1.6100163644806678,-1.791493983826694,-0.00466422
-2.5684166149137138,-3.4956663198029716,-1.5155111360275781,-0.059184
-2.5684166149137138,-1.9777606569078356,1.5203001897626933,-0.014139
-2.5684166149137138,-1.839769233008278,-1.5155111360275781,-0.00871789
-2.5684166149137138,-1.839769233008278,1.5203001897626933,-0.0088691
-2.5684166149137138,-1.2878035374100474,1.6582916136622519,-0.00326159
-2.5684166149137138,-0.8738292657113726,-1.791493983826694,-0.00537935
-2.5684166149137138,-0.045880722314025846,1.7962830375618095,-0.00354965
-2.5684166149137138,1.0580506688824354,1.6582916136622519,0.000517553
-2.5684166149137138,3.40390487517492,-1.1015368643289043,0.0453018
-2.430425191014156,-4.461606287099876,-0.4115797448311156,-0.0624397
-2.430425191014156,-4.461606287099876,0.4163687985662312,-0.0623701
-2.430425191014156,-2.6677177764056252,1.6582916136622519,-0.039275
-2.430425191014156,2.7139477556771308,-1.6535025599271358,0.00644306
-2.430425191014156,2.7139477556771308,1.6582916136622519,0.0063948
-2.430425191014156,3.2659134512753614,1.244317341963579,0.0323471
-2.430425191014156,3.40390487517492,1.1063259180640204,0.0423906
-2.430425191014156,3.5418962990744767,-0.9635454404293471,0.053459
-2.2924337671145976,-4.323614863200319,-0.825554016529789,-0.0595058
-2.2924337671145976,-2.391734928606509,-1.6535025599271358,-0.0254009
-2.2924337671145976,0.0921107015855318,1.7962830375618095,-0.00195485
-2.2924337671145976,1.3340335166815516,-1.791493983826694,-0.004628
-2.15444234321504,-2.253743504706952,1.6582916136622519,-0.0157114
-2.15444234321504,-1.7017778091087203,-1.6535025599271358,0.00165248
-2.15444234321504,3.9558705707731505,-0.2735883209315575,0.0802493
-2.15444234321504,3.9558705707731505,0.27837737466667356,0.0801712
-2.016450919315483,-3.0816920481042986,1.6582916136622519,-0.0407677
-2.016450919315483,0.0921107015855318,1.7962830375618095,0.000365769
-2.016450919315483,1.196042092781994,-1.791493983826694,-0.00240604
-2.016450919315483,2.299973483978456,1.7962830375618095,-0.00333287
-2.016450919315483,2.7139477556771308,-1.6535025599271358,0.0046702
-1.8784594954159246,-4.323614863200319,-0.825554016529789,-0.0476565
-1.8784594954159246,-0.4598549940126997,-1.791493983826694,0.000282581
-1.8784594954159246,-0.32186357011314204,1.7962830375618095,0.000334851
-1.8784594954159246,-0.1838721462135844,-1.791493983826694,0.00082026
-1.8784594954159246,-0.1838721462135844,1.7962830375618095,0.000724515
-1.8784594954159246,-0.045880722314025846,-1.791493983826694,0.00140916
-1.8784594954159246,1.196042092781994,-1.791493983826694,-0.00148148
-1.740468071516367,-2.391734928606509,-1.6535025599271358,-0.00980519
-1.740468071516367,1.4720249405811092,-1.791493983826694,-0.00337458
-1.740468071516367,1.4720249405811092,1.7962830375618095,-0.00343154
-1.740468071516367,1.885999212279783,1.7962830375618095,-0.00502937
-1.740468071516367,3.9558705707731505,-0.4115797448311156,0.0623535
-1.740468071516367,3.9558705707731505,0.4163687985662312,0.0622588
-1.6024766476168093,-4.047632015401203,-1.1015368643289043,-0.0373945
-1.6024766476168093,3.9558705707731505,0.4163687985662312,0.0596868
-1.4644852237172508,-2.1157520808073937,-1.6535025599271358,0.00513515
-1.4644852237172508,-0.8738292657113726,-1.6535025599271358,0.0104362
-1.4644852237172508,-0.8738292657113726,1.6582916136622519,0.0102169
-1.4644852237172508,-0.32186357011314204,-1.6535025599271358,0.0104089
-1.4644852237172508,2.7139477556771308,1.5203001897626933,0.00806684
-1.4644852237172508,3.2659134512753614,1.244317341963579,0.0264042
-1.4644852237172508,3.8178791468735938,0.6923516463653474,0.0512463
-1.326493799817693,-4.461606287099876,0.0023945268675578113,-0.00159703
-1.326493799817693,-4.185623439300761,-0.825554016529789,-0.013931
-1.326493799817693,-3.9096405915016454,1.1063259180640204,-0.0214277
-1.326493799817693,-2.6677177764056252,1.5203001897626933,-0.00654113
-1.326493799817693,-1.1498121135104888,1.6582916136622519,0.0118584
-1.326493799817693,1.4720249405811092,1.6582916136622519,0.00194001
-1.326493799817693,1.6100163644806678,-1.6535025599271358,0.000605903
-1.326493799817693,3.40390487517492,1.1063259180640204,0.0334097
-1.1885023759181363,-4.323614863200319,-0.5495711687306737,0.00853911
-1.1885023759181363,-4.323614863200319,0.5543602224657889,0.00823309
-1.1885023759181363,-1.1498121135104888,-1.6535025599271358,0.0116829
-1.1885023759181363,-0.4598549940126997,-1.5155111360275781,0.0190705
-1.1885023759181363,-0.4598549940126997,1.5203001897626933,0.0188095
-1.1885023759181363,-0.32186357011314204,1.5203001897626933,0.0195956
-1.1885023759181363,0.5060849732842048,1.6582916136622519,0.0141348
-1.1885023759181363,0.9200592449828786,1.6582916136622519,0.00992427
-1.1885023759181363,2.1619820600788984,-1.5155111360275781,0.00288182
-1.0505109520185778,-4.461606287099876,-0.13559689703200029,0.0325313
-1.0505109520185778,-4.461606287099876,0.1403859507671159,0.0323978
-1.0505109520185778,-3.4956663198029716,-1.2395282882284624,-0.00735135
-1.0505109520185778,-1.1498121135104888,1.6582916136622519,0.0104957
-1.0505109520185778,3.679887722974035,-0.6875625926302309,0.0468684
-0.9125195281190202,-2.8057092003051824,-1.37751971212802,0.00324655
-0.9125195281190202,1.3340335166815516,1.5203001897626933,0.00521872
-0.9125195281190202,1.7480077883802254,1.3823087658631366,0.00531321
-0.7745281042194625,-4.323614863200319,-0.6875625926302309,0.040065
-0.7745281042194625,1.6100163644806678,-1.37751971212802,0.00368641
-0.7745281042194625,1.6100163644806678,1.3823087658631366,0.00356708
-0.7745281042194625,2.575956331777572,1.1063259180640204,0.0171779
-0.636536680319904,-3.219683472003856,-1.37751971212802,-0.00209941
-0.636536680319904,-2.529726352506067,-1.5155111360275781,0.00378846
-0.636536680319904,-0.8738292657113726,1.6582916136622519,0.00737312
-0.636536680319904,-0.4598549940126997,-1.5155111360275781,0.0174539
-0.636536680319904,2.4379649078780137,0.9683344941644627,0.0169625
-0.636536680319904,3.2659134512753614,-0.6875625926302309,0.0390342
-0.636536680319904,3.2659134512753614,0.6923516463653474,0.0388786
-0.636536680319904,3.40390487517492,-0.5495711687306737,0.0431127
-0.4985452564203463,-2.6677177764056252,1.5203001897626933,-0.00149525
-0.4985452564203463,-1.4257949613096041,-1.791493983826694,-0.00081045
-0.4985452564203463,-0.735837841811815,-1.6535025599271358,0.00726848
-0.4985452564203463,-0.735837841811815,1.6582916136622519,0.00709957
-0.4985452564203463,0.6440763971837624,-1.6535025599271358,0.000834671
-0.4985452564203463,2.299973483978456,-0.825554016529789,0.0145682
-0.4985452564203463,2.299973483978456,0.8303430702649042,0.0144587
-0.36055383252078865,-4.323614863200319,0.8303430702649042,0.0340181
-0.36055383252078865,-3.6336577437025297,-1.37751971212802,-0.00410845
-0.36055383252078865,-2.253743504706952,-1.6535025599271358,-0.00114094
-0.36055383252078865,-1.1498121135104888,-1.791493983826694,-0.00173
-0.36055383252078865,-0.5978464179122582,1.6582916136622519,0.00714946
-0.36055383252078865,0.5060849732842048,1.6582916136622519,0.000455604
-0.36055383252078865,0.782067821083321,1.6582916136622519,-0.00393448
-0.36055383252078865,1.3340335166815516,-1.5155111360275781,-0.00777556
-0.36055383252078865,1.7480077883802254,1.244317341963579,-0.00486024
-0.36055383252078865,2.0239906361793407,0.9683344941644627,0.00188963
-0.36055383252078865,2.8519391795766875,-0.4115797448311156,0.0325328
-0.36055383252078865,2.8519391795766875,0.4163687985662312,0.0324402
-0.222562408621231,-1.7017778091087203,-1.791493983826694,-0.00423145
-0.222562408621231,-1.0118206896109312,-1.791493983826694,-0.00241134
-0.222562408621231,-1.0118206896109312,1.7962830375618095,-0.00250096
-0.222562408621231,0.782067821083321,1.6582916136622519,-0.00614697
-0.222562408621231,1.7480077883802254,-1.2395282882284624,-0.00807558
-0.222562408621231,1.885999212279783,-1.1015368643289043,-0.00555497
-0.222562408621231,1.885999212279783,1.1063259180640204,-0.00558964
-0.08457098472167335,-0.8738292657113726,1.7962830375618095,-0.00257178
-0.08457098472167335,0.5060849732842048,1.6582916136622519,-0.00281961
-0.08457098472167335,0.6440763971837624,1.6582916136622519,-0.00544275
0.053420439177884305,-2.529726352506067,1.6582916136622519,-0.0159551
0.053420439177884305,-2.391734928606509,1.6582916136622519,-0.0127074
0.053420439177884305,-1.5637863852091627,-1.791493983826694,-0.00722177
0.053420439177884305,-0.735837841811815,-1.791493983826694,-0.00203174
0.053420439177884305,-0.045880722314025846,-1.6535025599271358,0.00600217
0.053420439177884305,2.299973483978456,0.0023945268675578113,0.00517338
0.19141186307744196,-4.047632015401203,-1.2395282882284624,-0.011217
0.19141186307744196,-2.391734928606509,1.6582916136622519,-0.0159892
0.19141186307744196,-2.253743504706952,-1.6535025599271358,-0.0125807
0.19141186307744196,-1.4257949613096041,-1.791493983826694,-0.00819537
0.19141186307744196,-1.4257949613096041,1.7962830375618095,-0.00826781
0.19141186307744196,2.0239906361793407,-0.825554016529789,-0.00723703
0.19141186307744196,2.1619820600788984,-0.5495711687306737,-0.00210014
0.19141186307744196,2.1619820600788984,0.5543602224657889,-0.00216613
0.3294032869770005,-4.461606287099876,0.5543602224657889,0.0112439
0.3294032869770005,-4.047632015401203,1.244317341963579,-0.01645
0.3294032869770005,-1.2878035374100474,-1.791493983826694,-0.00857324
0.3294032869770005,-0.5978464179122582,-1.791493983826694,-0.00214532
0.3294032869770005,1.885999212279783,-0.9635454404293471,-0.0101378
0.46739471087655904,-1.7017778091087203,1.6582916136622519,-0.00865843
0.46739471087655904,-1.0118206896109312,1.7962830375618095,-0.00731595
0.46739471087655904,-0.5978464179122582,-1.791493983826694,-0.00292678
0.6053861347761158,-0.735837841811815,-1.791493983826694,-0.00511247
0.7433775586756726,-3.0816920481042986,-1.6535025599271358,-0.0378373
0.7433775586756726,-2.9437006242047405,1.6582916136622519,-0.0366833
0.7433775586756726,-2.8057092003051824,-1.6535025599271358,-0.0349893
0.7433775586756726,2.299973483978456,0.5543602224657889,0.0168317
0.8813689825752311,-3.4956663198029716,-1.5155111360275781,-0.0390509
0.8813689825752311,-2.391734928606509,1.5203001897626933,-0.026595
0.8813689825752311,-1.5637863852091627,1.5203001897626933,-0.00654453
1.0193604064747896,0.782067821083321,-1.37751971212802,-0.00198815
1.0193604064747896,1.3340335166815516,1.244317341963579,-0.00496827
1.0193604064747896,2.1619820600788984,0.9683344941644627,0.0110267
1.1573518303743482,-3.4956663198029716,1.3823087658631366,-0.0404499
1.1573518303743482,0.0921107015855318,-1.6535025599271358,-0.0034543
1.1573518303743482,0.5060849732842048,-1.5155111360275781,-0.00264352
1.1573518303743482,2.7139477556771308,-0.5495711687306737,0.0253546
1.1573518303743482,2.8519391795766875,-0.13559689703200029,0.0290299
1.295343254273905,-4.185623439300761,-0.4115797448311156,-0.0281208
1.295343254273905,-4.185623439300761,0.4163687985662312,-0.0281195
1.295343254273905,-3.9096405915016454,-0.9635454404293471,-0.0354372
1.295343254273905,-3.7716491676020873,1.1063259180640204,-0.0375994
1.295343254273905,-2.1157520808073937,1.244317341963579,-0.0144554
1.295343254273905,0.23010212548508857,-1.6535025599271358,-0.00603562
1.295343254273905,1.4720249405811092,1.3823087658631366,-0.00506026
1.295343254273905,2.8519391795766875,-0.4115797448311156,0.0261039
1.295343254273905,2.8519391795766875,0.4163687985662312,0.025796
1.4333346781734635,-3.7716491676020873,-0.9635454404293471,-0.0365106
1.4333346781734635,-3.357674895903414,-1.2395282882284624,-0.0390063
1.4333346781734635,-3.357674895903414,1.244317341963579,-0.0387775
1.4333346781734635,-2.253743504706952,-1.2395282882284624,-0.0184599
1.4333346781734635,-2.253743504706952,1.244317341963579,-0.0183908
1.4333346781734635,1.196042092781994,1.5203001897626933,-0.00838244
1.4333346781734635,1.7480077883802254,1.3823087658631366,-0.0030598
1.571326102073022,-2.8057092003051824,-1.2395282882284624,-0.0301746
1.571326102073022,-2.8057092003051824,1.244317341963579,-0.02997
1.571326102073022,-2.6677177764056252,1.244317341963579,-0.027107
1.571326102073022,-2.529726352506067,-1.2395282882284624,-0.0239246
1.571326102073022,2.7139477556771308,-0.825554016529789,0.0162195
1.7093175259725788,-3.357674895903414,0.9683344941644627,-0.0302042
1.7093175259725788,-3.0816920481042986,-1.1015368643289043,-0.0283434
1.7093175259725788,-0.5978464179122582,-1.791493983826694,-0.0139328
1.7093175259725788,-0.045880722314025846,1.7962830375618095,-0.0136685
1.7093175259725788,1.196042092781994,1.6582916136622519,-0.0118447
1.7093175259725788,2.0239906361793407,1.3823087658631366,-0.00221991
1.8473089498721373,-3.4956663198029716,-0.6875625926302309,-0.0221977
1.8473089498721373,-3.357674895903414,0.8303430702649042,-0.0217428
1.8473089498721373,-0.735837841811815,-1.791493983826694,-0.0156836
1.8473089498721373,0.23010212548508857,-1.791493983826694,-0.0155797
1.8473089498721373,2.299973483978456,1.244317341963579,0.00132479
1.9853003737716923,-3.6336577437025297,0.0023945268675578113,-0.0107257
1.9853003737716923,-0.8738292657113726,-1.791493983826694,-0.0172225
1.9853003737716923,0.6440763971837624,1.7962830375618095,-0.0167938
1.9853003737716923,0.782067821083321,-1.791493983826694,-0.0164041
1.9853003737716923,1.885999212279783,-1.5155111360275781,-0.00770988
1.9853003737716923,2.9899306034762443,-0.2735883209315575,0.0123646
1.9853003737716923,2.9899306034762443,0.27837737466667356,0.0122115
2.123291797671251,-2.1157520808073937,-1.5155111360275781,-0.0145889
2.123291797671251,-2.1157520808073937,1.5203001897626933,-0.0145432
2.123291797671251,-1.7017778091087203,-1.6535025599271358,-0.0162034
2.123291797671251,-1.7017778091087203,1.6582916136622519,-0.0161882
2.123291797671251,-1.0118206896109312,-1.791493983826694,-0.0183673
2.123291797671251,1.0580506688824354,1.7962830375618095,-0.0161999
2.123291797671251,1.6100163644806678,1.6582916136622519,-0.0120826
2.2612832215708094,-1.1498121135104888,-1.791493983826694,-0.0190055
2.2612832215708094,-1.1498121135104888,1.7962830375618095,-0.0190031
2.2612832215708094,1.196042092781994,1.7962830375618095,-0.0161462
2.399274645470368,-1.9777606569078356,-1.6535025599271358,-0.0158499
2.399274645470368,-0.5978464179122582,1.7962830375618095,-0.0190175
2.399274645470368,-0.4598549940126997,-1.791493983826694,-0.0186614
2.399274645470368,0.23010212548508857,-1.791493983826694,-0.0184403
2.399274645470368,2.299973483978456,-1.2395282882284624,-0.00564644
2.399274645470368,2.4379649078780137,-1.1015368643289043,-0.00394578
2.5372660693699247,-0.735837841811815,-1.791493983826694,-0.0194679
2.5372660693699247,-0.735837841811815,1.7962830375618095,-0.019486
2.5372660693699247,2.8519391795766875,0.5543602224657889,-0.00837859
2.6752574932694833,-1.5637863852091627,1.7962830375618095,-0.0186108
2.6752574932694833,-0.8738292657113726,1.7962830375618095,-0.0197108
2.6752574932694833,2.575956331777572,-0.9635454404293471,-0.00990901
2.6752574932694833,2.7139477556771308,0.8303430702649042,-0.0123758
2.6752574932694833,2.9899306034762443,-0.5495711687306737,-0.019355
2.813248917169042,-2.391734928606509,-1.5155111360275781,-0.0110539
2.813248917169042,-0.045880722314025846,-1.6535025599271358,-0.0149252
2.813248917169042,0.6440763971837624,-1.791493983826694,-0.0173835
2.813248917169042,2.299973483978456,-1.2395282882284624,-0.0104442
2.813248917169042,2.7139477556771308,0.9683344941644627,-0.0186751
2.9512403410685986,-2.9437006242047405,-1.1015368643289043,0.00198626
2.9512403410685986,-2.9437006242047405,1.1063259180640204,0.00205352
2.9512403410685986,-0.4598549940126997,-1.6535025599271358,-0.0155519
2.9512403410685986,-0.4598549940126997,1.6582916136622519,-0.0156265
2.9512403410685986,0.23010212548508857,-1.6535025599271358,-0.0140459
2.9512403410685986,0.782067821083321,1.7962830375618095,-0.0166421
2.9512403410685986,2.7139477556771308,1.1063259180640204,-0.0239958
3.089231764968157,-1.0118206896109312,1.7962830375618095,-0.019541
3.089231764968157,1.196042092781994,1.7962830375618095,-0.0149085
3.089231764968157,2.7139477556771308,1.244317341963579,-0.0281042
3.2272231888677156,-3.357674895903414,0.0023945268675578113,0.0196897
3.2272231888677156,-2.9437006242047405,-0.9635454404293471,0.00589575
3.2272231888677156,-2.9437006242047405,0.9683344941644627,0.00594946
3.2272231888677156,-2.6677177764056252,-1.2395282882284624,-0.00220965
3.2272231888677156,-2.6677177764056252,1.244317341963579,-0.00215574
3.2272231888677156,-1.0118206896109312,-1.791493983826694,-0.019335
3.2272231888677156,-1.0118206896109312,1.7962830375618095,-0.0193443
3.2272231888677156,0.3680935493846471,1.6582916136622519,-0.0120382
3.2272231888677156,0.9200592449828786,1.7962830375618095,-0.0142488
3.2272231888677156,2.0239906361793407,-1.5155111360275781,-0.0127018
3.3652146127672724,-1.0118206896109312,1.7962830375618095,-0.019028
3.3652146127672724,0.3680935493846471,1.6582916136622519,-0.0108363
3.3652146127672724,0.9200592449828786,-1.791493983826694,-0.0127022
3.3652146127672724,1.0580506688824354,1.7962830375618095,-0.0124477
3.3652146127672724,1.196042092781994,-1.791493983826694,-0.0120175
3.3652146127672724,2.1619820600788984,-1.5155111360275781,-0.0169036
3.3652146127672724,2.9899306034762443,1.3823087658631366,-0.0384604
3.503206036666831,0.9200592449828786,-1.791493983826694,-0.0111082
3.503206036666831,1.0580506688824354,1.7962830375618095,-0.0108016
3.503206036666831,1.7480077883802254,-1.6535025599271358,-0.00962596
3.503206036666831,3.40390487517492,1.244317341963579,-0.0440151
3.503206036666831,3.679887722974035,0.9683344941644627,-0.0456334
3.6411974605663895,-1.9777606569078356,-1.6535025599271358,-0.0126565
3.6411974605663895,-1.9777606569078356,1.6582916136622519,-0.0126059
3.6411974605663895,-1.5637863852091627,1.7962830375618095,-0.016821
3.6411974605663895,-0.8738292657113726,-1.791493983826694,-0.0172743
3.6411974605663895,-0.8738292657113726,1.7962830375618095,-0.0172886
3.6411974605663895,0.23010212548508857,1.6582916136622519,-0.00887535
3.6411974605663895,0.9200592449828786,-1.791493983826694,-0.0094891
3.6411974605663895,1.0580506688824354,-1.791493983826694,-0.00900162
3.6411974605663895,1.7480077883802254,1.6582916136622519,-0.00873653
3.7791888844659445,-1.5637863852091627,-1.791493983826694,-0.0155975
3.7791888844659445,-1.5637863852091627,1.7962830375618095,-0.0155585
3.7791888844659445,2.4379649078780137,-1.6535025599271358,-0.0278441
3.7791888844659445,3.40390487517492,-1.37751971212802,-0.0425653
3.7791888844659445,3.9558705707731505,-0.6875625926302309,-0.0435277
3.917180308365503,-1.5637863852091627,-1.791493983826694,-0.0140307
3.917180308365503,-1.5637863852091627,1.7962830375618095,-0.0139919
3.917180308365503,1.7480077883802254,1.6582916136622519,-0.00682561
3.917180308365503,1.885999212279783,-1.6535025599271358,-0.010455
3.917180308365503,2.0239906361793407,-1.6535025599271358,-0.014793
3.917180308365503,2.1619820600788984,1.6582916136622519,-0.0192642
3.917180308365503,4.093861994672709,0.27837737466667356,-0.0406065
4.055171732265062,1.7480077883802254,-1.6535025599271358,-0.00575817
4.055171732265062,1.885999212279783,-1.6535025599271358,-0.00962095
4.055171732265062,2.0239906361793407,1.6582916136622519,-0.0139893
4.055171732265062,3.2659134512753614,-1.5155111360275781,-0.0382629
4.193163156164618,-0.32186357011314204,-1.791493983826694,-0.0100562
4.193163156164618,1.4720249405811092,1.6582916136622519,0.000153603
4.193163156164618,3.2659134512753614,1.5203001897626933,-0.0355664
4.331154580064177,-0.045880722314025846,1.7962830375618095,-0.00672027
4.331154580064177,0.0921107015855318,-1.791493983826694,-0.00582205
4.331154580064177,0.0921107015855318,1.7962830375618095,-0.00590086
4.331154580064177,0.23010212548508857,-1.791493983826694,-0.00509734
4.331154580064177,2.8519391795766875,1.6582916136622519,-0.0291369
4.331154580064177,4.093861994672709,-0.2735883209315575,-0.0290332
4.331154580064177,4.093861994672709,0.27837737466667356,-0.0290349
4.469146003963735,0.0921107015855318,1.7962830375618095,-0.00414277
4.469146003963735,0.23010212548508857,-1.791493983826694,-0.00339487
4.469146003963735,3.8178791468735938,-0.9635454404293471,-0.0271474
4.469146003963735,3.9558705707731505,-0.6875625926302309,-0.0255201
4.469146003963735,3.9558705707731505,0.6923516463653474,-0.0255291
4.607137427863292,-0.32186357011314204,-1.791493983826694,-0.00439117
4.607137427863292,-0.1838721462135844,-1.791493983826694,-0.00366217
4.607137427863292,-0.045880722314025846,-1.791493983826694,-0.00292973
4.607137427863292,0.9200592449828786,1.6582916136622519,0.00383783
4.607137427863292,1.4720249405811092,-1.5155111360275781,0.00845195
4.607137427863292,1.7480077883802254,1.5203001897626933,0.00334884
4.607137427863292,3.5418962990744767,-1.2395282882284624,-0.0233615
4.745128851762851,-1.9777606569078356,1.5203001897626933,0.00606727
4.745128851762851,-1.5637863852091627,-1.6535025599271358,0.00106658
4.745128851762851,-1.5637863852091627,1.6582916136622519,0.00109045
4.745128851762851,0.782067821083321,1.6582916136622519,0.00424163
4.745128851762851,1.196042092781994,-1.5155111360275781,0.0100591
4.745128851762851,2.9899306034762443,1.5203001897626933,-0.0170597
4.883120275662409,-1.2878035374100474,-1.6535025599271358,0.00275209
4.883120275662409,-1.2878035374100474,1.6582916136622519,0.00276057
4.883120275662409,1.0580506688824354,-1.5155111360275781,0.0094642
4.883120275662409,1.0580506688824354,1.5203001897626933,0.00919777
4.883120275662409,1.4720249405811092,-1.37751971212802,0.0149154
4.883120275662409,1.6100163644806678,-1.37751971212802,0.0136716
5.021111699561966,-2.391734928606509,-1.2395282882284624,0.0210348
5.021111699561966,-2.391734928606509,1.244317341963579,0.0210976
5.021111699561966,-0.5978464179122582,-1.6535025599271358,0.00510613
5.021111699561966,-0.5978464179122582,1.6582916136622519,0.00505525
5.021111699561966,3.5418962990744767,-0.9635454404293471,0.00211639
5.1591031234615246,-2.529726352506067,-1.1015368643289043,0.0280759
5.1591031234615246,-2.529726352506067,1.1063259180640204,0.028141
5.1591031234615246,1.6100163644806678,1.244317341963579,0.0183656
5.1591031234615246,2.299973483978456,1.3823087658631366,0.0117282
5.1591031234615246,2.7139477556771308,-1.37751971212802,0.00825206
5.1591031234615246,3.5418962990744767,-0.825554016529789,0.0146872
5.1591031234615246,3.679887722974035,-0.5495711687306737,0.0189154
5.1591031234615246,3.679887722974035,0.5543602224657889,0.0185925
5.297094547361083,-3.0816920481042986,-0.13559689703200029,0.0445171
5.297094547361083,-3.0816920481042986,0.1403859507671159,0.0445282
5.297094547361083,-1.5637863852091627,-1.37751971212802,0.0191313
5.297094547361083,-1.5637863852091627,1.3823087658631366,0.0191382
5.297094547361083,-0.5978464179122582,-1.5155111360275781,0.0147201
5.297094547361083,-0.5978464179122582,1.5203001897626933,0.0146467
5.297094547361083,0.23010212548508857,-1.6535025599271358,0.00351981
5.297094547361083,0.3680935493846471,-1.6535025599271358,0.00197723
5.297094547361083,3.127922027375803,1.1063259180640204,0.0215771
5.435085971260638,0.23010212548508857,-1.6535025599271358,0.00168756
5.435085971260638,0.3680935493846471,1.6582916136622519,-0.000437907
5.435085971260638,0.5060849732842048,-1.6535025599271358,-0.0022142
5.435085971260638,1.0580506688824354,1.5203001897626933,-0.003246
5.435085971260638,1.3340335166815516,1.3823087658631366,0.00165059
5.573077395160197,-1.9777606569078356,-1.1015368643289043,0.0339037
5.573077395160197,-1.9777606569078356,1.1063259180640204,0.033936
5.573077395160197,-0.32186357011314204,-1.5155111360275781,0.0149107
5.573077395160197,0.23010212548508857,1.6582916136622519,-0.000288622
5.573077395160197,0.6440763971837624,1.6582916136622519,-0.00680707
5.573077395160197,1.6100163644806678,-1.2395282882284624,0.00710993
5.573077395160197,1.885999212279783,-1.1015368643289043,0.0246088
5.573077395160197,2.299973483978456,1.1063259180640204,0.0389981
5.573077395160197,2.4379649078780137,1.1063259180640204,0.0411914
5.573077395160197,2.575956331777572,-1.1015368643289043,0.0424261
5.573077395160197,2.9899306034762443,-0.9635454404293471,0.0469084
5.711068819059755,-1.0118206896109312,1.1063259180640204,0.0440162
5.711068819059755,2.9899306034762443,-0.825554016529789,0.0604369
5.849060242959312,-2.253743504706952,-0.6875625926302309,0.048789
5.849060242959312,-2.253743504706952,0.6923516463653474,0.048819
5.849060242959312,-1.839769233008278,-0.825554016529789,0.0489572
5.849060242959312,-1.839769233008278,0.8303430702649042,0.0489636
5.849060242959312,1.4720249405811092,1.3823087658631366,-0.00834886
5.9870516668588705,-2.253743504706952,-0.4115797448311156,0.055186
5.9870516668588705,-2.253743504706952,0.4163687985662312,0.0552019
5.9870516668588705,0.9200592449828786,-1.6535025599271358,-0.0156852
5.9870516668588705,2.8519391795766875,-0.5495711687306737,0.0800878
6.125043090758429,-1.839769233008278,0.1403859507671159,0.0701787
6.125043090758429,2.299973483978456,-0.5495711687306737,0.0585816
6.125043090758429,2.575956331777572,0.4163687985662312,0.0797131
6.263034514657986,-0.1838721462135844,1.5203001897626933,0.0154475
6.263034514657986,0.23010212548508857,-1.6535025599271358,-0.00287989
6.263034514657986,0.782067821083321,1.6582916136622519,-0.0157383
6.263034514657986,1.7480077883802254,1.1063259180640204,-0.00634463
6.401025938557544,-1.4257949613096041,-0.13559689703200029,0.104109
6.401025938557544,2.1619820600788984,0.1403859507671159,0.0319775
6.67700878635666,-0.8738292657113726,-0.9635454404293471,0.0837045
6.67700878635666,-0.4598549940126997,1.244317341963579,0.0496262
6.67700878635666,-0.1838721462135844,1.3823087658631366,0.0280554
6.67700878635666,0.23010212548508857,-1.5155111360275781,0.00423605
6.67700878635666,0.782067821083321,1.5203001897626933,-0.0129032
6.67700878635666,1.196042092781994,-1.37751971212802,-0.0178869
6.815000210256218,-0.32186357011314204,1.244317341963579,0.0454098
6.952991634155777,1.0580506688824354,1.244317341963579,-0.0132261
7.0909830580553335,-1.1498121135104888,-0.13559689703200029,0.123778
7.0909830580553335,-1.1498121135104888,0.1403859507671159,0.123718
7.0909830580553335,-0.8738292657113726,0.6923516463653474,0.105415
7.0909830580553335,1.0580506688824354,-1.1015368643289043,-0.0102666
7.366965905854449,-0.8738292657113726,-0.13559689703200029,0.119737
7.366965905854449,-0.8738292657113726,0.1403859507671159,0.119679
7.366965905854449,0.6440763971837624,-0.825554016529789,0.0134999
7.5049573297540055,0.9200592449828786,0.0023945268675578113,0.0108643
