-4.242146444450909,-0.5096251688077311,-0.28652829120611756,-0.0486825
-4.242146444450909,-0.3725455172380743,-0.4236079427757744,-0.0532489
-4.242146444450909,0.31285274061020907,-0.012368988066803865,-0.0700786
-4.105066792881252,0.5870120437495236,0.2617903150725098,-0.0724983
-3.9679871413115952,-2.565819942352586,0.12471066350285298,0.0538584
-3.9679871413115952,-0.7837844719470457,-0.8348468974847454,-0.0329435
-3.8309074897419384,-2.8399792454918993,0.2617903150725098,0.0591517
-3.8309074897419384,-2.154580987643615,-0.6977672459150885,0.0399147
-3.8309074897419384,-1.4691827297953304,-0.5606875943454317,0.0135304
-3.8309074897419384,0.8611713468888373,0.5359496182118244,-0.0711059
-3.6938278381722816,-2.977058897061556,0.39886996664216756,0.0607835
-3.6938278381722816,0.7240916953191805,0.947188572920795,-0.0652627
-3.6938278381722816,0.9982509984584942,0.5359496182118244,-0.0699453
-3.5567481866026243,-1.332103078225673,-1.109006200624059,0.00230656
-3.5567481866026243,-1.0579437750863594,1.2213478760601078,-0.0136122
-3.5567481866026243,-0.6467048203773889,-1.3831655037633732,-0.03199
-3.5567481866026243,0.7240916953191805,1.084268224490451,-0.0618385
-3.5567481866026243,0.8611713468888373,0.947188572920795,-0.0639376
-3.4196685350329674,1.135330650028151,0.6730292697814813,-0.0649371
-3.2825888834633106,-0.9208641235167025,1.4955071791994223,-0.016419
-3.2825888834633106,1.2724103015978088,0.5359496182118244,-0.063418
-3.1455092318936533,-3.388297851770527,-0.28652829120611756,0.0665627
-3.1455092318936533,-0.3725455172380743,-1.6573248069026874,-0.0315528
-3.1455092318936533,-0.23546586566841743,-1.6573248069026874,-0.0347674
-3.1455092318936533,0.038693437470896264,1.6325868307690792,-0.0400804
-3.1455092318936533,1.2724103015978088,-0.6977672459150885,-0.0589184
-3.0084295803239964,-3.2512182002008703,-0.6977672459150885,0.0613395
-2.8713499287543396,-2.0175013360739578,1.4955071791994223,0.0278118
-2.8713499287543396,-1.1950234266560162,1.6325868307690792,0.00169542
-2.8713499287543396,0.5870120437495236,-1.52024515533303,-0.0398831
-2.8713499287543396,0.9982509984584942,1.2213478760601078,-0.044643
-2.8713499287543396,1.135330650028151,1.084268224490451,-0.0465425
-2.8713499287543396,1.5465696047371225,0.6730292697814813,-0.0555318
-2.8713499287543396,1.957808559446093,0.5359496182118244,-0.0661807
-2.8713499287543396,2.2319678625854067,-0.4236079427757744,-0.0713317
-2.8713499287543396,2.3690475141550635,0.2617903150725098,-0.073731
-2.734270277184683,-1.332103078225673,-1.6573248069026874,0.00887118
-2.734270277184683,0.31285274061020907,-1.6573248069026874,-0.0323437
-2.734270277184683,0.8611713468888373,-1.3831655037633732,-0.0378748
-2.734270277184683,1.4094899531674656,0.947188572920795,-0.0469672
-2.597190625615026,0.7240916953191805,1.4955071791994223,-0.0314258
-2.597190625615026,2.3690475141550635,0.947188572920795,-0.0659933
-2.597190625615026,2.917366120433692,0.2617903150725098,-0.074174
-2.460110974045369,-3.388297851770527,0.39886996664216756,0.0667292
-2.460110974045369,0.7240916953191805,-1.52024515533303,-0.0260866
-2.460110974045369,1.4094899531674656,1.2213478760601078,-0.0381728
-2.460110974045369,1.6836492563067793,1.2213478760601078,-0.0467515
-2.460110974045369,1.8207289078764362,1.2213478760601078,-0.0506152
-2.323031322475712,-3.388297851770527,0.2617903150725098,0.0688129
-2.323031322475712,1.135330650028151,-1.3831655037633732,-0.0264129
-2.323031322475712,2.643206817294378,-1.109006200624059,-0.0631328
-2.323031322475712,3.1915254235730055,0.2617903150725098,-0.069523
-2.185951670906055,-3.2512182002008703,-0.5606875943454317,0.0661413
-2.185951670906055,-3.1141385486312134,0.8101089213511381,0.0606422
-2.185951670906055,-2.565819942352586,1.3584275276297655,0.0422168
-2.185951670906055,-2.291660639213272,-1.52024515533303,0.0353799
-2.185951670906055,0.4499323921798668,-1.6573248069026874,-0.0137422
-2.185951670906055,2.3690475141550635,1.3584275276297655,-0.0553692
-2.185951670906055,3.0544457720033487,-0.8348468974847454,-0.0642095
-2.048872019336398,-3.2512182002008703,-0.4236079427757744,0.0701889
-2.048872019336398,-2.977058897061556,0.947188572920795,0.0575325
-2.048872019336398,-2.8399792454918993,-1.109006200624059,0.0519616
-2.048872019336398,-2.7028995939222424,-1.2460858521937164,0.0467441
-2.048872019336398,-2.565819942352586,1.3584275276297655,0.042248
-2.048872019336398,-2.0175013360739578,1.6325868307690792,0.0297539
-2.048872019336398,1.135330650028151,-1.52024515533303,-0.0190377
-2.048872019336398,1.5465696047371225,-1.52024515533303,-0.0323932
-2.048872019336398,3.3286050751426624,-0.4236079427757744,-0.0619742
-1.9117923677667412,-3.2512182002008703,-0.1494486396364607,0.0762065
-1.7747127161970844,-2.8399792454918993,1.084268224490451,0.0535652
-1.7747127161970844,-2.565819942352586,1.3584275276297655,0.0414483
-1.7747127161970844,-1.0579437750863594,-1.6573248069026874,0.020614
-1.7747127161970844,1.4094899531674656,1.6325868307690792,-0.0221822
-1.7747127161970844,2.0948882110157507,1.6325868307690792,-0.0400936
-1.7747127161970844,2.5061271657247204,-1.52024515533303,-0.0467977
-1.7747127161970844,3.4656847267123174,0.2617903150725098,-0.0525229
-1.6376330646274275,-3.1141385486312134,-0.5606875943454317,0.075225
-1.6376330646274275,-2.565819942352586,-1.3831655037633732,0.0396917
-1.6376330646274275,3.4656847267123174,-0.4236079427757744,-0.0469028
-1.5005534130577702,2.917366120433692,1.3584275276297655,-0.0422087
-1.3634737614881134,2.917366120433692,-1.3831655037633732,-0.037514
-1.2263941099184565,-2.291660639213272,1.6325868307690792,0.0257165
-1.2263941099184565,-0.23546586566841743,-1.6573248069026874,0.0181537
-1.2263941099184565,2.780286468864035,1.4955071791994223,-0.0324542
-1.0893144583487997,-2.977058897061556,-1.109006200624059,0.0592999
-1.0893144583487997,-0.9208641235167025,1.6325868307690792,0.0220005
-1.0893144583487997,3.3286050751426624,-0.9719265490544022,-0.0223709
-0.9522348067791429,2.780286468864035,-1.52024515533303,-0.022359
-0.9522348067791429,3.739844029851633,0.2617903150725098,-0.00344623
-0.815155155209486,-2.565819942352586,-1.52024515533303,0.0351849
-0.815155155209486,3.4656847267123174,0.947188572920795,-0.00722339
-0.6780755036398283,-2.291660639213272,-1.6573248069026874,0.0258589
-0.6780755036398283,-0.09838621409876058,1.769666482338736,0.0124314
-0.6780755036398283,0.038693437470896264,1.769666482338736,0.011445
-0.6780755036398283,0.7240916953191805,-1.6573248069026874,0.0111794
-0.6780755036398283,2.5061271657247204,-1.6573248069026874,-0.0129481
-0.6780755036398283,3.0544457720033487,-1.3831655037633732,-0.0100426
-0.5409958520701714,1.4094899531674656,1.6325868307690792,0.00475706
-0.5409958520701714,2.917366120433692,1.4955071791994223,-0.007028
-0.4039162005005146,-2.7028995939222424,-1.3831655037633732,0.0495404
-0.4039162005005146,-2.154580987643615,-1.6573248069026874,0.0253328
-0.4039162005005146,-0.3725455172380743,-1.7944044584723438,0.0131783
-0.4039162005005146,-0.09838621409876058,-1.7944044584723438,0.0113177
-0.4039162005005146,2.643206817294378,1.6325868307690792,-0.00464706
-0.4039162005005146,3.1915254235730055,-1.3831655037633732,-0.00157866
-0.4039162005005146,4.28816263613026,-0.012368988066803865,0.0193656
-0.26683654893085773,-0.6467048203773889,1.769666482338736,0.0152565
-0.26683654893085773,0.9982509984584942,1.4955071791994223,0.0185677
-0.12975689736120088,0.4499323921798668,-1.6573248069026874,0.0135285
-0.12975689736120088,1.2724103015978088,-1.52024515533303,0.016087
-0.12975689736120088,1.6836492563067793,-1.6573248069026874,0.00698023
-0.12975689736120088,4.28816263613026,0.5359496182118244,0.0211587
0.007322754208455073,-2.0175013360739578,-1.52024515533303,0.0312816
0.007322754208455073,-0.3725455172380743,-1.7944044584723438,0.0128623
0.007322754208455073,-0.09838621409876058,-1.7944044584723438,0.0112402
0.007322754208455073,0.4499323921798668,-1.6573248069026874,0.0137047
0.007322754208455073,0.8611713468888373,1.4955071791994223,0.0196965
0.007322754208455073,1.6836492563067793,-1.6573248069026874,0.00776425
0.007322754208455073,2.643206817294378,-1.6573248069026874,0.00233595
0.007322754208455073,3.0544457720033487,-1.52024515533303,0.00312133
0.14440240577811192,-1.743342032934644,1.4955071791994223,0.0296071
0.14440240577811192,0.038693437470896264,1.769666482338736,0.0114308
0.14440240577811192,0.8611713468888373,-1.52024515533303,0.018105
0.14440240577811192,3.0544457720033487,-1.52024515533303,0.00407847
0.28148205734776965,-3.2512182002008703,0.5359496182118244,0.110922
0.28148205734776965,-1.332103078225673,1.4955071791994223,0.0281575
0.28148205734776965,-0.9208641235167025,1.6325868307690792,0.021438
0.28148205734776965,-0.3725455172380743,1.769666482338736,0.013703
0.28148205734776965,0.038693437470896264,1.769666482338736,0.0116722
0.4185617089174265,-3.2512182002008703,-0.28652829120611756,0.115193
0.4185617089174265,-2.291660639213272,-1.109006200624059,0.0592485
0.4185617089174265,-1.880421684504301,-1.2460858521937164,0.0439611
0.4185617089174265,-0.23546586566841743,1.769666482338736,0.0131727
0.4185617089174265,0.5870120437495236,-1.6573248069026874,0.0129345
0.4185617089174265,4.425242287699919,0.2617903150725098,0.0273031
0.5556413604870833,-1.6062623813649872,1.2213478760601078,0.0430923
0.5556413604870833,-1.332103078225673,1.3584275276297655,0.0351284
0.5556413604870833,-0.09838621409876058,1.769666482338736,0.0128463
0.5556413604870833,2.5061271657247204,1.6325868307690792,0.00122324
0.5556413604870833,4.28816263613026,-0.5606875943454317,0.0249135
0.6927210120567402,-2.4287402907829287,-0.6977672459150885,0.0812963
0.6927210120567402,-2.154580987643615,-0.8348468974847454,0.0687651
0.6927210120567402,-1.4691827297953304,1.2213478760601078,0.0423657
0.6927210120567402,3.739844029851633,1.084268224490451,0.0134791
0.6927210120567402,4.151082984560603,-0.6977672459150885,0.022501
0.829800663626397,-2.4287402907829287,-0.4236079427757744,0.0879216
0.829800663626397,-2.291660639213272,0.5359496182118244,0.0818257
0.829800663626397,-0.6467048203773889,-1.6573248069026874,0.0187017
0.829800663626397,0.038693437470896264,1.769666482338736,0.012444
0.829800663626397,2.2319678625854067,-1.6573248069026874,-0.00623863
0.829800663626397,2.643206817294378,-1.52024515533303,-0.00195767
0.9668803151960539,-2.291660639213272,-0.28652829120611756,0.0838729
0.9668803151960539,-2.154580987643615,-0.5606875943454317,0.0738945
0.9668803151960539,0.038693437470896264,1.769666482338736,0.0121521
1.1039599667657116,-2.154580987643615,0.6730292697814813,0.0627475
1.1039599667657116,3.4656847267123174,0.947188572920795,0.00835291
1.1039599667657116,4.014003332990947,0.39886996664216756,0.0211406
1.2410396183353685,2.643206817294378,-1.3831655037633732,-0.0126626
1.2410396183353685,3.1915254235730055,-0.9719265490544022,0.000642135
1.2410396183353685,3.602764378281976,0.6730292697814813,0.0114745
1.2410396183353685,3.739844029851633,0.5359496182118244,0.0149104
1.3781192699050253,-2.291660639213272,-0.8348468974847454,0.0431396
1.3781192699050253,-2.0175013360739578,1.2213478760601078,0.0281583
1.3781192699050253,-0.6467048203773889,1.769666482338736,0.00860461
1.3781192699050253,-0.5096251688077311,1.769666482338736,0.00902348
1.3781192699050253,-0.3725455172380743,1.769666482338736,0.00941225
1.3781192699050253,-0.23546586566841743,1.769666482338736,0.00965398
1.3781192699050253,2.3690475141550635,-1.52024515533303,-0.0204025
1.3781192699050253,2.780286468864035,1.2213478760601078,-0.0142106
1.3781192699050253,2.917366120433692,1.084268224490451,-0.0105684
1.3781192699050253,3.0544457720033487,0.947188572920795,-0.00636838
1.3781192699050253,3.3286050751426624,0.6730292697814813,0.00282835
1.3781192699050253,3.4656847267123174,0.5359496182118244,0.00716612
1.5151989214746822,-2.0175013360739578,1.3584275276297655,0.018839
1.5151989214746822,-0.09838621409876058,1.769666482338736,0.00795785
1.652278573044339,-2.4287402907829287,0.947188572920795,0.0280087
1.652278573044339,-1.743342032934644,-1.6573248069026874,0.00558269
1.652278573044339,0.5870120437495236,-1.6573248069026874,0.00221932
1.652278573044339,0.8611713468888373,-1.6573248069026874,-0.00533751
1.652278573044339,1.957808559446093,1.6325868307690792,-0.0267586
1.7893582246139959,-1.6062623813649872,-1.7944044584723438,-0.000875977
1.7893582246139959,-1.0579437750863594,-1.9314841100420006,-0.00365858
1.7893582246139959,-0.7837844719470457,-1.9314841100420006,-0.00282004
1.7893582246139959,-0.09838621409876058,-1.7944044584723438,0.00376805
1.7893582246139959,0.4499323921798668,1.6325868307690792,0.00480848
1.7893582246139959,1.4094899531674656,-1.6573248069026874,-0.0212286
1.7893582246139959,1.5465696047371225,-1.6573248069026874,-0.0238768
1.7893582246139959,3.0544457720033487,-0.4236079427757744,-0.0209539
1.9264378761836536,-2.154580987643615,1.4955071791994223,0.00484553
1.9264378761836536,2.5061271657247204,1.2213478760601078,-0.0340426
1.9264378761836536,2.643206817294378,1.084268224490451,-0.0334006
2.0635175277533095,-0.3725455172380743,-1.9314841100420006,-0.00365041
2.0635175277533095,0.9982509984584942,1.4955071791994223,-0.0104394
2.0635175277533095,2.917366120433692,-0.4236079427757744,-0.0344648
2.2005971793229664,-0.9208641235167025,2.0438257854780497,-0.00991456
2.2005971793229664,0.038693437470896264,1.769666482338736,0.00143687
2.2005971793229664,2.2319678625854067,-1.2460858521937164,-0.0384939
2.3376768308926232,-2.8399792454918993,-0.012368988066803865,0.0200573
2.3376768308926232,-1.1950234266560162,2.0438257854780497,-0.0117518
2.3376768308926232,0.038693437470896264,1.769666482338736,0.00105961
2.3376768308926232,0.4499323921798668,1.4955071791994223,0.00719821
2.3376768308926232,1.4094899531674656,1.3584275276297655,-0.0239656
2.3376768308926232,2.643206817294378,0.6730292697814813,-0.0428233
2.3376768308926232,2.780286468864035,-0.28652829120611756,-0.0428436
2.474756482462281,-2.8399792454918993,-0.1494486396364607,0.017329
2.474756482462281,-2.8399792454918993,0.12471066350285298,0.0174294
2.474756482462281,-2.7028995939222424,0.8101089213511381,0.0104475
2.474756482462281,-1.1950234266560162,2.0438257854780497,-0.0124518
2.474756482462281,0.038693437470896264,1.769666482338736,0.00103022
2.474756482462281,0.9982509984584942,1.2213478760601078,-0.00454593
2.474756482462281,1.135330650028151,1.2213478760601078,-0.0113607
2.474756482462281,1.6836492563067793,1.2213478760601078,-0.0316436
2.611836134031938,-2.565819942352586,1.084268224490451,0.00420185
2.611836134031938,-0.7837844719470457,2.0438257854780497,-0.010594
2.611836134031938,0.7240916953191805,-1.2460858521937164,0.0100721
2.7489157856015947,2.3690475141550635,-0.1494486396364607,-0.0458471
2.7489157856015947,2.3690475141550635,0.12471066350285298,-0.0459806
2.8859954371712515,-2.4287402907829287,1.2213478760601078,0.000542773
2.8859954371712515,-1.4691827297953304,-1.9314841100420006,-0.0114204
2.8859954371712515,-0.3725455172380743,1.9067461339083929,-0.00381428
2.8859954371712515,0.8611713468888373,1.084268224490451,0.0158326
2.8859954371712515,1.2724103015978088,0.8101089213511381,-0.002719
2.8859954371712515,1.5465696047371225,-0.6977672459150885,-0.0191138
2.8859954371712515,1.8207289078764362,-0.5606875943454317,-0.031593
3.0230750887409084,-0.5096251688077311,1.9067461339083929,-0.0041061
3.0230750887409084,0.31285274061020907,1.4955071791994223,0.0137066
3.0230750887409084,0.9982509984584942,0.947188572920795,0.0177879
3.0230750887409084,1.5465696047371225,0.39886996664216756,-0.0118478
3.160154740310565,-2.291660639213272,-1.2460858521937164,0.000929415
3.160154740310565,-1.880421684504301,1.6325868307690792,-0.00569493
3.160154740310565,-0.7837844719470457,1.9067461339083929,-0.00529009
3.2972343918802203,-1.743342032934644,1.6325868307690792,-0.00419136
3.2972343918802203,-0.09838621409876058,1.6325868307690792,0.00984709
3.434314043449879,-2.4287402907829287,0.6730292697814813,0.0130466
3.434314043449879,-2.291660639213272,-0.9719265490544022,0.00855522
3.434314043449879,0.038693437470896264,1.4955071791994223,0.0174694
3.434314043449879,0.31285274061020907,1.3584275276297655,0.0244391
3.434314043449879,0.7240916953191805,-1.109006200624059,0.031714
3.434314043449879,1.135330650028151,0.6730292697814813,0.0321856
3.434314043449879,1.2724103015978088,0.39886996664216756,0.0296204
3.5713936950195357,-1.1950234266560162,1.6325868307690792,0.00239224
3.5713936950195357,-0.9208641235167025,-1.6573248069026874,0.00411474
3.5713936950195357,-0.6467048203773889,1.6325868307690792,0.00749152
3.5713936950195357,0.8611713468888373,0.947188572920795,0.0368695
3.5713936950195357,1.2724103015978088,0.2617903150725098,0.0352446
3.7084733465891926,-2.291660639213272,0.2617903150725098,0.0234903
3.7084733465891926,-1.743342032934644,-1.2460858521937164,0.0100013
3.7084733465891926,-1.0579437750863594,-1.52024515533303,0.00858302
3.8455529981588494,-1.0579437750863594,1.3584275276297655,0.0155552
3.8455529981588494,0.4499323921798668,1.084268224490451,0.0394672
3.9826326497285063,-1.743342032934644,0.6730292697814813,0.0302329
3.9826326497285063,-1.4691827297953304,-0.9719265490544022,0.0254775
3.9826326497285063,0.17577308904055222,1.084268224490451,0.0395387
4.119712301298163,-1.6062623813649872,0.2617903150725098,0.0431714
4.119712301298163,-1.4691827297953304,0.5359496182118244,0.0405604
4.119712301298163,-1.332103078225673,-0.6977672459150885,0.0380396
4.119712301298163,-1.1950234266560162,0.8101089213511381,0.0360678
4.256791952867822,-0.9208641235167025,0.5359496182118244,0.0475697
4.256791952867822,-0.6467048203773889,-0.6977672459150885,0.045158
4.256791952867822,-0.23546586566841743,0.8101089213511381,0.0453091
4.256791952867822,0.038693437470896264,0.8101089213511381,0.0474524
4.256791952867822,0.4499323921798668,0.6730292697814813,0.0514086
4.256791952867822,0.7240916953191805,0.39886996664216756,0.053772
4.393871604437477,-0.6467048203773889,-0.1494486396364607,0.0541289
4.393871604437477,-0.6467048203773889,0.12471066350285298,0.0544056
4.393871604437477,-0.23546586566841743,0.5359496182118244,0.0512691
4.393871604437477,0.5870120437495236,-0.1494486396364607,0.0563028
