-7.391618155280312,-0.8959001887151503,2.0038379805556517,0.172926
-7.210308285109317,0.3732689024818203,0.9159787595296764,0.159969
-7.210308285109317,0.9171985129948075,1.64121824021366,0.163773
-7.210308285109317,1.098508383165803,1.0972886297006728,0.164367
-7.210308285109317,1.098508383165803,1.2785984998716682,0.163756
-7.028998414938321,0.191959032310824,2.9103873314106306,0.164252
-7.028998414938321,1.098508383165803,2.0038379805556517,0.167803
-6.847688544767325,1.642437993678791,1.64121824021366,0.166088
-6.666378674596329,-1.4398297992281384,2.547767591068638,0.182234
-6.666378674596329,-0.7145903185441549,0.734668889358681,0.175119
-6.666378674596329,0.5545787726528157,3.091697201581626,0.164127
-6.666378674596329,1.098508383165803,2.729077461239635,0.169129
-6.666378674596329,1.8237478638497864,1.64121824021366,0.166082
-6.4850688044253335,-1.6211396693991338,2.0038379805556517,0.18726
-6.4850688044253335,-1.258519929057142,1.0972886297006728,0.185327
-6.303758934254338,-1.6211396693991338,2.3664577208976425,0.187387
-6.122449064083342,-0.17066070803116773,3.4543169419236186,0.162561
-5.9411391939123455,-1.9837594097411255,2.185147850726647,0.18923
-5.9411391939123455,-1.80244953957013,1.8225281103846553,0.195757
-5.9411391939123455,-1.6211396693991338,1.4599083700426636,0.200768
-5.9411391939123455,-1.258519929057142,0.734668889358681,0.208331
-5.9411391939123455,2.005057734020782,2.185147850726647,0.164676
-5.75982932374135,1.8237478638497864,3.091697201581626,0.170158
-5.578519453570355,-2.708998890425109,1.64121824021366,0.177935
-5.578519453570355,-1.9837594097411255,1.2785984998716682,0.198718
-5.578519453570355,-1.6211396693991338,0.3720491490166893,0.214606
-5.578519453570355,-0.8959001887151503,-0.3531903316672942,0.20735
-5.578519453570355,-0.7145903185441549,-0.3531903316672942,0.207585
-5.215899713228363,2.005057734020782,2.9103873314106306,0.174947
-5.034589843057367,-3.252928500938096,1.8225281103846553,0.165712
-5.034589843057367,-2.3463791500831173,3.4543169419236186,0.164006
-4.853279972886371,-2.527689020254113,3.4543169419236186,0.162797
-4.853279972886371,-1.80244953957013,3.635626812094614,0.160873
-4.853279972886371,0.3732689024818203,-0.3531903316672942,0.204634
-4.853279972886371,1.2798182533367992,3.635626812094614,0.183075
-4.853279972886371,1.8237478638497864,0.009429408674697548,0.194011
-4.671970102715376,-3.0716186307671003,3.091697201581626,0.163946
-4.671970102715376,0.3732689024818203,3.635626812094614,0.183999
-4.671970102715376,1.642437993678791,3.2730070717526214,0.18403
-4.671970102715376,2.1863676041917772,0.19073927884569297,0.192823
-4.490660232544379,-3.0716186307671003,1.2785984998716682,0.155706
-4.490660232544379,-2.8903087605961044,3.2730070717526214,0.162076
-4.490660232544379,-2.165069279912122,0.009429408674697548,0.153921
-4.490660232544379,1.642437993678791,3.091697201581626,0.185603
-4.309350362373384,-2.527689020254113,-0.8971199421802813,0.0757921
-4.309350362373384,-2.527689020254113,0.734668889358681,0.165318
-4.309350362373384,-2.3463791500831173,-1.6223594228642648,0.0601033
-4.309350362373384,-1.6211396693991338,-2.3475989035482483,0.0592707
-4.309350362373384,0.3732689024818203,-1.4410495526932694,0.124543
-4.309350362373384,1.642437993678791,2.729077461239635,0.187825
-4.309350362373384,1.8237478638497864,1.8225281103846553,0.189731
-4.128040492202388,-2.3463791500831173,0.009429408674697548,0.127457
-4.128040492202388,-1.9837594097411255,-2.3475989035482483,0.0544557
-4.128040492202388,0.7358886428238121,-1.0784298123512777,0.15529
-4.128040492202388,2.005057734020782,1.64121824021366,0.18756
-3.9467306220313922,-2.527689020254113,3.4543169419236186,0.162879
-3.9467306220313922,-2.3463791500831173,0.19073927884569297,0.135769
-3.9467306220313922,-1.6211396693991338,-2.8915285140612355,0.0487774
-3.9467306220313922,0.7358886428238121,2.9103873314106306,0.201484
-3.9467306220313922,2.54898734453377,0.9159787595296764,0.187108
-3.765420751860396,-1.258519929057142,4.1795564226076,0.169841
-3.765420751860396,-0.8959001887151503,4.1795564226076,0.174941
-3.765420751860396,0.010649162139828583,3.635626812094614,0.189456
-3.5841108816894005,-3.252928500938096,2.0038379805556517,0.15304
-3.5841108816894005,-2.165069279912122,-3.254148254403227,0.0292539
-3.5841108816894005,-1.258519929057142,4.1795564226076,0.170914
-3.5841108816894005,0.5545787726528157,2.729077461239635,0.206011
-3.402801011518404,-1.9837594097411255,3.8169366822656094,0.163645
-3.402801011518404,-1.0772100588861466,-3.435458124574223,0.0516557
-3.402801011518404,-0.35197057820216315,-2.8915285140612355,0.0830789
-3.402801011518404,2.3676774743627744,1.2785984998716682,0.180504
-3.2214911413474088,-2.8903087605961044,2.729077461239635,0.162355
-3.2214911413474088,-2.527689020254113,0.009429408674697548,0.110878
-3.2214911413474088,0.5545787726528157,-1.9849791632062566,0.129168
-3.0401812711764133,-2.165069279912122,3.4543169419236186,0.163568
-3.0401812711764133,0.9171985129948075,2.729077461239635,0.194734
-3.0401812711764133,2.54898734453377,-0.17188046149629876,0.186601
-3.0401812711764133,2.54898734453377,0.009429408674697548,0.187476
-2.858871401005417,-3.252928500938096,-1.9849791632062566,0.0363518
-2.858871401005417,-3.0716186307671003,2.185147850726647,0.157876
-2.858871401005417,-0.5332804483731595,-3.435458124574223,0.0726573
-2.858871401005417,2.1863676041917772,1.2785984998716682,0.177783
-2.858871401005417,3.092916955046758,-0.5345002018382896,0.170381
-2.6775615308344216,-3.252928500938096,-2.5289087737192437,0.0258967
-2.6775615308344216,-1.80244953957013,3.4543169419236186,0.162673
-2.6775615308344216,-0.17066070803116773,3.091697201581626,0.187438
-2.6775615308344216,2.005057734020782,1.64121824021366,0.176732
-2.6775615308344216,2.54898734453377,-1.259739682522273,0.159966
-2.6775615308344216,2.54898734453377,0.5533590191876847,0.177419
-2.4962516606634253,-2.165069279912122,2.9103873314106306,0.159984
-2.4962516606634253,-0.17066070803116773,2.729077461239635,0.189739
-2.4962516606634253,0.7358886428238121,-2.1662890333772524,0.133931
-2.4962516606634253,2.005057734020782,1.4599083700426636,0.17612
-2.4962516606634253,2.9116070848757607,0.5533590191876847,0.166092
-2.31494179049243,-1.9837594097411255,0.5533590191876847,0.155833
-2.31494179049243,-1.80244953957013,-3.798077864916215,0.050198
-2.31494179049243,0.3732689024818203,-2.7102186438902396,0.122934
-2.31494179049243,1.4611281235077946,-1.6223594228642648,0.145161
-2.31494179049243,1.8237478638497864,-1.4410495526932694,0.153228
-2.1336319203214336,-1.0772100588861466,2.3664577208976425,0.168938
-2.1336319203214336,-0.8959001887151503,2.0038379805556517,0.177661
-2.1336319203214336,2.9116070848757607,-1.6223594228642648,0.138174
-1.9523220501504381,-2.165069279912122,2.0038379805556517,0.165537
-1.9523220501504381,-1.80244953957013,0.009429408674697548,0.13704
-1.9523220501504381,-1.6211396693991338,0.3720491490166893,0.148252
-1.9523220501504381,-1.6211396693991338,1.2785984998716682,0.172742
-1.9523220501504381,-0.7145903185441549,1.2785984998716682,0.180536
-1.9523220501504381,-0.5332804483731595,-3.616767994745219,0.0980757
-1.7710121799794418,-2.165069279912122,-0.5345002018382896,0.115065
-1.7710121799794418,-0.35197057820216315,1.4599083700426636,0.180877
-1.7710121799794418,2.7302972147047653,1.0972886297006728,0.141638
-1.7710121799794418,3.4555366953887487,-1.4410495526932694,0.131474
-1.5897023098084464,-2.3463791500831173,-0.7158100720092859,0.10213
-1.5897023098084464,-1.0772100588861466,-3.798077864916215,0.10276
-1.5897023098084464,0.010649162139828583,1.64121824021366,0.181209
-1.5897023098084464,2.005057734020782,1.2785984998716682,0.148118
-1.5897023098084464,2.1863676041917772,1.2785984998716682,0.14369
-1.5897023098084464,3.636846565559744,0.5533590191876847,0.143421
-1.408392439637451,-2.8903087605961044,-2.5289087737192437,0.0602331
-1.408392439637451,-2.527689020254113,-3.254148254403227,0.076955
-1.408392439637451,-1.80244953957013,-3.9793877350872107,0.0973315
-1.408392439637451,-0.35197057820216315,0.9159787595296764,0.167047
-1.408392439637451,3.4555366953887487,0.9159787595296764,0.134422
-1.408392439637451,3.8181564357307396,0.5533590191876847,0.141408
-1.2270825694664547,-2.165069279912122,-0.7158100720092859,0.109181
-1.2270825694664547,-0.35197057820216315,-3.798077864916215,0.118268
-1.0457726992954592,-2.708998890425109,-2.3475989035482483,0.0810173
-1.0457726992954592,1.8237478638497864,-2.1662890333772524,0.121074
-0.8644628291244629,-2.708998890425109,-2.7102186438902396,0.0885188
-0.8644628291244629,1.2798182533367992,-2.3475989035482483,0.129465
-0.8644628291244629,3.092916955046758,1.4599083700426636,0.117249
-0.6831529589534675,-2.708998890425109,-2.5289087737192437,0.0896781
-0.6831529589534675,0.010649162139828583,0.9159787595296764,0.146151
-0.6831529589534675,0.3732689024818203,1.0972886297006728,0.143704
-0.6831529589534675,0.9171985129948075,-2.7102186438902396,0.133069
-0.6831529589534675,2.3676774743627744,-2.1662890333772524,0.108486
-0.5018430887824721,-2.527689020254113,-4.342007475429202,0.108419
-0.5018430887824721,-1.4398297992281384,-0.17188046149629876,0.121494
-0.5018430887824721,1.098508383165803,-2.5289087737192437,0.130222
-0.5018430887824721,2.3676774743627744,-2.1662890333772524,0.10663
-0.5018430887824721,3.092916955046758,-1.9849791632062566,0.102233
-0.32053321861147666,-2.8903087605961044,-3.798077864916215,0.102019
-0.32053321861147666,-2.708998890425109,-1.259739682522273,0.0671846
-0.32053321861147666,-1.80244953957013,-0.3531903316672942,0.105529
-0.32053321861147666,-0.17066070803116773,-4.342007475429202,0.110297
-0.32053321861147666,2.7302972147047653,1.64121824021366,0.10971
-0.32053321861147666,3.092916955046758,-1.9849791632062566,0.100422
-0.32053321861147666,3.2742268252177533,1.64121824021366,0.110739
-0.32053321861147666,5.087325526927711,-0.7158100720092859,0.125835
-0.13922334844047946,-2.8903087605961044,-3.798077864916215,0.101715
-0.13922334844047946,-2.8903087605961044,-2.8915285140612355,0.0846567
-0.13922334844047946,-1.80244953957013,-4.704627215771193,0.108481
-0.13922334844047946,-1.4398297992281384,0.009429408674697548,0.118963
-0.13922334844047946,-1.0772100588861466,0.19073927884569297,0.130929
-0.13922334844047946,4.543395916414723,-1.259739682522273,0.110415
0.04208652173051597,-3.0716186307671003,-1.4410495526932694,0.0459785
0.04208652173051597,-2.8903087605961044,-2.8915285140612355,0.0802796
0.04208652173051597,2.54898734453377,1.64121824021366,0.107839
0.04208652173051597,3.636846565559744,-1.8036692930352611,0.0988922
0.2233963919015114,-2.8903087605961044,-2.8915285140612355,0.0740915
0.2233963919015114,0.5545787726528157,-4.160697605258206,0.119661
0.2233963919015114,3.636846565559744,-1.8036692930352611,0.0981105
0.4047062620725068,-1.4398297992281384,0.5533590191876847,0.11521
0.4047062620725068,0.5545787726528157,1.2785984998716682,0.121224
0.4047062620725068,1.8237478638497864,1.2785984998716682,0.117729
0.4047062620725068,4.543395916414723,-1.259739682522273,0.106108
0.586016132243504,-2.3463791500831173,-4.160697605258206,0.102062
0.586016132243504,-1.258519929057142,0.9159787595296764,0.112863
0.586016132243504,-0.7145903185441549,1.2785984998716682,0.11916
0.586016132243504,-0.7145903185441549,1.4599083700426636,0.11766
0.586016132243504,-0.7145903185441549,1.64121824021366,0.116745
0.586016132243504,-0.5332804483731595,1.8225281103846553,0.120349
0.586016132243504,-0.35197057820216315,1.8225281103846553,0.123922
0.586016132243504,-0.17066070803116773,1.64121824021366,0.126138
0.586016132243504,0.9171985129948075,1.2785984998716682,0.118906
0.586016132243504,1.098508383165803,-2.7102186438902396,0.122663
0.586016132243504,3.636846565559744,1.64121824021366,0.107207
0.7673260024144994,-2.708998890425109,-0.3531903316672942,0.0614888
0.7673260024144994,-1.258519929057142,2.0038379805556517,0.100739
0.7673260024144994,1.2798182533367992,1.2785984998716682,0.116903
0.7673260024144994,1.8237478638497864,-1.9849791632062566,0.110654
0.9486358725854949,-2.8903087605961044,-0.5345002018382896,0.052451
0.9486358725854949,-0.7145903185441549,-4.160697605258206,0.103918
1.1299457427564903,-2.527689020254113,0.9159787595296764,0.0741323
1.1299457427564903,-2.165069279912122,1.8225281103846553,0.0785852
1.1299457427564903,0.010649162139828583,2.729077461239635,0.123903
1.1299457427564903,1.098508383165803,-2.3475989035482483,0.111597
1.1299457427564903,1.098508383165803,1.4599083700426636,0.114612
1.1299457427564903,4.906015656756716,-0.5345002018382896,0.105564
1.1299457427564903,5.087325526927711,-0.17188046149629876,0.104009
1.3112556129274857,-1.4398297992281384,2.729077461239635,0.0910163
1.3112556129274857,-0.35197057820216315,-3.798077864916215,0.108477
1.3112556129274857,0.7358886428238121,2.185147850726647,0.126459
1.3112556129274857,3.8181564357307396,1.64121824021366,0.10098
1.492565483098483,-2.3463791500831173,-3.254148254403227,0.0566737
1.492565483098483,0.010649162139828583,-3.254148254403227,0.113849
1.492565483098483,2.005057734020782,1.64121824021366,0.103241
1.492565483098483,4.543395916414723,-1.0784298123512777,0.0969371
1.6738753532694783,-3.252928500938096,0.3720491490166893,0.061988
1.6738753532694783,-2.165069279912122,-3.254148254403227,0.05768
1.6738753532694783,3.092916955046758,-1.8036692930352611,0.0960113
1.6738753532694783,4.72470578658572,-1.0784298123512777,0.0884909
1.6738753532694783,5.449945267269702,0.9159787595296764,0.0754641
1.8551852234404738,-3.615548241280088,-0.3531903316672942,0.0593129
1.8551852234404738,-3.252928500938096,-1.9849791632062566,0.0425284
1.8551852234404738,-2.708998890425109,2.3664577208976425,0.0660747
1.8551852234404738,-2.3463791500831173,2.9103873314106306,0.0725957
1.8551852234404738,-0.5332804483731595,-2.8915285140612355,0.0949904
1.8551852234404738,1.098508383165803,-2.1662890333772524,0.103084
2.036495093611469,-2.708998890425109,-2.7102186438902396,0.0432748
2.036495093611469,0.191959032310824,-2.1662890333772524,0.109787
2.036495093611469,5.087325526927711,-1.0784298123512777,0.073901
2.2178049637824664,-3.434238371109092,-1.9849791632062566,0.0683091
2.2178049637824664,-3.252928500938096,-2.1662890333772524,0.0656562
2.2178049637824664,-3.0716186307671003,2.0038379805556517,0.063633
2.2178049637824664,-3.0716186307671003,2.185147850726647,0.0629489
2.2178049637824664,-1.258519929057142,3.635626812094614,0.0974155
2.2178049637824664,5.812565007611695,0.19073927884569297,0.069681
2.2178049637824664,5.812565007611695,0.3720491490166893,0.0700764
2.399114833953462,-3.252928500938096,2.185147850726647,0.0616538
2.399114833953462,-2.708998890425109,3.2730070717526214,0.0713869
2.399114833953462,1.4611281235077946,-1.9849791632062566,0.0994742
2.399114833953462,1.642437993678791,1.4599083700426636,0.102824
2.399114833953462,2.3676774743627744,-1.8036692930352611,0.0962097
2.399114833953462,3.092916955046758,-1.6223594228642648,0.0962393
2.399114833953462,3.8181564357307396,2.185147850726647,0.0736157
2.399114833953462,4.180776176072732,2.185147850726647,0.070508
2.399114833953462,5.2686353970987065,-1.0784298123512777,0.0673013
2.5804247041244572,-4.159477851793076,0.3720491490166893,0.0573931
2.5804247041244572,-1.6211396693991338,-2.5289087737192437,0.0649492
2.5804247041244572,4.362086046243728,2.185147850726647,0.0683553
2.5804247041244572,5.087325526927711,-1.259739682522273,0.0664673
2.5804247041244572,5.812565007611695,0.734668889358681,0.0732644
2.7617345742954527,-3.434238371109092,-2.3475989035482483,0.0883329
2.7617345742954527,-0.7145903185441549,3.998246552436605,0.108113
2.7617345742954527,-0.5332804483731595,3.8169366822656094,0.107745
2.7617345742954527,-0.17066070803116773,-1.6223594228642648,0.108792
2.7617345742954527,2.3676774743627744,1.4599083700426636,0.0978219
2.7617345742954527,3.092916955046758,2.0038379805556517,0.0785976
2.7617345742954527,5.812565007611695,-0.17188046149629876,0.0710209
2.943044444466448,-1.6211396693991338,-2.1662890333772524,0.0792148
2.943044444466448,2.005057734020782,-1.6223594228642648,0.100399
2.943044444466448,4.362086046243728,2.185147850726647,0.0675898
2.943044444466448,5.087325526927711,-1.259739682522273,0.0643703
3.1243543146374453,-4.159477851793076,-1.0784298123512777,0.0768399
3.1243543146374453,0.3732689024818203,-1.259739682522273,0.115224
3.1243543146374453,0.3732689024818203,2.3664577208976425,0.0907638
3.1243543146374453,0.5545787726528157,2.0038379805556517,0.089191
3.1243543146374453,3.2742268252177533,-1.4410495526932694,0.0842553
3.1243543146374453,4.180776176072732,2.185147850726647,0.0673942
3.3056641848084407,-4.159477851793076,-1.0784298123512777,0.0795213
3.486974054979436,-4.340787721964071,-0.7158100720092859,0.0772357
3.486974054979436,-3.7968581114510838,2.9103873314106306,0.0686178
3.486974054979436,-0.8959001887151503,-1.4410495526932694,0.0821524
3.486974054979436,3.636846565559744,-1.4410495526932694,0.0709294
3.486974054979436,4.362086046243728,-1.4410495526932694,0.0640498
3.6682839251504316,0.3732689024818203,0.5533590191876847,0.0978948
3.6682839251504316,0.7358886428238121,-1.0784298123512777,0.117622
3.6682839251504316,1.098508383165803,0.734668889358681,0.111204
3.6682839251504316,2.005057734020782,0.5533590191876847,0.106158
3.6682839251504316,2.9116070848757607,1.64121824021366,0.0708152
3.8495937953214288,-4.703407462306062,1.0972886297006728,0.0674888
3.8495937953214288,-3.9781679816220796,-1.259739682522273,0.0890128
3.8495937953214288,-2.3463791500831173,3.998246552436605,0.0940177
3.8495937953214288,0.5545787726528157,0.19073927884569297,0.113608
3.8495937953214288,0.7358886428238121,0.3720491490166893,0.114312
3.8495937953214288,2.7302972147047653,-0.7158100720092859,0.0848927
3.8495937953214288,3.092916955046758,1.64121824021366,0.0679523
3.8495937953214288,4.72470578658572,-1.0784298123512777,0.0661175
4.030903665492424,-4.8847173324770585,-0.17188046149629876,0.0791419
4.030903665492424,-4.340787721964071,2.3664577208976425,0.0714171
4.030903665492424,-1.9837594097411255,4.1795564226076,0.0995958
4.030903665492424,-1.258519929057142,-1.4410495526932694,0.0721216
4.030903665492424,-0.5332804483731595,0.009429408674697548,0.0739703
4.030903665492424,1.642437993678791,0.009429408674697548,0.117341
4.030903665492424,4.72470578658572,-0.8971199421802813,0.0689873
4.21221353566342,-4.522097592135067,1.64121824021366,0.0728452
4.21221353566342,-3.7968581114510838,3.2730070717526214,0.0813844
4.21221353566342,3.4555366953887487,1.4599083700426636,0.0676274
4.21221353566342,4.543395916414723,1.2785984998716682,0.08697
4.21221353566342,4.72470578658572,1.0972886297006728,0.0929152
4.393523405834415,-3.7968581114510838,-1.259739682522273,0.0912613
4.393523405834415,-1.80244953957013,3.998246552436605,0.0989456
4.393523405834415,-1.4398297992281384,-1.259739682522273,0.0672615
4.393523405834415,-1.0772100588861466,0.3720491490166893,0.0698999
4.393523405834415,-0.35197057820216315,1.2785984998716682,0.0646022
4.5748332760054105,-0.7145903185441549,1.0972886297006728,0.0636492
4.5748332760054105,4.180776176072732,-0.17188046149629876,0.0740178
4.5748332760054105,4.362086046243728,0.19073927884569297,0.0816553
4.756143146176408,-4.8847173324770585,-0.5345002018382896,0.0941549
4.756143146176408,-0.8959001887151503,1.0972886297006728,0.0621168
5.1187628865183985,-4.340787721964071,2.547767591068638,0.0911909
5.1187628865183985,-1.258519929057142,0.9159787595296764,0.0596335
5.1187628865183985,-1.0772100588861466,1.2785984998716682,0.0593942
5.1187628865183985,-0.8959001887151503,1.8225281103846553,0.060655
5.1187628865183985,-0.8959001887151503,2.185147850726647,0.0638465
5.300072756689394,-4.340787721964071,-0.8971199421802813,0.0965119
5.481382626860391,-4.703407462306062,-0.3531903316672942,0.0989597
5.481382626860391,-4.159477851793076,2.729077461239635,0.0974903
5.481382626860391,-2.708998890425109,-0.7158100720092859,0.0689009
5.6626924970313866,-3.7968581114510838,1.2785984998716682,0.0915483
5.6626924970313866,-3.7968581114510838,3.091697201581626,0.101246
6.025312237373377,-3.615548241280088,2.0038379805556517,0.0930529
