-7.990738831910157,-0.16640506492201812,0.5840211341682124,0.0237546
-7.834368025211923,1.3973030020603154,0.27127952077174555,0.0267299
-7.67799721851369,1.240932195362082,-0.19783289932295478,0.0253846
-7.521626411815456,1.240932195362082,1.522245974357613,0.0151655
-7.208884798418989,-1.886483938602586,-0.3542037060211882,0.0302797
-7.208884798418989,-1.5737423252061191,0.11490871407351122,0.0276289
-7.208884798418989,-0.6355174850167185,-0.5105745127194217,0.0282846
-7.208884798418989,-0.010034258223784676,2.147729201150546,0.00868341
-7.208884798418989,0.14633654847444788,2.147729201150546,0.00827128
-7.208884798418989,1.240932195362082,-0.5105745127194217,0.017705
-7.052513991720756,-2.199225551999053,-0.3542037060211882,0.0315819
-7.052513991720756,-1.2610007118096522,0.5840211341682124,0.0217097
-7.052513991720756,0.3027073551726813,-0.8233161261158886,0.0236409
-7.052513991720756,0.3027073551726813,2.3041000078487794,0.00911999
-6.896143185022522,-1.2610007118096522,-1.292428546210589,0.0221433
-6.896143185022522,-1.1046299051114188,-1.292428546210589,0.0222535
-6.896143185022522,-0.9482590984131862,-1.292428546210589,0.0226481
-6.896143185022522,1.5536738087585489,-0.3542037060211882,0.010852
-6.7397723783242895,-1.1046299051114188,1.83498758775408,0.0133403
-6.7397723783242895,-0.479146678318485,-1.6051701596070558,0.0222121
-6.7397723783242895,-0.32277587162025156,-1.6051701596070558,0.0229368
-6.7397723783242895,-0.32277587162025156,2.6168416212452463,0.0179234
-6.7397723783242895,0.6154489685691491,2.460470814547013,0.00964329
-6.583401571626056,-2.355596358697286,0.427650327469979,0.0260888
-6.583401571626056,-2.199225551999053,0.5840211341682124,0.0244197
-6.583401571626056,0.3027073551726813,-1.6051701596070558,0.0231872
-6.583401571626056,1.240932195362082,-0.6669453194176551,0.0106129
-6.583401571626056,2.022786228853249,1.0531335542629119,0.00639066
-6.427030764927823,-2.6683379720937532,-0.5105745127194217,0.0288949
-6.427030764927823,-1.5737423252061191,-1.6051701596070558,0.0176497
-6.427030764927823,-0.9482590984131862,2.460470814547013,0.020082
-6.427030764927823,0.6154489685691491,-1.448799352908822,0.0209614
-6.270659958229588,-1.1046299051114188,-1.9179117730035222,0.0166919
-6.270659958229588,1.8664154221550158,-0.19783289932295478,0.00359333
-6.270659958229588,2.1791570355514827,1.0531335542629119,0.00809147
-6.114289151531356,-1.2610007118096522,-1.9179117730035222,0.0153896
-6.114289151531356,-0.16640506492201812,2.929583234641713,0.0219449
-6.114289151531356,-0.010034258223784676,2.929583234641713,0.020866
-5.957918344833122,-2.0428547453008195,0.8967627475646793,0.0143234
-5.957918344833122,-1.886483938602586,-1.6051701596070558,0.0156448
-5.957918344833122,-1.4173715185078857,1.6786167810558466,0.0125493
-5.957918344833122,-0.9482590984131862,2.6168416212452463,0.0214403
-5.957918344833122,-0.32277587162025156,-2.3870241930982226,0.0237054
-5.957918344833122,-0.16640506492201812,-2.3870241930982226,0.0242474
-5.957918344833122,0.14633654847444788,2.929583234641713,0.019444
-5.957918344833122,1.0845613886638485,-0.979686932814122,0.00936739
-5.801547538134889,-1.4173715185078857,1.6786167810558466,0.0112885
-5.801547538134889,0.14633654847444788,2.929583234641713,0.0190202
-5.801547538134889,0.7718197752673825,-1.9179117730035222,0.0169297
-5.801547538134889,1.8664154221550158,1.83498758775408,0.00828643
-5.801547538134889,2.022786228853249,-0.19783289932295478,0.00419947
-5.645176731436655,-1.2610007118096522,2.147729201150546,0.0136793
-5.645176731436655,1.240932195362082,2.3041000078487794,0.0045331
-5.645176731436655,2.1791570355514827,-0.041462092624722224,0.00714893
-5.488805924738422,-2.0428547453008195,-1.448799352908822,0.0134227
-5.488805924738422,-1.2610007118096522,-2.0742825797017557,0.0150261
-5.488805924738422,0.45907816187091477,2.7732124279434798,0.0133166
-5.488805924738422,1.240932195362082,-0.8233161261158886,-0.00249827
-5.3324351180401885,0.928190581965616,-1.7615409663052892,0.000787704
-5.3324351180401885,1.240932195362082,-0.8233161261158886,-0.00765738
-5.3324351180401885,1.3973030020603154,-0.6669453194176551,-0.00725241
-5.3324351180401885,1.3973030020603154,2.147729201150546,0.0047049
-5.176064311341955,-2.0428547453008195,0.8967627475646793,-0.00707769
-5.176064311341955,-1.7301131319043526,-1.6051701596070558,0.0127881
-5.176064311341955,0.7718197752673825,2.460470814547013,0.00531644
-5.176064311341955,0.928190581965616,-1.7615409663052892,-0.00687653
-5.176064311341955,2.022786228853249,-0.19783289932295478,0.00170893
-5.176064311341955,2.335527842249716,1.2095043609611453,0.0191864
-5.019693504643722,-0.16640506492201812,2.6168416212452463,0.0122563
-4.863322697945489,-1.1046299051114188,1.6786167810558466,-0.00927892
-4.863322697945489,-0.16640506492201812,2.460470814547013,0.00837627
-4.863322697945489,0.928190581965616,2.147729201150546,0.0021129
-4.706951891247256,-2.199225551999053,1.0531335542629119,-0.0341431
-4.706951891247256,-0.7918882917149528,1.83498758775408,-0.00722809
-4.706951891247256,1.5536738087585489,-1.448799352908822,-0.0463496
-4.550581084549021,-2.6683379720937532,-0.041462092624722224,-0.0339253
-4.550581084549021,-2.355596358697286,-0.979686932814122,-0.0175311
-4.550581084549021,-0.479146678318485,1.83498758775408,-0.00653101
-4.550581084549021,-0.010034258223784676,1.9913583944523126,-0.000422513
-4.550581084549021,0.14633654847444788,-2.2306533863999896,-0.0119736
-4.550581084549021,0.14633654847444788,1.9913583944523126,0.000107916
-4.550581084549021,0.3027073551726813,-2.2306533863999896,-0.0184537
-4.550581084549021,0.45907816187091477,-2.2306533863999896,-0.0246909
-4.394210277850788,-0.32277587162025156,1.6786167810558466,-0.00840835
-4.394210277850788,-0.16640506492201812,1.6786167810558466,-0.00511621
-4.394210277850788,-0.010034258223784676,1.6786167810558466,-0.00256408
-4.394210277850788,0.14633654847444788,1.6786167810558466,-0.000749112
-4.394210277850788,0.3027073551726813,1.6786167810558466,0.000466681
-4.394210277850788,0.45907816187091477,1.6786167810558466,0.00132262
-4.394210277850788,0.6154489685691491,1.6786167810558466,0.00208966
-4.394210277850788,1.3973030020603154,-2.0742825797017557,-0.0495911
-4.237839471152554,-2.355596358697286,1.0531335542629119,-0.0530286
-4.237839471152554,-1.2610007118096522,1.6786167810558466,-0.0367286
-4.237839471152554,-0.9482590984131862,-1.7615409663052892,0.016254
-4.237839471152554,0.928190581965616,-2.3870241930982226,-0.0445726
-4.237839471152554,1.7100446154567823,0.427650327469979,-0.0010156
-4.237839471152554,1.7100446154567823,0.7403919408664459,0.00895781
-4.237839471152554,2.022786228853249,-0.5105745127194217,-0.0409733
-4.081468664454321,-2.6683379720937532,-0.5105745127194217,-0.0404495
-4.081468664454321,-2.0428547453008195,1.3658751676593788,-0.0550556
-4.081468664454321,-0.9482590984131862,-1.7615409663052892,0.0165901
-4.081468664454321,0.3027073551726813,1.2095043609611453,0.007908
-4.081468664454321,1.7100446154567823,-2.0742825797017557,-0.0520693
-4.081468664454321,2.1791570355514827,-0.979686932814122,-0.0486167
-3.9250978577560875,0.45907816187091477,-2.543394999796456,-0.0384025
-3.9250978577560875,0.928190581965616,-2.543394999796456,-0.0457206
-3.9250978577560875,2.1791570355514827,-0.5105745127194217,-0.0427775
-3.768727051057855,-2.199225551999053,1.2095043609611453,-0.0647971
-3.768727051057855,-1.7301131319043526,1.522245974357613,-0.0561222
-3.768727051057855,0.6154489685691491,0.8967627475646793,0.0189853
-3.768727051057855,0.928190581965616,0.7403919408664459,0.0094307
-3.768727051057855,1.7100446154567823,-2.2306533863999896,-0.0511192
-3.768727051057855,2.1791570355514827,-0.3542037060211882,-0.0401985
-3.6123562443596215,-2.6683379720937532,-0.19783289932295478,-0.0523777
-3.6123562443596215,-2.0428547453008195,-1.292428546210589,-0.0141055
-3.455985437661388,-1.7301131319043526,-1.448799352908822,0.00364087
-3.455985437661388,2.335527842249716,-0.6669453194176551,-0.0431188
-3.2996146309631538,-1.2610007118096522,1.522245974357613,-0.0426235
-3.2996146309631538,-1.1046299051114188,1.522245974357613,-0.0358409
-3.2996146309631538,2.1791570355514827,-1.7615409663052892,-0.0474917
-3.1432438242649203,-2.6683379720937532,0.11490871407351122,-0.0608984
-3.1432438242649203,-1.4173715185078857,-1.6051701596070558,0.0237093
-3.1432438242649203,-1.2610007118096522,1.522245974357613,-0.0408292
-3.1432438242649203,-0.9482590984131862,-1.9179117730035222,0.020696
-3.1432438242649203,2.1791570355514827,-1.7615409663052892,-0.045587
-2.986873017566687,-2.9810795854902197,0.427650327469979,-0.0681648
-2.986873017566687,-2.0428547453008195,-0.979686932814122,-0.0051889
-2.986873017566687,-1.4173715185078857,-1.6051701596070558,0.024266
-2.986873017566687,-1.4173715185078857,1.6786167810558466,-0.0479733
-2.986873017566687,2.1791570355514827,-0.19783289932295478,-0.030822
-2.8305022108684543,-1.1046299051114188,1.6786167810558466,-0.0335983
-2.8305022108684543,-0.7918882917149528,1.522245974357613,-0.0153023
-2.8305022108684543,1.240932195362082,-2.543394999796456,-0.0394025
-2.8305022108684543,1.240932195362082,0.5840211341682124,-0.000886353
-2.8305022108684543,2.335527842249716,-0.8233161261158886,-0.0365643
-2.674131404170221,-0.32277587162025156,-2.2306533863999896,-0.00708149
-2.674131404170221,0.928190581965616,0.7403919408664459,0.0129134
-2.674131404170221,1.0845613886638485,-2.543394999796456,-0.0357053
-2.5177605974719874,-2.9810795854902197,1.83498758775408,-0.0666017
-2.5177605974719874,-1.886483938602586,-1.292428546210589,0.004807
-2.5177605974719874,-0.479146678318485,-2.0742825797017557,0.00402632
-2.5177605974719874,1.0845613886638485,0.5840211341682124,0.00668674
-2.5177605974719874,2.1791570355514827,-0.3542037060211882,-0.0201563
-2.361389790773754,0.3027073551726813,-2.3870241930982226,-0.0205752
-2.361389790773754,1.8664154221550158,0.11490871407351122,-0.00396911
-2.361389790773754,2.022786228853249,-1.7615409663052892,-0.0192597
-2.2050189840755205,-0.6355174850167185,-1.9179117730035222,0.012083
-2.2050189840755205,-0.16640506492201812,-2.0742825797017557,-0.00143726
-2.2050189840755205,0.14633654847444788,-2.2306533863999896,-0.0117924
-2.2050189840755205,0.45907816187091477,1.2095043609611453,0.00638567
-2.2050189840755205,0.6154489685691491,1.0531335542629119,0.00873315
-2.2050189840755205,0.7718197752673825,-2.3870241930982226,-0.0179695
-2.2050189840755205,1.8664154221550158,0.5840211341682124,0.0168043
-2.2050189840755205,2.1791570355514827,-1.1360577395123554,-0.0128128
-2.2050189840755205,2.1791570355514827,-0.979686932814122,-0.0138132
-2.2050189840755205,2.335527842249716,-0.5105745127194217,-0.00348859
-2.2050189840755205,2.8046402623444173,1.3658751676593788,0.0246397
-2.048648177377287,-0.7918882917149528,1.9913583944523126,-0.023341
-2.048648177377287,-0.479146678318485,-1.9179117730035222,0.0106066
-2.048648177377287,2.1791570355514827,-1.6051701596070558,0.00751828
-2.048648177377287,3.8992359092320488,0.27127952077174555,0.0182398
-2.048648177377287,3.8992359092320488,0.427650327469979,0.0189553
-1.8922773706790537,-3.1374503921884536,-0.5105745127194217,-0.0339176
-1.8922773706790537,-2.6683379720937532,2.3041000078487794,-0.0472646
-1.8922773706790537,-0.6355174850167185,-1.9179117730035222,0.0103071
-1.8922773706790537,-0.479146678318485,-1.9179117730035222,0.0110002
-1.8922773706790537,0.928190581965616,0.7403919408664459,0.00825002
-1.8922773706790537,1.240932195362082,0.27127952077174555,0.0103732
-1.8922773706790537,2.335527842249716,-1.448799352908822,0.0163308
-1.7359065639808202,-3.1374503921884536,1.9913583944523126,-0.0413786
-1.7359065639808202,-2.51196716539552,-0.979686932814122,-0.0136215
-1.7359065639808202,-0.479146678318485,1.83498758775408,-0.011354
-1.7359065639808202,1.0845613886638485,0.5840211341682124,0.01085
-1.7359065639808202,2.648269455646183,-1.1360577395123554,0.0163716
-1.7359065639808202,2.96101106904265,-1.1360577395123554,0.0138351
-1.7359065639808202,2.96101106904265,1.6786167810558466,0.0179205
-1.7359065639808202,4.055606715930285,-0.979686932814122,0.0196524
-1.7359065639808202,4.211977522628517,0.11490871407351122,0.0193042
-1.5795357572825868,-3.45019200558492,-0.19783289932295478,-0.0326363
-1.5795357572825868,-3.1374503921884536,1.9913583944523126,-0.0336323
-1.5795357572825868,-2.51196716539552,-0.979686932814122,-0.0111821
-1.5795357572825868,-1.1046299051114188,-1.9179117730035222,0.00399462
-1.5795357572825868,0.6154489685691491,1.2095043609611453,0.000430109
-1.5795357572825868,4.055606715930285,-1.292428546210589,0.0237927
-1.4231649505843533,-3.6065628122831535,0.11490871407351122,-0.0297478
-1.4231649505843533,-3.6065628122831535,1.2095043609611453,-0.0263988
-1.4231649505843533,-0.010034258223784676,-2.0742825797017557,0.021759
-1.4231649505843533,0.45907816187091477,-2.3870241930982226,0.0222253
-1.4231649505843533,3.742865102533816,1.522245974357613,0.013889
-1.2667941438861199,-3.6065628122831535,0.11490871407351122,-0.0238287
-1.2667941438861199,-0.479146678318485,-2.0742825797017557,0.016348
-1.2667941438861199,2.96101106904265,-1.6051701596070558,0.0272415
-1.2667941438861199,4.055606715930285,1.3658751676593788,0.0155912
-1.2667941438861199,4.368348329326752,-1.448799352908822,0.0298064
-1.2667941438861199,4.524719136024984,-1.292428546210589,0.0292183
-1.1104233371878856,-3.6065628122831535,0.11490871407351122,-0.0174805
-1.1104233371878856,4.837460749421451,-0.8233161261158886,0.0262595
-1.1104233371878856,4.837460749421451,-0.3542037060211882,0.0219452
-0.954052530489653,-3.6065628122831535,0.11490871407351122,-0.0109138
-0.954052530489653,-2.9810795854902197,-0.6669453194176551,-0.00648268
-0.954052530489653,-2.6683379720937532,-0.8233161261158886,-0.00035361
-0.954052530489653,0.928190581965616,1.0531335542629119,0.00691463
-0.954052530489653,4.837460749421451,-0.041462092624722224,0.0195488
-0.7976817237914204,-2.199225551999053,-0.979686932814122,0.0138295
-0.7976817237914204,-0.32277587162025156,-2.2306533863999896,0.0281561
-0.7976817237914204,0.928190581965616,-2.856136613192923,0.0273846
-0.7976817237914204,1.5536738087585489,-2.856136613192923,0.0285828
-0.6413109170931861,-3.762933618981387,0.8967627475646793,0.0136988
-0.6413109170931861,-1.7301131319043526,-1.448799352908822,0.0123913
-0.6413109170931861,-1.4173715185078857,2.460470814547013,-0.00178212
-0.6413109170931861,-1.1046299051114188,2.3041000078487794,-0.000125876
-0.6413109170931861,3.1173818757408824,1.9913583944523126,0.00754812
-0.6413109170931861,3.586494295835582,-1.9179117730035222,0.0318862
-0.48494011039495355,-2.199225551999053,-0.979686932814122,0.0186923
-0.48494011039495355,-0.16640506492201812,1.522245974357613,0.0142647
-0.48494011039495355,2.96101106904265,1.9913583944523126,0.0067309
-0.328569303696721,-2.0428547453008195,-1.1360577395123554,0.018217
-0.328569303696721,-1.1046299051114188,-1.9179117730035222,0.0204261
-0.328569303696721,-1.1046299051114188,2.3041000078487794,0.00696032
-0.328569303696721,0.7718197752673825,1.2095043609611453,0.00996948
-0.328569303696721,4.993831556119684,-0.3542037060211882,0.0173996
-0.17219849699848666,-3.45019200558492,-0.19783289932295478,0.0150828
-0.17219849699848666,-2.51196716539552,2.6168416212452463,0.0224083
-0.17219849699848666,0.3027073551726813,1.3658751676593788,0.0134345
-0.17219849699848666,1.240932195362082,1.3658751676593788,0.00600387
-0.17219849699848666,2.4918986489479495,-2.0742825797017557,0.0322808
-0.015827690300254105,-3.762933618981387,1.9913583944523126,0.0452822
-0.015827690300254105,-3.2938211988866866,-0.3542037060211882,0.0192659
-0.015827690300254105,-0.9482590984131862,-1.9179117730035222,0.0281312
-0.015827690300254105,1.0845613886638485,1.3658751676593788,0.0089108
-0.015827690300254105,1.7100446154567823,1.522245974357613,0.00773954
-0.015827690300254105,1.8664154221550158,-2.6997658064946894,0.0289145
-0.015827690300254105,2.96101106904265,-1.7615409663052892,0.0277026
-0.015827690300254105,3.1173818757408824,-1.7615409663052892,0.0276443
-0.015827690300254105,3.586494295835582,2.147729201150546,0.0118995
-0.015827690300254105,4.681089942723217,1.522245974357613,0.0215513
0.140543116397982,-2.8247087787919862,2.6168416212452463,0.0353218
0.140543116397982,-2.199225551999053,2.6168416212452463,0.0229332
0.29691392309621456,-3.91930442567962,1.6786167810558466,0.050518
0.29691392309621456,-2.355596358697286,2.6168416212452463,0.0287244
0.29691392309621456,-0.6355174850167185,-2.0742825797017557,0.0369356
0.29691392309621456,1.240932195362082,1.522245974357613,0.0135035
0.4532847297944489,-2.9810795854902197,-0.5105745127194217,0.0319348
0.4532847297944489,-1.1046299051114188,2.147729201150546,0.0186992
0.4532847297944489,0.7718197752673825,1.3658751676593788,0.0244665
0.4532847297944489,1.7100446154567823,1.6786167810558466,0.0100432
0.4532847297944489,2.1791570355514827,-2.2306533863999896,0.0291846
0.4532847297944489,2.4918986489479495,1.83498758775408,-0.00549363
0.6096555364926814,-3.1374503921884536,2.460470814547013,0.0489127
0.6096555364926814,-2.0428547453008195,2.460470814547013,0.0288773
0.6096555364926814,-1.2610007118096522,-1.6051701596070558,0.028121
0.6096555364926814,-1.2610007118096522,2.147729201150546,0.0223094
0.6096555364926814,2.4918986489479495,-1.9179117730035222,0.0188098
0.6096555364926814,2.648269455646183,1.9913583944523126,-0.0176415
0.6096555364926814,3.8992359092320488,-1.292428546210589,0.0177296
0.766026343190914,-3.6065628122831535,0.427650327469979,0.0463708
0.766026343190914,-2.8247087787919862,-0.6669453194176551,0.0382844
0.766026343190914,-2.355596358697286,2.460470814547013,0.0366764
0.766026343190914,-0.16640506492201812,1.6786167810558466,0.0188074
0.766026343190914,0.3027073551726813,-3.012507419891156,0.0446474
0.766026343190914,3.742865102533816,-1.1360577395123554,0.0131436
0.766026343190914,4.055606715930285,1.83498758775408,0.00226504
0.766026343190914,4.524719136024984,1.3658751676593788,0.0101785
0.9223971498891483,-0.6355174850167185,1.83498758775408,0.0199912
0.9223971498891483,-0.479146678318485,-2.0742825797017557,0.0407187
0.9223971498891483,0.45907816187091477,-3.012507419891156,0.0454256
0.9223971498891483,2.335527842249716,-1.9179117730035222,0.0168793
0.9223971498891483,3.2737526824391168,2.147729201150546,-0.0335754
1.078767956587381,-3.6065628122831535,0.8967627475646793,0.0552427
1.078767956587381,-3.1374503921884536,2.147729201150546,0.0543951
1.078767956587381,-0.7918882917149528,1.83498758775408,0.023
1.078767956587381,-0.6355174850167185,-1.7615409663052892,0.0376742
1.078767956587381,0.45907816187091477,1.522245974357613,0.0324482
1.078767956587381,1.3973030020603154,1.9913583944523126,0.00203316
1.078767956587381,2.022786228853249,2.3041000078487794,-0.0285735
1.2351387632856152,-2.355596358697286,-1.292428546210589,0.0300587
1.2351387632856152,-1.7301131319043526,1.83498758775408,0.0378476
1.2351387632856152,-1.4173715185078857,-1.6051701596070558,0.0262023
1.2351387632856152,-0.6355174850167185,-1.7615409663052892,0.0347598
1.2351387632856152,-0.32277587162025156,-2.0742825797017557,0.0397268
1.2351387632856152,-0.16640506492201812,1.6786167810558466,0.0231389
1.2351387632856152,-0.010034258223784676,-2.543394999796456,0.0447425
1.2351387632856152,3.8992359092320488,-0.041462092624722224,-0.00781725
1.3915095699838478,-3.45019200558492,0.8967627475646793,0.0556161
1.3915095699838478,-2.355596358697286,1.83498758775408,0.0443188
1.3915095699838478,-0.32277587162025156,-1.9179117730035222,0.0361085
1.3915095699838478,0.45907816187091477,1.6786167810558466,0.0252118
1.3915095699838478,4.211977522628517,0.8967627475646793,-0.0302444
1.3915095699838478,4.211977522628517,1.0531335542629119,-0.0320131
1.5478803766820821,-3.762933618981387,-0.8233161261158886,0.0527201
1.5478803766820821,-3.45019200558492,-1.1360577395123554,0.0450612
1.5478803766820821,-2.8247087787919862,1.522245974357613,0.0491845
1.5478803766820821,-2.0428547453008195,-1.6051701596070558,0.0222962
1.5478803766820821,-1.886483938602586,1.6786167810558466,0.0369531
1.5478803766820821,-0.9482590984131862,-1.7615409663052892,0.0245345
1.5478803766820821,0.7718197752673825,-2.543394999796456,0.0441542
1.5478803766820821,3.1173818757408824,-0.979686932814122,0.00124651
1.5478803766820821,3.742865102533816,2.147729201150546,-0.0550367
1.5478803766820821,3.8992359092320488,0.11490871407351122,-0.0261941
1.5478803766820821,4.211977522628517,1.0531335542629119,-0.0417087
1.7042511833803147,-2.51196716539552,1.522245974357613,0.0407917
1.8606219900785472,-4.075675232377854,-0.041462092624722224,0.0585715
1.8606219900785472,-3.1374503921884536,1.2095043609611453,0.0432209
1.8606219900785472,-1.886483938602586,1.6786167810558466,0.0278896
1.8606219900785472,-0.7918882917149528,1.83498758775408,0.0169535
1.8606219900785472,-0.6355174850167185,1.83498758775408,0.0157068
1.8606219900785472,-0.479146678318485,1.83498758775408,0.0144852
1.8606219900785472,-0.32277587162025156,1.83498758775408,0.013438
1.8606219900785472,0.45907816187091477,-1.9179117730035222,0.032999
1.8606219900785472,0.45907816187091477,1.83498758775408,0.0121942
1.8606219900785472,1.0845613886638485,-1.7615409663052892,0.034447
1.8606219900785472,1.8664154221550158,-1.448799352908822,0.0272931
1.8606219900785472,4.211977522628517,0.7403919408664459,-0.0490895
1.8606219900785472,4.211977522628517,1.3658751676593788,-0.0555833
2.0169927967767816,-4.075675232377854,0.11490871407351122,0.0573554
2.0169927967767816,-0.6355174850167185,1.83498758775408,0.0134713
2.0169927967767816,1.5536738087585489,2.460470814547013,-0.0395001
2.173363603475014,-3.762933618981387,0.7403919408664459,0.0484568
2.173363603475014,-0.479146678318485,-1.7615409663052892,0.018676
2.173363603475014,-0.479146678318485,1.83498758775408,0.0103348
2.173363603475014,-0.32277587162025156,-1.7615409663052892,0.0193401
2.173363603475014,-0.16640506492201812,-1.7615409663052892,0.0200231
2.173363603475014,4.211977522628517,1.3658751676593788,-0.060232
2.3297344101732484,-0.7918882917149528,-1.7615409663052892,0.0160462
2.3297344101732484,0.14633654847444788,-1.7615409663052892,0.0189044
2.3297344101732484,0.6154489685691491,-1.7615409663052892,0.0204429
2.3297344101732484,4.211977522628517,0.8967627475646793,-0.057655
2.3297344101732484,4.211977522628517,1.2095043609611453,-0.0605006
2.486105216871481,-2.9810795854902197,1.3658751676593788,0.0270035
2.486105216871481,-2.6683379720937532,-1.7615409663052892,0.0197983
2.486105216871481,-2.199225551999053,1.6786167810558466,0.0170656
2.486105216871481,-2.0428547453008195,-1.9179117730035222,0.0124752
2.486105216871481,-0.9482590984131862,-1.7615409663052892,0.0147135
2.486105216871481,-0.16640506492201812,1.83498758775408,0.00532871
2.486105216871481,0.3027073551726813,-1.7615409663052892,0.0169369
2.486105216871481,1.3973030020603154,2.3041000078487794,-0.0408333
2.486105216871481,1.7100446154567823,-1.292428546210589,0.0280142
2.486105216871481,3.742865102533816,-0.041462092624722224,-0.0391129
2.486105216871481,4.055606715930285,0.427650327469979,-0.0517414
2.486105216871481,4.055606715930285,1.6786167810558466,-0.0639852
2.6424760235697136,-2.9810795854902197,-1.6051701596070558,0.0255582
2.6424760235697136,-2.199225551999053,1.6786167810558466,0.014757
2.6424760235697136,-1.5737423252061191,-1.9179117730035222,0.0102293
2.6424760235697136,-0.9482590984131862,1.6786167810558466,0.0118166
2.6424760235697136,-0.010034258223784676,1.83498758775408,0.00293247
2.6424760235697136,0.45907816187091477,-1.7615409663052892,0.0149226
2.6424760235697136,2.335527842249716,-0.8233161261158886,0.0267876
2.6424760235697136,2.96101106904265,-0.5105745127194217,-0.00509894
2.7988468302679497,-3.91930442567962,0.11490871407351122,0.0502471
2.7988468302679497,-3.762933618981387,-0.8233161261158886,0.0480297
2.7988468302679497,-2.6683379720937532,1.522245974357613,0.0178963
2.7988468302679497,-0.6355174850167185,-1.6051701596070558,0.0195506
2.7988468302679497,0.45907816187091477,-1.7615409663052892,0.0131972
2.7988468302679497,0.6154489685691491,-1.7615409663052892,0.0130969
2.7988468302679497,3.4301234891373493,2.3041000078487794,-0.0663781
2.7988468302679497,3.586494295835582,-0.041462092624722224,-0.0381736
2.7988468302679497,3.742865102533816,1.9913583944523126,-0.0656255
2.9552176369661822,-2.0428547453008195,1.6786167810558466,0.0101972
2.9552176369661822,-1.7301131319043526,1.6786167810558466,0.0095373
3.1115884436644166,0.7718197752673825,-1.7615409663052892,0.0107916
3.1115884436644166,2.335527842249716,2.460470814547013,-0.0642766
3.267959250362649,0.14633654847444788,-1.7615409663052892,0.0120875
3.267959250362649,3.586494295835582,1.6786167810558466,-0.0638776
3.267959250362649,3.742865102533816,0.8967627475646793,-0.0565285
3.267959250362649,3.742865102533816,1.2095043609611453,-0.0601935
3.4243300570608834,-2.51196716539552,1.522245974357613,0.0108617
3.4243300570608834,-2.355596358697286,-1.9179117730035222,0.0131482
3.580700863759116,-3.1374503921884536,1.0531335542629119,0.0236964
3.580700863759116,-2.9810795854902197,1.2095043609611453,0.0192195
3.580700863759116,1.5536738087585489,1.6786167810558466,-0.032412
3.580700863759116,2.335527842249716,1.9913583944523126,-0.059685
3.580700863759116,2.4918986489479495,1.9913583944523126,-0.0615399
3.7370716704573486,2.1791570355514827,1.6786167810558466,-0.0491047
3.7370716704573486,2.648269455646183,1.6786167810558466,-0.0568401
3.893442477155583,2.022786228853249,-1.1360577395123554,0.0204767
3.893442477155583,2.335527842249716,-0.8233161261158886,0.0246319
3.893442477155583,2.648269455646183,1.0531335542629119,-0.0339824
4.0498132838538154,-3.6065628122831535,0.427650327469979,0.0409536
4.0498132838538154,-0.6355174850167185,-1.9179117730035222,0.0141264
4.0498132838538154,-0.32277587162025156,1.6786167810558466,0.00537912
4.0498132838538154,0.7718197752673825,-1.7615409663052892,0.0107959
4.0498132838538154,1.240932195362082,-1.6051701596070558,0.0125941
4.0498132838538154,1.5536738087585489,-1.448799352908822,0.0149802
4.0498132838538154,2.022786228853249,-1.1360577395123554,0.021223
4.0498132838538154,2.648269455646183,0.5840211341682124,0.000740659
4.20618409055205,-2.199225551999053,1.522245974357613,0.010239
4.20618409055205,-0.479146678318485,-1.9179117730035222,0.0153208
4.20618409055205,-0.32277587162025156,1.6786167810558466,0.00595345
4.362554897250282,-3.2938211988866866,-1.448799352908822,0.0385156
4.362554897250282,-2.0428547453008195,1.522245974357613,0.0102759
4.362554897250282,-0.479146678318485,-1.9179117730035222,0.0167036
4.362554897250282,0.45907816187091477,-1.7615409663052892,0.0133333
4.362554897250282,0.45907816187091477,1.6786167810558466,0.00156298
4.518925703948517,-3.6065628122831535,-1.1360577395123554,0.0485083
4.518925703948517,-1.7301131319043526,1.522245974357613,0.0104222
4.518925703948517,-1.5737423252061191,-1.9179117730035222,0.0159696
4.518925703948517,-1.4173715185078857,-1.9179117730035222,0.0159216
4.518925703948517,-1.2610007118096522,-1.9179117730035222,0.0161516
4.518925703948517,-1.1046299051114188,-1.9179117730035222,0.0166337
4.518925703948517,-0.9482590984131862,-1.9179117730035222,0.0172421
4.675296510646749,-3.45019200558492,-1.292428546210589,0.0460276
4.675296510646749,-2.199225551999053,1.3658751676593788,0.0144472
4.675296510646749,2.4918986489479495,-0.3542037060211882,0.0350083
4.831667317344982,-3.762933618981387,0.11490871407351122,0.0514216
4.988038124043216,-3.6065628122831535,-0.979686932814122,0.0529484
4.988038124043216,0.928190581965616,1.2095043609611453,0.0126275
5.144408930741449,-3.6065628122831535,-0.8233161261158886,0.0546781
5.144408930741449,-2.199225551999053,1.0531335542629119,0.0209107
5.144408930741449,-1.5737423252061191,1.2095043609611453,0.0195139
5.144408930741449,-1.4173715185078857,-1.6051701596070558,0.0235196
5.144408930741449,-0.6355174850167185,-1.7615409663052892,0.0193591
5.144408930741449,-0.479146678318485,-1.7615409663052892,0.0186732
5.144408930741449,1.5536738087585489,0.8967627475646793,0.0204086
5.144408930741449,2.022786228853249,0.5840211341682124,0.0292059
5.144408930741449,2.1791570355514827,0.27127952077174555,0.0335375
5.300779737439683,-3.6065628122831535,-0.19783289932295478,0.0544583
5.300779737439683,-2.199225551999053,0.8967627475646793,0.0234504
5.300779737439683,-1.2610007118096522,1.2095043609611453,0.0203361
5.300779737439683,-0.6355174850167185,-1.7615409663052892,0.0139169
5.457150544137917,-1.4173715185078857,1.0531335542629119,0.0194882
5.61352135083615,0.928190581965616,0.5840211341682124,0.00720137
5.769892157534384,-2.51196716539552,-0.6669453194176551,0.0358311
5.769892157534384,-2.355596358697286,-0.6669453194176551,0.0321817
5.769892157534384,1.0845613886638485,-0.6669453194176551,-0.00184359
6.239004577629084,0.7718197752673825,-1.1360577395123554,-0.0165729
6.395375384327318,-1.2610007118096522,-1.448799352908822,-0.013582
6.708116997723783,0.45907816187091477,-1.1360577395123554,-0.0207563
6.8644878044220174,-0.010034258223784676,-1.292428546210589,-0.020462
7.020858611120252,0.14633654847444788,-0.979686932814122,-0.0200232
7.177229417818486,-0.7918882917149528,-0.8233161261158886,-0.0183952
7.177229417818486,-0.479146678318485,0.427650327469979,-0.0203935
