-7.637093407843725,-1.1903105744388967,-0.9515103631809794,0.00579126
-7.637093407843725,-0.17945933747357046,0.22781607994523334,0.00801538
-7.637093407843725,-0.010984131312683054,-0.783035157020092,0.0160571
-7.637093407843725,-0.010984131312683054,0.05934087378434594,0.0105087
-7.637093407843725,0.15749107484820435,-0.27760953853742887,0.0152818
-7.468618201682838,-2.0326866052433346,0.9017169045887838,0.00927397
-7.468618201682838,-1.8642113990824472,1.2386673169105595,0.0147224
-7.468618201682838,-1.358785780599784,-1.2884607755027546,0.00677996
-7.30014299552195,-2.36963701756511,0.564766492267009,0.00604629
-7.30014299552195,0.32596628100909264,0.39629128610612074,0.0102189
-7.131667789361063,-0.010984131312683054,1.0701921107496721,0.0073274
-7.131667789361063,0.49444148716998004,0.39629128610612074,0.0115826
-7.131667789361063,0.6629166933308666,-0.9515103631809794,0.0260262
-6.794717377039287,-2.8750626360477725,-1.2884607755027546,0.0233986
-6.794717377039287,-2.0326866052433346,-1.7938863939854177,0.0139272
-6.794717377039287,-0.010984131312683054,1.407142523071447,0.00954907
-6.6262421708784,-3.0435378422086603,0.05934087378434594,0.0128533
-6.6262421708784,-2.706587429886885,0.7332416984278964,0.00626721
-6.6262421708784,-2.201161811404222,-1.7938863939854177,0.0152113
-6.6262421708784,0.9998671056526423,-0.27760953853742887,0.0237605
-6.457766964717512,-3.0435378422086603,-1.1199855693418672,0.0214989
-6.457766964717512,-1.6957361929215597,2.0810433477149974,0.0223101
-6.289291758556624,0.8313918994917548,-1.1199855693418672,0.0256669
-6.120816552395737,0.49444148716998004,-1.4569359816636425,0.0197207
-6.120816552395737,0.6629166933308666,0.564766492267009,0.00823783
-5.952341346234849,-1.8642113990824472,1.91256814155411,0.0153731
-5.952341346234849,-0.853360162117121,-1.7938863939854177,-0.000128971
-5.952341346234849,0.15749107484820435,1.2386673169105595,0.00377732
-5.952341346234849,0.9998671056526423,-0.6145599508592046,0.0239101
-5.952341346234849,0.9998671056526423,-0.27760953853742887,0.0208937
-5.783866140073962,-3.0435378422086603,0.39629128610612074,0.0144122
-5.783866140073962,-2.8750626360477725,-1.1199855693418672,0.0123364
-5.783866140073962,-2.8750626360477725,0.7332416984278964,0.013284
-5.783866140073962,-1.5272609867606723,-1.7938863939854177,-0.000750097
-5.783866140073962,-1.358785780599784,-1.7938863939854177,-0.00127625
-5.783866140073962,-1.1903105744388967,-1.7938863939854177,-0.00151372
-5.783866140073962,-0.010984131312683054,-1.6254111878245299,0.00832847
-5.6153909339130745,0.9998671056526423,-0.10913433237654147,0.0177655
-5.446915727752186,-3.2120130483695477,1.2386673169105595,0.0166393
-5.278440521591299,-0.17945933747357046,1.407142523071447,-0.00159001
-5.278440521591299,0.15749107484820435,-1.6254111878245299,0.00502319
-5.109965315430411,-2.201161811404222,-1.4569359816636425,-0.00712605
-5.109965315430411,-1.8642113990824472,-1.6254111878245299,-0.00858949
-5.109965315430411,-1.0218353682780092,-1.7938863939854177,-0.00916295
-5.109965315430411,-0.853360162117121,-1.7938863939854177,-0.00862111
-5.109965315430411,0.6629166933308666,0.7332416984278964,0.000191334
-4.941490109269524,-3.548963460691323,-0.6145599508592046,0.00171838
-4.941490109269524,-3.0435378422086603,1.7440929353932226,0.00657644
-4.941490109269524,-2.36963701756511,1.7440929353932226,-0.00195057
-4.941490109269524,-2.201161811404222,1.7440929353932226,-0.00319161
-4.941490109269524,-1.8642113990824472,1.7440929353932226,-0.00487654
-4.941490109269524,-1.6957361929215597,1.7440929353932226,-0.00540922
-4.941490109269524,-1.1903105744388967,1.7440929353932226,-0.00632409
-4.941490109269524,0.15749107484820435,1.2386673169105595,-0.0077182
-4.941490109269524,1.336817517974417,0.39629128610612074,0.00857179
-4.941490109269524,1.6737679302961928,0.05934087378434594,0.018773
-4.773014903108637,-1.5272609867606723,-1.7938863939854177,-0.0163451
-4.773014903108637,-0.17945933747357046,-1.9623616001463056,-0.0102815
-4.773014903108637,-0.010984131312683054,1.407142523071447,-0.0113876
-4.604539696947748,-3.548963460691323,1.7440929353932226,0.0115378
-4.604539696947748,-2.8750626360477725,1.91256814155411,-0.00172887
-4.604539696947748,-0.853360162117121,1.7440929353932226,-0.0138551
-4.604539696947748,1.6737679302961928,-1.6254111878245299,0.0253785
-4.604539696947748,2.0107183426179676,-0.27760953853742887,0.0256079
-4.436064490786861,-4.2228642853348735,-0.10913433237654147,0.01042
-4.436064490786861,-3.2120130483695477,-1.1199855693418672,-0.0150572
-4.436064490786861,-1.5272609867606723,1.91256814155411,-0.0167945
-4.436064490786861,0.8313918994917548,1.0701921107496721,-0.0102333
-4.2675892846259735,-3.2120130483695477,1.91256814155411,1.20295e-05
-4.2675892846259735,-2.201161811404222,-1.6254111878245299,-0.0254227
-4.2675892846259735,1.6737679302961928,0.39629128610612074,0.00800482
-4.099114078465085,-3.8859138730130987,-0.6145599508592046,-0.00669942
-4.099114078465085,-3.2120130483695477,1.91256814155411,-0.00191076
-4.099114078465085,-2.201161811404222,-1.6254111878245299,-0.0276491
-4.099114078465085,0.6629166933308666,-2.130836806307193,-0.00464026
-3.930638872304198,-3.548963460691323,1.7440929353932226,0.00382393
-3.930638872304198,-2.5381122237259977,2.0810433477149974,-0.0150155
-3.930638872304198,-1.5272609867606723,-1.7938863939854177,-0.0287582
-3.930638872304198,0.6629166933308666,-2.130836806307193,-0.00609953
-3.930638872304198,1.1683423118135297,-1.9623616001463056,0.00656189
-3.7621636661433104,-3.717438666852211,1.5756177292323343,0.00639973
-3.7621636661433104,-1.8642113990824472,2.0810433477149974,-0.0230615
-3.7621636661433104,-0.6848849559562336,-2.130836806307193,-0.0277724
-3.593688459982423,-1.6957361929215597,-1.6254111878245299,-0.0293441
-3.593688459982423,0.32596628100909264,1.407142523071447,-0.0216033
-3.4252132538215347,-3.717438666852211,1.407142523071447,0.00507657
-3.4252132538215347,-3.0435378422086603,1.91256814155411,-0.0108718
-3.4252132538215347,-1.8642113990824472,2.0810433477149974,-0.0256199
-3.4252132538215347,1.842243136457081,-0.783035157020092,0.0221627
-3.2567380476606473,-4.054389079173986,0.39629128610612074,0.00607371
-3.2567380476606473,-3.8859138730130987,-0.4460847446983167,-0.011341
-3.2567380476606473,-3.8859138730130987,1.0701921107496721,0.00838687
-3.2567380476606473,-1.8642113990824472,2.0810433477149974,-0.0263578
-3.2567380476606473,-0.17945933747357046,1.407142523071447,-0.0227549
-3.2567380476606473,0.49444148716998004,-2.130836806307193,-0.0132675
-3.08826284149976,-4.054389079173986,0.39629128610612074,0.00518874
-3.08826284149976,-3.8859138730130987,-0.4460847446983167,-0.0122192
-3.08826284149976,-1.1903105744388967,-1.7938863939854177,-0.0304898
-3.08826284149976,-0.6848849559562336,1.407142523071447,-0.0206313
-3.08826284149976,0.15749107484820435,1.407142523071447,-0.0220127
-3.08826284149976,2.5161439611006307,1.0701921107496721,0.0337416
-3.08826284149976,2.8530943734224055,1.5756177292323343,0.0329216
-3.08826284149976,3.1900447857441803,0.22781607994523334,0.0359675
-2.9197876353388716,-3.0435378422086603,1.91256814155411,-0.0125104
-2.9197876353388716,-0.5164097497953462,1.407142523071447,-0.0211137
-2.9197876353388716,-0.34793454363445875,1.407142523071447,-0.0216283
-2.9197876353388716,0.49444148716998004,-2.130836806307193,-0.0134234
-2.9197876353388716,1.6737679302961928,-1.1199855693418672,0.0200874
-2.9197876353388716,3.526995198065957,0.05934087378434594,0.0328679
-2.9197876353388716,3.8639456103877317,0.22781607994523334,0.0306349
-2.7513124291779842,0.8313918994917548,1.2386673169105595,-0.0114451
-2.7513124291779842,1.6737679302961928,-1.2884607755027546,0.0194304
-2.7513124291779842,1.842243136457081,-0.783035157020092,0.022562
-2.7513124291779842,4.537846435031283,1.0701921107496721,0.0278067
-2.5828372230170977,-0.6848849559562336,1.5756177292323343,-0.0226563
-2.5828372230170977,2.5161439611006307,1.91256814155411,0.0279725
-2.5828372230170977,4.874796847353058,1.0701921107496721,0.0308585
-2.4143620168562094,-3.548963460691323,1.7440929353932226,-0.0019577
-2.4143620168562094,-2.5381122237259977,2.0810433477149974,-0.0190348
-2.4143620168562094,-1.358785780599784,1.91256814155411,-0.0256818
-2.4143620168562094,1.336817517974417,0.9017169045887838,0.00568267
-2.4143620168562094,1.5052927241353053,0.7332416984278964,0.00986708
-2.4143620168562094,1.842243136457081,0.22781607994523334,0.0197849
-2.4143620168562094,5.043272053513946,0.7332416984278964,0.0319358
-2.4143620168562094,5.043272053513946,1.7440929353932226,0.0365505
-2.4143620168562094,5.211747259674833,1.407142523071447,0.0374727
-2.245886810695322,-4.2228642853348735,-0.10913433237654147,-0.00402018
-2.245886810695322,-3.2120130483695477,1.91256814155411,-0.008351
-2.245886810695322,-2.36963701756511,2.0810433477149974,-0.0200196
-2.245886810695322,-2.201161811404222,2.0810433477149974,-0.0214335
-2.245886810695322,0.49444148716998004,1.407142523071447,-0.00729469
-2.245886810695322,1.842243136457081,0.9017169045887838,0.0235317
-2.245886810695322,2.0107183426179676,-0.10913433237654147,0.0251607
-2.245886810695322,4.70632164119217,-1.1199855693418672,0.0349687
-2.245886810695322,4.874796847353058,-1.1199855693418672,0.0351067
-2.245886810695322,5.380222465835721,0.9017169045887838,0.0379573
-2.0774116045344346,-4.391339491495762,0.564766492267009,0.00892263
-2.0774116045344346,-3.8859138730130987,-0.6145599508592046,-0.0197569
-2.0774116045344346,-3.8859138730130987,1.5756177292323343,0.00616709
-2.0774116045344346,-3.717438666852211,-0.783035157020092,-0.024827
-2.0774116045344346,-3.2120130483695477,1.91256814155411,-0.00768487
-2.0774116045344346,-1.358785780599784,1.91256814155411,-0.0241375
-2.0774116045344346,-0.17945933747357046,1.5756177292323343,-0.0155121
-2.0774116045344346,1.336817517974417,1.0701921107496721,0.0166317
-2.0774116045344346,2.179193548778856,1.91256814155411,0.0263232
-2.0774116045344346,2.684619167261517,-0.27760953853742887,0.0269066
-2.0774116045344346,3.1900447857441803,2.5864689661976596,0.0319924
-2.0774116045344346,4.369371228870395,-0.6145599508592046,0.0327004
-2.0774116045344346,4.369371228870395,-0.27760953853742887,0.0322762
-2.0774116045344346,5.043272053513946,-0.6145599508592046,0.0326704
-2.0774116045344346,5.5486976719966075,0.9017169045887838,0.040758
-1.9089363983735472,-3.8859138730130987,1.5756177292323343,0.00661526
-1.9089363983735472,-0.17945933747357046,-2.130836806307193,-0.0222862
-1.9089363983735472,2.179193548778856,-0.10913433237654147,0.0275997
-1.9089363983735472,3.1900447857441803,2.754944172358548,0.0331224
-1.9089363983735472,3.526995198065957,2.754944172358548,0.0340603
-1.9089363983735472,3.8639456103877317,-1.1199855693418672,0.0274017
-1.9089363983735472,4.2008960227095065,2.5864689661976596,0.034712
-1.9089363983735472,5.211747259674833,0.22781607994523334,0.0343633
-1.740461192212659,2.179193548778856,-0.27760953853742887,0.0264979
-1.740461192212659,2.3476687549397424,-0.27760953853742887,0.0241755
-1.740461192212659,3.8639456103877317,-1.7938863939854177,0.0233731
-1.740461192212659,4.03242081654862,2.754944172358548,0.0340422
-1.740461192212659,4.874796847353058,-2.2993120124680804,0.0297537
-1.740461192212659,5.717172878157496,-0.783035157020092,0.0286745
-1.5719859860517715,-4.054389079173986,-0.27760953853742887,-0.0153647
-1.5719859860517715,-0.17945933747357046,1.5756177292323343,-0.00572465
-1.5719859860517715,0.15749107484820435,1.5756177292323343,0.00439818
-1.5719859860517715,0.6629166933308666,1.91256814155411,0.0223267
-1.5719859860517715,2.179193548778856,-0.6145599508592046,0.0240754
-1.5719859860517715,2.684619167261517,-0.783035157020092,0.0106431
-1.5719859860517715,3.0215695795832938,-0.9515103631809794,0.00915038
-1.4035107798908832,-0.17945933747357046,1.5756177292323343,-0.00206338
-1.4035107798908832,0.32596628100909264,-1.9623616001463056,-0.0113105
-1.4035107798908832,0.6629166933308666,2.0810433477149974,0.024116
-1.4035107798908832,3.526995198065957,-1.6254111878245299,0.0161516
-1.4035107798908832,5.717172878157496,0.564766492267009,0.0410309
-1.4035107798908832,5.885648084318384,1.0701921107496721,0.0461379
-1.2350355737299967,-3.717438666852211,-0.4460847446983167,-0.0365834
-1.2350355737299967,-3.717438666852211,1.407142523071447,0.00206108
-1.2350355737299967,-3.548963460691323,-0.6145599508592046,-0.0440551
-1.2350355737299967,2.179193548778856,-0.9515103631809794,0.0183265
-1.2350355737299967,5.211747259674833,-2.467787218628968,0.0242256
-1.2350355737299967,5.885648084318384,-0.27760953853742887,0.0247227
-1.0665603675691084,-3.717438666852211,1.2386673169105595,-0.00178234
-1.0665603675691084,-3.0435378422086603,-1.1199855693418672,-0.0612736
-1.0665603675691084,-2.36963701756511,-1.4569359816636425,-0.0486454
-1.0665603675691084,-0.010984131312683054,1.7440929353932226,0.0084227
-1.0665603675691084,0.15749107484820435,1.91256814155411,0.0134106
-1.0665603675691084,0.32596628100909264,2.0810433477149974,0.0173483
-1.0665603675691084,5.885648084318384,1.0701921107496721,0.0454109
-0.8980851614082219,-3.8859138730130987,0.564766492267009,-0.0175918
-0.8980851614082219,-2.0326866052433346,-1.6254111878245299,-0.0444465
-0.8980851614082219,4.03242081654862,-2.467787218628968,0.00931984
-0.8980851614082219,6.222598496640159,-0.783035157020092,0.0218336
-0.7296099552473336,-2.8750626360477725,1.2386673169105595,-0.023144
-0.7296099552473336,-2.706587429886885,-1.6254111878245299,-0.0667482
-0.7296099552473336,-0.5164097497953462,1.7440929353932226,-0.00594232
-0.7296099552473336,-0.34793454363445875,1.7440929353932226,-0.00119375
-0.7296099552473336,0.15749107484820435,2.0810433477149974,0.0126035
-0.7296099552473336,2.0107183426179676,2.5864689661976596,0.0391421
-0.7296099552473336,2.179193548778856,2.754944172358548,0.0418549
-0.7296099552473336,2.3476687549397424,2.9234193785194353,0.0438001
-0.5611347490864471,-3.8859138730130987,-0.10913433237654147,-0.0638938
-0.5611347490864471,-1.8642113990824472,-1.7938863939854177,-0.0473957
-0.5611347490864471,-0.34793454363445875,-1.6254111878245299,-0.0237289
-0.5611347490864471,4.70632164119217,2.5864689661976596,0.0282887
-0.5611347490864471,4.874796847353058,-2.6362624247898556,0.01326
-0.5611347490864471,5.211747259674833,2.2495185538758857,0.033622
-0.3926595429255588,-0.34793454363445875,1.91256814155411,-0.00258466
-0.3926595429255588,0.49444148716998004,-1.2884607755027546,-0.0137774
-0.3926595429255588,0.9998671056526423,-1.1199855693418672,0.00402177
-0.3926595429255588,2.5161439611006307,-1.6254111878245299,-0.00198349
-0.3926595429255588,2.684619167261517,3.0918945846803227,0.0469579
-0.3926595429255588,5.043272053513946,2.2495185538758857,0.03063
-0.3926595429255588,5.380222465835721,1.91256814155411,0.0359717
-0.22418433676467053,-3.8859138730130987,0.39629128610612074,-0.0628025
-0.22418433676467053,-2.5381122237259977,-1.9623616001463056,-0.0677573
-0.22418433676467053,-2.0326866052433346,1.5756177292323343,-0.0238447
-0.22418433676467053,2.3476687549397424,-1.7938863939854177,-0.0148055
-0.22418433676467053,2.8530943734224055,-1.7938863939854177,-0.00542926
-0.22418433676467053,5.380222465835721,1.5756177292323343,0.0363142
-0.22418433676467053,5.717172878157496,-2.130836806307193,0.0215088
-0.05570913060378402,-3.3804882545304356,1.0701921107496721,-0.0518821
-0.05570913060378402,-0.17945933747357046,-1.6254111878245299,-0.0324243
-0.05570913060378402,-0.17945933747357046,2.0810433477149974,0.00229378
-0.05570913060378402,2.684619167261517,-1.9623616001463056,-0.0201772
-0.05570913060378402,5.380222465835721,1.0701921107496721,0.0362337
0.11276607555710427,-3.8859138730130987,0.564766492267009,-0.0634077
0.11276607555710427,-3.548963460691323,-1.6254111878245299,-0.0776146
0.11276607555710427,-2.0326866052433346,1.5756177292323343,-0.025064
0.11276607555710427,-1.6957361929215597,-1.9623616001463056,-0.0489931
0.11276607555710427,-0.34793454363445875,2.0810433477149974,-0.00242095
0.11276607555710427,1.5052927241353053,2.754944172358548,0.0292095
0.11276607555710427,2.8530943734224055,-2.130836806307193,-0.024707
0.11276607555710427,3.8639456103877317,2.754944172358548,0.0355077
0.11276607555710427,4.537846435031283,-2.8047376309507435,0.0130321
0.11276607555710427,6.391073702801047,-1.2884607755027546,0.0236588
0.11276607555710427,6.391073702801047,0.39629128610612074,0.0361329
0.28124128171799256,-4.054389079173986,0.22781607994523334,-0.0670487
0.28124128171799256,-3.2120130483695477,1.2386673169105595,-0.0493923
0.28124128171799256,-3.0435378422086603,-1.9623616001463056,-0.0713887
0.28124128171799256,-0.17945933747357046,-1.6254111878245299,-0.0360862
0.28124128171799256,2.684619167261517,-2.2993120124680804,-0.0382097
0.28124128171799256,2.684619167261517,2.5864689661976596,0.0445905
0.28124128171799256,6.391073702801047,-1.2884607755027546,0.0236954
0.4497164878788791,-4.054389079173986,0.22781607994523334,-0.0647107
0.4497164878788791,0.49444148716998004,2.5864689661976596,0.0196031
0.4497164878788791,3.3585199919050686,2.417993760036773,0.0388233
0.4497164878788791,3.6954704042268434,2.2495185538758857,0.0327222
0.4497164878788791,4.03242081654862,1.91256814155411,0.0252656
0.4497164878788791,4.70632164119217,1.2386673169105595,0.0202107
0.6181916940397674,-3.8859138730130987,0.564766492267009,-0.0583604
0.6181916940397674,-3.548963460691323,-1.6254111878245299,-0.0679611
0.6181916940397674,-3.2120130483695477,1.2386673169105595,-0.0466064
0.6181916940397674,-1.358785780599784,1.7440929353932226,-0.0144851
0.6181916940397674,-0.5164097497953462,2.0810433477149974,-0.00388538
0.6181916940397674,0.9998671056526423,-1.9623616001463056,-0.0592895
0.6181916940397674,3.1900447857441803,1.91256814155411,0.0351864
0.7866669002006557,-4.054389079173986,0.05934087378434594,-0.0569242
0.7866669002006557,-1.358785780599784,-1.7938863939854177,-0.0324186
0.7866669002006557,4.03242081654862,-2.8047376309507435,0.0127586
0.7866669002006557,6.054123290479271,0.564766492267009,0.0350469
0.9551421063615422,-4.054389079173986,-0.27760953853742887,-0.050546
0.9551421063615422,-3.3804882545304356,1.0701921107496721,-0.0432438
0.9551421063615422,-3.2120130483695477,-1.7938863939854177,-0.055856
0.9551421063615422,-1.5272609867606723,1.5756177292323343,-0.00757739
0.9551421063615422,1.1683423118135297,2.9234193785194353,0.0351991
0.9551421063615422,2.0107183426179676,-2.6362624247898556,-0.0645511
1.1236173125224305,-3.8859138730130987,-0.9515103631809794,-0.0423063
1.1236173125224305,-3.548963460691323,-1.4569359816636425,-0.0465702
1.1236173125224305,-2.706587429886885,-1.9623616001463056,-0.0476907
1.1236173125224305,-2.706587429886885,1.407142523071447,-0.0270225
1.1236173125224305,1.336817517974417,2.9234193785194353,0.0383233
1.1236173125224305,2.0107183426179676,2.754944172358548,0.0418843
1.1236173125224305,3.1900447857441803,1.407142523071447,0.0249718
1.1236173125224305,3.8639456103877317,-2.6362624247898556,0.00592908
1.1236173125224305,5.043272053513946,-2.467787218628968,0.019193
1.1236173125224305,5.211747259674833,0.564766492267009,0.0222782
1.1236173125224305,5.380222465835721,0.564766492267009,0.0251426
1.1236173125224305,5.717172878157496,-1.6254111878245299,0.0138992
1.2920925186833188,-3.717438666852211,0.564766492267009,-0.0340115
1.2920925186833188,-2.706587429886885,1.407142523071447,-0.0233781
1.2920925186833188,-0.853360162117121,1.91256814155411,-0.00528345
1.2920925186833188,2.684619167261517,1.7440929353932226,0.0372494
1.2920925186833188,5.380222465835721,0.39629128610612074,0.0229784
1.2920925186833188,5.5486976719966075,-1.6254111878245299,0.012182
1.2920925186833188,6.054123290479271,-0.9515103631809794,0.0195921
1.4605677248442053,-3.717438666852211,0.564766492267009,-0.0263655
1.4605677248442053,-1.358785780599784,-1.7938863939854177,-0.0202004
1.4605677248442053,-1.358785780599784,1.7440929353932226,-0.00728934
1.4605677248442053,-0.853360162117121,1.91256814155411,-0.0048742
1.4605677248442053,3.1900447857441803,-2.467787218628968,-0.0497024
1.4605677248442053,4.2008960227095065,-2.467787218628968,0.0115665
1.4605677248442053,4.369371228870395,0.05934087378434594,0.00510205
1.4605677248442053,5.043272053513946,-2.130836806307193,0.0160712
1.6290429310050936,4.537846435031283,-0.4460847446983167,0.00363706
1.6290429310050936,5.211747259674833,-1.2884607755027546,0.0072033
1.6290429310050936,5.380222465835721,-0.4460847446983167,0.0129072
1.7975181371659819,-4.054389079173986,-1.4569359816636425,-0.0028627
1.7975181371659819,-3.717438666852211,0.7332416984278964,-0.0173508
1.7975181371659819,-0.17945933747357046,1.91256814155411,0.0104612
1.7975181371659819,1.1683423118135297,2.5864689661976596,0.0394096
1.7975181371659819,4.2008960227095065,-0.9515103631809794,-0.0102556
1.9659933433268684,-4.054389079173986,-1.6254111878245299,-9.19718e-05
1.9659933433268684,-0.17945933747357046,1.91256814155411,0.00977549
1.9659933433268684,-0.010984131312683054,-1.4569359816636425,-0.0356839
1.9659933433268684,1.5052927241353053,2.417993760036773,0.0414669
1.9659933433268684,2.179193548778856,1.7440929353932226,0.0383337
1.9659933433268684,2.684619167261517,0.7332416984278964,0.0223975
2.1344685494877567,-4.7282899038175366,-1.1199855693418672,0.0181347
2.1344685494877567,-1.8642113990824472,1.5756177292323343,-0.00526709
2.1344685494877567,1.6737679302961928,2.0810433477149974,0.0401737
2.1344685494877567,1.842243136457081,1.91256814155411,0.0396744
2.1344685494877567,2.0107183426179676,1.2386673169105595,0.0354018
2.302943755648643,-4.7282899038175366,-1.2884607755027546,0.0202928
2.302943755648643,-2.8750626360477725,1.407142523071447,-0.0161778
2.302943755648643,-1.358785780599784,1.7440929353932226,-0.00601771
2.302943755648643,-0.853360162117121,1.91256814155411,-0.00415343
2.302943755648643,0.32596628100909264,1.91256814155411,0.0185176
2.302943755648643,0.6629166933308666,-1.2884607755027546,-0.0531622
2.4714189618095315,-3.717438666852211,1.0701921107496721,-0.0150163
2.4714189618095315,-1.1903105744388967,-1.6254111878245299,-0.0112017
2.4714189618095315,-0.853360162117121,1.91256814155411,-0.00431151
2.4714189618095315,3.0215695795832938,-1.9623616001463056,-0.0643858
2.6398941679704198,-3.0435378422086603,1.407142523071447,-0.0181623
2.6398941679704198,-0.17945933747357046,-1.4569359816636425,-0.0239245
2.6398941679704198,0.49444148716998004,-1.2884607755027546,-0.0366323
2.6398941679704198,1.336817517974417,-1.6254111878245299,-0.0691295
2.8083693741313063,-4.559814697656648,0.39629128610612074,0.00391565
2.8083693741313063,-4.2228642853348735,0.7332416984278964,-0.00669303
2.8083693741313063,-3.548963460691323,1.2386673169105595,-0.0174857
2.8083693741313063,-3.2120130483695477,-2.130836806307193,-0.0134522
2.8083693741313063,-1.0218353682780092,-1.4569359816636425,-0.00729294
2.8083693741313063,-0.5164097497953462,-1.4569359816636425,-0.0163302
2.8083693741313063,-0.17945933747357046,-1.4569359816636425,-0.022982
2.8083693741313063,-0.17945933747357046,2.0810433477149974,0.000816097
2.8083693741313063,-0.010984131312683054,2.0810433477149974,0.00339692
2.9768445802921946,-4.896765109978424,-1.1199855693418672,0.0269565
2.9768445802921946,-4.391339491495762,0.564766492267009,-0.00148518
2.9768445802921946,-4.2228642853348735,0.7332416984278964,-0.00654141
2.9768445802921946,1.336817517974417,1.7440929353932226,0.0295816
2.9768445802921946,2.179193548778856,-0.4460847446983167,-0.0334235
2.9768445802921946,2.3476687549397424,-1.2884607755027546,-0.0600806
2.9768445802921946,2.5161439611006307,-1.1199855693418672,-0.0569201
2.9768445802921946,2.5161439611006307,-0.783035157020092,-0.0491626
3.145319786453083,-4.2228642853348735,-1.7938863939854177,0.0115621
3.145319786453083,-3.2120130483695477,1.407142523071447,-0.0207314
3.145319786453083,0.15749107484820435,-1.4569359816636425,-0.0279991
3.145319786453083,1.336817517974417,1.7440929353932226,0.0283606
3.145319786453083,2.0107183426179676,1.0701921107496721,0.0381065
3.3137949926139694,-4.559814697656648,-1.4569359816636425,0.0211382
3.3137949926139694,-3.2120130483695477,1.407142523071447,-0.0212071
3.3137949926139694,-3.0435378422086603,-2.130836806307193,-0.0161001
3.4822701987748577,-4.2228642853348735,-1.6254111878245299,0.0131593
3.4822701987748577,-3.2120130483695477,1.407142523071447,-0.0212324
3.4822701987748577,-2.8750626360477725,-2.130836806307193,-0.0186128
3.4822701987748577,-0.6848849559562336,2.0810433477149974,-0.0119961
3.4822701987748577,0.15749107484820435,2.0810433477149974,-0.000706891
3.4822701987748577,1.5052927241353053,1.5756177292323343,0.0312952
3.650745404935746,-2.5381122237259977,-2.130836806307193,-0.022336
3.650745404935746,-2.36963701756511,-2.130836806307193,-0.023692
3.650745404935746,-1.6957361929215597,-1.9623616001463056,-0.0240122
3.650745404935746,-0.6848849559562336,2.0810433477149974,-0.0124945
3.650745404935746,-0.010984131312683054,2.0810433477149974,-0.00417876
3.650745404935746,2.0107183426179676,0.39629128610612074,0.0284691
3.8192206110966325,-4.391339491495762,-0.10913433237654147,0.0126808
3.8192206110966325,-4.054389079173986,0.564766492267009,-0.00385486
3.8192206110966325,-0.5164097497953462,2.0810433477149974,-0.0108382
3.9876958172575208,-1.358785780599784,1.91256814155411,-0.0130634
3.9876958172575208,0.6629166933308666,1.7440929353932226,0.0112197
4.156171023418407,-2.8750626360477725,-1.9623616001463056,-0.0134564
4.156171023418407,-1.8642113990824472,1.7440929353932226,-0.0126064
4.156171023418407,-1.1903105744388967,-1.7938863939854177,-0.0182938
4.156171023418407,0.8313918994917548,1.5756177292323343,0.016888
4.156171023418407,1.5052927241353053,1.0701921107496721,0.0315218
4.324646229579294,-4.054389079173986,-0.4460847446983167,0.0180177
4.324646229579294,-3.717438666852211,-1.2884607755027546,0.0111053
4.324646229579294,-0.5164097497953462,-1.6254111878245299,-0.0151513
4.324646229579294,0.32596628100909264,-1.2884607755027546,-0.0144266
4.493121435740182,-4.054389079173986,-0.27760953853742887,0.0171357
4.493121435740182,-2.0326866052433346,-1.9623616001463056,-0.0145768
4.493121435740182,-1.358785780599784,-1.7938863939854177,-0.013633
4.493121435740182,0.32596628100909264,1.7440929353932226,0.00789587
4.493121435740182,0.49444148716998004,-1.1199855693418672,-0.00844196
4.66159664190107,-4.054389079173986,-0.27760953853742887,0.0187073
4.66159664190107,-3.717438666852211,0.7332416984278964,0.000483179
4.66159664190107,-1.0218353682780092,1.91256814155411,-0.00191836
4.66159664190107,-0.853360162117121,-1.6254111878245299,-0.00838902
4.66159664190107,0.49444148716998004,-1.1199855693418672,-0.0053234
4.66159664190107,1.6737679302961928,0.22781607994523334,0.0233217
4.830071848061957,-4.054389079173986,-0.27760953853742887,0.0205935
4.830071848061957,-1.1903105744388967,-1.6254111878245299,-0.00539328
4.830071848061957,1.1683423118135297,-0.6145599508592046,0.00409069
4.830071848061957,1.1683423118135297,1.5756177292323343,0.0215075
4.830071848061957,1.5052927241353053,-0.27760953853742887,0.0124052
4.998547054222845,-2.5381122237259977,-1.7938863939854177,-0.0020673
4.998547054222845,-2.36963701756511,-1.7938863939854177,-0.00326242
4.998547054222845,-1.5272609867606723,-1.6254111878245299,-0.00267873
5.167022260383732,-3.548963460691323,0.7332416984278964,0.00902061
5.167022260383732,0.15749107484820435,-1.4569359816636425,0.000799278
5.167022260383732,1.6737679302961928,-0.27760953853742887,0.0141682
5.167022260383732,1.842243136457081,1.0701921107496721,0.0307243
5.33549746654462,-3.8859138730130987,-0.783035157020092,0.0276375
5.33549746654462,-2.36963701756511,-1.6254111878245299,0.00468871
5.33549746654462,-0.34793454363445875,-1.6254111878245299,0.00606147
5.33549746654462,0.32596628100909264,-1.4569359816636425,0.00263416
5.503972672705508,1.842243136457081,-0.10913433237654147,0.018613
5.503972672705508,2.0107183426179676,0.564766492267009,0.0284977
5.672447878866395,-3.2120130483695477,-1.2884607755027546,0.0236253
5.672447878866395,-1.1903105744388967,-1.4569359816636425,0.0132671
5.840923085027283,-3.2120130483695477,-1.1199855693418672,0.0273965
6.009398291188171,-2.706587429886885,0.39629128610612074,0.0233851
6.009398291188171,-2.5381122237259977,0.39629128610612074,0.0225571
6.009398291188171,-1.6957361929215597,-0.9515103631809794,0.0173834
6.177873497349058,-3.0435378422086603,-0.27760953853742887,0.0314426
6.177873497349058,-2.8750626360477725,-0.6145599508592046,0.0302079
6.177873497349058,-2.0326866052433346,1.0701921107496721,0.0194702
6.177873497349058,-1.5272609867606723,-1.1199855693418672,0.017727
6.346348703509946,-1.0218353682780092,2.2495185538758857,0.0249168
6.346348703509946,1.6737679302961928,0.9017169045887838,0.0222356
6.5148239096708345,-1.8642113990824472,0.22781607994523334,0.0148377
6.5148239096708345,-1.6957361929215597,-0.4460847446983167,0.0148002
6.5148239096708345,-0.010984131312683054,2.0810433477149974,0.0149065
6.683299115831723,0.9998671056526423,1.2386673169105595,0.0124116
6.683299115831723,1.1683423118135297,1.0701921107496721,0.0142974
6.851774321992611,-1.6957361929215597,0.39629128610612074,0.0138346
6.851774321992611,-0.853360162117121,-1.4569359816636425,0.0255312
6.851774321992611,0.15749107484820435,1.7440929353932226,0.0135085
6.851774321992611,0.9998671056526423,-0.10913433237654147,0.00874128
7.020249528153496,-0.17945933747357046,-1.4569359816636425,0.0254347
7.188724734314384,-0.010984131312683054,1.407142523071447,0.0145282
7.188724734314384,0.49444148716998004,0.05934087378434594,0.00985937
7.357199940475272,-0.6848849559562336,1.407142523071447,0.0214233
7.357199940475272,0.15749107484820435,-0.4460847446983167,0.0142017
7.357199940475272,0.15749107484820435,-0.27760953853742887,0.0125149
