-8.115968089077144,-0.183900721782833,-1.2684245388648927,0.138028
-7.953212759360772,0.30436526736628533,-2.407711846879503,0.119024
-7.953212759360772,0.7926312565154046,-1.756690528014011,0.12278
-7.953212759360772,0.7926312565154046,-1.5939351982976389,0.124127
-7.790457429644399,-0.8349220406483253,-2.082201187446757,0.129332
-7.790457429644399,0.30436526736628533,-2.7332225063122486,0.116888
-7.790457429644399,0.9553865862317776,-2.24495651716313,0.119552
-7.627702099928026,0.9553865862317776,-2.7332225063122486,0.118238
-7.464946770211654,-0.6721667109319522,-0.6174032199994013,0.15128
-7.464946770211654,1.443652575380896,-2.570467176595876,0.119373
-7.464946770211654,1.7691632348136421,-2.082201187446757,0.123114
-7.302191440495281,-0.8349220406483253,-2.7332225063122486,0.119838
-7.302191440495281,0.4671205970826584,-0.29189256056665513,0.150335
-7.302191440495281,1.606407905097269,-2.7332225063122486,0.118875
-7.302191440495281,2.0946738942463874,-1.9194458577303841,0.128488
-7.302191440495281,2.0946738942463874,-1.756690528014011,0.129766
-7.139436110778908,-2.9507413269611726,0.1963734285824632,0.115617
-7.139436110778908,-2.7879859972447996,1.823926725746193,0.131309
-7.139436110778908,-1.4859433595138167,0.03361809886609102,0.138381
-7.139436110778908,-0.9976773703646984,1.3356607365970738,0.14402
-7.139436110778908,1.1181419159481498,-0.6174032199994013,0.137205
-7.139436110778908,1.280897245664523,-3.3842438251777405,0.118805
-7.139436110778908,2.0946738942463874,-1.2684245388648927,0.135946
-7.139436110778908,2.2574292239627596,-1.5939351982976389,0.134926
-6.976680781062535,-2.7879859972447996,-0.9429138794321474,0.133096
-6.976680781062535,-1.3231880297974437,-1.2684245388648927,0.145572
-6.976680781062535,-1.3231880297974437,-0.4546478902830282,0.145233
-6.976680781062535,-1.1604327000810706,-0.7801585497157744,0.149521
-6.976680781062535,-1.1604327000810706,-0.4546478902830282,0.148042
-6.976680781062535,-1.1604327000810706,1.498416066313447,0.143828
-6.976680781062535,0.9553865862317776,-3.8725098143268593,0.125783
-6.976680781062535,0.9553865862317776,0.5218840880152094,0.158745
-6.976680781062535,0.9553865862317776,0.6846394177315824,0.157986
-6.813925451346162,-1.974209348662935,2.1494373851789383,0.135757
-6.813925451346162,1.1181419159481498,-3.8725098143268593,0.125348
-6.651170121629789,-3.6017626458266645,0.8473947474479555,0.115938
-6.651170121629789,-3.6017626458266645,1.498416066313447,0.123699
-6.651170121629789,-3.4390073161102914,-0.4546478902830282,0.121096
-6.651170121629789,1.1181419159481498,0.8473947474479555,0.1597
-6.488414791913415,-3.6017626458266645,0.3591287582988363,0.11349
-6.488414791913415,-1.4859433595138167,-1.4311798685812658,0.148096
-6.488414791913415,-0.183900721782833,2.1494373851789383,0.142751
-6.488414791913415,1.443652575380896,-3.709754484610486,0.122133
-6.325659462197043,-3.764517975543037,1.0101500771643286,0.116232
-6.325659462197043,-3.1134966566775457,-1.2684245388648927,0.135234
-6.325659462197043,-1.3231880297974437,2.1494373851789383,0.145106
-6.325659462197043,-1.1604327000810706,2.1494373851789383,0.146973
-6.325659462197043,-0.5094113812155792,2.3121927148953105,0.144512
-6.325659462197043,1.606407905097269,-3.5469991548941135,0.120345
-6.325659462197043,2.0946738942463874,0.8473947474479555,0.165491
-6.16290413248067,-3.764517975543037,0.6846394177315824,0.114092
-6.16290413248067,-3.6017626458266645,-0.6174032199994013,0.121273
-6.16290413248067,-2.299720008095681,-1.5939351982976389,0.147921
-6.16290413248067,-2.136964678379308,-1.5939351982976389,0.149346
-6.16290413248067,-0.3466560514992061,2.4749480446116836,0.144708
-6.000148802764297,-2.9507413269611726,2.4749480446116836,0.129792
-6.000148802764297,-1.974209348662935,2.4749480446116836,0.13554
-6.000148802764297,-1.3231880297974437,-2.570467176595876,0.141832
-5.837393473047924,-3.764517975543037,0.1963734285824632,0.11465
-5.837393473047924,-1.974209348662935,2.4749480446116836,0.134886
-5.837393473047924,-1.811454018946562,-2.082201187446757,0.149939
-5.837393473047924,0.6298759267990315,-4.198020473759605,0.135593
-5.674638143331552,-3.764517975543037,1.498416066313447,0.115687
-5.674638143331552,0.4671205970826584,2.4749480446116836,0.152103
-5.674638143331552,2.4201845536791327,-0.9429138794321474,0.156695
-5.511882813615179,-2.625230667528427,2.4749480446116836,0.125549
-5.511882813615179,3.071205872544626,0.1963734285824632,0.156923
-5.511882813615179,3.071205872544626,0.6846394177315824,0.159919
-5.349127483898806,-0.3466560514992061,-3.709754484610486,0.13984
-5.349127483898806,2.2574292239627596,-2.407711846879503,0.14109
-5.349127483898806,2.4201845536791327,-1.9194458577303841,0.150495
-5.186372154182433,-3.764517975543037,1.1729054068807008,0.111989
-5.186372154182433,-3.1134966566775457,2.1494373851789383,0.116645
-5.186372154182433,-2.625230667528427,-1.4311798685812658,0.14172
-5.186372154182433,-1.6486986892301898,-2.8959778360286217,0.14627
-5.186372154182433,0.4671205970826584,2.6377033743280567,0.159727
-5.186372154182433,1.9319185645300152,1.823926725746193,0.163591
-5.186372154182433,2.2574292239627596,-2.082201187446757,0.148871
-5.02361682446606,-3.4390073161102914,-0.6174032199994013,0.118217
-5.02361682446606,-2.9507413269611726,2.1494373851789383,0.115948
-5.02361682446606,2.0946738942463874,-2.082201187446757,0.150986
-5.02361682446606,2.5829398833955057,-1.2684245388648927,0.156813
-4.860861494749687,-2.462475337812054,-1.4311798685812658,0.146419
-4.860861494749687,1.7691632348136421,1.9866820554625662,0.165533
-4.860861494749687,2.5829398833955057,1.66117139602982,0.164275
-4.860861494749687,3.071205872544626,1.0101500771643286,0.162731
-4.698106165033314,-3.764517975543037,1.0101500771643286,0.11454
-4.698106165033314,-0.183900721782833,-3.3842438251777405,0.147582
-4.698106165033314,0.9553865862317776,2.4749480446116836,0.163039
-4.535350835316941,-2.462475337812054,-1.1056692091485196,0.139185
-4.535350835316941,-0.9976773703646984,2.6377033743280567,0.148391
-4.535350835316941,2.4201845536791327,2.1494373851789383,0.159966
-4.535350835316941,3.071205872544626,1.1729054068807008,0.165091
-4.372595505600568,-1.3231880297974437,-3.0587331657449948,0.141977
-4.372595505600568,1.606407905097269,-2.407711846879503,0.155359
-4.372595505600568,3.233961202260998,-0.4546478902830282,0.1564
-4.372595505600568,3.233961202260998,-0.29189256056665513,0.157227
-4.209840175884195,-2.625230667528427,-0.7801585497157744,0.130887
-4.209840175884195,-1.811454018946562,-2.7332225063122486,0.144625
-4.209840175884195,-1.811454018946562,1.823926725746193,0.129976
-4.209840175884195,1.443652575380896,-2.7332225063122486,0.15314
-4.209840175884195,1.606407905097269,-2.407711846879503,0.157051
-4.209840175884195,3.233961202260998,-0.7801585497157744,0.157431
-4.047084846167822,-3.6017626458266645,0.1963734285824632,0.124275
-4.047084846167822,-2.7879859972447996,-0.6174032199994013,0.12859
-4.047084846167822,-2.136964678379308,-2.082201187446757,0.147955
-4.047084846167822,-1.1604327000810706,1.9866820554625662,0.139056
-4.047084846167822,-0.5094113812155792,2.4749480446116836,0.154077
-4.047084846167822,1.7691632348136421,-2.082201187446757,0.164724
-4.047084846167822,2.0946738942463874,2.800458704044429,0.146886
-4.047084846167822,2.5829398833955057,-1.756690528014011,0.165221
-3.8843295164514497,-2.299720008095681,1.66117139602982,0.121809
-3.8843295164514497,-1.6486986892301898,1.498416066313447,0.128699
-3.8843295164514497,-1.4859433595138167,1.498416066313447,0.131202
-3.8843295164514497,1.443652575380896,3.125969363477177,0.146531
-3.8843295164514497,2.5829398833955057,-1.756690528014011,0.165646
-3.8843295164514497,3.396716531977372,2.3121927148953105,0.158094
-3.7215741867350767,-1.6486986892301898,-0.6174032199994013,0.158045
-3.7215741867350767,-0.9976773703646984,1.66117139602982,0.131581
-3.7215741867350767,3.233961202260998,-0.4546478902830282,0.160584
-3.5588188570187036,-2.9507413269611726,1.1729054068807008,0.1247
-3.5588188570187036,-2.462475337812054,1.3356607365970738,0.12138
-3.5588188570187036,-2.299720008095681,1.3356607365970738,0.119963
-3.5588188570187036,-1.6486986892301898,-1.756690528014011,0.144244
-3.5588188570187036,-1.1604327000810706,-2.570467176595876,0.138003
-3.5588188570187036,-0.3466560514992061,2.3121927148953105,0.148103
-3.5588188570187036,3.7222271914101164,1.3356607365970738,0.160724
-3.3960635273023305,-1.974209348662935,-0.12913723085028206,0.127744
-3.3960635273023305,-1.811454018946562,-0.29189256056665513,0.134012
-3.3960635273023305,-1.4859433595138167,1.498416066313447,0.10374
-3.3960635273023305,-1.3231880297974437,-1.9194458577303841,0.141803
-3.3960635273023305,-0.8349220406483253,1.823926725746193,0.116678
-3.3960635273023305,-0.3466560514992061,-3.0587331657449948,0.143298
-3.3960635273023305,0.14160993764991225,-3.221488495461368,0.148457
-3.3960635273023305,0.9553865862317776,3.288724693193549,0.147821
-3.3960635273023305,3.071205872544626,-0.9429138794321474,0.161564
-3.2333081975859574,-1.811454018946562,1.3356607365970738,0.0956213
-3.2333081975859574,-1.6486986892301898,1.498416066313447,0.0942036
-3.2333081975859574,0.14160993764991225,2.963214033760803,0.151023
-3.2333081975859574,1.7691632348136421,3.125969363477177,0.14086
-3.2333081975859574,2.908450542828252,-1.1056692091485196,0.161533
-2.907797538153212,-1.1604327000810706,1.9866820554625662,0.0894017
-2.907797538153212,-0.3466560514992061,-2.24495651716313,0.146249
-2.907797538153212,0.9553865862317776,-1.1056692091485196,0.167633
-2.907797538153212,1.280897245664523,-1.2684245388648927,0.1615
-2.907797538153212,3.233961202260998,2.6377033743280567,0.155214
-2.745042208436839,-2.299720008095681,0.1963734285824632,0.0835896
-2.745042208436839,-1.974209348662935,1.498416066313447,0.0754838
-2.745042208436839,-0.183900721782833,2.3121927148953105,0.132785
-2.745042208436839,2.745695213111878,-0.29189256056665513,0.152852
-2.582286878720466,2.4201845536791327,2.800458704044429,0.147345
-2.582286878720466,2.908450542828252,0.03361809886609102,0.154312
-2.419531549004093,3.071205872544626,0.3591287582988363,0.161003
-2.094020889571347,-0.021145392066459934,-1.1056692091485196,0.138696
-2.094020889571347,0.6298759267990315,2.4749480446116836,0.140877
-2.094020889571347,1.1181419159481498,2.6377033743280567,0.139583
-2.094020889571347,1.606407905097269,2.6377033743280567,0.14257
-2.094020889571347,2.908450542828252,2.1494373851789383,0.166223
-1.9312655598549746,-1.4859433595138167,1.9866820554625662,0.0751159
-1.9312655598549746,-0.9976773703646984,2.1494373851789383,0.0896456
-1.7685102301386024,2.5829398833955057,2.1494373851789383,0.166123
-1.6057549004222293,-2.299720008095681,-0.12913723085028206,0.0797165
-1.4429995707058563,-1.4859433595138167,1.823926725746193,0.081368
-1.4429995707058563,-0.5094113812155792,-1.1056692091485196,0.117044
-1.4429995707058563,3.233961202260998,0.5218840880152094,0.182033
-1.280244240989484,-1.3231880297974437,1.823926725746193,0.0900008
-1.280244240989484,-0.183900721782833,2.1494373851789383,0.134268
-1.280244240989484,2.4201845536791327,-0.6174032199994013,0.126885
-1.280244240989484,2.908450542828252,-0.12913723085028206,0.154596
-1.280244240989484,3.233961202260998,0.5218840880152094,0.185761
-1.1174889112731101,-2.625230667528427,-0.29189256056665513,0.111896
-1.1174889112731101,-0.5094113812155792,-1.1056692091485196,0.116086
-1.1174889112731101,0.6298759267990315,-1.1056692091485196,0.133629
-0.9547335815567362,-0.6721667109319522,1.9866820554625662,0.118963
-0.9547335815567362,1.1181419159481498,2.3121927148953105,0.125117
-0.9547335815567362,2.5829398833955057,1.9866820554625662,0.176939
-0.791978251840364,-3.1134966566775457,0.6846394177315824,0.121731
-0.791978251840364,-1.6486986892301898,-0.9429138794321474,0.099507
-0.791978251840364,-0.6721667109319522,1.9866820554625662,0.116451
-0.4664675924076196,-3.1134966566775457,1.0101500771643286,0.117865
-0.4664675924076196,-2.136964678379308,1.66117139602982,0.100129
-0.4664675924076196,-1.3231880297974437,1.823926725746193,0.100925
-0.4664675924076196,-0.9976773703646984,-1.2684245388648927,0.0980941
-0.4664675924076196,-0.8349220406483253,1.9866820554625662,0.105128
-0.4664675924076196,0.30436526736628533,2.1494373851789383,0.119409
-0.4664675924076196,1.280897245664523,1.9866820554625662,0.134903
-0.4664675924076196,2.745695213111878,0.03361809886609102,0.174494
-0.3037122626912456,-0.9976773703646984,1.9866820554625662,0.0995591
-0.3037122626912456,-0.3466560514992061,2.1494373851789383,0.105076
-0.3037122626912456,-0.183900721782833,-1.4311798685812658,0.0982202
-0.3037122626912456,-0.021145392066459934,-1.4311798685812658,0.0993624
-0.3037122626912456,0.9553865862317776,1.9866820554625662,0.12646
-0.3037122626912456,1.7691632348136421,-0.7801585497157744,0.129144
-0.3037122626912456,2.0946738942463874,-0.6174032199994013,0.137724
-0.3037122626912456,2.745695213111878,1.3356607365970738,0.193955
-0.3037122626912456,2.908450542828252,0.3591287582988363,0.183401
-0.14095693297487344,-3.1134966566775457,-0.4546478902830282,0.116062
-0.14095693297487344,-1.974209348662935,1.823926725746193,0.0963497
-0.14095693297487344,-0.6721667109319522,-1.4311798685812658,0.0935467
-0.14095693297487344,2.4201845536791327,1.498416066313447,0.178199
-0.14095693297487344,2.908450542828252,0.8473947474479555,0.186195
0.021798396741500525,-3.276251986393919,-0.12913723085028206,0.119263
0.021798396741500525,-3.1134966566775457,-0.4546478902830282,0.115132
0.021798396741500525,1.443652575380896,1.823926725746193,0.132455
0.1845537264578727,-2.462475337812054,-1.1056692091485196,0.099057
0.1845537264578727,-1.6486986892301898,1.9866820554625662,0.0917452
0.1845537264578727,0.4671205970826584,2.1494373851789383,0.100884
0.1845537264578727,3.071205872544626,0.6846394177315824,0.166051
0.3473090561742467,-3.1134966566775457,1.0101500771643286,0.111766
0.3473090561742467,-0.5094113812155792,2.1494373851789383,0.0888702
0.3473090561742467,0.4671205970826584,2.1494373851789383,0.0969889
0.5100643858906189,-1.974209348662935,-1.4311798685812658,0.089702
0.5100643858906189,-0.183900721782833,2.1494373851789383,0.0883893
0.6728197156069928,-3.1134966566775457,-0.29189256056665513,0.115918
0.6728197156069928,1.443652575380896,1.9866820554625662,0.108325
0.835575045323365,-2.136964678379308,-1.4311798685812658,0.0879466
0.835575045323365,1.9319185645300152,1.823926725746193,0.114912
0.9983303750397372,-3.1134966566775457,0.8473947474479555,0.112309
0.9983303750397372,-1.6486986892301898,-1.5939351982976389,0.083778
0.9983303750397372,-1.3231880297974437,-1.5939351982976389,0.0842141
0.9983303750397372,1.9319185645300152,1.823926725746193,0.110587
0.9983303750397372,2.2574292239627596,1.66117139602982,0.118605
1.1610857047561112,-3.276251986393919,-0.4546478902830282,0.114982
1.3238410344724834,-1.974209348662935,-1.5939351982976389,0.0847102
1.3238410344724834,-1.811454018946562,1.9866820554625662,0.0794329
1.3238410344724834,0.30436526736628533,1.9866820554625662,0.085204
1.3238410344724834,1.443652575380896,1.9866820554625662,0.0937818
1.4865963641888573,-3.276251986393919,1.0101500771643286,0.109099
1.4865963641888573,-2.299720008095681,1.823926725746193,0.0831742
1.4865963641888573,-1.811454018946562,1.9866820554625662,0.0786049
1.4865963641888573,-0.021145392066459934,1.823926725746193,0.0884597
1.4865963641888573,0.9553865862317776,-1.5939351982976389,0.0880702
1.4865963641888573,2.745695213111878,1.0101500771643286,0.12577
1.4865963641888573,2.908450542828252,0.6846394177315824,0.130808
1.6493516939052277,-2.7879859972447996,-1.2684245388648927,0.0978043
1.6493516939052277,-2.299720008095681,1.823926725746193,0.0830594
1.6493516939052277,0.4671205970826584,-1.5939351982976389,0.0880125
1.6493516939052277,0.4671205970826584,1.9866820554625662,0.0815004
1.6493516939052277,1.1181419159481498,-1.5939351982976389,0.0885694
1.6493516939052277,2.745695213111878,-0.12913723085028206,0.12844
1.8121070236216017,-3.764517975543037,0.3591287582988363,0.122733
1.8121070236216017,-2.299720008095681,1.823926725746193,0.0832587
1.8121070236216017,1.606407905097269,-1.4311798685812658,0.0937731
2.137617683054348,-0.5094113812155792,1.823926725746193,0.0855171
2.137617683054348,0.6298759267990315,1.9866820554625662,0.0760289
2.137617683054348,0.9553865862317776,1.9866820554625662,0.0761285
2.30037301277072,-3.764517975543037,0.5218840880152094,0.124459
2.30037301277072,-3.1134966566775457,-1.1056692091485196,0.111756
2.30037301277072,1.443652575380896,1.823926725746193,0.0796587
2.30037301277072,2.5829398833955057,-0.12913723085028206,0.121047
2.463128342487094,-1.6486986892301898,-1.5939351982976389,0.0949257
2.463128342487094,2.0946738942463874,1.3356607365970738,0.0953193
2.625883672203466,-3.764517975543037,0.03361809886609102,0.129826
2.625883672203466,-1.4859433595138167,1.823926725746193,0.0851517
2.625883672203466,1.280897245664523,1.823926725746193,0.0750722
2.78863900191984,-3.6017626458266645,0.5218840880152094,0.127909
2.78863900191984,-2.299720008095681,-1.2684245388648927,0.10903
2.78863900191984,-1.3231880297974437,-1.5939351982976389,0.0989647
2.78863900191984,1.1181419159481498,1.823926725746193,0.0728632
2.78863900191984,2.2574292239627596,1.1729054068807008,0.0973571
2.9513943316362123,-0.5094113812155792,1.823926725746193,0.0855987
2.9513943316362123,-0.3466560514992061,1.823926725746193,0.0841158
2.9513943316362123,-0.183900721782833,1.823926725746193,0.0821871
2.9513943316362123,-0.021145392066459934,1.823926725746193,0.0800413
2.9513943316362123,0.7926312565154046,1.823926725746193,0.0717061
3.1141496613525863,-3.4390073161102914,0.03361809886609102,0.136166
3.1141496613525863,-1.811454018946562,1.498416066313447,0.0999392
3.1141496613525863,0.30436526736628533,-1.5939351982976389,0.110787
3.1141496613525863,1.280897245664523,1.66117139602982,0.0711167
3.2769049910689585,-3.1134966566775457,0.5218840880152094,0.136585
3.2769049910689585,-2.7879859972447996,0.8473947474479555,0.129608
3.2769049910689585,-1.974209348662935,1.3356607365970738,0.108184
3.2769049910689585,0.7926312565154046,-1.5939351982976389,0.119321
3.2769049910689585,1.9319185645300152,1.3356607365970738,0.0804603
3.4396603207853325,-2.136964678379308,1.1729054068807008,0.117899
3.4396603207853325,-0.6721667109319522,-1.756690528014011,0.0973167
3.4396603207853325,0.7926312565154046,-2.082201187446757,0.125015
3.4396603207853325,1.443652575380896,-1.5939351982976389,0.127778
3.4396603207853325,1.443652575380896,1.498416066313447,0.0656713
3.4396603207853325,2.0946738942463874,-0.9429138794321474,0.11859
3.4396603207853325,2.0946738942463874,1.1729054068807008,0.0823187
3.602415650501703,-2.7879859972447996,-0.4546478902830282,0.155636
3.602415650501703,-2.462475337812054,-0.9429138794321474,0.134956
3.602415650501703,-1.3231880297974437,-1.756690528014011,0.0907219
3.602415650501703,-0.3466560514992061,1.66117139602982,0.083004
3.602415650501703,1.443652575380896,1.498416066313447,0.0579627
3.602415650501703,1.7691632348136421,-1.9194458577303841,0.132344
3.602415650501703,2.4201845536791327,-0.4546478902830282,0.115525
3.765170980218077,-1.811454018946562,-1.5939351982976389,0.0969158
3.765170980218077,-1.3231880297974437,1.66117139602982,0.0830655
3.765170980218077,0.14160993764991225,-2.24495651716313,0.114341
3.765170980218077,1.9319185645300152,-2.24495651716313,0.131034
3.927926309934449,-2.7879859972447996,-0.6174032199994013,0.158843
3.927926309934449,-0.6721667109319522,-1.9194458577303841,0.0986752
3.927926309934449,2.2574292239627596,1.0101500771643286,0.0595076
4.090681639650823,-2.462475337812054,-1.1056692091485196,0.132922
4.090681639650823,-2.462475337812054,1.0101500771643286,0.135734
4.090681639650823,-2.299720008095681,-1.2684245388648927,0.120449
4.090681639650823,-1.811454018946562,1.498416066313447,0.0919404
4.090681639650823,1.9319185645300152,-2.7332225063122486,0.125031
4.090681639650823,2.4201845536791327,0.1963734285824632,0.0756293
4.253436969367195,-2.625230667528427,-0.9429138794321474,0.146216
4.253436969367195,-1.811454018946562,1.498416066313447,0.0905445
4.253436969367195,-0.5094113812155792,-2.407711846879503,0.108696
4.253436969367195,0.30436526736628533,1.823926725746193,0.0509513
4.253436969367195,1.9319185645300152,-0.7801585497157744,0.11008
4.253436969367195,2.2574292239627596,-1.5939351982976389,0.120102
4.253436969367195,2.4201845536791327,1.1729054068807008,0.040703
4.416192299083569,0.4671205970826584,-3.221488495461368,0.108637
4.578947628799941,-1.811454018946562,-1.5939351982976389,0.103439
4.578947628799941,2.2574292239627596,-0.4546478902830282,0.0754477
4.741702958516315,0.30436526736628533,-3.3842438251777405,0.10754
4.741702958516315,0.7926312565154046,-3.3842438251777405,0.107921
4.741702958516315,2.0946738942463874,1.9866820554625662,0.0215222
4.741702958516315,2.4201845536791327,-1.9194458577303841,0.111128
4.9044582882326875,-0.5094113812155792,1.66117139602982,0.0846665
4.9044582882326875,1.9319185645300152,2.1494373851789383,0.0178111
5.067213617949061,-0.5094113812155792,1.66117139602982,0.087054
5.067213617949061,1.606407905097269,-3.221488495461368,0.108301
5.229968947665434,-2.136964678379308,-0.9429138794321474,0.126109
5.229968947665434,-1.974209348662935,1.0101500771643286,0.100134
5.229968947665434,-1.4859433595138167,1.3356607365970738,0.0836894
5.229968947665434,-0.5094113812155792,1.66117139602982,0.0878431
5.229968947665434,1.606407905097269,-3.221488495461368,0.107215
5.229968947665434,2.4201845536791327,-1.5939351982976389,0.100989
5.229968947665434,2.4201845536791327,-0.4546478902830282,0.0610439
5.392724277381808,-2.299720008095681,0.5218840880152094,0.116971
5.392724277381808,-2.136964678379308,-0.7801585497157744,0.1218
5.392724277381808,-1.1604327000810706,-3.0587331657449948,0.124381
5.392724277381808,-0.8349220406483253,-3.3842438251777405,0.12255
5.392724277381808,0.6298759267990315,-3.5469991548941135,0.106341
5.392724277381808,2.745695213111878,1.1729054068807008,0.0209672
5.718234936814552,-2.136964678379308,0.8473947474479555,0.0683295
5.718234936814552,-1.974209348662935,-0.9429138794321474,0.0928245
5.718234936814552,0.6298759267990315,-3.5469991548941135,0.105717
5.718234936814552,0.7926312565154046,2.3121927148953105,0.0156009
5.718234936814552,1.443652575380896,2.3121927148953105,0.00958476
5.880990266530924,-1.974209348662935,1.1729054068807008,0.0492724
5.880990266530924,-1.3231880297974437,-2.7332225063122486,0.121651
5.880990266530924,1.7691632348136421,2.1494373851789383,0.0092887
5.880990266530924,2.5829398833955057,0.03361809886609102,0.0378321
6.043745596247296,-1.3231880297974437,-2.570467176595876,0.118136
6.20650092596367,-2.462475337812054,-0.12913723085028206,0.0503778
6.20650092596367,-1.811454018946562,-1.2684245388648927,0.066732
6.3692562556800425,-1.1604327000810706,-2.570467176595876,0.112816
6.3692562556800425,1.7691632348136421,1.823926725746193,0.00986598
6.3692562556800425,2.2574292239627596,1.3356607365970738,0.013456
6.3692562556800425,2.4201845536791327,0.5218840880152094,0.0267086
6.3692562556800425,2.4201845536791327,0.8473947474479555,0.0197233
6.5320115853964165,-1.4859433595138167,1.66117139602982,0.0196974
6.5320115853964165,1.1181419159481498,1.823926725746193,0.0154973
6.5320115853964165,1.9319185645300152,1.498416066313447,0.0125052
6.5320115853964165,2.2574292239627596,-2.570467176595876,0.113549
6.5320115853964165,2.2574292239627596,-1.1056692091485196,0.105693
6.5320115853964165,2.2574292239627596,0.5218840880152094,0.0293097
6.5320115853964165,2.2574292239627596,0.8473947474479555,0.0210709
6.5320115853964165,2.4201845536791327,-2.24495651716313,0.114132
6.857522244829161,-0.6721667109319522,-2.24495651716313,0.0957201
6.857522244829161,0.14160993764991225,1.498416066313447,0.0313847
6.857522244829161,0.4671205970826584,1.3356607365970738,0.0387413
7.020277574545533,-2.136964678379308,1.0101500771643286,0.0147512
7.020277574545533,-0.3466560514992061,-2.24495651716313,0.0926883
7.020277574545533,-0.3466560514992061,1.66117139602982,0.0166801
7.020277574545533,0.14160993764991225,-2.7332225063122486,0.0965339
7.020277574545533,1.1181419159481498,-0.4546478902830282,0.114348
7.020277574545533,1.1181419159481498,-0.12913723085028206,0.102366
7.020277574545533,2.0946738942463874,-1.2684245388648927,0.113335
7.183032904261909,-1.974209348662935,-0.9429138794321474,0.025472
7.183032904261909,-1.811454018946562,-1.1056692091485196,0.0280212
7.183032904261909,-0.9976773703646984,1.66117139602982,0.00828059
7.183032904261909,0.7926312565154046,-2.7332225063122486,0.10135
7.183032904261909,1.443652575380896,-2.7332225063122486,0.111504
7.183032904261909,1.7691632348136421,-2.570467176595876,0.116241
7.183032904261909,1.9319185645300152,-2.407711846879503,0.118506
7.183032904261909,2.0946738942463874,-2.082201187446757,0.119987
7.345788233978281,-1.811454018946562,1.1729054068807008,0.0090798
7.345788233978281,0.30436526736628533,-1.1056692091485196,0.084461
7.345788233978281,1.280897245664523,-1.1056692091485196,0.109026
7.508543563694653,-2.136964678379308,-0.12913723085028206,0.0159747
7.508543563694653,-1.974209348662935,-0.6174032199994013,0.0180798
7.508543563694653,0.4671205970826584,0.6846394177315824,0.0333262
7.671298893411029,-1.811454018946562,-0.6174032199994013,0.0162794
7.671298893411029,-0.9976773703646984,1.3356607365970738,0.0044334
7.671298893411029,0.4671205970826584,0.1963734285824632,0.038815
7.8340542231273975,-0.6721667109319522,1.1729054068807008,0.00465366
7.996809552843773,-0.021145392066459934,-0.29189256056665513,0.0249119
8.159564882560145,-1.1604327000810706,-0.12913723085028206,0.00991477
8.159564882560145,-0.5094113812155792,-0.29189256056665513,0.0142835
