-3.7810473548214953,-0.8310664555086511,-0.32720878909417994,-0.0307127
-3.7810473548214953,-0.8310664555086511,0.3304103112043961,-0.0307482
-3.7810473548214953,-0.6995426354489354,-0.4587326091538957,-0.0304781
-3.7810473548214953,-0.6995426354489354,0.461934131264111,-0.0305284
-3.7810473548214953,-0.04192353515035929,0.461934131264111,-0.0308938
-3.7810473548214953,0.22112410496907042,-0.06416114897475023,-0.0323077
-3.7810473548214953,0.22112410496907042,0.06736267108496552,-0.0323144
-3.64952353476178,-1.3571617357475119,-0.06416114897475023,-0.0405548
-3.64952353476178,-1.3571617357475119,0.06736267108496552,-0.0405583
-3.64952353476178,-1.2256379156877961,0.461934131264111,-0.0396578
-3.64952353476178,-0.8310664555086511,-0.8533040693330407,-0.038468
-3.64952353476178,0.08960028490935557,-0.8533040693330407,-0.0387528
-3.64952353476178,0.08960028490935557,0.8565055914432564,-0.0388084
-3.64952353476178,0.6156955651482168,-0.19568496903446508,-0.0413502
-3.64952353476178,0.6156955651482168,0.19888649114468038,-0.0413606
-3.517999714702065,-1.3571617357475119,0.7249817713835407,-0.0454533
-3.517999714702065,-1.0941140956280813,-0.9848278893927565,-0.044514
-3.517999714702065,-0.8310664555086511,1.119553231562687,-0.0436815
-3.517999714702065,0.3526479250287853,0.9880294115029722,-0.0446876
-3.38647589464235,-1.2256379156877961,-1.1163517094524718,-0.0487536
-3.38647589464235,-1.2256379156877961,1.119553231562687,-0.0487643
-3.38647589464235,-0.5680188153892205,-1.379399349571902,-0.0473298
-3.38647589464235,-0.5680188153892205,1.3826008716821168,-0.0473549
-3.38647589464235,-0.17344735521007504,1.3826008716821168,-0.0473474
-3.2549520745826346,-0.04192353515035929,-1.5109231696316172,-0.0503769
-3.2549520745826346,0.3526479250287853,-1.379399349571902,-0.0509235
-3.2549520745826346,1.141790845387077,0.461934131264111,-0.0529427
-3.1234282545229197,-1.620209375866942,1.119553231562687,-0.0548546
-3.1234282545229197,-1.4886855558072272,-1.2478755295121866,-0.0544388
-3.1234282545229197,-1.4886855558072272,1.2510770516224028,-0.0544117
-3.1234282545229197,-0.5680188153892205,1.6456485118015474,-0.0525834
-3.1234282545229197,1.0102670253273613,-0.9848278893927565,-0.0538106
-3.1234282545229197,1.273314665446792,-0.4587326091538957,-0.0543228
-3.1234282545229197,1.273314665446792,0.461934131264111,-0.0543198
-2.9919044344632044,-1.7517331959266573,1.119553231562687,-0.0565549
-2.9919044344632044,0.7472193852079316,-1.379399349571902,-0.0545293
-2.9919044344632044,0.7472193852079316,1.3826008716821168,-0.0545049
-2.9919044344632044,1.273314665446792,-0.7217802492733258,-0.0549378
-2.9919044344632044,1.273314665446792,0.7249817713835407,-0.0549307
-2.9919044344632044,1.4048384855065077,-0.32720878909417994,-0.0549914
-2.9919044344632044,1.4048384855065077,0.3304103112043961,-0.0549897
-2.8603806144034887,-2.146304656105803,0.5934579513238258,-0.0579609
-2.8603806144034887,-1.7517331959266573,-1.2478755295121866,-0.0572565
-2.8603806144034887,-0.8310664555086511,1.777172331861263,-0.0557001
-2.8603806144034887,0.484171745088501,-1.642446989691332,-0.0550564
-2.8603806144034887,0.8787432052676474,-1.379399349571902,-0.0550547
-2.8603806144034887,0.8787432052676474,1.3826008716821168,-0.0550252
-2.728856794343774,-0.3049711752697899,-1.9054946298107631,-0.0558125
-2.728856794343774,0.6156955651482168,-1.642446989691332,-0.055412
-2.728856794343774,0.6156955651482168,1.6456485118015474,-0.0553678
-2.5973329742840585,-2.2778284761655185,-0.5902564292136105,-0.0572616
-2.5973329742840585,-2.2778284761655185,0.5934579513238258,-0.0572278
-2.5973329742840585,-2.0147808360460875,-1.1163517094524718,-0.0575503
-2.5973329742840585,0.08960028490935557,-1.9054946298107631,-0.0558315
-2.5973329742840585,0.484171745088501,-1.7739708097510474,-0.0553834
-2.4658091542243437,-2.2778284761655185,-0.7217802492733258,-0.056151
-2.4658091542243437,-2.2778284761655185,0.7249817713835407,-0.0561096
-2.4658091542243437,-2.146304656105803,-0.9848278893927565,-0.0566793
-2.4658091542243437,-2.146304656105803,0.9880294115029722,-0.0566245
-2.4658091542243437,-0.962590275568366,1.9086961519209789,-0.0567877
-2.334285334164628,-1.8832570159863726,-1.379399349571902,-0.0563082
-2.334285334164628,-1.8832570159863726,1.3826008716821168,-0.0562367
-2.334285334164628,-1.7517331959266573,-1.5109231696316172,-0.0563844
-2.334285334164628,-1.3571617357475119,1.777172331861263,-0.0566628
-2.334285334164628,1.5363623055662234,0.8565055914432564,-0.0478379
-2.202761514104913,-2.2778284761655185,-0.8533040693330407,-0.0526487
-2.202761514104913,-2.2778284761655185,0.8565055914432564,-0.0526033
-2.202761514104913,-1.620209375866942,-1.642446989691332,-0.0554387
-2.202761514104913,-0.5680188153892205,-2.037018449870478,-0.0553467
-2.202761514104913,-0.17344735521007504,-2.037018449870478,-0.0548697
-2.202761514104913,-0.17344735521007504,2.0402199719806937,-0.0547969
-2.071237694045198,1.7994099456856532,-0.4587326091538957,-0.035386
-2.071237694045198,1.7994099456856532,0.461934131264111,-0.0354763
-1.9397138739854825,-2.146304656105803,-1.1163517094524718,-0.048499
-1.9397138739854825,1.6678861256259383,-0.9848278893927565,-0.0286527
-1.9397138739854825,1.7994099456856532,-0.8533040693330407,-0.0242188
-1.8081900539257676,-1.620209375866942,-1.642446989691332,-0.0500653
-1.8081900539257676,-1.620209375866942,1.6456485118015474,-0.0500023
-1.8081900539257676,-0.5680188153892205,2.0402199719806937,-0.051405
-1.8081900539257676,-0.17344735521007504,2.0402199719806937,-0.0507599
-1.8081900539257676,1.273314665446792,-1.379399349571902,-0.0356263
-1.8081900539257676,1.273314665446792,1.3826008716821168,-0.0357052
-1.8081900539257676,2.3255052259245144,1.119553231562687,0.00660908
-1.8081900539257676,2.588552866043944,-0.8533040693330407,0.00894484
-1.8081900539257676,2.588552866043944,0.5934579513238258,0.00480375
-1.6766662338660518,-2.0147808360460875,1.2510770516224028,-0.043058
-1.6766662338660518,-1.0941140956280813,-1.9054946298107631,-0.049286
-1.6766662338660518,-1.0941140956280813,1.9086961519209789,-0.0492267
-1.6766662338660518,-0.3049711752697899,-2.037018449870478,-0.0489018
-1.6766662338660518,2.8516005061633747,-0.9848278893927565,0.017535
-1.6766662338660518,2.8516005061633747,-0.32720878909417994,0.00913091
-1.6766662338660518,2.8516005061633747,0.3304103112043961,0.00899941
-1.6766662338660518,2.8516005061633747,0.9880294115029722,0.0172405
-1.545142413806337,0.6156955651482168,1.777172331861263,-0.0407691
-1.4136185937466221,-2.146304656105803,-0.9848278893927565,-0.0284898
-1.4136185937466221,-2.146304656105803,0.9880294115029722,-0.0285014
-1.2820947736869073,-2.0147808360460875,-1.1163517094524718,-0.0258119
-1.2820947736869073,-2.0147808360460875,1.119553231562687,-0.0258375
-1.2820947736869073,-1.620209375866942,-1.5109231696316172,-0.0354707
-1.2820947736869073,-1.620209375866942,1.5141246917418325,-0.0354677
-1.2820947736869073,0.7472193852079316,-1.642446989691332,-0.0299803
-1.2820947736869073,0.7472193852079316,1.6456485118015474,-0.0300226
-1.2820947736869073,1.273314665446792,-1.5109231696316172,-0.0110719
-1.2820947736869073,1.273314665446792,1.5141246917418325,-0.0112391
-1.2820947736869073,1.5363623055662234,-1.642446989691332,0.00146795
-1.1505709536271915,-1.3571617357475119,-1.642446989691332,-0.0339844
-1.1505709536271915,-1.3571617357475119,1.6456485118015474,-0.0339915
-1.1505709536271915,-1.0941140956280813,-1.7739708097510474,-0.0359818
-1.1505709536271915,-0.5680188153892205,-1.9054946298107631,-0.0369673
-1.1505709536271915,-0.17344735521007504,-1.9054946298107631,-0.0359665
-1.1505709536271915,-0.17344735521007504,1.9086961519209789,-0.0359687
-1.1505709536271915,1.0102670253273613,-1.5109231696316172,-0.0165025
-1.1505709536271915,1.0102670253273613,1.5141246917418325,-0.0166092
-1.1505709536271915,1.141790845387077,-1.5109231696316172,-0.011138
-1.1505709536271915,1.141790845387077,1.5141246917418325,-0.0112748
-1.0190471335674758,-2.2778284761655185,-0.7217802492733258,0.00852795
-1.0190471335674758,-2.2778284761655185,0.7249817713835407,0.00841464
-1.0190471335674758,1.5363623055662234,1.777172331861263,0.00924779
-1.0190471335674758,1.7994099456856532,-1.9054946298107631,0.0168298
-1.0190471335674758,1.7994099456856532,1.9086961519209789,0.016682
-0.8875233135077609,-1.2256379156877961,-1.642446989691332,-0.0255123
-0.8875233135077609,-1.2256379156877961,1.6456485118015474,-0.0255562
-0.8875233135077609,0.8787432052676474,-1.5109231696316172,-0.00969009
-0.8875233135077609,1.0102670253273613,-1.5109231696316172,-0.00538015
-0.8875233135077609,1.273314665446792,-1.642446989691332,0.00363206
-0.7559994934480452,-2.803923756404379,-0.4587326091538957,0.0578077
-0.7559994934480452,-2.803923756404379,0.461934131264111,0.0576238
-0.7559994934480452,-2.4093522962252334,-0.8533040693330407,0.0282767
-0.7559994934480452,-2.4093522962252334,0.8565055914432564,0.0280792
-0.7559994934480452,0.8787432052676474,-1.5109231696316172,-0.00489816
-0.7559994934480452,0.8787432052676474,1.5141246917418325,-0.00500378
-0.6244756733883312,-3.066971396523809,-0.19568496903446508,0.0762281
-0.6244756733883312,-3.066971396523809,0.19888649114468038,0.0761299
-0.6244756733883312,-2.4093522962252334,-0.9848278893927565,0.0289158
-0.6244756733883312,-2.4093522962252334,0.9880294115029722,0.0287005
-0.6244756733883312,-1.7517331959266573,-1.379399349571902,-0.00676044
-0.6244756733883312,-1.7517331959266573,1.3826008716821168,-0.00685696
-0.6244756733883312,-1.4886855558072272,-1.5109231696316172,-0.0133416
-0.6244756733883312,-1.4886855558072272,1.5141246917418325,-0.0134193
-0.6244756733883312,-0.6995426354489354,-1.7739708097510474,-0.0185396
-0.6244756733883312,-0.04192353515035929,-1.7739708097510474,-0.0163779
-0.6244756733883312,-0.04192353515035929,1.777172331861263,-0.0164568
-0.6244756733883312,1.930933765745368,-2.037018449870478,0.02194
-0.6244756733883312,1.930933765745368,2.0402199719806937,0.0219711
-0.6244756733883312,2.588552866043944,-2.037018449870478,0.0280984
-0.6244756733883312,2.588552866043944,2.0402199719806937,0.0282164
-0.6244756733883312,3.6407434265216656,-0.32720878909417994,0.0280812
-0.6244756733883312,3.6407434265216656,0.3304103112043961,0.0280646
-0.49295185332861546,-2.146304656105803,1.2510770516224028,0.0113105
-0.49295185332861546,-0.5680188153892205,-1.7739708097510474,-0.0138917
-0.49295185332861546,-0.17344735521007504,-1.7739708097510474,-0.0125665
-0.49295185332861546,-0.17344735521007504,1.777172331861263,-0.0126618
-0.49295185332861546,0.484171745088501,-1.642446989691332,-0.00732104
-0.49295185332861546,1.930933765745368,-2.037018449870478,0.0221162
-0.49295185332861546,1.930933765745368,2.0402199719806937,0.0221911
-0.3614280332689006,-2.5408761162849487,-1.1163517094524718,0.0354808
-0.3614280332689006,-1.7517331959266573,1.5141246917418325,-0.00480591
-0.3614280332689006,1.141790845387077,-1.642446989691332,0.00824005
-0.22990421320918486,-1.4886855558072272,-1.642446989691332,-0.00887831
-0.22990421320918486,0.7472193852079316,1.6456485118015474,-0.000375485
-0.22990421320918486,1.4048384855065077,-1.7739708097510474,0.0142003
-0.22990421320918486,1.4048384855065077,1.777172331861263,0.0142265
-0.22990421320918486,2.45702904598423,-2.037018449870478,0.0250198
-0.22990421320918486,2.45702904598423,2.0402199719806937,0.025221
-0.22990421320918486,2.8516005061633747,-1.9054946298107631,0.0261138
-0.22990421320918486,3.7722672465813814,-0.19568496903446508,0.0305232
-0.09838039314946911,3.7722672465813814,-0.4587326091538957,0.0295049
-0.09838039314946911,3.7722672465813814,0.461934131264111,0.0294414
0.033143426910245743,-2.803923756404379,-1.1163517094524718,0.0495126
0.033143426910245743,3.7722672465813814,-0.5902564292136105,0.0289424
0.1646672469699606,-3.1984952165835248,0.7249817713835407,0.0791102
0.1646672469699606,-2.672399936344664,-1.2478755295121866,0.037786
0.1646672469699606,2.8516005061633747,-1.7739708097510474,0.0224786
0.1646672469699606,2.8516005061633747,1.777172331861263,0.0226436
0.1646672469699606,3.903791066641097,-0.06416114897475023,0.0323412
0.1646672469699606,3.903791066641097,0.06736267108496552,0.0323223
0.29619106702967546,-0.43649499532950564,-1.642446989691332,0.00568887
0.29619106702967546,-0.3049711752697899,-1.642446989691332,0.00615078
0.29619106702967546,3.903791066641097,0.3304103112043961,0.0325744
0.4277148870893912,-1.4886855558072272,1.777172331861263,-0.00607226
0.4277148870893912,-1.3571617357475119,1.777172331861263,-0.00637802
0.4277148870893912,-0.04192353515035929,1.6456485118015474,0.0053186
0.4277148870893912,2.8516005061633747,-1.642446989691332,0.0215433
0.4277148870893912,2.8516005061633747,1.6456485118015474,0.0215932
0.4277148870893912,3.24617196634252,1.3826008716821168,0.0231508
0.4277148870893912,3.5092196064619516,1.119553231562687,0.0260375
0.5592387071491061,-3.066971396523809,-0.8533040693330407,0.067095
0.5592387071491061,-3.066971396523809,0.8565055914432564,0.0668263
0.5592387071491061,-1.4886855558072272,1.777172331861263,-0.00520565
0.5592387071491061,-0.6995426354489354,-1.642446989691332,0.00376849
0.5592387071491061,2.9831243262230904,-1.5109231696316172,0.0223802
0.5592387071491061,2.9831243262230904,1.5141246917418325,0.0223255
0.6907625272088218,-1.4886855558072272,-1.7739708097510474,-0.004194
0.6907625272088218,-1.4886855558072272,1.777172331861263,-0.00419627
0.6907625272088218,-1.3571617357475119,-1.7739708097510474,-0.00451445
0.6907625272088218,-1.3571617357475119,1.777172331861263,-0.00452266
0.6907625272088218,1.4048384855065077,-1.642446989691332,0.0130205
0.6907625272088218,1.4048384855065077,1.6456485118015474,0.0129926
0.6907625272088218,2.8516005061633747,1.5141246917418325,0.0228296
0.8222863472685376,-2.2778284761655185,-1.5109231696316172,0.0143014
0.8222863472685376,-2.2778284761655185,1.5141246917418325,0.0142315
0.8222863472685376,-2.0147808360460875,1.6456485118015474,0.00529695
0.9538101673282515,-2.803923756404379,-0.9848278893927565,0.0486792
0.9538101673282515,-2.803923756404379,0.9880294115029722,0.0484972
0.9538101673282515,-2.4093522962252334,1.3826008716821168,0.0221017
0.9538101673282515,3.7722672465813814,0.7249817713835407,0.037245
0.9538101673282515,3.903791066641097,-0.4587326091538957,0.0397443
0.9538101673282515,3.903791066641097,0.461934131264111,0.0394817
1.0853339873879673,-1.8832570159863726,-1.642446989691332,0.00552451
1.0853339873879673,-1.8832570159863726,1.6456485118015474,0.00548967
1.0853339873879673,1.141790845387077,1.6456485118015474,0.00924715
1.0853339873879673,2.0624575858050838,1.3826008716821168,0.0283221
1.0853339873879673,2.588552866043944,1.3826008716821168,0.0276218
1.0853339873879673,3.1146481462828044,-1.2478755295121866,0.0305136
1.0853339873879673,3.5092196064619516,0.9880294115029722,0.0353606
1.0853339873879673,3.6407434265216656,-0.8533040693330407,0.0376517
1.2168578074476821,1.4048384855065077,-1.5109231696316172,0.0173999
1.2168578074476821,1.6678861256259383,-1.379399349571902,0.0253935
1.2168578074476821,1.6678861256259383,1.3826008716821168,0.0252603
1.2168578074476821,3.7722672465813814,-0.5902564292136105,0.0419879
1.2168578074476821,3.903791066641097,-0.19568496903446508,0.0442002
1.2168578074476821,3.903791066641097,0.19888649114468038,0.044067
1.3483816275073979,-1.7517331959266573,-1.642446989691332,0.00687121
1.3483816275073979,3.1146481462828044,-1.1163517094524718,0.0358885
1.3483816275073979,3.7722672465813814,-0.4587326091538957,0.0445142
1.4799054475671118,-0.962590275568366,-1.7739708097510474,-0.000676762
1.4799054475671118,-0.962590275568366,1.777172331861263,-0.000724921
1.4799054475671118,-0.8310664555086511,1.777172331861263,-0.00139278
1.4799054475671118,-0.6995426354489354,-1.7739708097510474,-0.00189921
1.4799054475671118,-0.6995426354489354,1.777172331861263,-0.00194554
1.4799054475671118,-0.5680188153892205,-1.7739708097510474,-0.00230651
1.4799054475671118,-0.5680188153892205,1.777172331861263,-0.00235095
1.4799054475671118,-0.43649499532950564,-1.7739708097510474,-0.00252812
1.4799054475671118,-0.3049711752697899,-1.7739708097510474,-0.00253196
1.4799054475671118,-0.3049711752697899,1.777172331861263,-0.00257376
1.4799054475671118,-0.17344735521007504,-1.7739708097510474,-0.00230375
1.4799054475671118,-0.17344735521007504,1.777172331861263,-0.0023455
1.4799054475671118,0.3526479250287853,1.777172331861263,0.000572077
1.4799054475671118,1.0102670253273613,1.6456485118015474,0.0100261
1.4799054475671118,2.0624575858050838,-1.1163517094524718,0.0366407
1.4799054475671118,2.0624575858050838,1.119553231562687,0.0364105
1.4799054475671118,2.1939814058647986,-1.1163517094524718,0.0366369
1.4799054475671118,2.1939814058647986,1.119553231562687,0.0363759
1.4799054475671118,3.377695786402236,0.8565055914432564,0.0418052
1.4799054475671118,3.7722672465813814,-0.19568496903446508,0.0472134
1.4799054475671118,3.7722672465813814,0.19888649114468038,0.0470703
1.6114292676268276,-2.4093522962252334,1.119553231562687,0.0341046
1.6114292676268276,-2.146304656105803,-1.379399349571902,0.0218712
1.6114292676268276,-2.146304656105803,1.3826008716821168,0.0217688
1.6114292676268276,1.0102670253273613,-1.642446989691332,0.0108024
1.6114292676268276,1.0102670253273613,1.6456485118015474,0.0107222
1.6114292676268276,1.273314665446792,-1.5109231696316172,0.0177021
1.6114292676268276,1.273314665446792,1.5141246917418325,0.0175921
1.6114292676268276,3.377695786402236,0.7249817713835407,0.0447857
1.6114292676268276,3.6407434265216656,-0.32720878909417994,0.0479626
1.7429530876865433,-1.2256379156877961,1.777172331861263,0.00172785
1.7429530876865433,1.0102670253273613,-1.642446989691332,0.0113425
1.7429530876865433,1.0102670253273613,1.6456485118015474,0.0112557
1.874476907746259,0.6156955651482168,-1.7739708097510474,0.00350576
1.874476907746259,1.0102670253273613,-1.642446989691332,0.0117383
1.874476907746259,2.0624575858050838,-0.8533040693330407,0.0448481
1.874476907746259,2.588552866043944,0.7249817713835407,0.0470937
1.874476907746259,2.72007668610366,-0.7217802492733258,0.0470052
2.006000727805973,-1.2256379156877961,1.777172331861263,0.00234332
2.006000727805973,2.72007668610366,0.461934131264111,0.0513433
2.006000727805973,3.1146481462828044,-0.06416114897475023,0.0526706
2.006000727805973,3.1146481462828044,0.06736267108496552,0.0526244
2.137524547865689,-2.672399936344664,-0.7217802492733258,0.0485671
2.137524547865689,-2.672399936344664,0.7249817713835407,0.0484509
2.137524547865689,-1.8832570159863726,1.5141246917418325,0.0178646
2.137524547865689,-1.620209375866942,-1.642446989691332,0.0110298
2.137524547865689,-1.620209375866942,1.6456485118015474,0.0109579
2.137524547865689,2.1939814058647986,-0.5902564292136105,0.051598
2.137524547865689,2.45702904598423,-0.19568496903446508,0.0553866
2.2690483679254045,-2.803923756404379,-0.4587326091538957,0.0543089
2.2690483679254045,-2.803923756404379,0.461934131264111,0.0542217
2.2690483679254045,0.3526479250287853,-1.7739708097510474,0.000535213
2.2690483679254045,0.3526479250287853,1.777172331861263,0.000503284
2.4005721879851185,-0.6995426354489354,-1.7739708097510474,-0.00257152
2.4005721879851185,-0.5680188153892205,-1.7739708097510474,-0.00363549
2.4005721879851185,-0.5680188153892205,1.777172331861263,-0.00363595
2.4005721879851185,-0.43649499532950564,1.777172331861263,-0.00426374
2.4005721879851185,-0.3049711752697899,1.777172331861263,-0.00440398
2.4005721879851185,-0.17344735521007504,1.777172331861263,-0.00404218
2.4005721879851185,-0.04192353515035929,-1.7739708097510474,-0.00320391
2.4005721879851185,1.141790845387077,-1.5109231696316172,0.0185735
2.4005721879851185,1.141790845387077,1.5141246917418325,0.0184589
2.5320960080448343,0.6156955651482168,-1.642446989691332,0.0080022
2.5320960080448343,0.6156955651482168,1.6456485118015474,0.00793633
2.5320960080448343,2.0624575858050838,-0.7217802492733258,0.0513006
2.5320960080448343,2.0624575858050838,0.7249817713835407,0.0511109
2.5320960080448343,2.1939814058647986,-0.4587326091538957,0.0561776
2.5320960080448343,2.1939814058647986,0.461934131264111,0.0560379
2.66361982810455,-0.8310664555086511,1.6456485118015474,0.00266589
2.66361982810455,0.08960028490935557,1.6456485118015474,0.00177115
2.7951436481642657,-1.3571617357475119,-1.5109231696316172,0.0141391
2.7951436481642657,0.6156955651482168,-1.5109231696316172,0.0128338
2.7951436481642657,0.6156955651482168,1.5141246917418325,0.0127486
2.9266674682239797,0.8787432052676474,-1.379399349571902,0.0218614
2.9266674682239797,0.8787432052676474,1.3826008716821168,0.0217335
3.189715108343411,-0.3049711752697899,1.119553231562687,0.0178293
3.189715108343411,1.6678861256259383,0.8565055914432564,0.0512034
3.189715108343411,1.7994099456856532,0.7249817713835407,0.0549998
3.321238928403125,-2.5408761162849487,-0.4587326091538957,0.060457
3.321238928403125,-2.5408761162849487,0.461934131264111,0.0603316
3.321238928403125,-0.3049711752697899,-0.8533040693330407,0.0274664
3.321238928403125,-0.3049711752697899,0.8565055914432564,0.0273555
3.321238928403125,-0.17344735521007504,0.8565055914432564,0.0276794
3.321238928403125,0.22112410496907042,0.9880294115029722,0.0266284
3.321238928403125,1.273314665446792,-0.9848278893927565,0.0440088
3.321238928403125,1.273314665446792,0.9880294115029722,0.0437888
3.5842865685225567,-1.2256379156877961,0.7249817713835407,0.0412313
3.5842865685225567,1.6678861256259383,-0.19568496903446508,0.0620897
3.5842865685225567,1.6678861256259383,0.19888649114468038,0.0620209
3.7158103885822706,1.4048384855065077,-0.19568496903446508,0.0598597
3.7158103885822706,1.4048384855065077,0.19888649114468038,0.0597941
