-5.406413562583321,-3.208476557086479,0.15209187979191974,-0.0678597
-5.406413562583321,-2.925663089882627,-0.13072158741193274,-0.0640883
-5.406413562583321,-2.3600361554749227,0.010685146189993944,-0.0588596
-5.406413562583321,0.3266917829616718,-0.27212832101385853,-0.0725577
-5.406413562583321,0.3266917829616718,0.15209187979191974,-0.0733656
-5.406413562583321,1.45794565177708,-0.27212832101385853,-0.0657586
-5.406413562583321,1.45794565177708,0.15209187979191974,-0.0660385
-5.265006828981395,-2.925663089882627,1.141939015005402,-0.0639958
-5.265006828981395,-2.3600361554749227,-0.4135350546157843,-0.0564266
-5.265006828981395,1.7407591189809315,-0.4135350546157843,-0.0635284
-5.265006828981395,1.7407591189809315,0.29349861339384553,-0.0637888
-5.1236000953794685,-2.925663089882627,-0.6963485218196364,-0.0595242
-5.1236000953794685,-2.501442889076849,-0.6963485218196364,-0.0551896
-5.1236000953794685,-1.7944092210672187,0.8591255478015496,-0.052231
-5.1236000953794685,1.1751321845732274,1.0005322814034763,-0.0629887
-4.982193361777543,-3.915510225096109,0.576312080597698,-0.0724739
-4.982193361777543,-2.218629421872997,1.4247524822092537,-0.0532995
-4.982193361777543,-1.7944092210672187,1.141939015005402,-0.0499683
-4.982193361777543,-1.511595753863367,-0.13072158741193274,-0.0489166
-4.982193361777543,-0.23893515144603228,-0.5549417882177106,-0.0670599
-4.840786628175617,-4.056916958698035,0.15209187979191974,-0.0716554
-4.840786628175617,-3.491290024290331,1.4247524822092537,-0.0660565
-4.840786628175617,-2.218629421872997,1.5661592158111803,-0.0514007
-4.840786628175617,-1.3701890202614404,-0.27212832101385853,-0.0454009
-4.840786628175617,-1.2287822866595146,0.4349053469957722,-0.0462637
-4.840786628175617,0.04387831575781931,1.0005322814034763,-0.0625704
-4.840786628175617,0.8923187173693758,-1.4033821898292667,-0.0566003
-4.840786628175617,1.0337254509713016,-1.4033821898292667,-0.0562093
-4.840786628175617,2.1649793197867098,-0.6963485218196364,-0.0564819
-4.69937989457369,-3.915510225096109,1.141939015005402,-0.0694297
-4.69937989457369,-1.0873755530575888,-0.13072158741193274,-0.0427669
-4.69937989457369,-0.23893515144603228,0.8591255478015496,-0.058628
-4.69937989457369,-0.09752841784410649,1.0005322814034763,-0.0585097
-4.557973160971764,-4.198323692299962,0.7177188141996238,-0.0706863
-4.557973160971764,-4.056916958698035,-0.4135350546157843,-0.0665591
-4.557973160971764,-1.511595753863367,-0.8377552554215626,-0.0361104
-4.557973160971764,-0.6631553522518105,-0.4135350546157843,-0.047853
-4.557973160971764,0.185285049359746,1.2833457486073279,-0.0529949
-4.416566427369839,-2.784256356280701,-1.2619754562273404,-0.0470182
-4.416566427369839,-2.501442889076849,-1.2619754562273404,-0.0436287
-4.416566427369839,-0.9459688194556621,-0.5549417882177106,-0.0314456
-4.416566427369839,-0.3803418850479581,-0.9791619890234884,-0.0451527
-4.416566427369839,-0.09752841784410649,-1.2619754562273404,-0.0460678
-4.275159693767913,-4.339730425901887,0.576312080597698,-0.0685003
-4.275159693767913,-2.0772226882710707,-1.2619754562273404,-0.0351224
-4.275159693767913,0.8923187173693758,1.5661592158111803,-0.043025
-4.275159693767913,1.8821658525828582,-1.4033821898292667,-0.0419905
-4.275159693767913,1.8821658525828582,1.2833457486073279,-0.0436281
-4.275159693767913,2.589199520592487,-0.4135350546157843,-0.0396593
-4.133752960165987,-3.915510225096109,-0.8377552554215626,-0.0580099
-4.133752960165987,-0.6631553522518105,-0.8377552554215626,-0.0226366
-4.133752960165987,0.185285049359746,1.4247524822092537,-0.0358531
-4.133752960165987,0.6095052501655234,1.5661592158111803,-0.0375054
-3.9923462265640604,-2.501442889076849,-1.4033821898292667,-0.0356458
-3.9923462265640604,1.3165389181751541,-1.6861956570331187,-0.032314
-3.8509394929621346,-4.339730425901887,0.8591255478015496,-0.0627899
-3.8509394929621346,-3.491290024290331,1.848972683015032,-0.0528432
-3.8509394929621346,-3.349883290688405,-1.2619754562273404,-0.0455908
-3.8509394929621346,-1.0873755530575888,-1.1205687226254146,-0.00266616
-3.8509394929621346,0.4680985165635976,1.5661592158111803,-0.0239094
-3.8509394929621346,1.7407591189809315,1.4247524822092537,-0.0294391
-3.8509394929621346,2.1649793197867098,-1.2619754562273404,-0.024039
-3.7095327593602083,-4.339730425901887,0.8591255478015496,-0.0605689
-3.7095327593602083,-3.491290024290331,1.848972683015032,-0.0507616
-3.7095327593602083,-3.349883290688405,-1.2619754562273404,-0.0434309
-3.7095327593602083,-0.5217486186498848,-1.1205687226254146,0.000319755
-3.7095327593602083,-0.23893515144603228,1.2833457486073279,-0.00292906
-3.7095327593602083,1.7407591189809315,-1.5447889234311925,-0.0201481
-3.5681260257582825,-3.067069823484553,1.9903794166169577,-0.0432697
-3.5681260257582825,1.3165389181751541,1.5661592158111803,-0.0152056
-3.4267192921563563,-4.339730425901887,0.7177188141996238,-0.0559225
-3.4267192921563563,-3.915510225096109,-0.8377552554215626,-0.0472593
-3.4267192921563563,-1.935815954669145,1.9903794166169577,-0.0197685
-3.4267192921563563,-0.5217486186498848,-1.2619754562273404,0.0136865
-3.4267192921563563,-0.09752841784410649,1.4247524822092537,0.00951775
-3.4267192921563563,2.4477927869905614,0.7177188141996238,0.00120002
-3.4267192921563563,2.589199520592487,-0.6963485218196364,0.0214651
-3.4267192921563563,2.7306062541944147,-0.13072158741193274,0.0258223
-3.2853125585544305,-4.339730425901887,0.15209187979191974,-0.0525773
-3.2853125585544305,-1.935815954669145,1.9903794166169577,-0.0159936
-3.2853125585544305,-1.2287822866595146,-1.4033821898292667,0.011361
-3.2853125585544305,1.5993523853790057,-1.5447889234311925,0.00340953
-3.2853125585544305,1.5993523853790057,1.4247524822092537,-0.000716529
-3.2853125585544305,1.8821658525828582,-1.4033821898292667,0.00679498
-3.1439058249525043,-3.632696757892257,-0.9791619890234884,-0.0384322
-3.1439058249525043,-3.208476557086479,1.848972683015032,-0.0379732
-3.1439058249525043,-2.6428496226787748,-1.4033821898292667,-0.0191751
-3.1439058249525043,-2.501442889076849,1.9903794166169577,-0.0259858
-3.1439058249525043,-2.0772226882710707,1.9903794166169577,-0.0158493
-3.1439058249525043,0.185285049359746,1.5661592158111803,0.0174428
-3.1439058249525043,2.4477927869905614,0.7177188141996238,0.0249956
-3.0024990913505785,-4.198323692299962,0.010685146189993944,-0.0457425
-3.0024990913505785,-0.6631553522518105,1.7075659494131061,0.0155345
-3.0024990913505785,-0.23893515144603228,-1.5447889234311925,0.0215687
-2.8610923577486522,-1.2287822866595146,1.848972683015032,0.011062
-2.8610923577486522,-0.9459688194556621,-1.5447889234311925,0.0162178
-2.8610923577486522,0.4680985165635976,-1.6861956570331187,0.028176
-2.8610923577486522,1.0337254509713016,-1.6861956570331187,0.0251766
-2.8610923577486522,1.7407591189809315,-1.5447889234311925,0.0260668
-2.8610923577486522,2.1649793197867098,-1.4033821898292667,0.0381033
-2.8610923577486522,2.3063860533886356,1.0005322814034763,0.0302
-2.7196856241467264,-4.056916958698035,0.29349861339384553,-0.0392308
-2.7196856241467264,-3.632696757892257,-0.6963485218196364,-0.0308504
-2.7196856241467264,-2.218629421872997,-1.4033821898292667,0.00379561
-2.7196856241467264,1.5993523853790057,1.4247524822092537,0.0249907
-2.7196856241467264,3.154826455000192,-0.9791619890234884,0.0912916
-2.7196856241467264,3.4376399222040437,-0.27212832101385853,0.10242
-2.5782788905448006,-3.915510225096109,0.576312080597698,-0.035057
-2.5782788905448006,-3.349883290688405,1.4247524822092537,-0.0281212
-2.5782788905448006,-2.0772226882710707,1.848972683015032,0.000753226
-2.5782788905448006,-0.6631553522518105,1.848972683015032,0.0141267
-2.5782788905448006,0.185285049359746,1.7075659494131061,0.0250042
-2.5782788905448006,0.3266917829616718,-1.6861956570331187,0.0337478
-2.5782788905448006,1.7407591189809315,1.4247524822092537,0.0250703
-2.5782788905448006,3.0134197213982663,0.7177188141996238,0.0679168
-2.5782788905448006,3.4376399222040437,0.15209187979191974,0.0983355
-2.436872156942874,-3.7741034914941833,0.576312080597698,-0.0298786
-2.436872156942874,-3.491290024290331,1.141939015005402,-0.0265176
-2.436872156942874,-3.349883290688405,-0.6963485218196364,-0.018553
-2.436872156942874,-3.349883290688405,1.2833457486073279,-0.0243139
-2.436872156942874,-1.935815954669145,-1.4033821898292667,0.0145324
-2.436872156942874,-0.3803418850479581,1.848972683015032,0.0154123
-2.436872156942874,-0.23893515144603228,-1.6861956570331187,0.0240987
-2.436872156942874,2.3063860533886356,1.2833457486073279,0.0295796
-2.436872156942874,3.4376399222040437,0.29349861339384553,0.0962371
-2.436872156942874,3.5790466558059713,-0.27212832101385853,0.10872
-2.295465423340948,-1.511595753863367,-1.5447889234311925,0.0147213
-2.295465423340948,-0.23893515144603228,1.848972683015032,0.0165682
-2.295465423340948,-0.09752841784410649,-1.6861956570331187,0.0275731
-2.295465423340948,0.4680985165635976,-1.6861956570331187,0.0368833
-2.1540586897390224,-3.491290024290331,0.29349861339384553,-0.0159625
-2.1540586897390224,-2.3600361554749227,-1.1205687226254146,0.0167343
-2.1540586897390224,-2.3600361554749227,1.5661592158111803,0.00859764
-2.1540586897390224,-2.0772226882710707,-1.2619754562273404,0.0189732
-2.1540586897390224,2.7306062541944147,-1.5447889234311925,0.0650362
-2.1540586897390224,3.154826455000192,-1.2619754562273404,0.0906198
-2.0126519561370957,-3.208476557086479,0.7177188141996238,-0.00515955
-2.0126519561370957,-2.6428496226787748,-0.8377552554215626,0.016218
-2.0126519561370957,-2.218629421872997,-1.1205687226254146,0.0219554
-2.0126519561370957,-1.7944092210672187,-1.4033821898292667,0.0179805
-2.0126519561370957,0.75091198376745,1.5661592158111803,0.0377738
-2.0126519561370957,2.589199520592487,1.2833457486073279,0.0369629
-1.87124522253517,-2.784256356280701,-0.5549417882177106,0.0183602
-1.87124522253517,-2.6428496226787748,-0.6963485218196364,0.0219522
-1.87124522253517,-1.2287822866595146,1.848972683015032,0.0143469
-1.87124522253517,-0.23893515144603228,-1.6861956570331187,0.0246973
-1.87124522253517,0.6095052501655234,-1.6861956570331187,0.0351632
-1.87124522253517,3.4376399222040437,0.4349053469957722,0.0915198
-1.729838488933244,-2.925663089882627,0.010685146189993944,0.0205166
-1.5884317553313183,-2.501442889076849,1.0005322814034763,0.0313855
-1.5884317553313183,-1.7944092210672187,1.5661592158111803,0.0247432
-1.5884317553313183,-0.3803418850479581,-1.6861956570331187,0.022491
-1.5884317553313183,0.3266917829616718,-1.5447889234311925,0.0398103
-1.5884317553313183,2.023572586184784,1.5661592158111803,0.0274484
-1.5884317553313183,3.0134197213982663,-1.4033821898292667,0.0793655
-1.4470250217293916,-2.6428496226787748,-0.4135350546157843,0.0367726
-1.4470250217293916,0.04387831575781931,1.7075659494131061,0.0241093
-1.4470250217293916,3.4376399222040437,0.29349861339384553,0.0894213
-1.4470250217293916,3.5790466558059713,-0.6963485218196364,0.0949228
-1.4470250217293916,3.5790466558059713,-0.13072158741193274,0.0962774
-1.3056182881274658,-2.501442889076849,-0.6963485218196364,0.0368298
-1.3056182881274658,0.6095052501655234,1.4247524822092537,0.0409683
-1.3056182881274658,1.0337254509713016,-1.8276023906350445,0.0313758
-1.3056182881274658,1.8821658525828582,1.5661592158111803,0.0312067
-1.3056182881274658,3.154826455000192,0.7177188141996238,0.0717245
-1.16421155452554,-0.3803418850479581,1.848972683015032,0.0186034
-1.16421155452554,1.45794565177708,1.5661592158111803,0.0334166
-1.16421155452554,1.7407591189809315,1.5661592158111803,0.0334851
-1.16421155452554,2.589199520592487,-1.6861956570331187,0.061465
-1.16421155452554,2.7306062541944147,1.141939015005402,0.0534043
-1.16421155452554,3.5790466558059713,-1.5447889234311925,0.0741371
-1.0228048209236142,-2.3600361554749227,1.2833457486073279,0.0365065
-1.0228048209236142,0.04387831575781931,1.7075659494131061,0.0247033
-1.0228048209236142,2.023572586184784,-1.8276023906350445,0.0476244
-1.0228048209236142,3.154826455000192,-1.8276023906350445,0.0678211
-1.0228048209236142,3.296233188602118,-1.8276023906350445,0.0688949
-1.0228048209236142,3.720453389407897,-1.6861956570331187,0.0715193
-0.8813980873216876,-2.218629421872997,-1.1205687226254146,0.0357339
-0.8813980873216876,-1.935815954669145,1.5661592158111803,0.0311449
-0.8813980873216876,-1.0873755530575888,-1.6861956570331187,0.024618
-0.8813980873216876,-1.0873755530575888,1.848972683015032,0.0225549
-0.8813980873216876,-0.23893515144603228,-1.6861956570331187,0.0259075
-0.8813980873216876,1.0337254509713016,-1.8276023906350445,0.0364793
-0.8813980873216876,1.3165389181751541,1.5661592158111803,0.036561
-0.8813980873216876,1.45794565177708,1.5661592158111803,0.0373635
-0.8813980873216876,2.023572586184784,-1.8276023906350445,0.0503507
-0.8813980873216876,3.154826455000192,-1.9690091242369707,0.0650219
-0.8813980873216876,3.296233188602118,-1.9690091242369707,0.0664053
-0.7399913537197618,-1.511595753863367,-1.5447889234311925,0.0305695
-0.7399913537197618,0.185285049359746,1.7075659494131061,0.0247045
-0.7399913537197618,1.5993523853790057,1.5661592158111803,0.0401817
-0.7399913537197618,2.1649793197867098,-1.8276023906350445,0.0545647
-0.7399913537197618,2.1649793197867098,1.4247524822092537,0.0492224
-0.7399913537197618,3.0134197213982663,1.141939015005402,0.0608086
-0.7399913537197618,3.4376399222040437,1.0005322814034763,0.0616886
-0.7399913537197618,4.144673590213674,-0.13072158741193274,0.0583934
-0.598584620117836,-1.7944092210672187,-1.4033821898292667,0.0354627
-0.598584620117836,-0.6631553522518105,1.848972683015032,0.0230987
-0.598584620117836,2.8720129877963405,-2.1104158578388965,0.0582811
-0.598584620117836,2.8720129877963405,1.2833457486073279,0.059383
-0.598584620117836,4.427487057417526,-1.1205687226254146,0.0637723
-0.598584620117836,4.427487057417526,-0.8377552554215626,0.0612666
-0.4571778865159102,-3.067069823484553,0.15209187979191974,0.0532268
-0.4571778865159102,-2.784256356280701,1.0005322814034763,0.0484027
-0.4571778865159102,-1.935815954669145,1.5661592158111803,0.0344422
-0.4571778865159102,0.75091198376745,1.7075659494131061,0.0267359
-0.4571778865159102,4.2860803238156,-1.6861956570331187,0.065952
-0.3157711529139835,-2.6428496226787748,1.141939015005402,0.047053
-0.3157711529139835,-2.218629421872997,-1.1205687226254146,0.043671
-0.3157711529139835,-1.3701890202614404,-1.5447889234311925,0.0366692
-0.3157711529139835,1.7407591189809315,1.5661592158111803,0.0455702
-0.3157711529139835,3.0134197213982663,-2.2518225914408228,0.056227
-0.3157711529139835,3.5790466558059713,1.4247524822092537,0.0627398
-0.1743644193120577,1.7407591189809315,1.5661592158111803,0.0461644
-0.1743644193120577,2.8720129877963405,-2.2518225914408228,0.0531764
-0.1743644193120577,4.427487057417526,0.010685146189993944,0.0504108
-0.1743644193120577,4.568893791019452,-0.9791619890234884,0.0576186
-0.03295768571013191,-2.925663089882627,0.576312080597698,0.0552983
-0.03295768571013191,-2.501442889076849,-0.8377552554215626,0.0502853
-0.03295768571013191,-1.511595753863367,1.5661592158111803,0.034212
-0.03295768571013191,-0.8045620858537363,-1.6861956570331187,0.0320567
-0.03295768571013191,4.144673590213674,-1.9690091242369707,0.0621257
-0.03295768571013191,4.427487057417526,0.4349053469957722,0.0535646
-0.03295768571013191,4.568893791019452,-0.6963485218196364,0.0532341
0.10844904789179388,-2.925663089882627,0.29349861339384553,0.056424
0.10844904789179388,-1.7944092210672187,1.4247524822092537,0.0381094
0.10844904789179388,2.023572586184784,-1.9690091242369707,0.0481227
0.10844904789179388,2.4477927869905614,1.5661592158111803,0.0573743
0.10844904789179388,4.568893791019452,-1.1205687226254146,0.0560647
0.10844904789179388,4.568893791019452,-0.6963485218196364,0.0521049
0.24985578149372056,-0.5217486186498848,1.7075659494131061,0.0259179
0.24985578149372056,1.0337254509713016,1.7075659494131061,0.0324269
0.24985578149372056,3.5790466558059713,-2.2518225914408228,0.0549065
0.24985578149372056,3.861860123009821,1.5661592158111803,0.0662986
0.24985578149372056,4.427487057417526,-1.5447889234311925,0.0576728
0.24985578149372056,4.568893791019452,-0.8377552554215626,0.052008
0.39126251509564636,-2.3600361554749227,-1.4033821898292667,0.0517686
0.39126251509564636,-0.09752841784410649,-1.8276023906350445,0.0258555
0.39126251509564636,0.75091198376745,-1.8276023906350445,0.028864
0.39126251509564636,1.45794565177708,1.5661592158111803,0.044224
0.39126251509564636,2.7306062541944147,1.7075659494131061,0.0607867
0.39126251509564636,3.4376399222040437,-2.2518225914408228,0.0516027
0.5326692486975722,-2.501442889076849,-1.5447889234311925,0.0521389
0.5326692486975722,-2.501442889076849,-0.6963485218196364,0.0482611
0.5326692486975722,-0.3803418850479581,1.7075659494131061,0.0258416
0.5326692486975722,0.04387831575781931,-1.8276023906350445,0.025846
0.5326692486975722,0.185285049359746,-1.8276023906350445,0.0253805
0.5326692486975722,0.3266917829616718,-1.8276023906350445,0.0254207
0.5326692486975722,2.7306062541944147,1.7075659494131061,0.0614498
0.6740759822994979,-0.6631553522518105,-1.9690091242369707,0.0339873
0.6740759822994979,-0.3803418850479581,1.7075659494131061,0.0258781
0.6740759822994979,1.1751321845732274,-1.6861956570331187,0.0393343
0.6740759822994979,2.023572586184784,-1.9690091242369707,0.0434405
0.6740759822994979,2.4477927869905614,-2.1104158578388965,0.0421611
0.6740759822994979,3.5790466558059713,-2.1104158578388965,0.0488954
0.8154827159014246,0.6095052501655234,1.848972683015032,0.0334378
0.8154827159014246,0.75091198376745,-1.6861956570331187,0.031751
0.8154827159014246,0.75091198376745,1.848972683015032,0.0359514
0.8154827159014246,0.8923187173693758,1.848972683015032,0.0386582
0.8154827159014246,1.7407591189809315,-1.8276023906350445,0.0438969
0.8154827159014246,2.8720129877963405,1.7075659494131061,0.0630212
0.8154827159014246,3.720453389407897,-1.9690091242369707,0.0479473
0.9568894495033504,-2.0772226882710707,0.576312080597698,0.0354569
0.9568894495033504,-1.935815954669145,0.7177188141996238,0.034485
0.9568894495033504,-0.5217486186498848,-2.1104158578388965,0.0294635
0.9568894495033504,-0.09752841784410649,1.848972683015032,0.024815
0.9568894495033504,0.6095052501655234,-1.6861956570331187,0.0302631
0.9568894495033504,4.144673590213674,-1.4033821898292667,0.0478014
0.9568894495033504,4.2860803238156,-0.9791619890234884,0.0475639
0.9568894495033504,4.2860803238156,1.0005322814034763,0.0606826
1.0982961831052762,-2.6428496226787748,-2.1104158578388965,0.051841
1.0982961831052762,-2.501442889076849,0.010685146189993944,0.0312419
1.0982961831052762,-2.218629421872997,0.4349053469957722,0.0303208
1.0982961831052762,-2.0772226882710707,-2.534636058644675,0.0499522
1.0982961831052762,-1.6530024874652929,1.0005322814034763,0.0278398
1.0982961831052762,-0.3803418850479581,-2.1104158578388965,0.0266781
1.0982961831052762,0.185285049359746,-1.8276023906350445,0.0260461
1.0982961831052762,0.6095052501655234,2.1317861502188844,0.0328745
1.0982961831052762,1.5993523853790057,2.1317861502188844,0.0546345
1.0982961831052762,4.2860803238156,-0.4135350546157843,0.0472686
1.239702916707202,0.185285049359746,2.1317861502188844,0.0247832
1.239702916707202,0.6095052501655234,2.27319288382081,0.0321481
1.239702916707202,2.1649793197867098,-1.9690091242369707,0.0431854
1.3811096503091278,-1.511595753863367,-2.6760427922466006,0.0395764
1.3811096503091278,-0.6631553522518105,1.848972683015032,0.0163213
1.3811096503091278,-0.09752841784410649,2.1317861502188844,0.0198659
1.3811096503091278,1.8821658525828582,2.27319288382081,0.0594
1.3811096503091278,3.296233188602118,-1.8276023906350445,0.0426888
1.3811096503091278,4.003266856611749,-0.9791619890234884,0.0456113
1.5225163839110536,-2.501442889076849,0.29349861339384553,0.0186674
1.5225163839110536,-1.7944092210672187,-2.6760427922466006,0.0423163
1.5225163839110536,-1.3701890202614404,-2.6760427922466006,0.0353387
1.5225163839110536,0.6095052501655234,-1.6861956570331187,0.0261202
1.5225163839110536,0.8923187173693758,2.556006351024662,0.0375263
1.5225163839110536,1.45794565177708,2.556006351024662,0.0508241
1.5225163839110536,4.003266856611749,-0.5549417882177106,0.0461139
1.6639231175129812,-2.784256356280701,-0.13072158741193274,0.0195776
1.6639231175129812,-2.6428496226787748,0.15209187979191974,0.017054
1.6639231175129812,-2.218629421872997,-2.534636058644675,0.0461961
1.6639231175129812,-0.6631553522518105,1.9903794166169577,0.0123204
1.6639231175129812,1.3165389181751541,-1.4033821898292667,0.0418332
1.6639231175129812,2.023572586184784,-1.8276023906350445,0.0472156
1.6639231175129812,2.4477927869905614,1.7075659494131061,0.0632636
1.6639231175129812,3.0134197213982663,-1.8276023906350445,0.0454764
1.6639231175129812,3.861860123009821,-0.8377552554215626,0.0453336
1.805329851114907,-2.3600361554749227,0.576312080597698,0.0123815
1.805329851114907,1.1751321845732274,2.6974130846265885,0.0433976
1.805329851114907,2.023572586184784,2.414599617422736,0.0599805
1.805329851114907,2.589199520592487,1.2833457486073279,0.0572411
1.805329851114907,3.154826455000192,-1.6861956570331187,0.0467691
1.805329851114907,3.720453389407897,-0.9791619890234884,0.0458019
1.805329851114907,3.720453389407897,0.29349861339384553,0.0462034
1.9467365847168328,-2.925663089882627,-0.4135350546157843,0.0203493
1.9467365847168328,-0.3803418850479581,-2.393229325042749,0.0166347
1.9467365847168328,2.7306062541944147,0.8591255478015496,0.0489268
2.0881433183187585,-1.0873755530575888,1.7075659494131061,0.00936046
2.0881433183187585,3.5790466558059713,-0.5549417882177106,0.0467852
2.2295500519206843,-2.3600361554749227,-2.2518225914408228,0.0430978
2.2295500519206843,0.8923187173693758,-1.4033821898292667,0.0229883
2.2295500519206843,2.589199520592487,0.576312080597698,0.0442371
2.2295500519206843,3.4376399222040437,-0.5549417882177106,0.0481397
2.37095678552261,-0.3803418850479581,-2.393229325042749,0.0128818
2.37095678552261,2.4477927869905614,-1.4033821898292667,0.0549003
2.5123635191245377,-1.935815954669145,-2.393229325042749,0.036219
2.5123635191245377,-1.3701890202614404,-2.534636058644675,0.0252936
2.5123635191245377,-0.9459688194556621,-2.534636058644675,0.0180524
2.5123635191245377,0.8923187173693758,-1.2619754562273404,0.0206795
2.5123635191245377,2.7306062541944147,-0.13072158741193274,0.0481659
2.5123635191245377,2.8720129877963405,-0.9791619890234884,0.0542461
2.5123635191245377,2.8720129877963405,-0.27212832101385853,0.0498111
2.6537702527264635,-3.067069823484553,-0.8377552554215626,0.0263015
2.6537702527264635,-3.067069823484553,-0.6963485218196364,0.0237509
2.6537702527264635,-0.8045620858537363,2.1317861502188844,0.0069749
2.6537702527264635,2.1649793197867098,-0.5549417882177106,0.0446271
2.6537702527264635,2.3063860533886356,-0.4135350546157843,0.0453667
2.6537702527264635,2.3063860533886356,-0.27212832101385853,0.0428807
2.6537702527264635,2.3063860533886356,-0.13072158741193274,0.0403779
2.6537702527264635,2.4477927869905614,1.5661592158111803,0.0506634
2.7951769863283875,-2.784256356280701,0.29349861339384553,0.0100167
2.7951769863283875,-2.501442889076849,-2.1104158578388965,0.0415177
2.7951769863283875,0.3266917829616718,-1.6861956570331187,0.0123218
2.7951769863283875,1.45794565177708,2.556006351024662,0.0456816
2.936583719930315,-1.0873755530575888,1.848972683015032,0.00836845
2.936583719930315,0.04387831575781931,-1.9690091242369707,0.0095304
2.936583719930315,1.7407591189809315,-0.5549417882177106,0.0245749
2.936583719930315,1.8821658525828582,-0.4135350546157843,0.0264154
3.077990453532241,-2.925663089882627,0.15209187979191974,0.0119823
3.077990453532241,-1.6530024874652929,1.141939015005402,0.0125463
3.077990453532241,-0.6631553522518105,-2.393229325042749,0.0125156
3.077990453532241,2.023572586184784,-0.13072158741193274,0.0246419
3.2193971871341667,0.4680985165635976,-1.1205687226254146,0.0209027
3.2193971871341667,1.5993523853790057,-0.5549417882177106,0.0179444
3.2193971871341667,2.1649793197867098,1.2833457486073279,0.0400389
3.3608039207360925,-1.935815954669145,-2.534636058644675,0.0303894
3.3608039207360925,-1.6530024874652929,-2.534636058644675,0.02587
3.3608039207360925,-0.09752841784410649,-1.9690091242369707,0.00982114
3.3608039207360925,0.6095052501655234,-0.9791619890234884,0.0204088
3.3608039207360925,1.3165389181751541,-0.6963485218196364,0.0155596
3.5022106543380183,-2.925663089882627,-2.2518225914408228,0.0417173
3.5022106543380183,-1.7944092210672187,1.2833457486073279,0.00173104
3.5022106543380183,-1.511595753863367,-2.534636058644675,0.023173
3.5022106543380183,-0.9459688194556621,2.1317861502188844,0.00872115
3.5022106543380183,-0.5217486186498848,-2.2518225914408228,0.0117569
3.5022106543380183,-0.5217486186498848,2.414599617422736,0.0125439
3.5022106543380183,-0.09752841784410649,2.556006351024662,0.0177631
3.5022106543380183,1.7407591189809315,1.848972683015032,0.0464534
3.643617387939946,-2.925663089882627,0.15209187979191974,0.0108725
3.643617387939946,0.4680985165635976,-1.1205687226254146,0.0151769
3.643617387939946,2.023572586184784,0.4349053469957722,0.0238405
3.7850241215418716,1.1751321845732274,-0.6963485218196364,0.0131252
3.7850241215418716,1.8821658525828582,1.5661592158111803,0.0416434
3.9264308551437956,-3.208476557086479,-0.4135350546157843,0.0182759
3.9264308551437956,-2.784256356280701,-2.393229325042749,0.041069
3.9264308551437956,-1.6530024874652929,1.5661592158111803,-0.0064073
3.9264308551437956,-0.5217486186498848,2.414599617422736,0.0137568
3.9264308551437956,1.0337254509713016,2.556006351024662,0.0381757
4.067837588745723,-3.349883290688405,-1.6861956570331187,0.0398798
4.067837588745723,-3.349883290688405,-0.8377552554215626,0.0269564
4.067837588745723,-3.208476557086479,-1.9690091242369707,0.042182
4.067837588745723,-1.7944092210672187,-2.534636058644675,0.026086
4.067837588745723,-1.2287822866595146,-2.393229325042749,0.0171632
4.067837588745723,1.8821658525828582,1.7075659494131061,0.0418108
4.209244322347649,-3.349883290688405,-1.5447889234311925,0.0383554
4.209244322347649,-1.0873755530575888,1.9903794166169577,0.00195155
4.209244322347649,0.4680985165635976,2.6974130846265885,0.0296932
4.209244322347649,1.8821658525828582,0.4349053469957722,0.0226711
4.350651055949575,0.75091198376745,2.6974130846265885,0.0352991
4.350651055949575,1.5993523853790057,2.27319288382081,0.0445184
4.492057789551501,-3.208476557086479,-0.9791619890234884,0.0282505
4.492057789551501,-2.925663089882627,-0.4135350546157843,0.0141674
4.492057789551501,-0.9459688194556621,1.9903794166169577,0.00194726
4.492057789551501,0.4680985165635976,2.6974130846265885,0.0312885
4.492057789551501,1.5993523853790057,2.27319288382081,0.0448941
4.633464523153426,-2.6428496226787748,-0.13072158741193274,0.000449983
4.633464523153426,-2.3600361554749227,-2.2518225914408228,0.0336678
4.633464523153426,-1.0873755530575888,1.848972683015032,-0.00605879
4.633464523153426,0.3266917829616718,-1.2619754562273404,-0.0100619
4.633464523153426,0.75091198376745,-0.8377552554215626,-0.0039677
4.633464523153426,1.7407591189809315,0.4349053469957722,0.0214314
4.774871256755354,-2.501442889076849,0.15209187979191974,-0.0155223
4.774871256755354,-2.3600361554749227,-2.1104158578388965,0.0321185
4.774871256755354,-1.7944092210672187,1.4247524822092537,-0.028177
4.774871256755354,-0.9459688194556621,1.848972683015032,-0.00417946
4.774871256755354,-0.5217486186498848,-1.6861956570331187,-0.00779326
4.774871256755354,1.8821658525828582,1.0005322814034763,0.0306096
4.91627799035728,-2.784256356280701,-1.4033821898292667,0.0297281
4.91627799035728,-2.784256356280701,-1.1205687226254146,0.0245353
4.91627799035728,-2.3600361554749227,0.576312080597698,-0.0301861
4.91627799035728,-0.23893515144603228,2.27319288382081,0.0184654
4.91627799035728,1.0337254509713016,-0.27212832101385853,0.00394917
5.057684723959204,-2.3600361554749227,0.29349861339384553,-0.0303149
5.057684723959204,-1.6530024874652929,-1.5447889234311925,0.00727112
5.057684723959204,-1.511595753863367,-1.5447889234311925,0.00296829
5.057684723959204,-1.3701890202614404,-1.5447889234311925,-0.0011996
5.057684723959204,-0.09752841784410649,2.27319288382081,0.0219733
5.057684723959204,1.45794565177708,0.4349053469957722,0.0191633
5.057684723959204,1.7407591189809315,1.0005322814034763,0.0307851
5.199091457561131,-1.6530024874652929,-1.2619754562273404,-0.00541645
5.199091457561131,-0.3803418850479581,1.848972683015032,0.00990456
5.199091457561131,0.8923187173693758,2.414599617422736,0.040806
5.199091457561131,1.0337254509713016,0.15209187979191974,0.00879586
5.199091457561131,1.5993523853790057,1.848972683015032,0.0429082
5.340498191163059,-2.218629421872997,0.15209187979191974,-0.0381145
5.340498191163059,-2.0772226882710707,0.7177188141996238,-0.0440509
5.340498191163059,0.3266917829616718,-0.8377552554215626,-0.0266542
5.340498191163059,1.45794565177708,1.848972683015032,0.0425748
5.481904924764983,-2.0772226882710707,0.4349053469957722,-0.0459833
5.481904924764983,-0.8045620858537363,-1.2619754562273404,-0.0329652
5.481904924764983,-0.6631553522518105,-1.2619754562273404,-0.0336417
5.481904924764983,-0.23893515144603228,1.4247524822092537,0.00270946
5.481904924764983,0.185285049359746,-0.8377552554215626,-0.0318571
5.481904924764983,0.8923187173693758,0.576312080597698,0.0137532
5.623311658366909,-0.9459688194556621,-1.1205687226254146,-0.0380926
5.623311658366909,1.0337254509713016,1.7075659494131061,0.0372719
5.7647183919688345,-0.5217486186498848,1.0005322814034763,-0.0310784
5.7647183919688345,-0.23893515144603228,0.8591255478015496,-0.0242505
5.7647183919688345,0.04387831575781931,0.576312080597698,-0.0214928
5.906125125570762,-1.0873755530575888,-0.6963485218196364,-0.050144
6.047531859172688,-1.2287822866595146,0.29349861339384553,-0.0573479
6.047531859172688,-0.9459688194556621,-0.4135350546157843,-0.0546801
6.047531859172688,-0.6631553522518105,-0.4135350546157843,-0.0530635
6.047531859172688,-0.3803418850479581,-0.13072158741193274,-0.0496458
6.047531859172688,-0.3803418850479581,0.15209187979191974,-0.0477177
