-3.8933408751315888,-0.9643910656082104,0.20923931404786122,-0.0188169
-3.7825512764474842,-0.6320222695558968,0.6523977087842798,-0.0237897
-3.7825512764474842,-0.18886387481947864,0.32002891273196576,-0.0292844
-3.6717616777633797,-1.5183390590287336,-0.45549827805676646,-0.0163125
-3.6717616777633797,-0.8536014669241059,0.8739769061524889,-0.0222315
-3.6717616777633797,-0.7428118682400013,0.8739769061524889,-0.0232592
-3.6717616777633797,0.03271532254873044,0.32002891273196576,-0.0330026
-3.560972079079275,-1.7399182563969426,-0.3447086793726619,-0.0151843
-3.560972079079275,-1.629128657712838,-0.566287876740871,-0.0161474
-3.560972079079275,-1.0751806642923154,0.9847665048365934,-0.0206487
-3.4501824803951706,-0.5212326708717923,-1.1202358701613941,-0.0249068
-3.4501824803951706,-0.18886387481947864,0.9847665048365934,-0.0283999
-3.4501824803951706,0.14350492123283498,-0.6770774754249755,-0.0337345
-3.339392881711066,-1.5183390590287336,-1.0094462714772892,-0.0170884
-3.2286032830269615,-1.8507078550810476,-0.7878670741090805,-0.0141508
-3.2286032830269615,-0.6320222695558968,1.317135300888907,-0.021912
-3.2286032830269615,-0.2996534735035832,-1.2310254688454987,-0.0246199
-3.2286032830269615,0.36508411860104406,0.6523977087842798,-0.0360324
-3.117813684342857,0.586663315969254,-0.3447086793726619,-0.0419351
-3.117813684342857,1.5837697041261949,0.4308185114160703,-0.0623941
-3.117813684342857,1.6945593028103003,-0.45549827805676646,-0.0629899
-3.117813684342857,2.026928098862614,-0.3447086793726619,-0.064638
-3.0070240856587525,0.14350492123283498,1.095556103520698,-0.0257191
-3.0070240856587525,0.6974529146533586,0.32002891273196576,-0.0440368
-3.0070240856587525,0.8082425133374631,-0.012339883320347855,-0.0488916
-3.0070240856587525,0.9190321120215676,-0.012339883320347855,-0.0524712
-3.0070240856587525,0.9190321120215676,0.09844971536375668,-0.0522806
-3.0070240856587525,1.1406113093897776,-0.45549827805676646,-0.0555289
-3.0070240856587525,2.026928098862614,-0.6770774754249755,-0.0621733
-2.8962344869746475,-1.18597026297642,1.4279248995730125,-0.0139143
-2.8962344869746475,-0.4104430721876877,1.4279248995730125,-0.0172612
-2.8962344869746475,1.2514009080738813,-0.7878670741090805,-0.0526314
-2.8962344869746475,2.026928098862614,0.8739769061524889,-0.0598834
-2.8962344869746475,2.248507296230823,0.7631873074683844,-0.061347
-2.8962344869746475,2.3592968949149276,-0.6770774754249755,-0.0619329
-2.8962344869746475,2.5808760922831366,-0.3447086793726619,-0.0631589
-2.785444888290543,-2.2938662498174662,-0.23391908068855694,-0.00400198
-2.785444888290543,-1.2967598616605245,1.4279248995730125,-0.0112163
-2.785444888290543,-0.2996534735035832,1.4279248995730125,-0.0148133
-2.785444888290543,0.2542945199169404,1.095556103520698,-0.0207604
-2.785444888290543,0.4758737172851495,0.8739769061524889,-0.0267417
-2.785444888290543,0.6974529146533586,-0.6770774754249755,-0.0356913
-2.785444888290543,2.3592968949149276,0.8739769061524889,-0.0597427
-2.785444888290543,2.5808760922831366,0.6523977087842798,-0.0612685
-2.6746552896064384,0.6974529146533586,-0.7878670741090805,-0.0306036
-2.6746552896064384,0.9190321120215676,0.8739769061524889,-0.0379486
-2.6746552896064384,1.3621905067579858,-1.1202358701613941,-0.0467035
-2.6746552896064384,2.1377176975467185,-1.1202358701613941,-0.055989
-2.6746552896064384,2.9132448883354503,-0.1231294820044524,-0.0617445
-2.6746552896064384,2.9132448883354503,0.09844971536375668,-0.0618161
-2.563865690922334,-0.6320222695558968,1.5387144982571161,-0.00682639
-2.563865690922334,0.586663315969254,-0.8986566727931851,-0.0203942
-2.563865690922334,3.0240344870195557,-0.012339883320347855,-0.06115
-2.453076092238229,-2.2938662498174662,-0.45549827805676646,0.0060707
-2.453076092238229,-1.407549460344629,1.4279248995730125,-0.00207854
-2.453076092238229,0.03271532254873044,1.317135300888907,-0.00308288
-2.453076092238229,2.026928098862614,-1.3418150675296032,-0.0500538
-2.453076092238229,2.8024552896513457,0.8739769061524889,-0.0580584
-2.3422864935541248,-2.0722870524492567,-0.8986566727931851,0.00692479
-2.3422864935541248,-1.7399182563969426,-1.2310254688454987,0.00340154
-2.3422864935541248,1.2514009080738813,-1.3418150675296032,-0.0330755
-2.3422864935541248,1.9161385001785094,1.4279248995730125,-0.0460728
-2.3422864935541248,2.691665690967242,1.095556103520698,-0.0554301
-2.3422864935541248,2.8024552896513457,0.9847665048365934,-0.0566615
-2.3422864935541248,3.0240344870195557,-0.6770774754249755,-0.0586894
-2.2314968948700202,-2.2938662498174662,-0.45549827805676646,0.016326
-2.2314968948700202,-0.9643910656082104,1.5387144982571161,0.00547061
-2.2314968948700202,2.470086493599032,1.317135300888907,-0.0514069
-2.1207072961859152,-1.7399182563969426,1.2063457022048025,0.0125395
-2.1207072961859152,-1.2967598616605245,-1.4526046662137078,0.00999488
-2.1207072961859152,-0.6320222695558968,1.5387144982571161,0.0115708
-2.1207072961859152,1.6945593028103003,1.5387144982571161,-0.0366249
-2.1207072961859152,1.8053489014944049,1.5387144982571161,-0.0389425
-2.1207072961859152,2.3592968949149276,1.4279248995730125,-0.0479638
-2.1207072961859152,2.5808760922831366,1.317135300888907,-0.0508944
-2.1207072961859152,3.2456136843877648,-0.45549827805676646,-0.0587562
-2.0099176975018107,-1.9614974537651522,0.9847665048365934,0.0211404
-2.0099176975018107,-0.8536014669241059,1.5387144982571161,0.0152748
-2.0099176975018107,0.14350492123283498,1.317135300888907,0.0222599
-2.0099176975018107,0.36508411860104406,-1.2310254688454987,0.0199552
-2.0099176975018107,0.586663315969254,-1.2310254688454987,0.0109982
-2.0099176975018107,0.8082425133374631,1.317135300888907,-0.0012729
-2.0099176975018107,2.026928098862614,-1.5633942648978125,-0.0404261
-2.0099176975018107,2.1377176975467185,1.5387144982571161,-0.0424675
-2.0099176975018107,2.8024552896513457,1.2063457022048025,-0.0523081
-2.0099176975018107,3.3564032830718684,-0.1231294820044524,-0.059077
-2.0099176975018107,3.3564032830718684,0.09844971536375668,-0.0591569
-1.8991280988177062,-2.4046558485015708,-0.1231294820044524,0.0414458
-1.8991280988177062,-0.07807427613537321,-1.4526046662137078,0.0250381
-1.8991280988177062,1.2514009080738813,1.5387144982571161,-0.0167844
-1.7883385001336016,-2.515445447185675,-0.23391908068855694,0.0494589
-1.7883385001336016,-2.515445447185675,0.20923931404786122,0.0497894
-1.7883385001336016,-2.4046558485015708,0.4308185114160703,0.0461505
-1.7883385001336016,-2.0722870524492567,0.8739769061524889,0.0354514
-1.7883385001336016,-1.8507078550810476,1.095556103520698,0.0299068
-1.7883385001336016,-1.5183390590287336,-1.3418150675296032,0.0243955
-1.7883385001336016,0.8082425133374631,1.4279248995730125,0.00849899
-1.7883385001336016,1.1406113093897776,1.5387144982571161,-0.00790478
-1.6775489014494966,-2.7370246445538844,0.32002891273196576,0.0564479
-1.6775489014494966,-2.62623504586978,-0.45549827805676646,0.0535286
-1.6775489014494966,-2.4046558485015708,0.6523977087842798,0.0478195
-1.6775489014494966,-1.407549460344629,1.4279248995730125,0.0256833
-1.6775489014494966,0.2542945199169404,-1.4526046662137078,0.0301917
-1.6775489014494966,0.4758737172851495,1.4279248995730125,0.0264624
-1.6775489014494966,1.0298217107056722,1.5387144982571161,0.00180825
-1.6775489014494966,1.5837697041261949,1.6495040969412207,-0.0206434
-1.6775489014494966,1.9161385001785094,1.6495040969412207,-0.0301363
-1.6775489014494966,3.3564032830718684,-0.566287876740871,-0.055994
-1.566759302765392,-2.515445447185675,0.7631873074683844,0.0503305
-1.566759302765392,-2.2938662498174662,-0.8986566727931851,0.0450748
-1.566759302765392,0.14350492123283498,1.5387144982571161,0.0309142
-1.566759302765392,1.4729801054420912,1.6495040969412207,-0.0130482
-1.566759302765392,2.3592968949149276,-1.5633942648978125,-0.0377883
-1.566759302765392,3.467192881755974,-0.1231294820044524,-0.0565031
-1.566759302765392,3.467192881755974,0.09844971536375668,-0.056598
-1.4559697040812876,-3.180183039290303,-0.23391908068855694,0.0681989
-1.4559697040812876,-2.7370246445538844,-0.7878670741090805,0.0552389
-1.4559697040812876,-2.1830766511333612,1.095556103520698,0.041555
-1.4559697040812876,-1.9614974537651522,-1.2310254688454987,0.0361425
-1.4559697040812876,-1.629128657712838,1.4279248995730125,0.0289776
-1.4559697040812876,-1.407549460344629,1.5387144982571161,0.0256213
-1.4559697040812876,-1.0751806642923154,1.6495040969412207,0.0234413
-1.4559697040812876,-0.9643910656082104,-1.674183863581917,0.0232878
-1.4559697040812876,0.2542945199169404,-1.5633942648978125,0.0317822
-1.4559697040812876,0.6974529146533586,1.5387144982571161,0.0250847
-1.4559697040812876,2.026928098862614,1.6495040969412207,-0.0273694
-1.4559697040812876,3.1348240857036593,-1.0094462714772892,-0.0501206
-1.4559697040812876,3.467192881755974,0.20923931404786122,-0.0552711
-1.345180105397183,-2.62623504586978,0.9847665048365934,0.051252
-1.345180105397183,-2.4046558485015708,1.095556103520698,0.0455951
-1.345180105397183,-1.7399182563969426,-1.4526046662137078,0.0297997
-1.345180105397183,2.3592968949149276,-1.5633942648978125,-0.0331429
-1.345180105397183,3.1348240857036593,-1.0094462714772892,-0.0485006
-1.345180105397183,3.467192881755974,0.20923931404786122,-0.0539577
-1.2343905067130785,-3.180183039290303,-0.6770774754249755,0.0669183
-1.2343905067130785,-1.407549460344629,1.6495040969412207,0.0240464
-1.2343905067130785,-0.4104430721876877,1.7602936956253261,0.0253173
-1.2343905067130785,1.9161385001785094,1.6495040969412207,-0.0178577
-1.2343905067130785,2.8024552896513457,1.317135300888907,-0.0405483
-1.2343905067130785,2.9132448883354503,-1.2310254688454987,-0.042669
-1.2343905067130785,3.467192881755974,-0.1231294820044524,-0.0525323
-1.123600908028974,-3.5125518353426166,-0.012339883320347855,0.076539
-1.123600908028974,-1.8507078550810476,1.5387144982571161,0.0304452
-1.123600908028974,1.2514009080738813,1.6495040969412207,0.0134596
-1.123600908028974,1.6945593028103003,1.6495040969412207,-0.00599184
-1.123600908028974,2.9132448883354503,1.2063457022048025,-0.0406073
-1.123600908028974,3.3564032830718684,-0.566287876740871,-0.0487514
-1.0128113093448694,-3.180183039290303,0.8739769061524889,0.065915
-1.0128113093448694,-2.847814243237989,-1.1202358701613941,0.0554478
-1.0128113093448694,-2.4046558485015708,-1.3418150675296032,0.0432125
-1.0128113093448694,-0.18886387481947864,1.7602936956253261,0.0284157
-1.0128113093448694,0.2542945199169404,-1.674183863581917,0.0353983
-1.0128113093448694,1.1406113093897776,1.6495040969412207,0.0221438
-1.0128113093448694,1.2514009080738813,1.6495040969412207,0.0175082
-1.0128113093448694,2.248507296230823,1.5387144982571161,-0.0218293
-1.0128113093448694,2.691665690967242,-1.3418150675296032,-0.0334167
-0.9020217106607644,-1.407549460344629,1.7602936956253261,0.0235129
-0.9020217106607644,-0.18886387481947864,1.7602936956253261,0.0292091
-0.9020217106607644,0.586663315969254,1.6495040969412207,0.0387669
-0.9020217106607644,0.6974529146533586,1.6495040969412207,0.0376314
-0.9020217106607644,0.8082425133374631,1.6495040969412207,0.0357416
-0.9020217106607644,0.9190321120215676,1.6495040969412207,0.0330716
-0.9020217106607644,1.0298217107056722,1.6495040969412207,0.0296614
-0.9020217106607644,2.026928098862614,-1.5633942648978125,-0.0109994
-0.9020217106607644,3.1348240857036593,0.8739769061524889,-0.039976
-0.7912321119766599,-3.180183039290303,0.9847665048365934,0.0654074
-0.7912321119766599,-2.1830766511333612,1.5387144982571161,0.037634
-0.7912321119766599,0.2542945199169404,-1.674183863581917,0.0383614
-0.7912321119766599,0.9190321120215676,1.6495040969412207,0.0354888
-0.7912321119766599,1.0298217107056722,1.6495040969412207,0.0322596
-0.7912321119766599,2.5808760922831366,1.317135300888907,-0.0245303
-0.6804425132925553,-3.401762236658512,-0.7878670741090805,0.0724447
-0.6804425132925553,-0.2996534735035832,1.7602936956253261,0.0295452
-0.6804425132925553,0.9190321120215676,1.6495040969412207,0.0370445
-0.6804425132925553,2.470086493599032,1.317135300888907,-0.0175838
-0.6804425132925553,3.0240344870195557,0.8739769061524889,-0.031007
-0.6804425132925553,3.2456136843877648,-0.45549827805676646,-0.0353442
-0.5696529146084508,-3.5125518353426166,0.6523977087842798,0.0759157
-0.5696529146084508,-1.9614974537651522,-1.674183863581917,0.0341805
-0.5696529146084508,-1.629128657712838,1.7602936956253261,0.028618
-0.5696529146084508,-1.5183390590287336,-1.7849734622660216,0.0270187
-0.5696529146084508,-0.4104430721876877,1.7602936956253261,0.0291575
-0.5696529146084508,0.03271532254873044,-1.674183863581917,0.0379292
-0.5696529146084508,0.2542945199169404,1.6495040969412207,0.0415002
-0.5696529146084508,0.36508411860104406,1.6495040969412207,0.042193
-0.5696529146084508,0.4758737172851495,1.6495040969412207,0.0424754
-0.5696529146084508,0.586663315969254,1.6495040969412207,0.0422427
-0.5696529146084508,0.6974529146533586,1.6495040969412207,0.0414017
-0.5696529146084508,0.8082425133374631,1.6495040969412207,0.0398894
-0.5696529146084508,0.9190321120215676,1.6495040969412207,0.0376877
-0.5696529146084508,3.2456136843877648,0.20923931404786122,-0.0307556
-0.45886331592434626,-3.623341434026721,0.4308185114160703,0.0794013
-0.45886331592434626,-2.7370246445538844,-1.3418150675296032,0.0525398
-0.45886331592434626,-1.5183390590287336,-1.7849734622660216,0.0282889
-0.45886331592434626,-0.7428118682400013,-1.7849734622660216,0.0265962
-0.45886331592434626,0.03271532254873044,1.6495040969412207,0.0398138
-0.45886331592434626,0.6974529146533586,1.6495040969412207,0.0410611
-0.45886331592434626,0.8082425133374631,1.6495040969412207,0.0395503
-0.45886331592434626,0.9190321120215676,1.6495040969412207,0.0374373
-0.45886331592434626,1.5837697041261949,1.5387144982571161,0.0210957
-0.45886331592434626,1.9161385001785094,1.4279248995730125,0.0105135
-0.45886331592434626,2.1377176975467185,-1.3418150675296032,0.00295167
-0.3480737172402417,-3.5125518353426166,0.6523977087842798,0.0765793
-0.3480737172402417,-2.7370246445538844,-1.3418150675296032,0.0533874
-0.3480737172402417,-2.2938662498174662,-1.5633942648978125,0.0428238
-0.3480737172402417,-2.0722870524492567,1.6495040969412207,0.0384119
-0.3480737172402417,-1.5183390590287336,-1.7849734622660216,0.0295251
-0.3480737172402417,-0.7428118682400013,1.7602936956253261,0.0284491
-0.3480737172402417,0.6974529146533586,1.6495040969412207,0.0400116
-0.3480737172402417,1.0298217107056722,1.6495040969412207,0.033867
-0.3480737172402417,2.026928098862614,-1.3418150675296032,0.0115277
-0.3480737172402417,2.248507296230823,-1.2310254688454987,0.00516637
-0.3480737172402417,3.0240344870195557,-0.45549827805676646,-0.0136005
-0.23728411855613718,-3.0693934406061985,-1.1202358701613941,0.063554
-0.23728411855613718,-2.515445447185675,-1.4526046662137078,0.0489768
-0.23728411855613718,-1.629128657712838,1.7602936956253261,0.0322875
-0.23728411855613718,-1.407549460344629,-1.7849734622660216,0.0298533
-0.23728411855613718,-1.2967598616605245,-1.7849734622660216,0.0291759
-0.23728411855613718,-1.18597026297642,-1.7849734622660216,0.0286627
-0.23728411855613718,-0.4104430721876877,1.6495040969412207,0.0364914
-0.23728411855613718,1.1406113093897776,1.6495040969412207,0.0296628
-0.23728411855613718,1.5837697041261949,1.5387144982571161,0.0223803
-0.23728411855613718,2.026928098862614,1.317135300888907,0.0156639
-0.23728411855613718,3.0240344870195557,-0.012339883320347855,-0.0038855
-0.23728411855613718,3.0240344870195557,0.09844971536375668,-0.00390778
-0.12649451987203264,-3.5125518353426166,-0.566287876740871,0.0784426
-0.12649451987203264,-3.0693934406061985,1.095556103520698,0.0646504
-0.12649451987203264,-2.7370246445538844,1.317135300888907,0.0556117
-0.12649451987203264,-1.9614974537651522,-1.674183863581917,0.0387609
-0.12649451987203264,-1.5183390590287336,1.7602936956253261,0.0323553
-0.12649451987203264,-0.07807427613537321,1.5387144982571161,0.0462986
-0.12649451987203264,0.03271532254873044,1.5387144982571161,0.0469477
-0.12649451987203264,0.586663315969254,1.6495040969412207,0.037896
-0.12649451987203264,0.8082425133374631,-1.674183863581917,0.0333061
-0.12649451987203264,2.1377176975467185,-1.2310254688454987,0.0182028
-0.12649451987203264,2.8024552896513457,0.5416081101001753,0.0114716
-0.015704921187927212,0.14350492123283498,1.5387144982571161,0.0466282
-0.015704921187927212,2.691665690967242,0.6523977087842798,0.0244322
-0.015704921187927212,2.8024552896513457,0.4308185114160703,0.0248399
0.09508467749617644,-3.5125518353426166,-0.3447086793726619,0.0815171
0.09508467749617644,-3.180183039290303,-0.8986566727931851,0.0713832
0.09508467749617644,-2.9586038419220935,1.095556103520698,0.0650352
0.09508467749617644,-2.4046558485015708,-1.4526046662137078,0.0505591
0.09508467749617644,-2.1830766511333612,-1.5633942648978125,0.0452377
0.09508467749617644,-1.8507078550810476,-1.674183863581917,0.0388309
0.09508467749617644,0.586663315969254,-1.674183863581917,0.0330184
0.09508467749617644,1.4729801054420912,1.6495040969412207,0.0185355
0.09508467749617644,1.6945593028103003,-1.5633942648978125,0.0183729
0.20587427618028098,-3.2909726379744075,-0.6770774754249755,0.0770316
0.20587427618028098,-2.4046558485015708,1.4279248995730125,0.0517004
0.20587427618028098,-2.1830766511333612,1.5387144982571161,0.0462618
0.20587427618028098,-0.8536014669241059,1.6495040969412207,0.0364539
0.20587427618028098,-0.2996534735035832,-1.4526046662137078,0.0519544
0.20587427618028098,-0.07807427613537321,-1.4526046662137078,0.052516
0.20587427618028098,2.3592968949149276,1.095556103520698,0.0315993
0.3166638748643864,-3.2909726379744075,0.5416081101001753,0.0802308
0.3166638748643864,-1.8507078550810476,1.6495040969412207,0.0388957
0.3166638748643864,-0.9643910656082104,-1.674183863581917,0.0347302
0.3166638748643864,-0.8536014669241059,1.6495040969412207,0.0363229
0.3166638748643864,-0.6320222695558968,-1.5633942648978125,0.0424855
0.3166638748643864,-0.07807427613537321,-1.4526046662137078,0.0527535
0.3166638748643864,0.14350492123283498,1.5387144982571161,0.0449974
0.3166638748643864,0.4758737172851495,-1.674183863581917,0.0323902
0.3166638748643864,2.9132448883354503,-0.23391908068855694,0.058983
0.42745347354849006,-2.9586038419220935,0.8739769061524889,0.0737499
0.42745347354849006,-2.7370246445538844,1.095556103520698,0.0660676
0.42745347354849006,-1.7399182563969426,-1.674183863581917,0.0360787
0.42745347354849006,-0.2996534735035832,-1.4526046662137078,0.0529042
0.42745347354849006,0.36508411860104406,1.6495040969412207,0.0349587
0.5382430722325955,-1.7399182563969426,-1.674183863581917,0.0348749
0.5382430722325955,0.14350492123283498,-1.5633942648978125,0.0439374
0.5382430722325955,0.6974529146533586,1.7602936956253261,0.023325
0.5382430722325955,0.9190321120215676,-1.7849734622660216,0.0186148
0.5382430722325955,1.1406113093897776,-1.7849734622660216,0.015454
0.5382430722325955,1.6945593028103003,1.6495040969412207,0.0155555
0.5382430722325955,2.470086493599032,1.095556103520698,0.0437172
0.6490326709167,-2.62623504586978,1.095556103520698,0.0663067
0.6490326709167,-2.515445447185675,1.2063457022048025,0.060891
0.6490326709167,-2.0722870524492567,1.5387144982571161,0.0421863
0.6490326709167,-0.4104430721876877,1.5387144982571161,0.0466243
0.6490326709167,0.03271532254873044,1.5387144982571161,0.0477257
0.6490326709167,0.6974529146533586,1.7602936956253261,0.0230465
0.6490326709167,1.3621905067579858,1.7602936956253261,0.0136232
0.6490326709167,1.9161385001785094,1.5387144982571161,0.0202882
0.6490326709167,2.9132448883354503,0.5416081101001753,0.072554
0.7598222696008046,-2.0722870524492567,1.5387144982571161,0.0411295
0.7598222696008046,-1.8507078550810476,1.6495040969412207,0.0343852
0.7598222696008046,-1.2967598616605245,1.7602936956253261,0.0272211
0.7598222696008046,-1.18597026297642,1.7602936956253261,0.0273389
0.7598222696008046,0.6974529146533586,1.7602936956253261,0.0231248
0.7598222696008046,0.9190321120215676,-1.7849734622660216,0.0181723
0.7598222696008046,1.0298217107056722,-1.7849734622660216,0.0163736
0.7598222696008046,1.1406113093897776,-1.7849734622660216,0.014989
0.7598222696008046,1.6945593028103003,1.6495040969412207,0.0160457
0.7598222696008046,1.9161385001785094,1.5387144982571161,0.0210192
0.7598222696008046,2.691665690967242,-0.8986566727931851,0.0627423
0.7598222696008046,2.8024552896513457,0.7631873074683844,0.0690055
0.8706118682849091,-2.9586038419220935,0.32002891273196576,0.0951857
0.8706118682849091,-2.847814243237989,0.6523977087842798,0.086366
0.8706118682849091,1.2514009080738813,1.7602936956253261,0.0143441
0.9814014669690136,-2.9586038419220935,0.20923931404786122,0.0993222
0.9814014669690136,-1.5183390590287336,1.7602936956253261,0.0262442
0.9814014669690136,-1.18597026297642,-1.7849734622660216,0.0251802
0.9814014669690136,1.0298217107056722,1.7602936956253261,0.017184
0.9814014669690136,1.8053489014944049,-1.5633942648978125,0.0202971
0.9814014669690136,2.3592968949149276,1.2063457022048025,0.0457844
0.9814014669690136,2.691665690967242,-0.8986566727931851,0.0679114
0.9814014669690136,2.8024552896513457,0.7631873074683844,0.0748995
1.0921910656531182,-2.9586038419220935,-0.23391908068855694,0.101017
1.0921910656531182,-2.9586038419220935,0.20923931404786122,0.101624
1.0921910656531182,-1.5183390590287336,1.7602936956253261,0.0255977
1.0921910656531182,-1.2967598616605245,-1.7849734622660216,0.0243605
1.0921910656531182,-1.18597026297642,-1.7849734622660216,0.0245033
1.0921910656531182,3.0240344870195557,-0.23391908068855694,0.0912845
1.2029806643372236,-1.2967598616605245,-1.7849734622660216,0.0239159
1.2029806643372236,-1.18597026297642,-1.7849734622660216,0.0240363
1.2029806643372236,-0.5212326708717923,-1.674183863581917,0.0373984
1.2029806643372236,-0.4104430721876877,1.6495040969412207,0.0410446
1.2029806643372236,0.36508411860104406,1.6495040969412207,0.0393998
1.2029806643372236,1.2514009080738813,-1.674183863581917,0.0172088
1.2029806643372236,3.0240344870195557,-0.012339883320347855,0.0940991
1.3137702630213273,-2.7370246445538844,0.8739769061524889,0.0824886
1.3137702630213273,-1.8507078550810476,1.6495040969412207,0.0318047
1.3137702630213273,-0.9643910656082104,1.7602936956253261,0.0256389
1.3137702630213273,-0.5212326708717923,-1.674183863581917,0.0371055
1.3137702630213273,-0.4104430721876877,1.6495040969412207,0.0408554
1.3137702630213273,0.4758737172851495,1.6495040969412207,0.0366902
1.3137702630213273,1.1406113093897776,1.6495040969412207,0.0193041
1.3137702630213273,1.5837697041261949,1.5387144982571161,0.0200328
1.3137702630213273,2.470086493599032,-1.0094462714772892,0.0611101
1.3137702630213273,2.691665690967242,-0.7878670741090805,0.075924
1.4245598617054318,-1.18597026297642,1.7602936956253261,0.023808
1.4245598617054318,-0.4104430721876877,1.6495040969412207,0.0403273
1.5353494603895372,-2.9586038419220935,-0.45549827805676646,0.104365
1.5353494603895372,-2.2938662498174662,-1.3418150675296032,0.0540085
1.5353494603895372,-0.6320222695558968,-1.674183863581917,0.0333113
1.5353494603895372,1.0298217107056722,-1.5633942648978125,0.0238778
1.5353494603895372,1.4729801054420912,-1.4526046662137078,0.0219482
1.5353494603895372,2.470086493599032,0.8739769061524889,0.065776
1.5353494603895372,2.5808760922831366,0.7631873074683844,0.0729372
1.6461390590736409,-2.9586038419220935,-0.45549827805676646,0.106677
1.6461390590736409,-2.62623504586978,-1.0094462714772892,0.0800784
1.6461390590736409,-2.515445447185675,-1.1202358701613941,0.0721906
1.6461390590736409,-0.6320222695558968,1.6495040969412207,0.0332124
1.6461390590736409,0.8082425133374631,-1.5633942648978125,0.0285668
1.6461390590736409,2.026928098862614,1.095556103520698,0.0418457
1.7569286577577463,-2.62623504586978,0.9847665048365934,0.0833344
1.7569286577577463,-2.515445447185675,1.095556103520698,0.0752295
1.7569286577577463,-0.9643910656082104,1.6495040969412207,0.0269895
1.7569286577577463,0.8082425133374631,1.5387144982571161,0.0270093
1.7569286577577463,2.691665690967242,0.20923931404786122,0.0846429
1.8677182564418509,-2.847814243237989,0.6523977087842798,0.103301
1.8677182564418509,-1.9614974537651522,1.4279248995730125,0.0452213
1.8677182564418509,1.0298217107056722,-1.4526046662137078,0.0209768
1.8677182564418509,2.026928098862614,0.8739769061524889,0.0443509
1.9785078551259554,-2.9586038419220935,0.32002891273196576,0.114732
1.9785078551259554,-2.0722870524492567,1.317135300888907,0.0547049
2.08929745381006,2.248507296230823,0.20923931404786122,0.0545104
2.2000870524941645,-2.4046558485015708,0.9847665048365934,0.0847783
2.2000870524941645,-1.9614974537651522,-1.2310254688454987,0.0577415
2.2000870524941645,-0.7428118682400013,-1.4526046662137078,0.0271521
2.2000870524941645,1.9161385001785094,0.6523977087842798,0.0229269
2.2000870524941645,2.026928098862614,-0.45549827805676646,0.0307121
2.2000870524941645,2.1377176975467185,-0.012339883320347855,0.0399014
2.310876651178269,-2.847814243237989,0.20923931404786122,0.11817
2.310876651178269,-2.0722870524492567,1.095556103520698,0.0693666
2.310876651178269,0.14350492123283498,1.6495040969412207,0.00896857
2.310876651178269,0.2542945199169404,1.6495040969412207,0.00736142
2.310876651178269,0.36508411860104406,1.6495040969412207,0.00566255
2.310876651178269,0.8082425133374631,-1.5633942648978125,3.32201e-05
2.4216662498623736,-2.7370246445538844,-0.3447086793726619,0.114751
2.4216662498623736,0.4758737172851495,1.6495040969412207,-0.0021528
2.4216662498623736,1.5837697041261949,1.095556103520698,-0.00673613
2.532455848546478,-2.4046558485015708,-0.6770774754249755,0.0989966
2.532455848546478,-2.2938662498174662,0.7631873074683844,0.0926893
2.532455848546478,-1.7399182563969426,0.9847665048365934,0.0606662
2.532455848546478,-1.629128657712838,-1.0094462714772892,0.0544635
2.532455848546478,-1.18597026297642,-1.1202358701613941,0.0314569
2.532455848546478,-0.6320222695558968,1.4279248995730125,0.0102814
2.532455848546478,1.1406113093897776,-1.4526046662137078,-0.0139996
2.532455848546478,1.6945593028103003,0.9847665048365934,-0.0117857
2.6432454472305826,-2.515445447185675,0.32002891273196576,0.110065
2.6432454472305826,0.36508411860104406,-1.674183863581917,-0.0120034
2.6432454472305826,0.9190321120215676,-1.5633942648978125,-0.0175732
2.754035045914688,-2.4046558485015708,-0.1231294820044524,0.108329
2.754035045914688,-2.0722870524492567,-0.566287876740871,0.0882045
2.754035045914688,-1.8507078550810476,0.6523977087842798,0.0746859
2.754035045914688,-1.7399182563969426,-0.6770774754249755,0.0677354
2.754035045914688,-1.2967598616605245,0.8739769061524889,0.0321516
2.754035045914688,-0.7428118682400013,-1.3418150675296032,0.0015618
2.8648246445987917,-2.0722870524492567,-0.23391908068855694,0.0924319
2.8648246445987917,-1.9614974537651522,-0.3447086793726619,0.0848721
2.8648246445987917,-1.5183390590287336,-0.566287876740871,0.0490221
2.8648246445987917,-0.2996534735035832,-1.5633942648978125,-0.0132864
2.8648246445987917,0.03271532254873044,1.6495040969412207,-0.0176985
2.8648246445987917,0.2542945199169404,-1.674183863581917,-0.0201028
2.8648246445987917,0.36508411860104406,-1.674183863581917,-0.0212366
2.8648246445987917,0.586663315969254,1.6495040969412207,-0.023409
2.8648246445987917,0.9190321120215676,-1.5633942648978125,-0.0261765
2.8648246445987917,2.026928098862614,0.20923931404786122,-0.0242844
2.9756142432828963,-1.629128657712838,-0.012339883320347855,0.0575714
2.9756142432828963,-1.5183390590287336,0.32002891273196576,0.0448523
2.9756142432828963,-0.9643910656082104,-1.1202358701613941,-0.00170624
2.9756142432828963,-0.5212326708717923,-1.4526046662137078,-0.0142524
2.9756142432828963,1.1406113093897776,-1.4526046662137078,-0.0312713
2.9756142432828963,2.026928098862614,-0.012339883320347855,-0.0297487
3.0864038419670017,-1.407549460344629,-0.3447086793726619,0.024579
3.1971934406511053,1.6945593028103003,-0.8986566727931851,-0.0396437
3.1971934406511053,1.9161385001785094,0.4308185114160703,-0.0392417
3.3079830393352108,-0.07807427613537321,1.5387144982571161,-0.0316324
3.3079830393352108,0.03271532254873044,-1.5633942648978125,-0.0325691
3.3079830393352108,0.586663315969254,-1.5633942648978125,-0.0367484
3.3079830393352108,0.6974529146533586,1.5387144982571161,-0.0375431
3.4187726380193144,-1.2967598616605245,-0.012339883320347855,-0.00605498
3.4187726380193144,-0.5212326708717923,1.317135300888907,-0.0299708
3.4187726380193144,-0.2996534735035832,1.4279248995730125,-0.0325134
3.52956223670342,-0.8536014669241059,0.9847665048365934,-0.0276056
3.52956223670342,-0.7428118682400013,1.095556103520698,-0.0297554
3.6403518353875253,-0.7428118682400013,-1.0094462714772892,-0.0330754
3.6403518353875253,0.2542945199169404,1.4279248995730125,-0.0420518
3.6403518353875253,0.36508411860104406,1.4279248995730125,-0.0426723
3.6403518353875253,0.8082425133374631,-1.3418150675296032,-0.0452567
3.6403518353875253,1.3621905067579858,0.9847665048365934,-0.0485085
3.6403518353875253,1.6945593028103003,-0.45549827805676646,-0.0499855
3.751141434071629,-0.8536014669241059,0.7631873074683844,-0.0343243
3.751141434071629,-0.6320222695558968,-1.0094462714772892,-0.0376065
3.751141434071629,-0.5212326708717923,1.095556103520698,-0.038826
3.751141434071629,0.4758737172851495,-1.3418150675296032,-0.0454466
3.751141434071629,0.9190321120215676,1.2063457022048025,-0.0479471
3.751141434071629,1.2514009080738813,0.9847665048365934,-0.0496947
3.8619310327557326,-0.9643910656082104,0.32002891273196576,-0.0352967
3.8619310327557326,-0.7428118682400013,0.7631873074683844,-0.0389208
3.8619310327557326,-0.5212326708717923,0.9847665048365934,-0.0413721
3.8619310327557326,0.586663315969254,-1.2310254688454987,-0.0478227
3.8619310327557326,1.5837697041261949,-0.1231294820044524,-0.0533733
3.972720631439838,-0.8536014669241059,0.32002891273196576,-0.0400198
3.972720631439838,-0.07807427613537321,1.095556103520698,-0.0465797
3.972720631439838,1.0298217107056722,-0.8986566727931851,-0.0517775
3.972720631439838,1.4729801054420912,-0.012339883320347855,-0.054316
4.083510230123943,-0.7428118682400013,-0.23391908068855694,-0.0438315
4.083510230123943,-0.7428118682400013,0.20923931404786122,-0.0440209
4.083510230123943,-0.5212326708717923,0.6523977087842798,-0.0460167
4.083510230123943,-0.4104430721876877,0.7631873074683844,-0.0467593
4.083510230123943,0.14350492123283498,-1.0094462714772892,-0.0493282
4.083510230123943,0.8082425133374631,0.8739769061524889,-0.0521674
4.194299828808047,-0.5212326708717923,-0.3447086793726619,-0.0480298
4.194299828808047,0.586663315969254,-0.7878670741090805,-0.0524743
4.194299828808047,0.9190321120215676,-0.566287876740871,-0.0539034
4.194299828808047,1.1406113093897776,-0.012339883320347855,-0.0551133
4.194299828808047,1.1406113093897776,0.09844971536375668,-0.0549787
4.3050894274921525,0.03271532254873044,-0.566287876740871,-0.0519723
4.3050894274921525,0.4758737172851495,-0.566287876740871,-0.0533401
4.3050894274921525,0.6974529146533586,0.4308185114160703,-0.0540898
