-6.747522707717052,0.04416036720984273,0.7682356580355663,0.0527826
-6.747522707717052,0.34085203587857027,-0.12183934797061724,0.052452
-6.599176873382689,-0.5492229701276132,-0.41853101663934567,0.0465244
-6.599176873382689,-0.10418546712452148,-0.566876850973709,0.0457107
-6.30248520471396,-1.1426063074650683,-0.12183934797061724,0.04602
-6.30248520471396,-0.994260473130705,-0.41853101663934567,0.0426214
-6.154139370379596,-1.2909521417994325,-0.12183934797061724,0.0458715
-6.154139370379596,0.6375437045472978,-0.7152226853080732,0.0377157
-6.154139370379596,0.785889538881662,-0.566876850973709,0.0401519
-6.005793536045232,-2.774410485143072,0.026506486363746085,0.0530487
-6.005793536045232,-2.0326813134712522,-0.41853101663934567,0.0444245
-6.005793536045232,-1.4392979761337963,0.619889823701202,0.0443448
-6.005793536045232,-0.2525313014588857,1.5099648297073855,0.0322589
-6.005793536045232,-0.10418546712452148,1.5099648297073855,0.0329308
-6.005793536045232,1.0825812075503896,0.619889823701202,0.0460791
-5.857447701710869,-2.9227563194774357,0.47154398936683783,0.0523441
-5.857447701710869,0.4891978702129345,-1.0119143539768007,0.0284673
-5.709101867376505,-0.2525313014588857,1.6583106640417498,0.0256767
-5.709101867376505,-0.10418546712452148,1.6583106640417498,0.0261105
-5.709101867376505,1.2309270418847538,-0.12183934797061724,0.043153
-5.560756033042141,-2.477718816474344,-1.0119143539768007,0.0370851
-5.560756033042141,0.785889538881662,1.3616189953730213,0.0321326
-5.560756033042141,0.9342353732160262,1.213273161038658,0.0353426
-5.560756033042141,1.2309270418847538,0.7682356580355663,0.0428802
-5.412410198707777,-2.3293729821399802,-1.1602601883111645,0.031283
-5.412410198707777,-1.8843354791368885,1.3616189953730213,0.0280743
-5.412410198707777,-1.2909521417994325,1.5099648297073855,0.0233835
-5.412410198707777,-1.1426063074650683,-1.3086060226455283,0.0190709
-5.412410198707777,1.379272876219118,0.7682356580355663,0.0425414
-5.412410198707777,1.5276187105534813,-0.12183934797061724,0.0423377
-5.264064364373413,-3.2194479881461633,-0.7152226853080732,0.0468096
-5.264064364373413,-2.0326813134712522,-1.3086060226455283,0.0243323
-5.264064364373413,-0.8459146387963408,-1.456951856979892,0.0144485
-5.264064364373413,1.8243103792222106,0.7682356580355663,0.0431536
-5.115718530039049,-1.58764381046816,-1.456951856979892,0.0172681
-5.115718530039049,0.9342353732160262,1.5099648297073855,0.0263988
-4.967372695704685,-1.1426063074650683,1.806656498376113,0.0141514
-4.967372695704685,0.4891978702129345,-1.456951856979892,0.0129099
-4.967372695704685,1.379272876219118,-1.0119143539768007,0.024038
-4.819026861370322,-2.477718816474344,1.5099648297073855,0.0244322
-4.819026861370322,-0.2525313014588857,1.9550023327104773,0.0129812
-4.819026861370322,0.6375437045472978,-1.456951856979892,0.0121466
-4.819026861370322,0.6375437045472978,1.806656498376113,0.0174432
-4.6706810270359576,-3.0711021538117995,-1.0119143539768007,0.0356459
-4.6706810270359576,-1.8843354791368885,-1.6052976913142567,0.0148606
-4.6706810270359576,2.121002047890938,-0.8635685196424365,0.0304798
-4.522335192701593,-0.6975688044619774,1.9550023327104773,0.00972133
-4.522335192701593,1.379272876219118,-1.3086060226455283,0.0170791
-4.522335192701593,2.8627312195627574,-0.12183934797061724,0.0457289
-4.373989358367229,-2.477718816474344,-1.456951856979892,0.020166
-4.373989358367229,0.4891978702129345,1.9550023327104773,0.0120742
-4.373989358367229,1.2309270418847538,1.806656498376113,0.019323
-4.373989358367229,1.5276187105534813,-1.3086060226455283,0.0173678
-4.373989358367229,2.121002047890938,-1.0119143539768007,0.0257439
-4.373989358367229,2.8627312195627574,0.7682356580355663,0.0457785
-4.225643524032865,-2.6260646508087078,1.5099648297073855,0.0211371
-4.225643524032865,-0.400877135793249,1.9550023327104773,0.00930432
-4.225643524032865,1.379272876219118,1.806656498376113,0.0197807
-4.077297689698502,-3.2194479881461633,-0.7152226853080732,0.0387801
-4.077297689698502,-2.0326813134712522,1.806656498376113,0.0127481
-4.077297689698502,-0.400877135793249,-1.6052976913142567,0.00793337
-4.077297689698502,-0.10418546712452148,-1.6052976913142567,0.00776221
-4.077297689698502,-0.10418546712452148,1.9550023327104773,0.00948013
-4.077297689698502,0.04416036720984273,-1.6052976913142567,0.00760084
-4.077297689698502,1.379272876219118,-1.456951856979892,0.0134662
-4.077297689698502,3.0110770538971217,0.1748523206981103,0.0415407
-3.9289518553641374,-3.2194479881461633,-0.7152226853080732,0.0384701
-3.9289518553641374,-3.0711021538117995,1.0649273267042938,0.0301464
-3.9289518553641374,-2.0326813134712522,1.806656498376113,0.0119634
-3.9289518553641374,-1.58764381046816,-1.7536435256486205,0.00755839
-3.9289518553641374,-0.6975688044619774,-1.6052976913142567,0.00848557
-3.780606021029774,-3.367793822480527,-0.41853101663934567,0.0429661
-3.780606021029774,-3.0711021538117995,1.0649273267042938,0.0296415
-3.780606021029774,-2.0326813134712522,1.806656498376113,0.0112475
-3.780606021029774,-0.6975688044619774,1.806656498376113,0.0113157
-3.780606021029774,0.34085203587857027,-1.6052976913142567,0.00807639
-3.780606021029774,0.9342353732160262,-1.6052976913142567,0.00895759
-3.63226018669541,-1.8843354791368885,-1.7536435256486205,0.00844853
-3.63226018669541,-1.4392979761337963,-1.7536435256486205,0.00671492
-3.63226018669541,-1.1426063074650683,1.806656498376113,0.0105617
-3.4839143523610465,-3.0711021538117995,-1.1602601883111645,0.0286257
-3.4839143523610465,-1.4392979761337963,-1.7536435256486205,0.00685941
-3.3355685180266823,-2.774410485143072,-1.456951856979892,0.0205655
-3.3355685180266823,-1.4392979761337963,1.806656498376113,0.010184
-3.3355685180266823,-0.400877135793249,1.6583106640417498,0.0176247
-3.3355685180266823,0.34085203587857027,-1.6052976913142567,0.00925134
-3.3355685180266823,0.9342353732160262,1.9550023327104773,0.0129661
-3.187222683692318,-3.8128313254836192,-0.27018518230498145,0.045637
-3.187222683692318,-3.5161396568148913,0.7682356580355663,0.0364003
-3.187222683692318,-2.9227563194774357,1.3616189953730213,0.0221642
-3.0388768493579548,-1.8843354791368885,1.806656498376113,0.0106427
-3.0388768493579548,-1.58764381046816,1.806656498376113,0.0104909
-3.0388768493579548,1.0825812075503896,-1.6052976913142567,0.0100108
-3.0388768493579548,1.6759645448878455,-1.3086060226455283,0.0150291
-3.0388768493579548,2.2693478822253006,-0.7152226853080732,0.0168006
-3.0388768493579548,2.56603955089403,0.7682356580355663,0.0113312
-2.8905310150235906,-3.961177159817983,-0.12183934797061724,0.0479129
-2.8905310150235906,-3.367793822480527,1.0649273267042938,0.0304648
-2.8905310150235906,-2.181027147805616,-1.7536435256486205,0.0117974
-2.8905310150235906,-1.7359896448025238,1.806656498376113,0.0108349
-2.8905310150235906,-0.5492229701276132,1.6583106640417498,0.0181645
-2.8905310150235906,2.4176937165596657,0.9165814923699296,0.0102795
-2.7421851806892263,-2.181027147805616,-1.7536435256486205,0.0118607
-2.7421851806892263,1.5276187105534813,1.6583106640417498,0.0199996
-2.7421851806892263,2.7143853852283932,0.9165814923699296,-0.0106341
-2.7421851806892263,3.0110770538971217,0.7682356580355663,-0.022762
-2.7421851806892263,3.3077687225658483,0.3231981550324745,-0.032514
-2.593839346354863,-3.2194479881461633,1.213273161038658,0.0266575
-2.593839346354863,-2.6260646508087078,-1.6052976913142567,0.0171156
-2.445493512020499,-3.961177159817983,0.3231981550324745,0.0466143
-2.445493512020499,-0.400877135793249,1.806656498376113,0.0165713
-2.445493512020499,3.0110770538971217,1.213273161038658,-0.0265008
-2.2971476776861346,-3.2194479881461633,-1.3086060226455283,0.028239
-2.2971476776861346,-1.1426063074650683,1.806656498376113,0.0138379
-2.2971476776861346,-0.994260473130705,1.806656498376113,0.0147085
-2.2971476776861346,-0.8459146387963408,1.806656498376113,0.0155834
-2.2971476776861346,1.0825812075503896,-1.6052976913142567,0.0208917
-2.2971476776861346,2.121002047890938,-1.1602601883111645,0.0132543
-2.2971476776861346,3.3077687225658483,1.213273161038658,-0.0347352
-2.1488018433517713,-3.8128313254836192,-0.7152226853080732,0.0436406
-2.1488018433517713,-3.0711021538117995,1.213273161038658,0.0246272
-2.1488018433517713,-2.0326813134712522,1.6583106640417498,0.0145374
-2.1488018433517713,-1.1426063074650683,1.806656498376113,0.0149717
-2.1488018433517713,1.0825812075503896,1.806656498376113,0.0279688
-2.1488018433517713,3.752806225568941,0.9165814923699296,-0.0435864
-2.000456009017407,-1.4392979761337963,-1.7536435256486205,0.0103879
-2.000456009017407,4.049497894237669,0.3231981550324745,-0.0480825
-1.8521101746830428,-3.8128313254836192,-0.41853101663934567,0.0428941
-1.8521101746830428,-2.774410485143072,-1.3086060226455283,0.020069
-1.8521101746830428,-2.774410485143072,1.213273161038658,0.0211378
-1.8521101746830428,-1.2909521417994325,-1.7536435256486205,0.0123549
-1.8521101746830428,1.6759645448878455,-1.456951856979892,0.0303123
-1.8521101746830428,1.8243103792222106,1.6583106640417498,0.0243659
-1.8521101746830428,1.972656213556573,1.6583106640417498,0.0170617
-1.8521101746830428,2.8627312195627574,1.6583106640417498,-0.0218429
-1.8521101746830428,3.3077687225658483,1.5099648297073855,-0.0334852
-1.8521101746830428,4.049497894237669,0.619889823701202,-0.0474108
-1.7037643403486795,-3.2194479881461633,-1.0119143539768007,0.027674
-1.7037643403486795,-1.1426063074650683,-1.7536435256486205,0.0151952
-1.7037643403486795,0.4891978702129345,-1.6052976913142567,0.0300466
-1.7037643403486795,1.972656213556573,-1.456951856979892,0.0198341
-1.7037643403486795,4.049497894237669,0.7682356580355663,-0.0465516
-1.5554185060143153,-0.8459146387963408,-1.7536435256486205,0.0201271
-1.5554185060143153,-0.6975688044619774,-1.7536435256486205,0.0213061
-1.5554185060143153,4.197843728572032,0.3231981550324745,-0.0481157
-1.407072671679951,-3.367793822480527,-0.41853101663934567,0.0280822
-1.407072671679951,3.752806225568941,-1.0119143539768007,-0.0414344
-1.407072671679951,4.197843728572032,0.47154398936683783,-0.0475145
-1.2587268373455878,-2.3293729821399802,0.9165814923699296,0.0197088
-1.2587268373455878,2.2693478822253006,1.806656498376113,0.0032239
-1.2587268373455878,2.7143853852283932,1.806656498376113,-0.0147909
-1.2587268373455878,3.6044603912345767,-1.1602601883111645,-0.0385396
-1.2587268373455878,3.9011520599033034,-0.8635685196424365,-0.0433062
-1.1103810030112236,-1.2909521417994325,-1.6052976913142567,0.0247379
-1.1103810030112236,-0.10418546712452148,-1.6052976913142567,0.0361372
-1.1103810030112236,2.2693478822253006,1.806656498376113,0.00379388
-1.1103810030112236,2.7143853852283932,1.806656498376113,-0.0142207
-1.1103810030112236,3.6044603912345767,-1.1602601883111645,-0.0382742
-1.1103810030112236,3.9011520599033034,-0.8635685196424365,-0.0430211
-0.9620351686768585,-2.9227563194774357,-0.27018518230498145,-0.00649249
-0.9620351686768585,-2.9227563194774357,0.026506486363746085,-0.00495238
-0.9620351686768585,-2.6260646508087078,-0.8635685196424365,-0.00820837
-0.9620351686768585,-2.477718816474344,-1.0119143539768007,-0.00638954
-0.9620351686768585,-2.477718816474344,0.7682356580355663,0.00409889
-0.9620351686768585,-2.0326813134712522,-1.3086060226455283,0.00452343
-0.9620351686768585,0.4891978702129345,1.6583106640417498,0.0456561
-0.9620351686768585,1.0825812075503896,-1.6052976913142567,0.0282385
-0.9620351686768585,4.197843728572032,0.47154398936683783,-0.0464586
-0.813689334342496,-2.6260646508087078,-1.0119143539768007,-0.0168796
-0.813689334342496,-1.8843354791368885,-1.456951856979892,0.00260572
-0.6653435000081309,-3.0711021538117995,0.026506486363746085,-0.0243817
-0.6653435000081309,-2.9227563194774357,0.47154398936683783,-0.0206279
-0.6653435000081309,0.04416036720984273,1.6583106640417498,0.0420007
-0.5169976656737685,-0.10418546712452148,1.6583106640417498,0.0421831
-0.5169976656737685,1.379272876219118,-1.6052976913142567,0.0159709
-0.5169976656737685,3.3077687225658483,1.5099648297073855,-0.0293569
-0.5169976656737685,4.049497894237669,0.619889823701202,-0.044188
-0.3686518313394034,-3.2194479881461633,-0.12183934797061724,-0.0366109
-0.3686518313394034,-2.774410485143072,0.9165814923699296,-0.0235998
-0.3686518313394034,-2.0326813134712522,1.3616189953730213,0.0023796
-0.3686518313394034,-1.4392979761337963,1.5099648297073855,0.0287874
-0.3686518313394034,3.6044603912345767,1.213273161038658,-0.0360907
-0.3686518313394034,4.049497894237669,0.026506486363746085,-0.0444427
-0.22030599700503917,-2.477718816474344,1.213273161038658,-0.0166637
-0.22030599700503917,-1.58764381046816,-1.7536435256486205,-0.0105952
-0.22030599700503917,-1.58764381046816,1.5099648297073855,0.0187141
-0.22030599700503917,0.9342353732160262,1.806656498376113,0.0319158
-0.22030599700503917,1.5276187105534813,1.6583106640417498,0.0356352
-0.22030599700503917,2.2693478822253006,-1.3086060226455283,0.010913
-0.07196016267067584,-1.8843354791368885,-1.7536435256486205,-0.0235494
-0.07196016267067584,-0.994260473130705,-1.7536435256486205,0.0044863
-0.07196016267067584,0.34085203587857027,1.806656498376113,0.0296899
-0.07196016267067584,0.4891978702129345,-2.347026862986076,-0.0355698
-0.07196016267067584,0.785889538881662,-2.0503351943173485,-0.0236746
-0.07196016267067584,1.972656213556573,1.5099648297073855,0.026953
-0.07196016267067584,3.3077687225658483,1.213273161038658,-0.0286456
0.07638567166368837,-3.0711021538117995,-1.0119143539768007,-0.0446662
0.07638567166368837,-2.9227563194774357,0.9165814923699296,-0.0330218
0.07638567166368837,-2.774410485143072,1.0649273267042938,-0.0289834
0.07638567166368837,-0.2525313014588857,-2.0503351943173485,-0.0170039
0.07638567166368837,-0.10418546712452148,-2.643718531654804,-0.0417425
0.07638567166368837,2.56603955089403,1.3616189953730213,0.00036543
0.07638567166368837,3.4561145569002125,0.9165814923699296,-0.0316301
0.22473150599805258,-3.2194479881461633,-0.7152226853080732,-0.0473387
0.22473150599805258,-2.0326813134712522,-1.7536435256486205,-0.0328265
0.22473150599805258,-1.8843354791368885,1.5099648297073855,-0.000407883
0.22473150599805258,0.9342353732160262,-3.0887560346578953,-0.0557091
0.22473150599805258,1.379272876219118,-2.347026862986076,-0.0376001
0.22473150599805258,1.6759645448878455,-1.6052976913142567,0.0114902
0.22473150599805258,1.972656213556573,2.251694001379205,0.0377844
0.22473150599805258,3.0110770538971217,1.0649273267042938,-0.0167102
0.373077340332415,-2.9227563194774357,0.9165814923699296,-0.0353542
0.373077340332415,-2.0326813134712522,-1.7536435256486205,-0.0350976
0.373077340332415,-0.6975688044619774,-2.0503351943173485,-0.0213028
0.373077340332415,0.19250620154420606,-3.3854477033266237,-0.0561134
0.373077340332415,1.972656213556573,2.5483856700479324,0.0410103
0.5214231746667792,-1.8843354791368885,1.5099648297073855,-0.000865706
0.5214231746667792,-0.994260473130705,1.6583106640417498,0.0356232
0.5214231746667792,0.19250620154420606,-3.5337935376609875,-0.0573927
0.5214231746667792,1.0825812075503896,-3.3854477033266237,-0.0586417
0.5214231746667792,2.56603955089403,1.0649273267042938,0.0136743
0.6697690090011434,-0.2525313014588857,1.9550023327104773,0.0390827
0.6697690090011434,0.04416036720984273,1.9550023327104773,0.0374906
0.6697690090011434,0.6375437045472978,2.5483856700479324,0.0377359
0.6697690090011434,1.8243103792222106,-2.198681028651712,-0.0252242
0.8181148433355077,-1.4392979761337963,-1.7536435256486205,-0.0304356
0.8181148433355077,0.34085203587857027,2.40003983571357,0.0361977
0.8181148433355077,0.4891978702129345,2.5483856700479324,0.0365955
0.8181148433355077,1.6759645448878455,-3.0887560346578953,-0.0529142
0.8181148433355077,2.2693478822253006,-1.7536435256486205,0.0149511
0.8181148433355077,2.7143853852283932,1.6583106640417498,0.0232355
0.8181148433355077,2.7143853852283932,1.806656498376113,0.0252126
0.9664606776698719,-1.2909521417994325,-1.7536435256486205,-0.0268888
0.9664606776698719,-0.994260473130705,-2.9404102003235315,-0.0485574
0.9664606776698719,-0.6975688044619774,-3.3854477033266237,-0.0545492
0.9664606776698719,0.34085203587857027,-3.8304852063297155,-0.0594392
0.9664606776698719,0.34085203587857027,2.5483856700479324,0.0359185
0.9664606776698719,0.4891978702129345,-3.8304852063297155,-0.0595388
0.9664606776698719,1.972656213556573,-2.347026862986076,-0.0283947
0.9664606776698719,2.7143853852283932,1.0649273267042938,0.0230136
0.9664606776698719,2.8627312195627574,-1.456951856979892,0.0304463
0.9664606776698719,2.8627312195627574,0.619889823701202,0.0221067
0.9664606776698719,3.0110770538971217,-1.3086060226455283,0.0322574
1.1148065120042343,-2.9227563194774357,0.47154398936683783,-0.0412415
1.1148065120042343,-2.477718816474344,-1.3086060226455283,-0.0445058
1.1148065120042343,-0.994260473130705,-3.0887560346578953,-0.0507691
1.1148065120042343,-0.400877135793249,2.6967315043822975,0.0347302
1.1148065120042343,0.6375437045472978,2.8450773387166617,0.0369742
1.2631523463386003,-2.9227563194774357,0.1748523206981103,-0.0435509
1.2631523463386003,-2.477718816474344,0.9165814923699296,-0.0277467
1.2631523463386003,-1.8843354791368885,1.9550023327104773,0.0299638
1.2631523463386003,-0.6975688044619774,2.8450773387166617,0.0335627
1.2631523463386003,1.2309270418847538,3.1417690073853892,0.0396663
1.2631523463386003,2.8627312195627574,1.5099648297073855,0.0237666
1.2631523463386003,3.0110770538971217,-1.3086060226455283,0.0358943
1.4114981806729627,-2.3293729821399802,-1.1602601883111645,-0.0429253
1.4114981806729627,0.04416036720984273,2.8450773387166617,0.0332332
1.4114981806729627,0.34085203587857027,2.8450773387166617,0.0346213
1.4114981806729627,1.6759645448878455,-3.3854477033266237,-0.0521662
1.4114981806729627,2.8627312195627574,0.9165814923699296,0.0286457
1.559844015007327,-2.0326813134712522,1.213273161038658,0.00450674
1.559844015007327,-2.0326813134712522,1.3616189953730213,0.0117737
1.559844015007327,-1.7359896448025238,-1.3086060226455283,-0.0317614
1.559844015007327,-1.2909521417994325,-1.7536435256486205,-0.0151212
1.559844015007327,-0.8459146387963408,2.993423173051025,0.0299766
1.559844015007327,-0.2525313014588857,2.993423173051025,0.0303745
1.559844015007327,0.19250620154420606,-3.9788310406640788,-0.0597581
1.559844015007327,1.8243103792222106,3.1417690073853892,0.0379318
1.7081898493416912,-1.2909521417994325,-2.198681028651712,-0.0246353
1.7081898493416912,-1.2909521417994325,-2.0503351943173485,-0.0195736
1.7081898493416912,0.4891978702129345,2.993423173051025,0.0342785
1.7081898493416912,1.6759645448878455,3.1417690073853892,0.0369021
1.8565356836760554,0.19250620154420606,-3.9788310406640788,-0.0593842
1.8565356836760554,1.0825812075503896,-3.8304852063297155,-0.0550749
1.8565356836760554,1.5276187105534813,-3.5337935376609875,-0.0504087
1.8565356836760554,2.7143853852283932,-1.3086060226455283,0.0379213
1.8565356836760554,3.0110770538971217,0.026506486363746085,0.0405945
1.8565356836760554,3.0110770538971217,1.0649273267042938,0.0286964
1.8565356836760554,3.0110770538971217,1.3616189953730213,0.0260557
2.004881518010418,-2.0326813134712522,2.1033481670448424,0.0243608
2.004881518010418,-1.8843354791368885,0.3231981550324745,-0.00875844
2.004881518010418,2.4176937165596657,2.6967315043822975,0.029665
2.153227352344784,-1.8843354791368885,0.7682356580355663,0.012671
2.153227352344784,-1.8843354791368885,2.40003983571357,0.0236566
2.153227352344784,0.19250620154420606,3.2901148417197534,0.0311154
2.153227352344784,1.2309270418847538,-3.6821393719953512,-0.0510408
2.153227352344784,2.8627312195627574,0.026506486363746085,0.0418916
2.3015731866791462,-2.0326813134712522,1.9550023327104773,0.019775
2.3015731866791462,-1.8843354791368885,0.619889823701202,0.0166513
2.3015731866791462,0.785889538881662,3.1417690073853892,0.0340133
2.3015731866791462,1.972656213556573,-2.0503351943173485,0.00682714
2.4499190210135104,-2.0326813134712522,1.5099648297073855,0.0172903
2.4499190210135104,-2.0326813134712522,1.6583106640417498,0.0173656
2.4499190210135104,-1.8843354791368885,-1.1602601883111645,-0.00773668
2.4499190210135104,-0.8459146387963408,3.2901148417197534,0.023436
2.4499190210135104,-0.5492229701276132,-3.5337935376609875,-0.0493115
2.4499190210135104,1.2309270418847538,-3.5337935376609875,-0.046692
2.4499190210135104,2.8627312195627574,0.1748523206981103,0.0406038
2.4499190210135104,3.159422888231484,0.9165814923699296,0.0345276
2.5982648553478747,-2.0326813134712522,0.47154398936683783,0.0169341
2.5982648553478747,-2.0326813134712522,0.9165814923699296,0.0174874
2.5982648553478747,-1.58764381046816,-1.9019893599829842,0.0126401
2.5982648553478747,-1.4392979761337963,2.8450773387166617,0.0177525
2.5982648553478747,-1.2909521417994325,2.993423173051025,0.0187737
2.5982648553478747,-0.994260473130705,-2.7920643659891677,-0.0158545
2.5982648553478747,-0.8459146387963408,-3.0887560346578953,-0.0308971
2.5982648553478747,1.0825812075503896,-3.5337935376609875,-0.0459196
2.5982648553478747,3.159422888231484,1.3616189953730213,0.0334023
2.746610689682239,-2.0326813134712522,-0.27018518230498145,0.00642974
2.746610689682239,-1.2909521417994325,2.993423173051025,0.0180662
2.746610689682239,-1.1426063074650683,3.1417690073853892,0.0202628
2.746610689682239,1.6759645448878455,2.6967315043822975,0.0329324
2.746610689682239,3.159422888231484,1.3616189953730213,0.0351743
2.8949565240166013,-2.0326813134712522,-0.8635685196424365,0.0021929
2.8949565240166013,-1.2909521417994325,2.993423173051025,0.0174515
2.8949565240166013,-0.994260473130705,3.2901148417197534,0.0233796
2.8949565240166013,1.6759645448878455,-1.7536435256486205,0.0303785
2.8949565240166013,2.8627312195627574,1.9550023327104773,0.0324263
2.8949565240166013,3.159422888231484,0.9165814923699296,0.0392129
3.0433023583509673,-2.3293729821399802,0.9165814923699296,-0.00604092
3.0433023583509673,-2.0326813134712522,-1.0119143539768007,0.00700208
3.0433023583509673,-0.10418546712452148,-3.2371018689922595,-0.0293161
3.0433023583509673,0.34085203587857027,3.58680651038848,0.0382739
3.0433023583509673,1.2309270418847538,2.8450773387166617,0.0352084
3.0433023583509673,1.379272876219118,2.6967315043822975,0.0347642
3.0433023583509673,1.6759645448878455,-1.1602601883111645,0.0460872
3.0433023583509673,3.0110770538971217,1.6583106640417498,0.0363988
3.1916481926853297,-1.4392979761337963,2.6967315043822975,0.0116505
3.1916481926853297,-1.1426063074650683,3.1417690073853892,0.0203112
3.1916481926853297,1.379272876219118,-1.9019893599829842,0.022715
3.1916481926853297,1.6759645448878455,-0.41853101663934567,0.0447754
3.1916481926853297,2.56603955089403,2.1033481670448424,0.0340447
3.1916481926853297,2.8627312195627574,1.806656498376113,0.0366745
3.339994027019694,-2.477718816474344,0.026506486363746085,-0.016838
3.339994027019694,-2.477718816474344,1.213273161038658,-0.0240235
3.339994027019694,-2.0326813134712522,-1.0119143539768007,0.0135468
3.339994027019694,-1.8843354791368885,-1.7536435256486205,0.0386783
3.339994027019694,-1.7359896448025238,-2.0503351943173485,0.0491807
3.339994027019694,-1.2909521417994325,-2.49537269732044,0.0555158
3.339994027019694,1.5276187105534813,2.40003983571357,0.034429
3.339994027019694,3.0110770538971217,0.9165814923699296,0.0428068
3.488339861354058,-1.8843354791368885,-1.7536435256486205,0.0445088
3.488339861354058,-1.7359896448025238,2.1033481670448424,-0.0090344
3.488339861354058,-1.58764381046816,2.251694001379205,-0.00253964
3.488339861354058,0.19250620154420606,3.58680651038848,0.0401549
3.488339861354058,0.6375437045472978,-2.347026862986076,0.0149455
3.488339861354058,1.5276187105534813,-0.27018518230498145,0.0350686
3.488339861354058,2.121002047890938,0.026506486363746085,0.0402502
3.6366856956884224,-1.58764381046816,2.251694001379205,-0.00993389
3.6366856956884224,-0.8459146387963408,3.2901148417197534,0.0261148
3.6366856956884224,1.5276187105534813,2.1033481670448424,0.0349018
3.6366856956884224,2.4176937165596657,0.3231981550324745,0.0418824
3.785031530022785,-2.477718816474344,-0.41853101663934567,-0.025195
3.785031530022785,-1.2909521417994325,2.5483856700479324,0.000130432
3.785031530022785,-0.400877135793249,-2.643718531654804,0.0553471
3.785031530022785,0.34085203587857027,-2.347026862986076,0.0288455
3.785031530022785,1.379272876219118,-0.41853101663934567,0.0215671
3.933377364357151,-1.7359896448025238,2.251694001379205,-0.0298604
3.933377364357151,1.379272876219118,1.5099648297073855,0.0380018
3.933377364357151,1.5276187105534813,0.619889823701202,0.0402286
4.081723198691513,-2.477718816474344,-0.566876850973709,-0.0310467
4.081723198691513,0.9342353732160262,0.7682356580355663,0.0479118
4.081723198691513,1.0825812075503896,-1.456951856979892,0.00611572
4.081723198691513,1.2309270418847538,-1.0119143539768007,0.00606079
4.2300690330258774,-2.9227563194774357,0.1748523206981103,-0.0484787
4.2300690330258774,-1.7359896448025238,-1.456951856979892,0.0449456
4.2300690330258774,0.785889538881662,0.9165814923699296,0.045442
4.378414867360242,-2.181027147805616,-0.8635685196424365,-0.0234866
4.378414867360242,-0.994260473130705,2.40003983571357,-0.0185393
4.378414867360242,-0.400877135793249,-2.347026862986076,0.0648541
4.378414867360242,-0.400877135793249,2.6967315043822975,0.0158962
4.378414867360242,0.19250620154420606,-2.0503351943173485,0.034937
4.378414867360242,0.34085203587857027,2.5483856700479324,0.0268175
4.378414867360242,0.4891978702129345,1.5099648297073855,0.0295706
4.526760701694606,-2.181027147805616,-0.8635685196424365,-0.0287295
4.675106536028968,-2.9227563194774357,0.1748523206981103,-0.0551894
4.675106536028968,-2.9227563194774357,1.0649273267042938,-0.0576886
4.675106536028968,-1.8843354791368885,2.251694001379205,-0.0540815
4.675106536028968,-0.6975688044619774,2.251694001379205,-0.0225866
4.675106536028968,-0.2525313014588857,-1.9019893599829842,0.0491315
4.823452370363334,-2.9227563194774357,0.3231981550324745,-0.057383
4.823452370363334,-2.9227563194774357,0.9165814923699296,-0.058671
4.823452370363334,-0.8459146387963408,-1.456951856979892,0.0430556
4.823452370363334,-0.2525313014588857,-1.456951856979892,0.0325193
4.823452370363334,0.04416036720984273,-1.1602601883111645,0.0157677
4.971798204697697,-2.0326813134712522,2.1033481670448424,-0.0601099
4.971798204697697,-1.58764381046816,-1.0119143539768007,-0.0206138
4.971798204697697,-1.58764381046816,2.251694001379205,-0.0547449
4.971798204697697,-0.2525313014588857,-0.7152226853080732,0.00405754
4.971798204697697,-0.10418546712452148,-0.566876850973709,0.00283648
5.120144039032061,-2.477718816474344,1.6583106640417498,-0.0628984
5.120144039032061,-1.8843354791368885,2.1033481670448424,-0.0603415
5.120144039032061,0.19250620154420606,0.9165814923699296,-0.00682105
5.268489873366425,-1.58764381046816,-0.8635685196424365,-0.0374138
5.416835707700789,-2.477718816474344,-0.12183934797061724,-0.0605569
5.565181542035152,-2.477718816474344,0.1748523206981103,-0.0620499
5.565181542035152,-2.0326813134712522,1.6583106640417498,-0.063336
5.565181542035152,-0.2525313014588857,1.213273161038658,-0.0348729
5.713527376369518,-0.6975688044619774,1.5099648297073855,-0.0477447
5.713527376369518,-0.5492229701276132,-0.12183934797061724,-0.0382455
5.86187321070388,-1.2909521417994325,1.5099648297073855,-0.0575445
5.86187321070388,-0.6975688044619774,0.026506486363746085,-0.044436
5.86187321070388,-0.6975688044619774,1.213273161038658,-0.0481143
6.0102190450382444,-1.7359896448025238,0.9165814923699296,-0.0606083
6.0102190450382444,-1.58764381046816,1.0649273267042938,-0.0597668
