-7.260095922752221,1.3491685140161405,1.3552397641269662,0.0307771
-7.260095922752221,1.3491685140161405,1.5394807468547356,0.030644
-7.075854940024452,-1.0459642614448637,0.8025168159436573,0.0231452
-7.075854940024452,-0.677482295989325,0.43403485048811863,0.0246323
-7.075854940024452,-0.49324131326155474,0.8025168159436573,0.0242567
-7.075854940024452,0.6122045831050622,1.5394807468547356,0.0267116
-6.891613957296682,-1.782928192355942,1.3552397641269662,0.02992
-6.891613957296682,-1.4144462269004023,0.43403485048811863,0.0218323
-6.891613957296682,-0.12475934780601605,-0.11868809769519029,0.0305843
-6.891613957296682,0.24372261764952263,1.7237217295825058,0.0263421
-6.707372974568913,-1.9671691750837113,1.9079627123102751,0.0376102
-6.707372974568913,-1.782928192355942,0.8025168159436573,0.0211508
-6.707372974568913,-1.782928192355942,2.276444677765814,0.0419191
-6.707372974568913,-1.5986872096281717,0.06555288503257994,0.0229858
-6.707372974568913,-1.5986872096281717,2.4606856604935823,0.0429178
-6.707372974568913,-0.8617232787170943,2.6449266432213543,0.0398957
-6.523131991841144,-0.12475934780601605,2.4606856604935823,0.0298619
-6.154650026385604,0.6122045831050622,-0.30292908042295963,0.0288765
-6.154650026385604,1.1649275312883711,2.8291676259491227,0.0131171
-6.154650026385604,2.270373427654988,0.43403485048811863,0.0197747
-6.154650026385604,2.4546144103827583,2.0922036950380436,0.0196568
-5.970409043657835,0.9806865485606009,-0.48717006315072897,0.0266217
-5.786168060930065,-2.335651140539251,0.06555288503257994,-0.00361542
-5.786168060930065,-2.335651140539251,1.7237217295825058,0.0302232
-5.786168060930065,-2.1514101578114806,2.276444677765814,0.0359946
-5.786168060930065,2.6388553931105267,0.8025168159436573,0.0176013
-5.601927078202296,0.7964455658328315,-1.2241339940618072,0.0324096
-5.601927078202296,2.0861324449272196,-1.4083749767895766,0.0296947
-5.601927078202296,2.6388553931105267,-0.48717006315072897,0.0147548
-5.601927078202296,2.6388553931105267,1.7237217295825058,0.0162806
-5.417686095474526,-3.4410970369058673,0.06555288503257994,-0.0238085
-5.417686095474526,-1.4144462269004023,2.8291676259491227,0.0309908
-5.417686095474526,-1.230205244172633,-1.039893011334037,0.0266128
-5.417686095474526,2.6388553931105267,1.7237217295825058,0.0156137
-5.417686095474526,3.0073373585660654,0.8025168159436573,0.0167995
-5.2334451127467565,-3.256856054178098,-0.6714110458784983,-0.0225288
-5.2334451127467565,2.823096375838297,-0.8556520286062677,0.015797
-5.049204130018987,-3.256856054178098,-0.8556520286062677,-0.0191352
-5.049204130018987,-2.888374088722559,1.5394807468547356,0.00856824
-5.049204130018987,-1.782928192355942,-1.039893011334037,-0.00582094
-5.049204130018987,-0.49324131326155474,-1.039893011334037,0.0339506
-5.049204130018987,2.0861324449272196,-1.7768569422451161,0.0331021
-5.049204130018987,2.823096375838297,-1.039893011334037,0.0174731
-5.049204130018987,3.375819324021606,0.9867577986714275,0.0217025
-4.864963147291217,-3.8095790023614065,0.8025168159436573,-0.0127324
-4.864963147291217,3.0073373585660654,1.5394807468547356,0.0181216
-4.6807221645634485,-0.3090003305337854,-0.8556520286062677,0.0341834
-4.6807221645634485,0.24372261764952263,-1.2241339940618072,0.0309031
-4.6807221645634485,1.533409496743909,3.3818905741324317,0.0175457
-4.496481181835679,-2.51989212326702,-1.4083749767895766,-0.0136104
-4.496481181835679,-1.9671691750837113,2.4606856604935823,0.0323295
-4.496481181835679,-1.0459642614448637,-1.7768569422451161,0.0340456
-4.496481181835679,-0.3090003305337854,2.8291676259491227,0.00699946
-4.496481181835679,0.05948163492175329,-2.5138208731561935,0.0324568
-4.496481181835679,0.05948163492175329,-1.039893011334037,0.0318863
-4.496481181835679,0.24372261764952263,-1.9610979249728855,0.0356512
-4.496481181835679,0.24372261764952263,-1.7768569422451161,0.0357841
-4.496481181835679,0.24372261764952263,-1.4083749767895766,0.0333405
-4.496481181835679,0.42796360037729286,-1.592615959517346,0.0323737
-4.496481181835679,0.7964455658328315,-1.7768569422451161,0.0317197
-4.496481181835679,2.4546144103827583,2.0922036950380436,0.0127032
-4.312240199107909,-3.256856054178098,-1.2241339940618072,0.00536554
-4.312240199107909,-1.4144462269004023,-1.2241339940618072,0.00901611
-4.312240199107909,-0.3090003305337854,-3.0665438213395024,0.0282275
-4.312240199107909,-0.3090003305337854,-1.039893011334037,0.0393602
-4.12799921638014,0.05948163492175329,-3.435025786795041,0.0302709
-3.94375823365237,-3.625338019633637,-1.4083749767895766,0.0259864
-3.94375823365237,-1.5986872096281717,-2.5138208731561935,0.0188347
-3.94375823365237,-0.8617232787170943,3.013408608676893,-0.021762
-3.94375823365237,3.0073373585660654,1.7237217295825058,0.0165253
-3.7595172509246,-4.730783916000254,-1.2241339940618072,0.0409115
-3.7595172509246,-2.51989212326702,2.276444677765814,0.0125109
-3.7595172509246,1.1649275312883711,-3.2507848040672718,0.0444079
-3.7595172509246,1.1649275312883711,-3.0665438213395024,0.0421392
-3.7595172509246,1.7176504794716791,2.8291676259491227,0.0128279
-3.5752762681968306,1.7176504794716791,2.4606856604935823,0.00800626
-3.5752762681968306,3.375819324021606,1.3552397641269662,0.0213669
-3.5752762681968306,3.7443012894771446,0.618275833215888,0.0283197
-3.3910352854690613,-3.4410970369058673,1.7237217295825058,0.024594
-3.3910352854690613,-2.888374088722559,1.9079627123102751,0.0170061
-3.3910352854690613,-0.677482295989325,3.1976495914046614,-0.0423359
-3.3910352854690613,1.3491685140161405,2.4606856604935823,0.00173983
-3.206794302741292,-4.546542933272485,-1.592615959517346,0.0387641
-3.206794302741292,-1.9671691750837113,-3.435025786795041,0.0260141
-3.206794302741292,2.4546144103827583,1.5394807468547356,0.00430609
-3.0225533200135226,-1.0459642614448637,-4.171989717706119,0.0257205
-3.0225533200135226,-0.12475934780601605,3.013408608676893,-0.050509
-3.0225533200135226,2.0861324449272196,-1.7768569422451161,0.037378
-3.0225533200135226,3.1915783412938357,0.06555288503257994,0.0176436
-2.8383123372857533,-5.099265881455793,0.06555288503257994,0.0329982
-2.8383123372857533,-4.915024898728023,0.43403485048811863,0.0291248
-2.8383123372857533,-3.256856054178098,-1.9610979249728855,0.00323845
-2.8383123372857533,-1.4144462269004023,3.1976495914046614,-0.047636
-2.8383123372857533,0.7964455658328315,1.5394807468547356,-0.0258586
-2.8383123372857533,1.7176504794716791,-3.435025786795041,0.0811213
-2.8383123372857533,1.9018914621994476,-3.2507848040672718,0.0898336
-2.8383123372857533,2.6388553931105267,-2.329579890428424,0.0730243
-2.654071354557983,-3.256856054178098,2.0922036950380436,0.0160296
-2.654071354557983,-3.072615071450328,2.0922036950380436,0.00993249
-2.654071354557983,-2.51989212326702,-2.5138208731561935,-0.000491858
-2.654071354557983,1.1649275312883711,1.3552397641269662,-0.0110085
-2.654071354557983,1.3491685140161405,1.3552397641269662,-0.0081094
-2.654071354557983,2.4546144103827583,-0.30292908042295963,0.0109057
-2.654071354557983,2.6388553931105267,0.2497938677603493,0.00661499
-2.654071354557983,2.6388553931105267,0.43403485048811863,0.00512953
-2.4698303718302137,-4.915024898728023,-1.039893011334037,0.0362615
-2.4698303718302137,-3.993819985089176,1.9079627123102751,0.0254867
-2.4698303718302137,-3.256856054178098,-2.1453389077006544,-0.00890049
-2.4698303718302137,0.7964455658328315,1.1709987813991969,-0.0175923
-2.4698303718302137,2.270373427654988,0.618275833215888,0.00094277
-2.4698303718302137,3.0073373585660654,-1.592615959517346,0.0421184
-2.4698303718302137,3.1915783412938357,-1.9610979249728855,0.0531385
-2.4698303718302137,3.5600603067493743,-1.039893011334037,0.0253274
-2.4698303718302137,4.481265220388222,-1.9610979249728855,0.0295202
-2.4698303718302137,4.481265220388222,-1.7768569422451161,0.0262481
-2.4698303718302137,4.481265220388222,-1.592615959517346,0.0237433
-2.4698303718302137,4.66550620311599,-0.8556520286062677,0.0248002
-2.4698303718302137,4.66550620311599,-0.6714110458784983,0.0268898
-2.2855893891024444,-3.993819985089176,1.9079627123102751,0.0243718
-2.2855893891024444,-2.704133105994789,-2.5138208731561935,-0.00728498
-2.2855893891024444,-1.4144462269004023,3.013408608676893,-0.0562177
-2.2855893891024444,2.6388553931105267,-0.6714110458784983,0.0207494
-2.2855893891024444,3.1915783412938357,-0.6714110458784983,0.0239475
-2.2855893891024444,4.297024237660452,-2.8823028386117326,0.0483299
-2.2855893891024444,4.849747185843761,-1.592615959517346,0.0219616
-2.2855893891024444,5.033988168571529,-0.6714110458784983,0.0268732
-2.101348406374675,-4.178060967816945,1.7237217295825058,0.023563
-2.101348406374675,3.1915783412938357,-3.0665438213395024,0.0849918
-2.101348406374675,3.5600603067493743,0.06555288503257994,0.0212792
-2.101348406374675,5.033988168571529,-1.9610979249728855,0.0251643
-1.9171074236469057,-2.1514101578114806,2.276444677765814,-0.0539397
-1.9171074236469057,-1.9671691750837113,2.4606856604935823,-0.0583022
-1.9171074236469057,0.05948163492175329,2.0922036950380436,-0.0560061
-1.9171074236469057,5.218229151299299,-1.592615959517346,0.0203916
-1.7328664409191354,-2.888374088722559,1.9079627123102751,-0.011817
-1.7328664409191354,-1.9671691750837113,-3.8035077522505802,0.0354329
-1.548625458191366,-3.993819985089176,-0.8556520286062677,0.0100539
-1.548625458191366,-3.625338019633637,-1.7768569422451161,-0.0163779
-1.548625458191366,-0.12475934780601605,0.9867577986714275,-0.0297979
-1.548625458191366,0.24372261764952263,0.8025168159436573,-0.0224586
-1.548625458191366,1.9018914621994476,0.618275833215888,-0.0113408
-1.548625458191366,2.0861324449272196,0.618275833215888,-0.010795
-1.548625458191366,3.7443012894771446,-3.435025786795041,0.0565845
-1.548625458191366,4.481265220388222,0.618275833215888,0.0195752
-1.3643844754635968,-1.782928192355942,-3.619266769522811,0.0317849
-1.3643844754635968,-1.5986872096281717,1.9079627123102751,-0.0654261
-1.3643844754635968,-1.230205244172633,1.9079627123102751,-0.0640488
-1.3643844754635968,3.1915783412938357,0.43403485048811863,0.00595303
-1.1801434927358274,-1.782928192355942,-3.2507848040672718,0.0275862
-1.1801434927358274,0.7964455658328315,-3.619266769522811,0.0366379
-1.1801434927358274,1.533409496743909,0.9867577986714275,-0.0143057
-1.1801434927358274,3.0073373585660654,0.618275833215888,-0.00140336
-1.1801434927358274,3.5600603067493743,-3.435025786795041,0.0524078
-0.9959025100080572,-3.8095790023614065,1.1709987813991969,-0.0313321
-0.9959025100080572,-0.8617232787170943,-3.435025786795041,0.022753
-0.9959025100080572,-0.49324131326155474,1.1709987813991969,-0.0180853
-0.9959025100080572,0.9806865485606009,-3.619266769522811,0.0304055
-0.9959025100080572,3.5600603067493743,0.618275833215888,-0.00126032
-0.9959025100080572,5.58671111675484,-1.4083749767895766,0.0153026
-0.8116615272802878,-1.9671691750837113,2.0922036950380436,-0.0658651
-0.8116615272802878,3.1915783412938357,-3.2507848040672718,0.0472712
-0.8116615272802878,3.375819324021606,0.8025168159436573,-0.00719059
-0.8116615272802878,3.5600603067493743,0.8025168159436573,-0.0115131
-0.8116615272802878,5.218229151299299,-2.6980618558839633,0.0234039
-0.6274205445525194,-3.625338019633637,-0.48717006315072897,-0.0237977
-0.6274205445525194,1.3491685140161405,-3.619266769522811,0.0194039
-0.6274205445525194,3.375819324021606,-3.2507848040672718,0.0398853
-0.44317956182474916,-3.625338019633637,-0.48717006315072897,-0.0295886
-0.44317956182474916,-3.625338019633637,1.5394807468547356,-0.0601325
-0.44317956182474916,-1.0459642614448637,-2.6980618558839633,0.00482488
-0.44317956182474916,0.6122045831050622,1.7237217295825058,-0.00556009
-0.44317956182474916,3.375819324021606,1.7237217295825058,-0.0167318
-0.44317956182474916,5.58671111675484,-1.7768569422451161,0.0153151
-0.2589385790969807,-3.4410970369058673,1.7237217295825058,-0.0652455
-0.2589385790969807,1.9018914621994476,-3.435025786795041,0.0151954
-0.2589385790969807,2.6388553931105267,-3.0665438213395024,0.0293121
-0.2589385790969807,3.375819324021606,-3.0665438213395024,0.0312153
-0.2589385790969807,4.849747185843761,-2.8823028386117326,0.0195766
-0.0746975963692087,-3.8095790023614065,1.1709987813991969,-0.0642214
-0.0746975963692087,5.218229151299299,0.8025168159436573,-0.0533179
-0.0746975963692087,5.58671111675484,-0.8556520286062677,0.00324242
0.10954338635855976,-3.072615071450328,1.9079627123102751,-0.0707853
0.10954338635855976,-2.888374088722559,-1.039893011334037,-0.0108799
0.10954338635855976,-1.782928192355942,2.0922036950380436,-0.0699126
0.10954338635855976,-0.12475934780601605,-2.8823028386117326,0.0115358
0.10954338635855976,1.7176504794716791,2.0922036950380436,-0.00671386
0.10954338635855976,2.0861324449272196,-3.0665438213395024,0.014697
0.10954338635855976,5.033988168571529,1.7237217295825058,-0.0580437
0.10954338635855976,5.218229151299299,0.06555288503257994,-0.0409922
0.29378436908633,-3.4410970369058673,-0.48717006315072897,-0.0429623
0.29378436908633,-3.256856054178098,-0.6714110458784983,-0.0357076
0.29378436908633,-2.704133105994789,-1.039893011334037,-0.0120203
0.29378436908633,-2.1514101578114806,2.0922036950380436,-0.0728903
0.29378436908633,5.402470134027071,0.9867577986714275,-0.0589196
0.29378436908633,5.58671111675484,-1.7768569422451161,0.0191076
0.47802535181409844,-1.782928192355942,-1.4083749767895766,-0.00172931
0.47802535181409844,0.6122045831050622,-3.435025786795041,0.0302081
0.47802535181409844,1.533409496743909,2.6449266432213543,-0.0261945
0.47802535181409844,3.0073373585660654,2.4606856604935823,0.0057168
0.47802535181409844,3.1915783412938357,-2.5138208731561935,0.0228215
0.6622663345418687,-3.4410970369058673,-0.11868809769519029,-0.0552397
0.6622663345418687,-2.888374088722559,-0.6714110458784983,-0.037507
0.6622663345418687,1.1649275312883711,2.6449266432213543,-0.0342017
0.6622663345418687,1.533409496743909,2.8291676259491227,-0.0265023
0.6622663345418687,2.0861324449272196,-2.5138208731561935,0.0180355
0.6622663345418687,3.0073373585660654,3.3818905741324317,0.0112224
0.6622663345418687,3.375819324021606,3.3818905741324317,0.0116237
0.8465073172696371,-3.4410970369058673,0.618275833215888,-0.0670263
0.8465073172696371,-3.256856054178098,-0.11868809769519029,-0.0558707
0.8465073172696371,-2.888374088722559,-0.48717006315072897,-0.0453909
0.8465073172696371,-2.335651140539251,1.9079627123102751,-0.0712819
0.8465073172696371,-1.5986872096281717,-1.4083749767895766,-0.0115118
0.8465073172696371,-0.3090003305337854,2.4606856604935823,-0.0306634
0.8465073172696371,0.24372261764952263,-3.619266769522811,0.0241895
0.8465073172696371,0.9806865485606009,-3.619266769522811,0.0336481
0.8465073172696371,1.3491685140161405,-3.435025786795041,0.033737
0.8465073172696371,3.0073373585660654,-2.1453389077006544,0.0150716
0.8465073172696371,5.033988168571529,2.0922036950380436,-0.0605314
0.8465073172696371,5.218229151299299,-0.6714110458784983,-0.00865658
1.0307482999974074,-1.5986872096281717,2.8291676259491227,-0.0328716
1.0307482999974074,5.218229151299299,-1.039893011334037,0.00970737
1.2149892827251776,-1.9671691750837113,2.8291676259491227,-0.031553
1.2149892827251776,-1.4144462269004023,-2.329579890428424,-0.0174516
1.2149892827251776,-0.49324131326155474,3.013408608676893,-0.026862
1.2149892827251776,3.375819324021606,-1.4083749767895766,0.0076612
1.2149892827251776,4.297024237660452,3.1976495914046614,-0.000136341
1.399230265452946,-2.704133105994789,1.5394807468547356,-0.0632727
1.399230265452946,-2.704133105994789,1.7237217295825058,-0.060648
1.399230265452946,0.05948163492175329,2.8291676259491227,-0.0334907
1.399230265452946,2.0861324449272196,-2.1453389077006544,0.00282102
1.399230265452946,3.1915783412938357,-1.039893011334037,0.00197414
1.399230265452946,4.481265220388222,-1.592615959517346,0.0202616
1.5834712481807163,-2.51989212326702,2.6449266432213543,-0.0352512
1.5834712481807163,2.0861324449272196,-1.9610979249728855,-0.00319222
1.5834712481807163,5.218229151299299,0.06555288503257994,-0.0535113
1.5834712481807163,5.402470134027071,0.618275833215888,-0.0602965
1.7677122309084847,-1.5986872096281717,-2.5138208731561935,-0.0201752
1.7677122309084847,-0.677482295989325,-3.619266769522811,0.00189412
1.7677122309084847,0.9806865485606009,3.013408608676893,-0.0222832
1.7677122309084847,2.6388553931105267,-1.039893011334037,-0.00493111
1.951953213636255,-2.888374088722559,2.276444677765814,-0.042145
1.951953213636255,-2.335651140539251,-0.11868809769519029,-0.0307269
1.951953213636255,-0.49324131326155474,-3.8035077522505802,0.0080662
1.951953213636255,1.9018914621994476,-2.6980618558839633,0.00667829
1.951953213636255,4.849747185843761,1.9079627123102751,-0.0554769
2.1361941963640234,-2.51989212326702,0.43403485048811863,-0.0314219
2.1361941963640234,-2.335651140539251,-0.48717006315072897,-0.0272612
2.1361941963640234,-0.8617232787170943,-3.8035077522505802,0.00159862
2.1361941963640234,2.0861324449272196,-0.6714110458784983,-0.00424312
2.1361941963640234,3.0073373585660654,4.487336470499048,0.0130041
2.1361941963640234,3.1915783412938357,4.487336470499048,0.0149294
2.1361941963640234,4.481265220388222,3.3818905741324317,0.00536339
2.3204351790917936,-2.51989212326702,0.2497938677603493,-0.025878
2.3204351790917936,-1.782928192355942,-2.6980618558839633,-0.0200056
2.3204351790917936,-1.782928192355942,-1.592615959517346,-0.0143537
2.3204351790917936,-1.230205244172633,3.5661315568602,0.00342788
2.3204351790917936,-0.12475934780601605,3.3818905741324317,-0.0164292
2.3204351790917936,1.9018914621994476,-1.2241339940618072,-0.0144484
2.3204351790917936,3.7443012894771446,4.303095487771279,0.0175732
2.3204351790917936,4.66550620311599,0.2497938677603493,-0.0489406
2.3204351790917936,4.66550620311599,1.7237217295825058,-0.0449809
2.3204351790917936,4.849747185843761,0.618275833215888,-0.053784
2.504676161819562,-1.4144462269004023,-3.619266769522811,-0.00704581
2.504676161819562,-1.230205244172633,-3.8035077522505802,-0.00228542
2.504676161819562,0.6122045831050622,-4.171989717706119,0.0289818
2.6889171445473323,-2.51989212326702,3.013408608676893,-0.0201574
2.6889171445473323,-0.677482295989325,-4.356230700433889,0.0164577
2.6889171445473323,-0.12475934780601605,-4.540471683161659,0.0278947
2.6889171445473323,0.05948163492175329,-4.540471683161659,0.0301545
2.6889171445473323,0.6122045831050622,3.013408608676893,-0.0135387
2.6889171445473323,1.533409496743909,0.06555288503257994,-0.0209639
2.6889171445473323,1.7176504794716791,-1.039893011334037,-0.0177829
2.6889171445473323,2.4546144103827583,0.2497938677603493,-0.000507233
2.6889171445473323,3.7443012894771446,0.618275833215888,-0.0174662
2.873158127275101,-2.888374088722559,2.4606856604935823,-0.0357667
2.873158127275101,-2.1514101578114806,-1.7768569422451161,-0.0190646
3.057399110002871,-2.888374088722559,1.1709987813991969,-0.0359389
3.057399110002871,1.1649275312883711,-3.98774873497835,0.0235799
3.057399110002871,1.3491685140161405,-0.6714110458784983,-0.0190901
3.241640092730643,-0.3090003305337854,-4.724712665889427,0.0317605
3.241640092730643,0.24372261764952263,3.013408608676893,-0.0203976
3.241640092730643,0.9806865485606009,0.618275833215888,-0.026417
3.241640092730643,1.1649275312883711,-0.6714110458784983,-0.0175264
3.241640092730643,1.1649275312883711,1.3552397641269662,-0.0291452
3.241640092730643,1.533409496743909,-1.4083749767895766,-0.0200094
3.241640092730643,3.375819324021606,3.9346135223157406,0.0202625
3.4258810754584115,-2.1514101578114806,-2.8823028386117326,-0.015636
3.4258810754584115,-1.9671691750837113,3.1976495914046614,-0.0198801
3.4258810754584115,-1.782928192355942,-3.435025786795041,-0.00731227
3.4258810754584115,0.6122045831050622,1.9079627123102751,-0.0248126
3.4258810754584115,0.9806865485606009,-0.6714110458784983,-0.0145355
3.4258810754584115,0.9806865485606009,-0.48717006315072897,-0.0161512
3.4258810754584115,0.9806865485606009,3.7503725395879703,0.0172137
3.4258810754584115,1.533409496743909,1.5394807468547356,-0.0140558
3.4258810754584115,2.823096375838297,4.118854505043509,0.0176821
3.4258810754584115,4.112783254932683,1.1709987813991969,0.00812385
3.4258810754584115,4.297024237660452,1.3552397641269662,0.00811659
3.6101220581861817,-0.3090003305337854,-4.724712665889427,0.0336397
3.6101220581861817,0.6122045831050622,0.9867577986714275,-0.0180178
3.6101220581861817,1.1649275312883711,-1.2241339940618072,-0.0178526
3.6101220581861817,3.0073373585660654,0.9867577986714275,0.00941674
3.79436304091395,-2.335651140539251,-2.6980618558839633,-0.0129494
3.79436304091395,-0.8617232787170943,3.1976495914046614,-0.0255995
3.79436304091395,-0.3090003305337854,3.013408608676893,-0.0275272
3.79436304091395,0.05948163492175329,-4.724712665889427,0.0369541
3.79436304091395,0.7964455658328315,0.2497938677603493,-0.0197044
3.79436304091395,1.1649275312883711,-3.98774873497835,0.0218063
3.79436304091395,1.533409496743909,-2.5138208731561935,-0.0113096
3.79436304091395,1.533409496743909,-2.329579890428424,-0.0140041
3.79436304091395,1.7176504794716791,1.9079627123102751,-0.00173095
3.79436304091395,1.9018914621994476,4.118854505043509,0.0213415
3.79436304091395,2.0861324449272196,4.118854505043509,0.0207118
3.9786040236417204,-1.4144462269004023,3.013408608676893,-0.0305328
3.9786040236417204,0.7964455658328315,-4.356230700433889,0.031422
3.9786040236417204,1.1649275312883711,3.013408608676893,0.010737
3.9786040236417204,1.1649275312883711,3.1976495914046614,0.0136111
3.9786040236417204,1.3491685140161405,-3.2507848040672718,0.00243864
3.9786040236417204,3.1915783412938357,3.3818905741324317,0.0161684
3.9786040236417204,4.297024237660452,2.0922036950380436,0.0191292
4.162845006369489,-2.888374088722559,-1.039893011334037,-0.0126367
4.162845006369489,-1.782928192355942,2.6449266432213543,-0.0379603
4.162845006369489,-1.230205244172633,2.8291676259491227,-0.0346928
4.162845006369489,-1.0459642614448637,2.8291676259491227,-0.0342896
4.162845006369489,-0.49324131326155474,2.6449266432213543,-0.0335129
4.162845006369489,-0.12475934780601605,-4.540471683161659,0.03395
4.162845006369489,0.9806865485606009,-1.2241339940618072,-0.0186535
4.162845006369489,1.3491685140161405,-2.1453389077006544,-0.0159238
4.162845006369489,2.4546144103827583,3.5661315568602,0.0156421
4.162845006369489,3.0073373585660654,3.1976495914046614,0.0129301
4.347085989097259,-3.256856054178098,1.5394807468547356,-0.0368598
4.347085989097259,-3.072615071450328,-0.8556520286062677,-0.0160853
4.347085989097259,0.6122045831050622,0.06555288503257994,-0.0172684
4.347085989097259,0.7964455658328315,-3.98774873497835,0.0230685
4.5313269718250275,0.24372261764952263,0.618275833215888,-0.0120809
4.715567954552798,-3.256856054178098,1.7237217295825058,-0.031894
4.715567954552798,-0.8617232787170943,2.0922036950380436,-0.036069
4.715567954552798,-0.12475934780601605,-3.8035077522505802,0.024986
4.715567954552798,0.05948163492175329,-3.8035077522505802,0.0239598
4.715567954552798,0.6122045831050622,-0.48717006315072897,-0.0177485
4.899808937280566,-2.51989212326702,-2.1453389077006544,0.00012255
4.899808937280566,-0.12475934780601605,-3.435025786795041,0.0218176
5.084049920008336,-2.335651140539251,-2.6980618558839633,0.00959243
5.268290902736107,0.24372261764952263,-0.48717006315072897,-0.0127608
5.268290902736107,0.6122045831050622,-1.592615959517346,-0.0119712
5.452531885463875,0.05948163492175329,-0.48717006315072897,-0.0102593
5.636772868191645,-2.1514101578114806,-2.6980618558839633,0.0221269
5.636772868191645,-1.9671691750837113,2.276444677765814,-0.0215054
5.636772868191645,-0.3090003305337854,-3.0665438213395024,0.0222937
5.636772868191645,-0.12475934780601605,-0.6714110458784983,-0.00749791
5.636772868191645,-0.12475934780601605,-0.48717006315072897,-0.00889604
5.821013850919414,-2.1514101578114806,-2.329579890428424,0.020722
5.821013850919414,-2.1514101578114806,-1.7768569422451161,0.00938612
5.821013850919414,-0.12475934780601605,0.06555288503257994,-0.016932
5.821013850919414,-0.12475934780601605,0.8025168159436573,-0.0244494
6.005254833647184,-3.625338019633637,0.43403485048811863,-0.0144783
6.005254833647184,-1.9671691750837113,-1.7768569422451161,0.0124941
6.005254833647184,-1.4144462269004023,2.0922036950380436,-0.0222169
6.005254833647184,-1.230205244172633,-3.0665438213395024,0.0335027
6.005254833647184,-0.49324131326155474,-0.6714110458784983,-0.00913631
6.005254833647184,-0.12475934780601605,-2.1453389077006544,0.00991921
6.1894958163749525,-3.256856054178098,1.1709987813991969,0.00248494
6.1894958163749525,-1.5986872096281717,-1.592615959517346,0.0103419
6.1894958163749525,-1.5986872096281717,-1.4083749767895766,0.00287292
6.1894958163749525,-0.8617232787170943,1.7237217295825058,-0.0265543
6.373736799102723,-3.072615071450328,1.1709987813991969,0.00735627
6.742218764558263,-1.4144462269004023,-0.6714110458784983,-0.0205986
6.926459747286032,-1.0459642614448637,0.618275833215888,-0.02277
