-7.733032706531306,-1.8929287878224725,0.7483497077248602,0.0318387
-7.547241234583218,-1.3355543719782066,-0.9237735398079367,0.0179263
-7.547241234583218,-0.9639714280820293,-0.9237735398079367,0.0247479
-7.361449762635129,-0.9639714280820293,1.491515595517214,0.0371979
-7.175658290687041,-0.7781799561339406,-2.0385223714964673,0.0213836
-6.989866818738952,-2.4503032036667376,-0.7379820678598472,-0.00154907
-6.989866818738952,0.15077740360650171,-2.595896787340733,0.0403589
-6.804075346790864,-2.821886147562914,0.005183819932506495,0.00075753
-6.804075346790864,-2.821886147562914,0.3767667638286838,0.00633798
-6.804075346790864,-0.035014068341586935,-2.7816882592888215,0.0368593
-6.804075346790864,0.5223603475026781,-2.595896787340733,0.044327
-6.618283874842775,-1.5213458439262952,-2.224313843444556,0.00340682
-6.618283874842775,-0.7781799561339406,1.6773070674653034,0.0238532
-6.432492402894686,-3.1934690914590913,0.3767667638286838,0.00184076
-6.432492402894686,-2.4503032036667376,2.420472955257657,0.0395786
-6.432492402894686,-1.707137315874383,-2.224313843444556,-0.000365137
-6.432492402894686,-0.22080554028967558,1.491515595517214,0.0173353
-6.246700930946599,-3.1934690914590913,2.2346814833095685,0.038279
-6.246700930946599,0.7081518194507677,0.005183819932506495,0.0178339
-6.246700930946599,1.079734763346944,-0.9237735398079367,0.0245143
-6.06090945899851,-3.5650520353552686,0.9341411796729497,0.0090599
-6.06090945899851,-1.8929287878224725,2.606264427205745,0.0341462
-5.875117987050421,-2.821886147562914,-0.9237735398079367,-0.0108615
-5.875117987050421,-1.8929287878224725,-2.410105315392644,-0.00501144
-5.875117987050421,-1.3355543719782066,-2.7816882592888215,0.00480469
-5.689326515102333,-3.0076776195110035,-0.7379820678598472,-0.0108287
-5.503535043154244,-3.7508435073033572,1.491515595517214,0.0193486
-5.503535043154244,-3.1934690914590913,2.606264427205745,0.040439
-5.503535043154244,-1.8929287878224725,-2.595896787340733,-0.00557819
-5.503535043154244,1.079734763346944,0.19097529188059426,0.037298
-5.317743571206155,0.33656887555459036,-2.7816882592888215,0.0345776
-5.317743571206155,0.33656887555459036,0.9341411796729497,0.0130214
-5.317743571206155,0.5223603475026781,0.7483497077248602,0.0201255
-5.131952099258068,-0.9639714280820293,2.2346814833095685,0.00878803
-5.131952099258068,1.8229006511392987,1.6773070674653034,0.0575794
-5.131952099258068,3.309232426724008,3.3494303149980986,0.116126
-4.946160627309978,-3.0076776195110035,2.606264427205745,0.0360172
-4.946160627309978,0.5223603475026781,-2.595896787340733,0.0328198
-4.946160627309978,3.309232426724008,0.005183819932506495,0.0117982
-4.946160627309978,3.866606842568273,0.7483497077248602,0.0155072
-4.946160627309978,4.052398314516361,0.9341411796729497,0.016606
-4.946160627309978,4.423981258412538,1.6773070674653034,0.0343282
-4.946160627309978,4.423981258412538,2.2346814833095685,0.0605033
-4.76036915536189,-1.5213458439262952,-3.1532712031849983,0.00582443
-4.76036915536189,-0.5923884841858529,1.8630985394133912,0.00139937
-4.76036915536189,0.8939432913988563,-2.0385223714964673,0.0235332
-4.76036915536189,1.079734763346944,-1.4811479556522018,0.0167869
-4.76036915536189,1.8229006511392987,-0.7379820678598472,0.0285138
-4.76036915536189,2.0086921230873864,-0.7379820678598472,0.025524
-4.574577683413802,-3.7508435073033572,-0.3663991239636708,-0.00873945
-4.574577683413802,-2.821886147562914,-1.6669394276002905,-0.00901396
-4.574577683413802,-2.4503032036667376,-2.410105315392644,-0.00759605
-4.574577683413802,4.423981258412538,0.9341411796729497,0.00985062
-4.574577683413802,4.609772730360626,2.420472955257657,0.0586363
-4.388786211465713,-2.6360946756148262,-2.224313843444556,-0.00789993
-4.388786211465713,0.33656887555459036,0.5625582357767716,0.0191336
-4.388786211465713,0.5223603475026781,1.1199326516210375,0.0226452
-4.388786211465713,4.052398314516361,3.3494303149980986,0.0973899
-4.388786211465713,4.609772730360626,2.606264427205745,0.0644255
-4.202994739517624,-3.936634979251446,0.9341411796729497,0.0114556
-4.202994739517624,-2.821886147562914,-2.0385223714964673,-0.0069111
-4.202994739517624,-1.149762900030117,-3.5248541470811756,0.0201165
-4.202994739517624,0.5223603475026781,-3.1532712031849983,0.0386439
-4.202994739517624,0.7081518194507677,1.491515595517214,0.0201532
-4.202994739517624,2.937649482827829,-0.9237735398079367,0.00338794
-4.017203267569537,-1.5213458439262952,-3.339062675133087,0.0137473
-4.017203267569537,-0.40659701223776334,1.1199326516210375,-0.00120688
-4.017203267569537,0.15077740360650171,0.19097529188059426,0.0100207
-4.017203267569537,1.2655262352950318,-1.6669394276002905,0.0262523
-4.017203267569537,1.4513177072431214,-1.1095650117560245,0.026562
-3.831411795621447,-3.1934690914590913,-1.6669394276002905,-0.00269952
-3.831411795621447,-1.3355543719782066,2.04889001136148,0.00217791
-3.831411795621447,1.8229006511392987,2.977847371101923,0.0271147
-3.831411795621447,2.0086921230873864,-1.6669394276002905,0.0263301
-3.831411795621447,4.795564202308715,0.9341411796729497,0.0103311
-3.6456203236733593,-4.122426451199534,0.7483497077248602,0.0135733
-3.6456203236733593,-1.707137315874383,-3.1532712031849983,0.0138772
-3.6456203236733593,0.33656887555459036,0.19097529188059426,0.0142169
-3.6456203236733593,0.7081518194507677,-2.9674797312369097,0.038898
-3.6456203236733593,1.2655262352950318,2.2346814833095685,0.0148357
-3.6456203236733593,2.751858010879741,-1.2953564837041136,0.0136257
-3.4598288517252707,-3.936634979251446,-0.18060765201558215,0.00423909
-3.4598288517252707,-2.821886147562914,-2.224313843444556,0.00521277
-3.4598288517252707,1.8229006511392987,2.977847371101923,0.0163583
-3.4598288517252707,2.194483595035476,-2.224313843444556,0.0255976
-3.4598288517252707,3.6808153706201834,-0.9237735398079367,-0.00167135
-3.274037379777181,0.33656887555459036,1.1199326516210375,0.0170511
-3.274037379777181,2.5660665389316533,-2.0385223714964673,0.022779
-3.274037379777181,3.866606842568273,3.535221786946188,0.0621226
-3.274037379777181,5.35293861815298,1.3057241235691261,0.0153882
-3.0882459078290934,-4.122426451199534,0.9341411796729497,0.0229229
-3.0882459078290934,-0.9639714280820293,1.491515595517214,0.00546295
-3.0882459078290934,0.15077740360650171,1.3057241235691261,0.0206234
-3.0882459078290934,2.937649482827829,3.535221786946188,0.0336228
-3.0882459078290934,4.423981258412538,0.005183819932506495,-0.00237215
-3.0882459078290934,5.35293861815298,1.1199326516210375,0.0103265
-2.9024544358810047,-0.40659701223776334,-3.339062675133087,0.0397366
-2.9024544358810047,0.15077740360650171,1.491515595517214,0.0219189
-2.9024544358810047,1.4513177072431214,-2.7816882592888215,0.0292082
-2.9024544358810047,1.637109179191211,2.420472955257657,0.00641856
-2.9024544358810047,4.609772730360626,0.005183819932506495,-0.00818719
-2.9024544358810047,5.53873009010107,3.163638843050011,0.0558699
-2.716662963932917,-3.936634979251446,0.3767667638286838,0.0193738
-2.716662963932917,-3.7508435073033572,-1.1095650117560245,0.0161889
-2.716662963932917,-3.0076776195110035,2.04889001136148,0.0305751
-2.716662963932917,-0.40659701223776334,-3.1532712031849983,0.0382717
-2.716662963932917,0.5223603475026781,-2.595896787340733,0.0329472
-2.716662963932917,2.0086921230873864,2.7920558991538345,0.00757198
-2.716662963932917,3.866606842568273,3.7210132588942777,0.0469483
-2.716662963932917,4.609772730360626,-0.18060765201558215,-0.013116
-2.5308714919848274,-0.40659701223776334,-2.9674797312369097,0.0359675
-2.5308714919848274,3.1234409547759183,-2.410105315392644,0.0251273
-2.5308714919848274,3.309232426724008,-2.224313843444556,0.0251052
-2.3450800200367397,-3.936634979251446,-1.852730899548379,0.0220111
-2.3450800200367397,-2.0787202597705603,1.6773070674653034,0.0224767
-2.3450800200367397,0.15077740360650171,-2.224313843444556,0.0235565
-2.3450800200367397,2.5660665389316533,-2.7816882592888215,0.0229932
-2.3450800200367397,4.238189786464448,-0.7379820678598472,-0.00830477
-2.3450800200367397,5.53873009010107,1.3057241235691261,0.00713996
-2.159288548088651,-3.936634979251446,-2.0385223714964673,0.0226292
-2.159288548088651,-3.5650520353552686,0.7483497077248602,0.0264945
-2.159288548088651,-3.5650520353552686,0.9341411796729497,0.0275677
-2.159288548088651,-1.707137315874383,-3.339062675133087,0.0264756
-2.159288548088651,-1.149762900030117,-3.339062675133087,0.033259
-2.159288548088651,-0.5923884841858529,1.6773070674653034,0.0233101
-2.159288548088651,0.15077740360650171,1.8630985394133912,0.0194591
-2.159288548088651,1.079734763346944,1.6773070674653034,0.00645753
-2.159288548088651,3.495023898672094,-2.410105315392644,0.0293171
-1.9734970761405624,-1.5213458439262952,1.491515595517214,0.0260812
-1.9734970761405624,-0.22080554028967558,1.8630985394133912,0.0206271
-1.9734970761405624,3.866606842568273,-1.6669394276002905,0.0215557
-1.7877056041924737,-2.0787202597705603,1.6773070674653034,0.0285139
-1.7877056041924737,4.052398314516361,-0.9237735398079367,-0.00199424
-1.7877056041924737,4.981355674256805,-0.18060765201558215,-0.0322935
-1.7877056041924737,5.53873009010107,1.8630985394133912,0.0222794
-1.601914132244386,-0.9639714280820293,-3.339062675133087,0.0358182
-1.601914132244386,0.7081518194507677,1.8630985394133912,0.0106647
-1.601914132244386,2.0086921230873864,1.8630985394133912,-0.0029611
-1.601914132244386,2.3802750669835637,-2.9674797312369097,0.0248457
-1.601914132244386,2.751858010879741,-2.9674797312369097,0.0290063
-1.601914132244386,3.1234409547759183,3.163638843050011,0.0130971
-1.601914132244386,3.866606842568273,-2.0385223714964673,0.0290209
-1.601914132244386,4.981355674256805,-0.18060765201558215,-0.0346375
-1.601914132244386,5.35293861815298,1.3057241235691261,-0.00634038
-1.601914132244386,5.35293861815298,1.491515595517214,0.00265846
-1.4161226602962964,-3.936634979251446,-0.7379820678598472,0.0168127
-1.4161226602962964,-3.3792605634071804,-2.595896787340733,0.0154674
-1.4161226602962964,-2.6360946756148262,1.6773070674653034,0.0213624
-1.4161226602962964,-1.149762900030117,1.6773070674653034,0.0274578
-1.4161226602962964,0.15077740360650171,2.04889001136148,0.0152509
-1.4161226602962964,1.637109179191211,1.491515595517214,-0.00111632
-1.4161226602962964,3.866606842568273,-2.0385223714964673,0.0292887
-1.4161226602962964,3.866606842568273,3.3494303149980986,0.0252722
-1.4161226602962964,5.35293861815298,2.2346814833095685,0.0309833
-1.2303311883482078,-3.5650520353552686,-2.410105315392644,0.0165515
-1.2303311883482078,-2.4503032036667376,-2.9674797312369097,0.0142667
-1.04453971640012,-3.3792605634071804,0.19097529188059426,0.00305869
-1.04453971640012,-3.0076776195110035,-2.595896787340733,0.0105911
-1.04453971640012,2.3802750669835637,2.04889001136148,-0.0179667
-1.04453971640012,4.423981258412538,-0.5521905959117595,-0.0222306
-1.04453971640012,4.423981258412538,2.7920558991538345,0.024408
-1.04453971640012,4.981355674256805,1.6773070674653034,-0.00816747
-0.8587482444520322,-3.3792605634071804,-0.18060765201558215,0.00636483
-0.8587482444520322,0.15077740360650171,-2.595896787340733,9.80192e-05
-0.8587482444520322,1.2655262352950318,1.6773070674653034,0.00705106
-0.8587482444520322,1.637109179191211,-2.595896787340733,0.0122242
-0.8587482444520322,2.751858010879741,-2.7816882592888215,0.0280613
-0.8587482444520322,4.423981258412538,2.2346814833095685,0.00128424
-0.8587482444520322,4.981355674256805,0.19097529188059426,-0.0409652
-0.6729567725039427,-3.936634979251446,1.8630985394133912,-0.0455253
-0.6729567725039427,-3.3792605634071804,-2.0385223714964673,0.00716209
-0.6729567725039427,1.637109179191211,1.1199326516210375,0.000109343
-0.6729567725039427,4.981355674256805,0.5625582357767716,-0.0422876
-0.48716530055585316,-4.494009395095711,0.9341411796729497,-0.0513425
-0.48716530055585316,-4.494009395095711,1.3057241235691261,-0.0528681
-0.48716530055585316,-3.7508435073033572,2.2346814833095685,-0.0463736
-0.48716530055585316,-1.8929287878224725,-2.9674797312369097,0.0264724
-0.48716530055585316,-1.8929287878224725,1.8630985394133912,0.00793359
-0.48716530055585316,-1.707137315874383,-3.1532712031849983,0.0309992
-0.48716530055585316,2.5660665389316533,1.6773070674653034,-0.0318186
-0.48716530055585316,3.309232426724008,-2.224313843444556,0.0230965
-0.48716530055585316,4.795564202308715,0.3767667638286838,-0.0392626
-0.3013738286077654,-3.3792605634071804,-1.4811479556522018,-0.00816197
-0.3013738286077654,-2.821886147562914,2.420472955257657,-0.0389489
-0.3013738286077654,-2.4503032036667376,2.2346814833095685,-0.0286863
-0.3013738286077654,-0.22080554028967558,-3.339062675133087,0.0331654
-0.3013738286077654,2.751858010879741,-2.410105315392644,0.0175045
-0.3013738286077654,3.1234409547759183,1.8630985394133912,-0.037409
-0.3013738286077654,4.423981258412538,1.491515595517214,-0.0392284
-0.3013738286077654,4.609772730360626,0.19097529188059426,-0.0253727
-0.11558235665967764,-4.6798008670438,0.5625582357767716,-0.0516938
-0.11558235665967764,4.052398314516361,1.491515595517214,-0.0424375
-0.11558235665967764,4.238189786464448,1.3057241235691261,-0.0427613
0.0702091152884119,-0.22080554028967558,-3.5248541470811756,0.0322609
0.0702091152884119,1.4513177072431214,1.1199326516210375,0.00574516
0.0702091152884119,2.5660665389316533,0.9341411796729497,-0.0220443
0.0702091152884119,4.238189786464448,-1.4811479556522018,0.00837234
0.25600058723649965,-4.6798008670438,2.04889001136148,-0.0587427
0.25600058723649965,-4.494009395095711,0.005183819932506495,-0.034542
0.25600058723649965,-4.122426451199534,-0.3663991239636708,-0.00851423
0.25600058723649965,-1.707137315874383,1.8630985394133912,0.00741962
0.25600058723649965,-0.9639714280820293,1.8630985394133912,0.0277353
0.25600058723649965,0.7081518194507677,-2.7816882592888215,0.0106628
0.4417920591845892,0.15077740360650171,2.606264427205745,0.0137948
0.4417920591845892,1.079734763346944,1.491515595517214,0.0111578
0.4417920591845892,1.2655262352950318,1.1199326516210375,0.00639778
0.4417920591845892,4.052398314516361,-1.852730899548379,0.00116661
0.627583531132677,-2.0787202597705603,-3.1532712031849983,0.0158319
0.627583531132677,-1.707137315874383,2.2346814833095685,0.0116673
0.627583531132677,-0.5923884841858529,-3.710645619029264,0.0285751
0.627583531132677,1.637109179191211,0.9341411796729497,-0.00543291
0.627583531132677,3.495023898672094,0.9341411796729497,-0.0148267
0.8133750030807647,-1.707137315874383,2.7920558991538345,0.00522794
0.8133750030807647,-0.7781799561339406,-3.710645619029264,0.0260313
0.8133750030807647,0.7081518194507677,2.606264427205745,0.0106787
0.8133750030807647,0.8939432913988563,1.491515595517214,0.00460347
0.8133750030807647,1.079734763346944,-2.9674797312369097,0.00146352
0.8133750030807647,1.2655262352950318,0.9341411796729497,-0.00144892
0.8133750030807647,1.637109179191211,0.9341411796729497,-0.00803745
0.8133750030807647,2.751858010879741,-2.595896787340733,-0.00682954
0.9991664750288543,-3.7508435073033572,-1.852730899548379,-0.041197
0.9991664750288543,-3.7508435073033572,2.7920558991538345,-0.0565965
0.9991664750288543,-1.707137315874383,3.163638843050011,-0.000498344
0.9991664750288543,1.2655262352950318,-2.9674797312369097,-0.00209297
1.1849579469769438,-4.865592338991888,0.5625582357767716,-0.0477215
1.1849579469769438,-1.8929287878224725,3.163638843050011,-0.00423358
1.1849579469769438,-1.5213458439262952,-3.5248541470811756,0.018388
1.1849579469769438,0.5223603475026781,-3.1532712031849983,0.00939238
1.3707494189250298,-4.494009395095711,2.2346814833095685,-0.0596204
1.3707494189250298,2.751858010879741,-2.595896787340733,-0.00849011
1.3707494189250298,2.937649482827829,-2.595896787340733,-0.0097031
1.3707494189250298,3.6808153706201834,-2.410105315392644,-0.00887166
1.5565408908731193,-3.7508435073033572,2.606264427205745,-0.0536015
1.5565408908731193,0.33656887555459036,3.7210132588942777,0.0277725
1.5565408908731193,1.079734763346944,0.7483497077248602,-0.0105021
1.5565408908731193,1.2655262352950318,2.04889001136148,0.00301791
1.5565408908731193,4.609772730360626,-1.4811479556522018,0.0112673
1.7423323628212088,-2.821886147562914,-2.410105315392644,-0.0112335
1.7423323628212088,2.5660665389316533,-2.595896787340733,-0.00601442
1.9281238347692966,-4.6798008670438,-1.852730899548379,-0.0608468
1.9281238347692966,-3.936634979251446,2.2346814833095685,-0.046784
1.9281238347692966,-3.3792605634071804,2.420472955257657,-0.0387541
1.9281238347692966,-1.149762900030117,4.092596202790453,-0.00209073
1.9281238347692966,-0.7781799561339406,-3.339062675133087,0.0239992
1.9281238347692966,-0.035014068341586935,-3.1532712031849983,0.0176306
2.1139153067173844,-2.6360946756148262,2.606264427205745,-0.0132701
2.1139153067173844,-0.9639714280820293,-3.339062675133087,0.0250225
2.1139153067173844,2.0086921230873864,0.7483497077248602,-0.0141387
2.1139153067173844,3.309232426724008,0.9341411796729497,-0.00539257
2.1139153067173844,3.495023898672094,-2.595896787340733,-0.00767637
2.1139153067173844,4.609772730360626,0.3767667638286838,0.022554
2.1139153067173844,5.167147146204891,-0.5521905959117595,0.0319533
2.299706778665474,0.7081518194507677,3.535221786946188,0.049806
2.299706778665474,1.2655262352950318,1.3057241235691261,-0.00823355
2.299706778665474,2.5660665389316533,-2.7816882592888215,-0.0084436
2.4854982506135617,-4.6798008670438,-1.852730899548379,-0.0596672
2.4854982506135617,-3.936634979251446,1.3057241235691261,-0.00149598
2.4854982506135617,2.0086921230873864,-2.9674797312369097,-0.00798593
2.4854982506135617,2.937649482827829,0.9341411796729497,-0.00740221
2.671289722561651,-2.264511731718649,3.163638843050011,-0.00994875
2.671289722561651,3.866606842568273,-2.410105315392644,-0.00126237
2.671289722561651,4.981355674256805,-1.4811479556522018,0.0226455
2.8570811945097407,-2.4503032036667376,2.7920558991538345,-0.00987713
2.8570811945097407,-2.0787202597705603,3.3494303149980986,-0.00875033
2.8570811945097407,-1.8929287878224725,-2.7816882592888215,0.0291681
2.8570811945097407,-0.7781799561339406,4.092596202790453,0.00763785
2.8570811945097407,-0.5923884841858529,4.092596202790453,0.0125931
2.8570811945097407,1.637109179191211,2.2346814833095685,0.013442
2.8570811945097407,2.194483595035476,0.7483497077248602,-0.0121443
3.0428726664578267,-3.7508435073033572,0.9341411796729497,-0.0034754
3.0428726664578267,-0.40659701223776334,-2.9674797312369097,0.0236761
3.0428726664578267,3.309232426724008,0.7483497077248602,0.00134317
3.0428726664578267,5.167147146204891,-0.5521905959117595,0.0355348
3.2286641384059163,-4.865592338991888,-0.7379820678598472,-0.0608474
3.2286641384059163,-4.865592338991888,-0.5521905959117595,-0.060836
3.2286641384059163,-3.7508435073033572,-2.0385223714964673,-0.0495371
3.2286641384059163,-3.3792605634071804,1.491515595517214,-0.008001
3.2286641384059163,-1.8929287878224725,-1.2953564837041136,0.0116555
3.2286641384059163,-1.149762900030117,-2.410105315392644,0.0355316
3.2286641384059163,1.2655262352950318,3.7210132588942777,0.0462787
3.414455610354006,-4.6798008670438,-0.3663991239636708,-0.0585965
3.414455610354006,-1.149762900030117,-2.224313843444556,0.0357006
3.414455610354006,-0.40659701223776334,-2.9674797312369097,0.0254267
3.414455610354006,1.8229006511392987,1.8630985394133912,0.00362683
3.6002470823020936,-3.1934690914590913,1.6773070674653034,-0.0157777
3.6002470823020936,-2.264511731718649,-1.2953564837041136,0.0023025
3.6002470823020936,-1.5213458439262952,-1.2953564837041136,0.0204589
3.6002470823020936,2.0086921230873864,2.606264427205745,0.0281044
3.6002470823020936,2.0086921230873864,2.7920558991538345,0.0338693
3.7860385542501813,-3.3792605634071804,0.7483497077248602,-0.00996112
3.7860385542501813,-3.0076776195110035,1.8630985394133912,-0.0168102
3.7860385542501813,-2.264511731718649,-1.2953564837041136,0.00972112
3.7860385542501813,-1.707137315874383,2.977847371101923,-0.000587769
3.7860385542501813,-1.149762900030117,-1.852730899548379,0.0350877
3.7860385542501813,2.194483595035476,-2.9674797312369097,0.00186773
3.7860385542501813,3.309232426724008,-2.595896787340733,0.00370879
3.971830026198269,-3.0076776195110035,-1.1095650117560245,-0.0118616
3.971830026198269,-1.149762900030117,-1.4811479556522018,0.0298795
3.971830026198269,-0.5923884841858529,3.9068047308423655,0.00440277
3.971830026198269,0.15077740360650171,4.092596202790453,0.0215024
4.157621498146359,1.4513177072431214,-2.7816882592888215,0.0112534
4.157621498146359,1.637109179191211,1.3057241235691261,-0.00704504
4.157621498146359,3.1234409547759183,-2.7816882592888215,-0.00121641
4.343412970094448,-3.3792605634071804,-0.18060765201558215,0.00144214
4.343412970094448,-3.3792605634071804,0.19097529188059426,-0.000586844
4.343412970094448,-3.1934690914590913,1.1199326516210375,-0.00762442
4.343412970094448,-1.3355543719782066,-1.2953564837041136,0.02584
4.343412970094448,1.079734763346944,-2.595896787340733,0.0163576
4.343412970094448,2.5660665389316533,-2.9674797312369097,-0.00276601
4.343412970094448,3.866606842568273,-2.224313843444556,-0.00614807
4.529204442042534,-3.1934690914590913,0.9341411796729497,-0.00367689
4.529204442042534,-2.264511731718649,2.2346814833095685,-0.00987518
4.529204442042534,4.052398314516361,-0.5521905959117595,-0.00427368
4.714995913990624,-0.7781799561339406,-0.9237735398079367,0.0193907
4.714995913990624,-0.40659701223776334,-0.7379820678598472,0.0135401
4.714995913990624,0.33656887555459036,-0.3663991239636708,0.00110982
4.714995913990624,0.8939432913988563,0.005183819932506495,-0.00559632
4.714995913990624,1.4513177072431214,0.19097529188059426,-0.0056645
4.714995913990624,1.8229006511392987,2.420472955257657,0.0289013
4.714995913990624,1.8229006511392987,3.163638843050011,0.0467318
4.714995913990624,2.937649482827829,-2.9674797312369097,-0.0168677
4.900787385938713,0.5223603475026781,-0.18060765201558215,-0.00220649
5.086578857886801,0.8939432913988563,-0.5521905959117595,-0.00274847
5.086578857886801,2.0086921230873864,-2.9674797312369097,-0.0198354
5.086578857886801,2.0086921230873864,0.3767667638286838,-0.0153338
5.086578857886801,3.1234409547759183,-2.9674797312369097,-0.0304615
5.086578857886801,3.495023898672094,0.19097529188059426,-0.0238375
5.272370329834889,2.0086921230873864,-2.9674797312369097,-0.0260083
5.458161801782978,-2.6360946756148262,0.5625582357767716,0.0142307
5.458161801782978,0.15077740360650171,-0.18060765201558215,0.00560669
5.458161801782978,0.5223603475026781,0.005183819932506495,5.77831e-05
5.458161801782978,0.8939432913988563,0.3767667638286838,-0.00295995
5.458161801782978,1.637109179191211,-2.7816882592888215,-0.0269364
5.643953273731066,-1.5213458439262952,2.420472955257657,-0.00489584
5.643953273731066,0.33656887555459036,2.606264427205745,0.0224863
5.643953273731066,0.8939432913988563,-1.6669394276002905,-0.0199982
5.643953273731066,1.4513177072431214,0.005183819932506495,-0.0244176
5.643953273731066,3.866606842568273,-2.595896787340733,-0.0465481
5.829744745679156,3.866606842568273,-2.595896787340733,-0.0499538
6.015536217627245,-0.5923884841858529,0.005183819932506495,0.023905
6.387119161523421,0.7081518194507677,1.3057241235691261,0.0276825
6.387119161523421,1.2655262352950318,-2.0385223714964673,-0.0433561
6.57291063347151,-0.9639714280820293,1.6773070674653034,0.021987
6.57291063347151,-0.7781799561339406,1.8630985394133912,0.0223742
6.57291063347151,0.5223603475026781,1.1199326516210375,0.0304497
6.57291063347151,2.751858010879741,0.19097529188059426,-0.0523503
6.758702105419598,-0.40659701223776334,1.6773070674653034,0.0309209
7.1302850493157734,3.495023898672094,-2.0385223714964673,-0.0706467
7.1302850493157734,3.6808153706201834,-0.9237735398079367,-0.0692832
