-8.216978492951863,-1.0179157526961307,0.46059002115502956,-0.0154215
-8.04817202185858,-0.005076926136429627,0.6293964922483122,-0.0142711
-7.710559079672014,-0.17388339722971402,1.3046223766214462,-0.0111755
-7.710559079672014,0.3325360160501365,-0.38344233431138797,-0.0141824
-7.372946137485447,-2.199561050349115,-2.2403135163375056,-0.0145893
-7.372946137485447,-2.199561050349115,-0.21463586321810446,-0.00105082
-7.372946137485447,-1.0179157526961307,-1.5650876319643716,0.0118245
-7.372946137485447,-0.5114963394162801,1.642235318808014,-0.0121735
-7.372946137485447,-0.005076926136429627,1.4734288477147297,-0.0131666
-7.204139666392163,-2.199561050349115,0.12297707896846255,0.0044938
-7.204139666392163,-1.6931416370692642,-2.4091199874307887,-0.0140026
-7.204139666392163,0.50134248714342,1.1358159055281627,-0.0158873
-7.03533319529888,0.6701489582367026,0.9670094344348801,-0.0163626
-7.03533319529888,0.838955429329987,0.12297707896846255,-0.0128181
-6.866526724205597,-2.199561050349115,0.6293964922483122,0.011891
-6.697720253112313,-3.043593405815532,-2.2403135163375056,-0.00667594
-6.697720253112313,0.50134248714342,-2.4091199874307887,-0.0153821
-6.697720253112313,0.838955429329987,-0.38344233431138797,-0.00388999
-6.697720253112313,0.838955429329987,-0.21463586321810446,-0.00449909
-6.697720253112313,1.1765683715165531,-1.3962811608710881,-0.0141237
-6.52891378201903,-0.849109281602848,1.8110417899012967,-0.0115226
-6.360107310925747,-2.7059804636289653,0.12297707896846255,0.0256594
-6.360107310925747,-1.3555286948826977,1.642235318808014,-4.64257e-06
-6.360107310925747,-0.005076926136429627,-2.7467329296173557,-0.0145563
-6.360107310925747,0.6701489582367026,-2.5779264585240718,-0.0144492
-6.360107310925747,0.6701489582367026,0.9670094344348801,-0.0141755
-6.191300839832463,-3.381206348002099,-1.9027005741509386,-0.00445688
-6.191300839832463,1.3453748426098366,-0.7210552764979541,-0.00768664
-6.02249436873918,1.5141813137031201,-1.5650876319643716,-0.0101733
-5.853687897645896,0.6701489582367026,-2.7467329296173557,-0.0120318
-5.684881426552613,-3.381206348002099,-1.7338941030576547,-0.00296442
-5.684881426552613,-3.2123998769088153,-2.0715070452442217,-0.00414673
-5.684881426552613,-2.8747869347222483,0.29178355006174606,0.0480538
-5.684881426552613,-1.8619481081625482,-2.7467329296173557,-0.00694777
-5.684881426552613,-1.1867222237894142,-2.5779264585240718,0.00160611
-5.684881426552613,0.50134248714342,0.9670094344348801,-0.011732
-5.516074955459329,-3.043593405815532,-0.21463586321810446,0.0324953
-5.516074955459329,-0.6803028105095636,1.642235318808014,0.00148331
-5.516074955459329,-0.005076926136429627,-2.9155394007106388,-0.0126567
-5.516074955459329,0.6701489582367026,0.9670094344348801,-0.0139489
-5.516074955459329,2.189407198076254,-0.04582939212482007,0.0346377
-5.516074955459329,2.189407198076254,0.46059002115502956,0.0360022
-5.347268484366046,-2.199561050349115,-2.5779264585240718,-0.00300446
-5.347268484366046,1.5141813137031201,-0.21463586321810446,0.0191223
-5.178462013272762,-2.3683675214423983,-2.4091199874307887,0.000211256
-5.178462013272762,-0.17388339722971402,2.1486547320878637,-0.0285904
-5.178462013272762,0.838955429329987,-2.5779264585240718,-0.00885202
-5.178462013272762,1.1765683715165531,0.7982029633415966,0.0037749
-5.178462013272762,2.189407198076254,-0.7210552764979541,0.0225693
-5.0096555421794795,-3.043593405815532,-1.058668218684521,0.0198005
-5.0096555421794795,-2.3683675214423983,-2.2403135163375056,0.00588349
-5.0096555421794795,0.3325360160501365,-2.7467329296173557,-0.0105385
-5.0096555421794795,1.8517942558896872,-0.8898617475912385,0.0114901
-5.0096555421794795,2.189407198076254,-0.8898617475912385,0.0179038
-5.0096555421794795,3.0334395535426717,-0.38344233431138797,0.0354433
-5.0096555421794795,3.0334395535426717,0.7982029633415966,0.0357626
-4.840849071086195,-2.8747869347222483,-1.058668218684521,0.0297669
-4.840849071086195,-2.7059804636289653,1.8110417899012967,0.0532074
-4.840849071086195,-2.199561050349115,-2.0715070452442217,0.0169292
-4.840849071086195,-1.0179157526961307,-2.2403135163375056,0.0232205
-4.840849071086195,1.0077619004232705,-2.2403135163375056,-0.00846248
-4.672042599992912,-3.381206348002099,0.7982029633415966,0.0552125
-4.672042599992912,-1.3555286948826977,-1.9027005741509386,0.049488
-4.672042599992912,0.163729544956853,-2.5779264585240718,-0.0084128
-4.672042599992912,1.0077619004232705,-2.0715070452442217,-0.008895
-4.672042599992912,2.0206007269829707,1.4734288477147297,0.0149881
-4.672042599992912,2.189407198076254,1.4734288477147297,0.0167172
-4.3344296578063455,1.1765683715165531,-1.3962811608710881,-0.00464315
-4.3344296578063455,1.8517942558896872,-1.3962811608710881,0.00110038
-4.3344296578063455,2.6958266113561047,1.4734288477147297,0.0146234
-4.3344296578063455,3.371052495729237,-0.38344233431138797,0.0327134
-4.165623186713061,-0.17388339722971402,-1.9027005741509386,0.0102997
-4.165623186713061,1.0077619004232705,1.9798482609945802,-0.00873804
-3.9968167156197785,-3.2123998769088153,0.46059002115502956,0.0495034
-3.9968167156197785,-3.2123998769088153,0.7982029633415966,0.0520743
-3.9968167156197785,-3.043593405815532,-0.21463586321810446,0.046752
-3.9968167156197785,-1.1867222237894142,2.3174612031811472,-0.0104572
-3.9968167156197785,0.50134248714342,-1.3962811608710881,0.00541156
-3.9968167156197785,1.3453748426098366,1.8110417899012967,0.00473992
-3.828010244526495,2.527020140262821,-1.5650876319643716,0.00565137
-3.828010244526495,3.202246024635955,-1.2274746897778046,0.0199824
-3.6592037734332115,-2.7059804636289653,1.3046223766214462,0.0505975
-3.6592037734332115,-2.5371739925356813,-1.3962811608710881,0.0540415
-3.490397302339929,-2.0307545792558312,1.642235318808014,0.0407981
-3.490397302339929,-0.5114963394162801,-1.3962811608710881,0.0409449
-3.490397302339929,1.3453748426098366,1.9798482609945802,0.00543578
-3.490397302339929,3.202246024635955,1.3046223766214462,0.00689268
-3.3215908312466444,-2.199561050349115,-1.5650876319643716,0.0578732
-3.3215908312466444,-1.3555286948826977,-1.7338941030576547,0.0533516
-3.3215908312466444,0.3325360160501365,-1.3962811608710881,0.0133933
-3.3215908312466444,1.5141813137031201,-1.7338941030576547,-0.00252239
-3.152784360153361,-1.5243351659759812,2.1486547320878637,0.0203993
-3.152784360153361,2.189407198076254,-1.9027005741509386,0.000171321
-3.152784360153361,2.8646330824493873,-1.9027005741509386,0.00670626
-2.9839778890600783,2.3582136691695377,1.8110417899012967,-0.00311546
-2.9839778890600783,3.8774719090090892,0.7982029633415966,0.0138129
-2.815171417966795,-2.5371739925356813,0.12297707896846255,0.0407478
-2.6463649468735113,-2.8747869347222483,1.1358159055281627,0.0359913
-2.6463649468735113,-2.3683675214423983,-0.5522488054046706,0.0495009
-2.6463649468735113,-0.17388339722971402,-1.3962811608710881,0.0176957
-2.6463649468735113,4.5526977933822215,0.29178355006174606,0.0228244
-2.477558475780227,-2.5371739925356813,-0.38344233431138797,0.0420856
-2.477558475780227,-1.1867222237894142,2.4862676742744307,0.0165863
-2.477558475780227,-0.849109281602848,2.3174612031811472,0.0118068
-2.477558475780227,4.046278380102373,0.7982029633415966,0.0105241
-2.3087520046869443,-2.8747869347222483,0.12297707896846255,0.0321129
-2.3087520046869443,1.1765683715165531,1.9798482609945802,0.00102182
-2.3087520046869443,2.189407198076254,-2.0715070452442217,-0.0028972
-2.3087520046869443,4.5526977933822215,0.29178355006174606,0.0194332
-2.139945533593661,-3.043593405815532,1.1358159055281627,0.0275293
-2.139945533593661,-2.3683675214423983,-0.8898617475912385,0.0449448
-2.139945533593661,-0.849109281602848,-1.2274746897778046,0.0277522
-2.139945533593661,2.6958266113561047,1.4734288477147297,-0.00144555
-1.9711390625003773,-0.005076926136429627,-1.5650876319643716,0.010992
-1.9711390625003773,1.5141813137031201,-1.9027005741509386,-0.00135551
-1.9711390625003773,4.5526977933822215,0.12297707896846255,0.0175281
-1.8023325914070938,-0.17388339722971402,2.1486547320878637,0.00821123
-1.8023325914070938,3.371052495729237,-1.9027005741509386,-0.00367632
-1.6335261203138103,-3.043593405815532,1.3046223766214462,0.0223774
-1.6335261203138103,1.1765683715165531,-1.9027005741509386,0.000567977
-1.6335261203138103,2.0206007269829707,1.3046223766214462,0.00816864
-1.6335261203138103,2.189407198076254,1.3046223766214462,0.00558794
-1.6335261203138103,4.2150848511956545,0.29178355006174606,0.00660834
-1.4647196492205268,-3.2123998769088153,-0.21463586321810446,0.0367538
-1.4647196492205268,-0.5114963394162801,2.3174612031811472,0.00416251
-1.4647196492205268,2.0206007269829707,1.3046223766214462,0.00654156
-1.4647196492205268,2.189407198076254,-2.2403135163375056,-0.0207704
-1.2959131781272442,-3.2123998769088153,0.46059002115502956,0.0265911
-1.2959131781272442,-2.8747869347222483,1.642235318808014,0.0189009
-1.2959131781272442,-2.3683675214423983,-1.2274746897778046,0.0444359
-1.2959131781272442,-2.3683675214423983,2.3174612031811472,0.0137919
-1.2959131781272442,-1.3555286948826977,-1.2274746897778046,0.033943
-1.2959131781272442,-0.849109281602848,2.4862676742744307,0.00132859
-1.2959131781272442,4.046278380102373,0.12297707896846255,-0.0032295
-1.1271067070339598,-0.5114963394162801,-1.3962811608710881,0.0234566
-1.1271067070339598,-0.17388339722971402,2.1486547320878637,-0.000185722
-1.1271067070339598,4.046278380102373,-0.5522488054046706,-0.0100204
-0.9583002359406763,-1.5243351659759812,-1.2274746897778046,0.0369506
-0.9583002359406763,1.3453748426098366,1.642235318808014,0.00315795
-0.9583002359406763,2.189407198076254,1.3046223766214462,-0.000397413
-0.7894937648473945,-2.5371739925356813,1.9798482609945802,0.0130883
-0.7894937648473945,-2.199561050349115,2.3174612031811472,0.00961748
-0.7894937648473945,-0.6803028105095636,-1.2274746897778046,0.0316572
-0.6206872937541092,-2.3683675214423983,-1.058668218684521,0.042665
-0.6206872937541092,-1.8619481081625482,2.4862676742744307,0.00673194
-0.6206872937541092,0.50134248714342,-1.9027005741509386,0.0193461
-0.6206872937541092,1.6829877847964045,1.4734288477147297,0.0105386
-0.6206872937541092,2.6958266113561047,1.1358159055281627,-0.0134497
-0.45188082266082574,-2.8747869347222483,0.7982029633415966,0.0194944
-0.45188082266082574,-1.8619481081625482,-1.058668218684521,0.0397445
-0.45188082266082574,-0.6803028105095636,2.4862676742744307,-0.0172203
-0.45188082266082574,0.6701489582367026,1.8110417899012967,-0.000919693
-0.45188082266082574,1.1765683715165531,1.642235318808014,0.014402
-0.45188082266082574,3.8774719090090892,-0.7210552764979541,-0.0455491
-0.28307435156754224,-0.17388339722971402,-1.7338941030576547,0.028521
-0.28307435156754224,0.163729544956853,2.6550741453677142,-0.0456267
-0.11426788047425873,-2.0307545792558312,-0.7210552764979541,0.0378499
-0.11426788047425873,-1.5243351659759812,-0.8898617475912385,0.0410362
-0.11426788047425873,-0.005076926136429627,2.9926870875542813,-0.0538478
-0.11426788047425873,0.163729544956853,2.9926870875542813,-0.0541067
-0.11426788047425873,1.5141813137031201,1.642235318808014,0.0295731
0.054538590619023,-1.5243351659759812,-0.8898617475912385,0.0432553
0.054538590619023,-1.0179157526961307,2.6550741453677142,-0.0318943
0.054538590619023,1.3453748426098366,-2.0715070452442217,0.0132798
0.054538590619023,2.527020140262821,-1.9027005741509386,-0.0383879
0.054538590619023,2.527020140262821,0.9670094344348801,-0.00479179
0.054538590619023,3.202246024635955,-1.5650876319643716,-0.0544317
0.054538590619023,3.371052495729237,0.29178355006174606,-0.0419413
0.2233450617123065,-2.0307545792558312,-0.04582939212482007,0.0283338
0.2233450617123065,2.0206007269829707,1.8110417899012967,0.0206888
0.2233450617123065,3.0334395535426717,0.46059002115502956,-0.0317785
0.2233450617123065,3.202246024635955,0.29178355006174606,-0.0388424
0.39215153280559,-1.5243351659759812,-1.058668218684521,0.0464666
0.39215153280559,0.3325360160501365,3.4991065008341318,-0.0618233
0.39215153280559,1.3453748426098366,-2.2403135163375056,0.0209346
0.39215153280559,3.202246024635955,-0.04582939212482007,-0.0430666
0.5609580038988735,-1.6931416370692642,-0.5522488054046706,0.0463024
0.5609580038988735,-1.6931416370692642,-0.21463586321810446,0.0412658
0.5609580038988735,1.5141813137031201,2.6550741453677142,-0.0112273
0.5609580038988735,2.6958266113561047,0.6293964922483122,-0.0069365
0.5609580038988735,2.6958266113561047,0.7982029633415966,-0.0046594
0.5609580038988735,3.0334395535426717,-0.7210552764979541,-0.0446639
0.5609580038988735,3.0334395535426717,-0.38344233431138797,-0.0411239
0.729764474992157,-1.6931416370692642,-0.5522488054046706,0.0473646
0.729764474992157,-1.6931416370692642,-0.38344233431138797,0.0456308
0.729764474992157,-1.3555286948826977,-1.3962811608710881,0.0432209
0.729764474992157,1.8517942558896872,2.4862676742744307,0.00745192
0.729764474992157,2.6958266113561047,-0.5522488054046706,-0.0239978
0.729764474992157,2.6958266113561047,-0.38344233431138797,-0.0213461
0.8985709460854423,-1.5243351659759812,1.1358159055281627,0.000156451
0.8985709460854423,1.0077619004232705,-2.4091199874307887,0.0279879
0.8985709460854423,2.0206007269829707,2.4862676742744307,0.00787625
0.8985709460854423,2.527020140262821,-0.21463586321810446,5.29247e-05
0.8985709460854423,2.6958266113561047,0.29178355006174606,-0.0017616
0.8985709460854423,2.6958266113561047,1.8110417899012967,-0.00118075
1.067377417178724,-0.849109281602848,-1.7338941030576547,0.0317946
1.2361838882720075,-1.6931416370692642,1.9798482609945802,-0.0307209
1.2361838882720075,-1.1867222237894142,0.6293964922483122,0.0186497
1.2361838882720075,-0.849109281602848,3.4991065008341318,-0.0512298
1.2361838882720075,2.189407198076254,-1.7338941030576547,0.0200227
1.404990359365291,-1.6931416370692642,2.1486547320878637,-0.0321279
1.404990359365291,0.163729544956853,-2.0715070452442217,0.0199579
1.404990359365291,1.8517942558896872,-2.0715070452442217,0.0272532
1.404990359365291,2.0206007269829707,-1.9027005741509386,0.0247805
1.404990359365291,2.8646330824493873,1.8110417899012967,-0.00543712
1.5737968304585745,-0.6803028105095636,-1.5650876319643716,0.0271306
1.5737968304585745,3.0334395535426717,1.1358159055281627,-0.00774228
1.742603301551858,-1.0179157526961307,0.46059002115502956,0.031343
1.742603301551858,2.189407198076254,-0.7210552764979541,0.0245706
1.742603301551858,2.6958266113561047,0.12297707896846255,0.0124921
1.9114097726451416,-1.0179157526961307,0.46059002115502956,0.0311402
1.9114097726451416,1.0077619004232705,-2.0715070452442217,0.0165288
1.9114097726451416,2.527020140262821,-0.04582939212482007,0.0217964
1.9114097726451416,2.8646330824493873,0.46059002115502956,0.00386457
2.249022714831707,0.50134248714342,-1.7338941030576547,-0.00329995
2.249022714831707,2.0206007269829707,-0.8898617475912385,0.00196763
2.249022714831707,2.3582136691695377,2.3174612031811472,0.0117936
2.249022714831707,2.527020140262821,2.1486547320878637,0.00774922
2.4178291859249903,1.0077619004232705,-1.9027005741509386,-0.0189096
2.5866356570182756,-1.5243351659759812,2.3174612031811472,0.0486238
2.5866356570182756,-0.5114963394162801,-1.058668218684521,0.0119578
2.5866356570182756,2.6958266113561047,0.7982029633415966,0.00892025
2.755442128111559,-0.17388339722971402,-1.5650876319643716,-0.00892701
2.755442128111559,-0.17388339722971402,3.1614935586475648,-0.0213193
2.755442128111559,0.838955429329987,2.823880616460997,-0.00300361
2.9242485992048426,-2.0307545792558312,1.642235318808014,0.0578985
2.9242485992048426,1.6829877847964045,-2.0715070452442217,-0.0480839
2.9242485992048426,2.527020140262821,-0.8898617475912385,-0.0418162
3.093055070298126,-2.0307545792558312,0.46059002115502956,0.0127765
3.093055070298126,0.3325360160501365,2.6550741453677142,0.00841403
3.093055070298126,2.3582136691695377,0.7982029633415966,0.0145786
3.261861541391408,-1.6931416370692642,-0.21463586321810446,0.00794957
3.4306680124846913,-0.3426898683229975,2.823880616460997,0.0405768
3.4306680124846913,2.0206007269829707,-2.0715070452442217,-0.0555811
3.599474483577975,-2.199561050349115,1.642235318808014,0.0635117
3.599474483577975,-0.6803028105095636,-1.5650876319643716,-0.00208665
3.599474483577975,1.0077619004232705,-2.4091199874307887,-0.0386865
3.599474483577975,2.6958266113561047,-0.21463586321810446,-0.0394192
3.7682809546712583,-1.8619481081625482,-0.38344233431138797,0.00733875
3.7682809546712583,-1.5243351659759812,-0.7210552764979541,0.00897113
3.7682809546712583,-0.3426898683229975,2.823880616460997,0.0410151
3.7682809546712583,0.838955429329987,-2.4091199874307887,-0.0325095
3.7682809546712583,1.3453748426098366,1.8110417899012967,0.0259021
3.937087425764542,-2.199561050349115,1.4734288477147297,0.056047
3.937087425764542,-0.849109281602848,-1.7338941030576547,-0.00475329
3.937087425764542,0.838955429329987,-2.4091199874307887,-0.0279382
3.937087425764542,1.0077619004232705,-2.4091199874307887,-0.0310406
3.937087425764542,2.6958266113561047,-0.21463586321810446,-0.0421966
4.105893896857827,0.6701489582367026,-2.4091199874307887,-0.0193075
4.105893896857827,0.838955429329987,-2.4091199874307887,-0.0220316
4.105893896857827,1.6829877847964045,-2.2403135163375056,-0.0394364
4.274700367951111,-2.0307545792558312,-0.7210552764979541,-0.000599094
4.274700367951111,-0.17388339722971402,-2.4091199874307887,-0.0111374
4.274700367951111,1.3453748426098366,1.4734288477147297,0.01424
4.443506839044392,-0.3426898683229975,2.6550741453677142,0.0264375
4.443506839044392,1.5141813137031201,-2.2403135163375056,-0.0213506
4.612313310137676,1.3453748426098366,-2.4091199874307887,-0.00638969
4.781119781230959,-2.8747869347222483,0.29178355006174606,0.00899317
4.949926252324243,-3.043593405815532,0.46059002115502956,0.0117913
4.949926252324243,-3.043593405815532,0.9670094344348801,0.0245288
4.949926252324243,-2.5371739925356813,-0.7210552764979541,-0.00874935
4.949926252324243,2.0206007269829707,-1.5650876319643716,-0.0204142
4.949926252324243,2.189407198076254,-1.2274746897778046,-0.0290205
5.118732723417526,-1.5243351659759812,-1.5650876319643716,-0.00635978
5.118732723417526,-1.0179157526961307,-2.5779264585240718,-0.0152535
5.118732723417526,1.0077619004232705,0.9670094344348801,0.0108385
5.28753919451081,-3.2123998769088153,0.12297707896846255,0.00380233
5.28753919451081,2.0206007269829707,-1.2274746897778046,-0.014128
5.456345665604092,-1.5243351659759812,-2.0715070452442217,-0.014872
5.456345665604092,-0.6803028105095636,-3.0843458718039223,-0.0117104
5.625152136697377,-2.0307545792558312,-1.5650876319643716,-0.0130616
5.625152136697377,1.1765683715165531,-3.590765285083773,0.0251666
5.79395860779066,-2.7059804636289653,-1.2274746897778046,-0.0154229
5.79395860779066,-1.3555286948826977,-2.7467329296173557,-0.0179374
5.79395860779066,0.6701489582367026,1.1358159055281627,-0.00251776
5.79395860779066,2.0206007269829707,-1.2274746897778046,-0.0076065
5.962765078883944,-3.5500128190953824,0.7982029633415966,0.0230553
5.962765078883944,-3.2123998769088153,-0.5522488054046706,-0.00758248
5.962765078883944,0.838955429329987,0.7982029633415966,-0.00642504
5.962765078883944,2.0206007269829707,-3.0843458718039223,0.0292164
6.131571549977227,-3.5500128190953824,0.7982029633415966,0.0239325
6.131571549977227,-2.8747869347222483,2.3174612031811472,0.0456691
6.131571549977227,1.1765683715165531,0.29178355006174606,-0.0113191
6.131571549977227,1.3453748426098366,-3.590765285083773,0.0302163
6.131571549977227,1.3453748426098366,0.12297707896846255,-0.0129609
6.131571549977227,1.6829877847964045,-3.4219588139904893,0.0319692
6.131571549977227,1.8517942558896872,-0.7210552764979541,-0.0129473
6.131571549977227,2.0206007269829707,-1.2274746897778046,-0.00731166
6.300378021070511,-3.5500128190953824,0.9670094344348801,0.0288386
6.300378021070511,-1.8619481081625482,-2.5779264585240718,-0.0158053
6.300378021070511,-1.6931416370692642,-2.7467329296173557,-0.0152257
6.469184492163793,-2.5371739925356813,-1.9027005741509386,-0.0139627
6.469184492163793,-0.849109281602848,-3.253152342897206,-0.00637185
6.469184492163793,0.3325360160501365,0.7982029633415966,-0.00895673
6.469184492163793,1.5141813137031201,-3.4219588139904893,0.0310439
6.637990963257076,-2.5371739925356813,2.3174612031811472,0.0374232
6.637990963257076,-0.3426898683229975,1.642235318808014,-0.00815594
6.637990963257076,-0.17388339722971402,1.4734288477147297,-0.0102631
6.806797434350361,-1.6931416370692642,-2.9155394007106388,-0.00848339
6.806797434350361,-1.0179157526961307,1.9798482609945802,0.000873801
6.806797434350361,0.50134248714342,0.12297707896846255,-0.0100036
6.806797434350361,1.3453748426098366,-0.38344233431138797,-0.0172246
6.975603905443645,-2.199561050349115,-2.4091199874307887,-0.0085701
6.975603905443645,0.163729544956853,-3.253152342897206,0.0167468
6.975603905443645,1.8517942558896872,-2.2403135163375056,0.00970954
6.975603905443645,1.8517942558896872,-1.9027005741509386,0.001966
7.1444103765369285,-3.381206348002099,-0.5522488054046706,0.00870119
7.1444103765369285,-3.381206348002099,-0.38344233431138797,0.0109742
7.1444103765369285,-2.199561050349115,1.9798482609945802,0.0233518
7.1444103765369285,-1.8619481081625482,1.9798482609945802,0.0150174
7.1444103765369285,-1.5243351659759812,-3.0843458718039223,-0.00145876
7.313216847630212,-1.0179157526961307,1.642235318808014,-0.00584638
7.313216847630212,-0.3426898683229975,1.1358159055281627,-0.0158653
7.4820233187234955,-3.2123998769088153,-1.2274746897778046,0.00775279
7.4820233187234955,-2.199561050349115,1.4734288477147297,0.0184535
7.650829789816775,-0.849109281602848,-3.4219588139904893,0.0171239
7.650829789816775,-0.3426898683229975,-3.4219588139904893,0.0214299
7.819636260910059,-0.3426898683229975,-3.4219588139904893,0.0243922
7.819636260910059,0.50134248714342,-2.9155394007106388,0.0228969
7.819636260910059,0.838955429329987,-2.4091199874307887,0.012993
7.988442732003346,-1.5243351659759812,1.1358159055281627,0.00127038
7.988442732003346,-0.6803028105095636,-3.4219588139904893,0.0254032
7.988442732003346,0.838955429329987,-2.2403135163375056,0.00968107
8.15724920309663,-3.381206348002099,-0.21463586321810446,0.031648
8.15724920309663,-0.005076926136429627,-3.253152342897206,0.029253
8.15724920309663,0.838955429329987,-1.9027005741509386,0.00293063
8.326055674189913,-1.6931416370692642,-2.5779264585240718,0.0207639
8.326055674189913,-1.1867222237894142,0.7982029633415966,-0.00252462
8.326055674189913,0.3325360160501365,-2.9155394007106388,0.0270709
8.326055674189913,0.6701489582367026,-1.2274746897778046,-0.00715421
8.494862145283196,-3.2123998769088153,-0.7210552764979541,0.0331669
8.494862145283196,-3.043593405815532,-1.058668218684521,0.0301574
8.494862145283196,-0.005076926136429627,-3.0843458718039223,0.031576
8.66366861637648,-2.7059804636289653,-1.2274746897778046,0.0298142
8.66366861637648,-2.199561050349115,0.6293964922483122,0.0224589
8.66366861637648,-0.3426898683229975,-3.0843458718039223,0.034135
8.66366861637648,0.3325360160501365,-1.3962811608710881,0.00100067
8.832475087469764,-1.3555286948826977,-2.0715070452442217,0.0271257
8.832475087469764,-0.849109281602848,-1.058668218684521,0.0117586
8.832475087469764,-0.5114963394162801,-1.058668218684521,0.0063887
9.001281558563047,-2.7059804636289653,-0.5522488054046706,0.0363009
9.001281558563047,-1.0179157526961307,-1.9027005741509386,0.0256931
9.001281558563047,-0.6803028105095636,-1.5650876319643716,0.0180439
