-6.99659160270203,1.771442930226998,0.5012885110681733,0.123923
-6.99659160270203,2.2380248249116077,0.9678704057527829,0.126087
-6.841064304473827,1.4603883337705916,0.9678704057527829,0.11924
-6.841064304473827,2.39355212313981,1.2789250022091894,0.123865
-6.841064304473827,2.8601340178244206,0.5012885110681733,0.131749
-6.685537006245624,2.8601340178244206,0.03470661638356365,0.131963
-6.53000970801742,0.5272245444013723,0.6568158092963774,0.124301
-6.53000970801742,0.6827518426295756,0.9678704057527829,0.121847
-6.53000970801742,2.549079421368014,1.5899795986655958,0.11987
-6.374482409789217,0.3716972461731691,1.1233977039809862,0.127009
-6.374482409789217,1.1493337373141852,1.5899795986655958,0.119509
-6.218955111561014,-0.09488464851144052,0.5012885110681733,0.138885
-6.218955111561014,0.2161699479449668,1.2789250022091894,0.130464
-6.218955111561014,1.4603883337705916,1.9010341951220022,0.11845
-6.218955111561014,2.7046067195962182,1.7455068968938,0.1168
-6.063427813332811,3.0156613160526247,1.5899795986655958,0.117726
-5.907900515104608,1.4603883337705916,-0.7429298747574524,0.128881
-5.907900515104608,2.2380248249116077,2.2120887915784087,0.1159
-5.7523732168764035,-0.40593924496784695,0.19023391461176686,0.152591
-5.7523732168764035,2.549079421368014,-0.7429298747574524,0.129514
-5.7523732168764035,2.7046067195962182,2.0565614933502054,0.114878
-5.7523732168764035,3.0156613160526247,-0.431875278301046,0.129599
-5.596845918648201,-0.40593924496784695,0.03470661638356365,0.156117
-5.596845918648201,1.3048610355423893,-0.8984571729856552,0.135745
-5.596845918648201,3.171188614280827,1.5899795986655958,0.116619
-5.596845918648201,3.4822432107372334,0.6568158092963774,0.125174
-5.441318620419998,-0.25041194673964373,-0.2763479800728428,0.156966
-5.441318620419998,2.0824975266834054,2.6786706862630183,0.125559
-5.441318620419998,2.39355212313981,-1.209511769442062,0.131297
-5.441318620419998,2.549079421368014,-1.0539844712138589,0.130747
-5.285791322191795,-0.40593924496784695,-0.12082068184463957,0.163166
-5.285791322191795,3.4822432107372334,0.5012885110681733,0.127388
-5.1302640239635915,3.171188614280827,1.7455068968938,0.11921
-5.1302640239635915,3.326715912509031,-0.5874025765292492,0.129873
-5.1302640239635915,3.4822432107372334,0.6568158092963774,0.127555
-4.974736725735388,-0.40593924496784695,-1.209511769442062,0.164185
-4.974736725735388,-0.09488464851144052,-0.5874025765292492,0.166005
-4.974736725735388,0.0606426497167627,-1.3650390676702653,0.16567
-4.974736725735388,0.0606426497167627,-0.7429298747574524,0.164265
-4.974736725735388,0.3716972461731691,-0.8984571729856552,0.160633
-4.974736725735388,1.3048610355423893,2.8341979844912224,0.136612
-4.974736725735388,2.549079421368014,2.6786706862630183,0.130206
-4.974736725735388,2.7046067195962182,-1.831620962354875,0.129811
-4.819209427507185,-3.0499033148473016,-0.5874025765292492,0.136545
-4.819209427507185,-3.0499033148473016,-0.2763479800728428,0.140335
-4.819209427507185,-1.8056849290216759,0.03470661638356365,0.158795
-4.819209427507185,-1.6501576307934727,-0.7429298747574524,0.151196
-4.819209427507185,-0.8725211396524557,-1.0539844712138589,0.161213
-4.819209427507185,-0.5614665431960502,0.19023391461176686,0.181673
-4.819209427507185,-0.5614665431960502,0.9678704057527829,0.182403
-4.819209427507185,1.1493337373141852,-1.9871482605830777,0.152831
-4.819209427507185,2.7046067195962182,-1.9871482605830777,0.130434
-4.819209427507185,2.8601340178244206,-1.831620962354875,0.127914
-4.819209427507185,3.326715912509031,1.2789250022091894,0.126051
-4.819209427507185,3.6377705089654357,0.5012885110681733,0.131989
-4.663682129278982,-3.205430613075505,-0.12082068184463957,0.140924
-4.663682129278982,-1.4946303325652694,-1.209511769442062,0.151447
-4.663682129278982,-0.5614665431960502,-0.431875278301046,0.175733
-4.663682129278982,-0.5614665431960502,0.19023391461176686,0.188798
-4.663682129278982,-0.40593924496784695,1.2789250022091894,0.185071
-4.663682129278982,0.993806439085982,-1.9871482605830777,0.157147
-4.663682129278982,3.326715912509031,-1.3650390676702653,0.123953
-4.508154831050779,-1.6501576307934727,-1.6760936641266717,0.147656
-4.508154831050779,-0.40593924496784695,-2.453730155267688,0.156455
-4.508154831050779,-0.40593924496784695,1.2789250022091894,0.19644
-4.508154831050779,-0.09488464851144052,-2.453730155267688,0.157963
-4.508154831050779,3.171188614280827,-1.6760936641266717,0.124295
-4.352627532822575,-3.516485209531911,-0.431875278301046,0.134045
-4.352627532822575,-3.205430613075505,0.3457612128399701,0.145114
-4.352627532822575,-2.738848718390895,0.6568158092963774,0.153012
-4.352627532822575,-2.2722668237062855,-2.2982028570394846,0.135964
-4.352627532822575,-1.0280484378806598,0.03470661638356365,0.188574
-4.352627532822575,1.9269702284552013,-2.453730155267688,0.143817
-4.352627532822575,2.549079421368014,-2.2982028570394846,0.134512
-4.352627532822575,2.549079421368014,2.6786706862630183,0.139173
-4.352627532822575,3.171188614280827,1.5899795986655958,0.131084
-4.352627532822575,4.104352403650046,0.3457612128399701,0.136845
-4.197100234594372,-3.516485209531911,-1.0539844712138589,0.127484
-4.197100234594372,-2.4277941219344883,0.8123431075245797,0.158383
-4.041572936366169,-3.516485209531911,-1.6760936641266717,0.127054
-4.041572936366169,-1.3391030343370662,0.6568158092963774,0.198275
-4.041572936366169,2.7046067195962182,2.367616089806612,0.140609
-4.041572936366169,3.4822432107372334,-1.5205663658984685,0.124213
-3.8860456381379658,-3.6720125077601145,-1.0539844712138589,0.128238
-3.8860456381379658,-3.516485209531911,0.19023391461176686,0.140268
-3.8860456381379658,-1.961212227249879,-2.764784751724094,0.141927
-3.8860456381379658,-1.0280484378806598,1.2789250022091894,0.222568
-3.8860456381379658,-0.09488464851144052,1.7455068968938,0.217664
-3.8860456381379658,2.0824975266834054,2.6786706862630183,0.149293
-3.7305183399097626,-3.6720125077601145,-0.12082068184463957,0.136338
-3.7305183399097626,-2.8943760166190984,0.8123431075245797,0.152209
-3.7305183399097626,-1.183575736108863,-2.609257453495891,0.152758
-3.7305183399097626,2.39355212313981,2.367616089806612,0.14827
-3.7305183399097626,2.549079421368014,2.2120887915784087,0.146376
-3.7305183399097626,4.25987970187825,0.3457612128399701,0.141289
-3.5749910416815593,-2.583321420162692,-3.0758393481805006,0.141342
-3.5749910416815593,-2.4277941219344883,-3.0758393481805006,0.141199
-3.5749910416815593,-2.1167395254780823,1.1233977039809862,0.169201
-3.5749910416815593,0.0606426497167627,-2.764784751724094,0.146471
-3.5749910416815593,2.0824975266834054,2.367616089806612,0.153556
-3.419463743453356,-3.8275398059883177,-1.6760936641266717,0.129736
-3.419463743453356,-3.8275398059883177,-1.5205663658984685,0.129604
-3.419463743453356,-2.8943760166190984,-3.0758393481805006,0.140936
-3.419463743453356,-2.2722668237062855,1.9010341951220022,0.164825
-3.419463743453356,-2.1167395254780823,1.9010341951220022,0.167611
-3.419463743453356,-1.4946303325652694,-2.764784751724094,0.148504
-3.419463743453356,0.8382791408577788,-2.2982028570394846,0.151746
-3.419463743453356,1.6159156319987948,2.2120887915784087,0.162173
-3.263936445225153,-3.8275398059883177,-1.9871482605830777,0.131778
-3.263936445225153,-3.516485209531911,0.3457612128399701,0.141679
-3.263936445225153,-3.205430613075505,0.6568158092963774,0.148051
-3.263936445225153,-3.0499033148473016,0.8123431075245797,0.151133
-3.263936445225153,-2.8943760166190984,1.7455068968938,0.155442
-3.263936445225153,-0.40593924496784695,1.9010341951220022,0.2247
-3.263936445225153,1.771442930226998,2.0565614933502054,0.163364
-3.263936445225153,2.0824975266834054,-2.1426755588112814,0.142124
-3.263936445225153,2.549079421368014,-1.9871482605830777,0.13605
-3.263936445225153,3.0156613160526247,-1.6760936641266717,0.131876
-3.108409146996949,0.2161699479449668,1.9010341951220022,0.21759
-3.108409146996949,2.2380248249116077,-1.9871482605830777,0.1413
-3.108409146996949,3.6377705089654357,0.8123431075245797,0.145076
-3.108409146996949,3.948825105421844,-0.8984571729856552,0.137112
-2.9528818487687465,-1.0280484378806598,1.9010341951220022,0.201423
-2.9528818487687465,1.1493337373141852,1.9010341951220022,0.184705
-2.9528818487687465,3.171188614280827,-1.3650390676702653,0.136917
-2.7973545505405433,-4.4496489989011305,-0.2763479800728428,0.133839
-2.7973545505405433,-3.360957911303708,1.7455068968938,0.147334
-2.7973545505405433,-0.8725211396524557,-2.9203120499522974,0.146537
-2.7973545505405433,1.4603883337705916,2.0565614933502054,0.175394
-2.7973545505405433,3.6377705089654357,-0.8984571729856552,0.139217
-2.7973545505405433,3.948825105421844,-0.12082068184463957,0.144016
-2.64182725231234,-3.6720125077601145,-2.2982028570394846,0.133749
-2.64182725231234,0.2161699479449668,2.0565614933502054,0.206
-2.64182725231234,3.171188614280827,0.9678704057527829,0.155277
-2.486299954084137,-3.6720125077601145,-2.1426755588112814,0.132656
-2.486299954084137,-3.516485209531911,-2.453730155267688,0.134184
-2.486299954084137,-2.2722668237062855,2.8341979844912224,0.153959
-2.486299954084137,-1.0280484378806598,-2.9203120499522974,0.145206
-2.486299954084137,1.1493337373141852,2.0565614933502054,0.185376
-2.486299954084137,2.39355212313981,-1.6760936641266717,0.14754
-2.486299954084137,3.326715912509031,-0.7429298747574524,0.146361
-2.486299954084137,3.326715912509031,0.5012885110681733,0.153943
-2.486299954084137,3.4822432107372334,-0.431875278301046,0.147207
-2.3307726558559336,-3.6720125077601145,-1.9871482605830777,0.131705
-2.3307726558559336,-3.0499033148473016,-2.764784751724094,0.135603
-2.3307726558559336,-1.8056849290216759,-2.764784751724094,0.14089
-2.3307726558559336,-0.09488464851144052,2.523143388034815,0.187789
-2.3307726558559336,0.2161699479449668,-2.9203120499522974,0.141013
-2.3307726558559336,3.326715912509031,-0.2763479800728428,0.151807
-2.3307726558559336,3.326715912509031,0.03470661638356365,0.1538
-2.1752453576277304,-1.3391030343370662,-2.764784751724094,0.14412
-2.1752453576277304,-1.0280484378806598,-2.9203120499522974,0.143656
-2.1752453576277304,0.2161699479449668,-2.9203120499522974,0.141304
-2.1752453576277304,0.8382791408577788,2.2120887915784087,0.189838
-2.0197180593995263,-3.6720125077601145,1.4344523004373926,0.141107
-2.0197180593995263,-2.738848718390895,-2.609257453495891,0.133438
-2.0197180593995263,-2.1167395254780823,-2.609257453495891,0.136994
-2.0197180593995263,3.171188614280827,-0.12082068184463957,0.154465
-2.0197180593995263,3.171188614280827,0.03470661638356365,0.155157
-1.864190761171324,2.2380248249116077,-1.831620962354875,0.148391
-1.7086634629431208,-3.205430613075505,-2.1426755588112814,0.129859
-1.7086634629431208,-2.4277941219344883,2.8341979844912224,0.144575
-1.7086634629431208,-1.4946303325652694,-2.453730155267688,0.141418
-1.7086634629431208,0.993806439085982,2.367616089806612,0.183674
-1.7086634629431208,2.2380248249116077,2.0565614933502054,0.169495
-1.7086634629431208,3.0156613160526247,-0.8984571729856552,0.149477
-1.5531361647149176,-4.91623089358574,0.03470661638356365,0.135044
-1.5531361647149176,-0.7169938414242534,2.8341979844912224,0.175856
-1.5531361647149176,2.8601340178244206,-1.209511769442062,0.14943
-1.5531361647149176,3.0156613160526247,-0.12082068184463957,0.149477
-1.3976088664867143,-4.91623089358574,-0.2763479800728428,0.132846
-1.3976088664867143,-4.760703595357537,0.3457612128399701,0.134825
-1.3976088664867143,-4.138594402444724,-1.5205663658984685,0.121085
-1.3976088664867143,-1.6501576307934727,-2.1426755588112814,0.137366
-1.3976088664867143,-0.25041194673964373,2.9897252827194247,0.178972
-1.3976088664867143,0.0606426497167627,2.9897252827194247,0.180152
-1.3976088664867143,1.9269702284552013,-1.831620962354875,0.142568
-1.2420815682585111,-3.205430613075505,-2.1426755588112814,0.125863
-1.2420815682585111,-3.205430613075505,2.367616089806612,0.136971
-1.2420815682585111,-1.6501576307934727,2.6786706862630183,0.158631
-1.2420815682585111,0.0606426497167627,2.9897252827194247,0.180524
-1.2420815682585111,1.1493337373141852,2.2120887915784087,0.179067
-1.2420815682585111,1.4603883337705916,-1.831620962354875,0.12372
-1.2420815682585111,2.8601340178244206,-0.12082068184463957,0.145901
-1.086554270030308,-4.605176297129334,-0.8984571729856552,0.124195
-1.086554270030308,-4.605176297129334,0.3457612128399701,0.133107
-1.086554270030308,-4.138594402444724,0.8123431075245797,0.135444
-1.086554270030308,-3.8275398059883177,1.1233977039809862,0.139269
-1.086554270030308,-3.6720125077601145,-1.831620962354875,0.121037
-1.086554270030308,-3.6720125077601145,1.5899795986655958,0.139273
-1.086554270030308,-2.4277941219344883,-2.2982028570394846,0.129647
-1.086554270030308,1.3048610355423893,1.9010341951220022,0.176068
-1.086554270030308,1.9269702284552013,-1.6760936641266717,0.136162
-0.9310269718021038,-2.4277941219344883,-2.2982028570394846,0.128803
-0.9310269718021038,-0.8725211396524557,-2.2982028570394846,0.108609
-0.9310269718021038,0.6827518426295756,2.6786706862630183,0.179431
-0.9310269718021038,1.1493337373141852,2.0565614933502054,0.175165
-0.9310269718021038,1.3048610355423893,1.7455068968938,0.173474
-0.9310269718021038,2.549079421368014,-1.0539844712138589,0.146185
-0.7754996735739015,1.4603883337705916,1.2789250022091894,0.168402
-0.6199723753456983,-4.294121700672927,0.03470661638356365,0.127996
-0.6199723753456983,-3.6720125077601145,1.5899795986655958,0.140395
-0.6199723753456983,-2.583321420162692,2.6786706862630183,0.145794
-0.6199723753456983,1.4603883337705916,-1.9871482605830777,0.081512
-0.6199723753456983,2.0824975266834054,0.03470661638356365,0.140946
-0.46444507711749505,-4.138594402444724,-0.431875278301046,0.122794
-0.46444507711749505,-4.138594402444724,-0.2763479800728428,0.124322
-0.46444507711749505,-2.4277941219344883,2.6786706862630183,0.149607
-0.46444507711749505,-1.8056849290216759,-1.9871482605830777,0.120735
-0.46444507711749505,1.1493337373141852,1.5899795986655958,0.164256
-0.46444507711749505,1.9269702284552013,-1.209511769442062,0.112549
-0.46444507711749505,2.0824975266834054,-0.7429298747574524,0.129029
-0.46444507711749505,2.0824975266834054,-0.431875278301046,0.132811
-0.30891777888929184,-3.516485209531911,-1.6760936641266717,0.12291
-0.30891777888929184,-3.516485209531911,1.9010341951220022,0.143785
-0.30891777888929184,-2.8943760166190984,2.523143388034815,0.147664
-0.30891777888929184,-2.4277941219344883,-2.1426755588112814,0.12721
-0.30891777888929184,-0.40593924496784695,-2.609257453495891,0.0650252
-0.30891777888929184,0.6827518426295756,-2.609257453495891,0.0584424
-0.30891777888929184,1.1493337373141852,1.5899795986655958,0.158054
-0.30891777888929184,1.9269702284552013,-1.209511769442062,0.105107
-0.30891777888929184,2.0824975266834054,-0.7429298747574524,0.122506
-0.30891777888929184,2.0824975266834054,-0.431875278301046,0.12695
-0.15339048066108774,-3.516485209531911,0.8123431075245797,0.140854
-0.15339048066108774,0.0606426497167627,2.523143388034815,0.190326
-0.15339048066108774,1.4603883337705916,1.1233977039809862,0.145915
-0.15339048066108774,2.2380248249116077,0.19023391461176686,0.124496
-0.15339048066108774,3.0156613160526247,-0.431875278301046,0.119996
0.0021368175671145906,-3.360957911303708,0.6568158092963774,0.140863
0.0021368175671145906,-3.205430613075505,0.19023391461176686,0.137509
0.0021368175671145906,-1.6501576307934727,2.367616089806612,0.172919
0.0021368175671145906,-1.4946303325652694,-1.6760936641266717,0.0981822
0.0021368175671145906,-0.5614665431960502,2.523143388034815,0.202516
0.0021368175671145906,0.0606426497167627,2.523143388034815,0.191585
0.0021368175671145906,0.6827518426295756,2.2120887915784087,0.164934
0.0021368175671145906,1.3048610355423893,1.5899795986655958,0.140297
0.0021368175671145906,1.771442930226998,-1.6760936641266717,0.0776628
0.0021368175671145906,3.171188614280827,0.19023391461176686,0.111875
0.15766411579531692,-3.360957911303708,1.7455068968938,0.148063
0.15766411579531692,-2.738848718390895,2.367616089806612,0.154442
0.15766411579531692,-1.961212227249879,-1.5205663658984685,0.122369
0.15766411579531692,-1.3391030343370662,-1.831620962354875,0.08258
0.15766411579531692,-0.40593924496784695,-2.609257453495891,0.0530209
0.15766411579531692,1.1493337373141852,1.9010341951220022,0.139448
0.15766411579531692,1.9269702284552013,1.4344523004373926,0.131702
0.15766411579531692,3.326715912509031,0.9678704057527829,0.113581
0.15766411579531692,3.4822432107372334,-0.7429298747574524,0.110941
0.313191414023521,-3.0499033148473016,-1.0539844712138589,0.130661
0.313191414023521,-2.4277941219344883,-0.12082068184463957,0.140784
0.313191414023521,-1.961212227249879,-1.0539844712138589,0.128644
0.313191414023521,-1.8056849290216759,-0.8984571729856552,0.129222
0.313191414023521,0.0606426497167627,2.6786706862630183,0.191606
0.4687187122517251,-2.8943760166190984,0.6568158092963774,0.141557
0.4687187122517251,3.79329780719364,0.03470661638356365,0.101554
0.6242460104799274,-2.738848718390895,0.6568158092963774,0.139192
0.6242460104799274,-2.583321420162692,0.19023391461176686,0.137482
0.6242460104799274,-2.4277941219344883,0.03470661638356365,0.137759
0.6242460104799274,-1.183575736108863,2.523143388034815,0.197866
0.6242460104799274,0.3716972461731691,2.6786706862630183,0.176068
0.6242460104799274,1.4603883337705916,1.9010341951220022,0.123649
0.6242460104799274,1.771442930226998,-1.6760936641266717,0.0752239
0.6242460104799274,3.0156613160526247,2.0565614933502054,0.123113
0.6242460104799274,3.326715912509031,-1.5205663658984685,0.106079
0.7797733087081316,-2.8943760166190984,-0.2763479800728428,0.134323
0.7797733087081316,-2.738848718390895,-0.431875278301046,0.13426
0.7797733087081316,-2.583321420162692,1.4344523004373926,0.146083
0.7797733087081316,-2.4277941219344883,1.5899795986655958,0.149406
0.7797733087081316,0.6827518426295756,2.523143388034815,0.155654
0.7797733087081316,1.3048610355423893,2.0565614933502054,0.123892
0.7797733087081316,2.7046067195962182,2.2120887915784087,0.12532
0.7797733087081316,3.948825105421844,0.8123431075245797,0.0995506
0.9353006069363339,-3.205430613075505,-0.2763479800728428,0.129959
0.9353006069363339,-3.0499033148473016,0.6568158092963774,0.128796
0.9353006069363339,3.948825105421844,1.1233977039809862,0.0991977
0.9353006069363339,4.104352403650046,-0.431875278301046,0.0949602
1.090827905164538,-2.8943760166190984,1.1233977039809862,0.126191
1.090827905164538,-2.738848718390895,1.2789250022091894,0.128813
1.090827905164538,-1.6501576307934727,2.0565614933502054,0.164152
1.090827905164538,3.79329780719364,1.5899795986655958,0.102006
1.2463552033927403,-2.583321420162692,1.7455068968938,0.132147
1.2463552033927403,-1.0280484378806598,2.6786706862630183,0.193212
1.2463552033927403,0.8382791408577788,-1.9871482605830777,0.037156
1.2463552033927403,1.3048610355423893,2.0565614933502054,0.119252
1.2463552033927403,3.948825105421844,-1.0539844712138589,0.0916009
1.2463552033927403,4.4154070001064545,0.03470661638356365,0.0959564
1.4018825016209426,-3.6720125077601145,0.3457612128399701,0.11457
1.4018825016209426,-3.516485209531911,-0.5874025765292492,0.118415
1.4018825016209426,-2.583321420162692,2.0565614933502054,0.13348
1.4018825016209426,-1.8056849290216759,2.0565614933502054,0.149712
1.4018825016209426,-1.3391030343370662,2.367616089806612,0.176622
1.4018825016209426,-1.0280484378806598,-0.8984571729856552,0.094996
1.4018825016209426,-0.5614665431960502,-1.6760936641266717,0.0501878
1.4018825016209426,0.993806439085982,-1.6760936641266717,0.0450785
1.4018825016209426,3.948825105421844,1.4344523004373926,0.0953944
1.5574097998491467,-3.6720125077601145,0.6568158092963774,0.110289
1.5574097998491467,-3.205430613075505,1.7455068968938,0.118982
1.5574097998491467,-1.961212227249879,-1.0539844712138589,0.107949
1.5574097998491467,-1.4946303325652694,2.2120887915784087,0.161038
1.5574097998491467,-1.0280484378806598,-0.8984571729856552,0.0933088
1.5574097998491467,-0.8725211396524557,-1.0539844712138589,0.0826491
1.5574097998491467,-0.25041194673964373,-1.6760936641266717,0.0446336
1.5574097998491467,3.4822432107372334,-1.5205663658984685,0.0899512
1.7129370980773508,-3.8275398059883177,-0.12082068184463957,0.108916
1.7129370980773508,-3.0499033148473016,2.2120887915784087,0.124504
1.7129370980773508,-2.2722668237062855,-1.209511769442062,0.107343
1.7129370980773508,-1.4946303325652694,-0.8984571729856552,0.100011
1.7129370980773508,-0.25041194673964373,2.6786706862630183,0.179549
1.7129370980773508,0.8382791408577788,-1.5205663658984685,0.051418
1.7129370980773508,4.25987970187825,-0.8984571729856552,0.0929759
1.7129370980773508,4.570934298334655,-0.431875278301046,0.0980587
1.8684643963055532,-3.6720125077601145,1.1233977039809862,0.106012
1.8684643963055532,-3.0499033148473016,2.367616089806612,0.124176
1.8684643963055532,-2.1167395254780823,-1.209511769442062,0.102433
1.8684643963055532,0.2161699479449668,-1.5205663658984685,0.0489965
1.8684643963055532,0.8382791408577788,-1.5205663658984685,0.0549647
1.8684643963055532,0.993806439085982,-1.5205663658984685,0.0586094
1.8684643963055532,0.993806439085982,2.0565614933502054,0.119703
1.8684643963055532,1.1493337373141852,-1.5205663658984685,0.0627881
1.8684643963055532,4.726461596562859,0.19023391461176686,0.101046
2.0239916945337573,-3.8275398059883177,0.8123431075245797,0.103145
2.0239916945337573,-3.6720125077601145,1.4344523004373926,0.105849
2.0239916945337573,-2.4277941219344883,2.6786706862630183,0.131978
2.0239916945337573,-1.0280484378806598,2.2120887915784087,0.159119
2.0239916945337573,0.3716972461731691,-1.5205663658984685,0.0523227
2.0239916945337573,3.0156613160526247,2.0565614933502054,0.0989445
2.0239916945337573,3.6377705089654357,-1.3650390676702653,0.0880408
2.1795189927619614,-3.8275398059883177,-0.431875278301046,0.100379
2.1795189927619614,-3.516485209531911,2.0565614933502054,0.111653
2.1795189927619614,-0.7169938414242534,-1.3650390676702653,0.066962
2.1795189927619614,0.2161699479449668,-1.5205663658984685,0.0546391
2.335046290990162,-1.8056849290216759,-1.209511769442062,0.091026
2.335046290990162,3.4822432107372334,-1.3650390676702653,0.0887889
2.335046290990162,4.726461596562859,-0.2763479800728428,0.104536
2.490573589218366,-3.6720125077601145,1.9010341951220022,0.104837
2.490573589218366,-0.7169938414242534,2.0565614933502054,0.133916
2.490573589218366,0.8382791408577788,-1.6760936641266717,0.0591941
2.490573589218366,4.104352403650046,-1.0539844712138589,0.0965638
2.490573589218366,4.726461596562859,0.3457612128399701,0.104921
2.6461008874465684,-3.983067104216521,0.9678704057527829,0.0978889
2.6461008874465684,-1.8056849290216759,2.6786706862630183,0.12482
2.6461008874465684,-0.8725211396524557,2.0565614933502054,0.124935
2.6461008874465684,-0.7169938414242534,2.0565614933502054,0.124343
2.6461008874465684,0.8382791408577788,2.0565614933502054,0.0975807
2.6461008874465684,1.4603883337705916,-1.831620962354875,0.0634743
2.6461008874465684,1.6159156319987948,-1.831620962354875,0.0655372
2.6461008874465684,2.39355212313981,1.7455068968938,0.092193
2.6461008874465684,4.570934298334655,0.6568158092963774,0.102887
2.8016281856747725,-3.205430613075505,2.523143388034815,0.111498
2.8016281856747725,-0.25041194673964373,-1.5205663658984685,0.0619835
2.8016281856747725,2.0824975266834054,1.7455068968938,0.0892994
2.8016281856747725,3.4822432107372334,-1.209511769442062,0.0935357
2.8016281856747725,4.570934298334655,0.5012885110681733,0.104697
2.9571554839029766,-2.4277941219344883,-1.209511769442062,0.0904695
2.9571554839029766,3.326715912509031,-1.209511769442062,0.0942458
2.9571554839029766,3.4822432107372334,1.2789250022091894,0.0895708
3.112682782131179,-1.4946303325652694,2.367616089806612,0.111029
3.112682782131179,1.1493337373141852,1.9010341951220022,0.0802998
3.112682782131179,1.9269702284552013,-1.9871482605830777,0.0654962
3.268210080359383,-3.6720125077601145,-0.7429298747574524,0.0944834
3.268210080359383,-3.0499033148473016,-1.0539844712138589,0.0909168
3.268210080359383,-1.8056849290216759,-1.3650390676702653,0.0806614
3.268210080359383,-1.0280484378806598,-1.6760936641266717,0.0639676
3.268210080359383,-0.8725211396524557,2.0565614933502054,0.0993181
3.268210080359383,-0.5614665431960502,2.0565614933502054,0.0946054
3.268210080359383,-0.40593924496784695,2.0565614933502054,0.0922536
3.268210080359383,2.549079421368014,-1.831620962354875,0.0761808
3.268210080359383,4.25987970187825,-0.12082068184463957,0.107138
3.4237373785875853,-3.983067104216521,-0.431875278301046,0.0986499
3.4237373785875853,-3.360957911303708,2.0565614933502054,0.0967886
3.4237373785875853,-3.205430613075505,2.2120887915784087,0.0990987
3.4237373785875853,-2.1167395254780823,-1.209511769442062,0.0870809
3.4237373785875853,2.7046067195962182,-1.831620962354875,0.0784469
3.5792646768157876,-3.6720125077601145,-0.7429298747574524,0.0974454
3.5792646768157876,0.6827518426295756,1.7455068968938,0.073792
3.5792646768157876,2.8601340178244206,-1.831620962354875,0.0811917
3.7347919750439917,-1.6501576307934727,2.0565614933502054,0.095829
3.7347919750439917,-1.0280484378806598,-1.831620962354875,0.0614507
3.7347919750439917,0.993806439085982,-2.1426755588112814,0.0560827
3.7347919750439917,2.549079421368014,1.2789250022091894,0.0752853
3.7347919750439917,3.6377705089654357,0.19023391461176686,0.100112
3.890319273272196,-3.8275398059883177,1.2789250022091894,0.096708
3.890319273272196,-3.6720125077601145,1.4344523004373926,0.094839
3.890319273272196,-3.205430613075505,-0.8984571729856552,0.0973588
3.890319273272196,-1.4946303325652694,1.9010341951220022,0.0918491
3.890319273272196,-1.3391030343370662,1.9010341951220022,0.0899654
3.890319273272196,0.0606426497167627,1.7455068968938,0.0727927
3.890319273272196,0.3716972461731691,1.5899795986655958,0.0724945
3.890319273272196,2.2380248249116077,-2.1426755588112814,0.0687811
4.045846571500398,-4.138594402444724,0.3457612128399701,0.105534
4.045846571500398,-2.1167395254780823,-1.209511769442062,0.0854465
4.045846571500398,2.0824975266834054,1.4344523004373926,0.0660898
4.045846571500398,3.79329780719364,-0.12082068184463957,0.102272
4.201373869728602,0.0606426497167627,-2.1426755588112814,0.0567812
4.201373869728602,2.8601340178244206,-1.9871482605830777,0.082307
4.356901167956806,-3.360957911303708,-0.5874025765292492,0.105252
4.512428466185007,-3.360957911303708,-0.431875278301046,0.107314
4.512428466185007,-3.0499033148473016,1.2789250022091894,0.0957249
4.512428466185007,-0.09488464851144052,1.5899795986655958,0.0651705
4.512428466185007,0.5272245444013723,-2.2982028570394846,0.0592762
4.512428466185007,1.1493337373141852,-2.2982028570394846,0.0607668
4.667955764413211,-1.961212227249879,-1.5205663658984685,0.0800034
4.667955764413211,-1.0280484378806598,-1.9871482605830777,0.0643772
4.667955764413211,-0.40593924496784695,-2.1426755588112814,0.0598149
4.667955764413211,0.3716972461731691,-2.2982028570394846,0.0605775
4.667955764413211,1.1493337373141852,-2.2982028570394846,0.0626474
4.667955764413211,1.9269702284552013,1.2789250022091894,0.0608556
4.823483062641413,-2.4277941219344883,-1.0539844712138589,0.0951993
4.823483062641413,-0.8725211396524557,1.5899795986655958,0.068532
4.823483062641413,-0.40593924496784695,1.5899795986655958,0.063827
4.823483062641413,1.1493337373141852,-2.2982028570394846,0.064612
4.823483062641413,3.171188614280827,0.5012885110681733,0.0804658
4.823483062641413,3.4822432107372334,0.19023391461176686,0.0903469
4.9790103608696175,-2.738848718390895,-0.2763479800728428,0.107149
4.9790103608696175,-2.738848718390895,0.19023391461176686,0.106954
4.9790103608696175,-1.8056849290216759,1.1233977039809862,0.0856223
4.9790103608696175,-0.8725211396524557,-1.9871482605830777,0.0663518
5.134537659097822,-0.7169938414242534,-1.9871482605830777,0.067508
5.134537659097822,3.326715912509031,-1.3650390676702653,0.0994086
5.290064957326024,-2.2722668237062855,0.6568158092963774,0.0971863
5.290064957326024,-1.961212227249879,-1.5205663658984685,0.0867063
5.290064957326024,0.5272245444013723,1.2789250022091894,0.0589964
5.290064957326024,1.4603883337705916,-2.1426755588112814,0.0745165
5.445592255554228,-1.4946303325652694,-1.6760936641266717,0.0809465
5.445592255554228,-1.4946303325652694,1.1233977039809862,0.0779091
5.445592255554228,0.6827518426295756,-2.2982028570394846,0.0711861
5.445592255554228,1.1493337373141852,1.1233977039809862,0.0597578
5.60111955378243,-2.583321420162692,-0.12082068184463957,0.10683
5.60111955378243,2.2380248249116077,-1.3650390676702653,0.0931009
5.60111955378243,2.39355212313981,-1.209511769442062,0.0943428
5.60111955378243,2.8601340178244206,-0.7429298747574524,0.0942423
5.60111955378243,2.8601340178244206,-0.431875278301046,0.0906085
5.756646852010633,-0.5614665431960502,1.1233977039809862,0.0658851
5.756646852010633,-0.40593924496784695,1.1233977039809862,0.0643926
5.756646852010633,-0.25041194673964373,1.1233977039809862,0.0630291
5.756646852010633,1.771442930226998,0.6568158092963774,0.0662083
5.756646852010633,1.9269702284552013,-1.6760936641266717,0.0894286
5.756646852010633,2.0824975266834054,0.3457612128399701,0.0724156
5.756646852010633,2.39355212313981,-0.7429298747574524,0.0931777
5.756646852010633,2.39355212313981,-0.2763479800728428,0.0861251
5.912174150238837,-2.4277941219344883,-0.12082068184463957,0.105665
5.912174150238837,-0.7169938414242534,0.9678704057527829,0.0694768
5.912174150238837,0.5272245444013723,0.9678704057527829,0.0629062
5.912174150238837,2.2380248249116077,-0.7429298747574524,0.0928743
5.912174150238837,2.2380248249116077,-0.431875278301046,0.0884548
6.067701448467041,0.0606426497167627,0.8123431075245797,0.0662415
6.067701448467041,0.8382791408577788,0.8123431075245797,0.0657314
6.223228746695243,-2.1167395254780823,-0.5874025765292492,0.10385
6.223228746695243,-1.8056849290216759,0.3457612128399701,0.0947188
6.223228746695243,0.2161699479449668,0.6568158092963774,0.0690397
6.378756044923447,-0.25041194673964373,0.19023391461176686,0.0805924
6.378756044923447,0.3716972461731691,0.5012885110681733,0.0721416
6.378756044923447,0.993806439085982,0.5012885110681733,0.0716431
6.534283343151651,0.5272245444013723,0.3457612128399701,0.0755403
6.534283343151651,1.9269702284552013,-0.8984571729856552,0.0953799
6.689810641379852,-0.09488464851144052,-0.431875278301046,0.0910342
6.689810641379852,0.6827518426295756,0.19023391461176686,0.0793043
6.689810641379852,0.8382791408577788,0.19023391461176686,0.0794076
6.689810641379852,1.771442930226998,-0.5874025765292492,0.0932151
6.845337939608056,0.6827518426295756,-1.6760936641266717,0.0987209
6.845337939608056,0.993806439085982,-1.6760936641266717,0.0997056
7.000865237836258,0.3716972461731691,-1.209511769442062,0.0989958
7.000865237836258,0.5272245444013723,-1.3650390676702653,0.099671
7.000865237836258,0.8382791408577788,-0.2763479800728428,0.090624
7.000865237836258,1.1493337373141852,-1.3650390676702653,0.101316
7.000865237836258,1.3048610355423893,-1.209511769442062,0.101137
