-5.9228084954168345,-1.0141638862892837,-0.33221110124424014,0.0302982
-5.9228084954168345,-0.8754702442343119,-0.6095983853541838,0.0302069
-5.9228084954168345,-0.8754702442343119,-0.05482381713429607,0.0288615
-5.645421211306891,-0.8754702442343119,-1.164372953574072,0.0243644
-5.645421211306891,0.09538525015049171,-0.7482920274091556,0.0182869
-5.506727569251918,-0.8754702442343119,-1.3030665956290437,0.0213484
-5.368033927196946,-0.5980829601243682,-1.441760237684015,0.0147694
-5.368033927196946,0.2340788922054644,-1.0256793115190996,0.00916669
-5.229340285141975,-1.8463257386191154,-0.33221110124424014,0.0201132
-5.229340285141975,-1.8463257386191154,-0.19351745918926788,0.0184902
-5.229340285141975,-0.73677660217934,0.9160316772505075,0.00708587
-5.229340285141975,-0.5980829601243682,0.9160316772505075,0.00785419
-5.229340285141975,0.09538525015049171,-1.3030665956290437,0.00495838
-5.229340285141975,0.3727725342604362,-1.0256793115190996,0.00476412
-5.229340285141975,0.5114661763154071,0.22256346697564755,0.0173156
-5.229340285141975,1.204934386590267,0.7773380351955357,0.0215507
-5.090646643087003,-0.8754702442343119,-1.5804538797389873,0.011369
-5.090646643087003,-0.3206956760144237,-1.5804538797389873,0.00433817
-5.090646643087003,0.5114661763154071,0.9160316772505075,0.0152131
-5.090646643087003,0.9275471024803226,0.08386982492067574,0.0137621
-5.090646643087003,0.9275471024803226,1.3321126034154238,0.0184524
-4.951953001032031,0.3727725342604362,-1.3030665956290437,-0.00359489
-4.813259358977058,-1.9850193806740872,-0.6095983853541838,0.0175516
-4.813259358977058,-1.9850193806740872,0.08386982492067574,0.00760559
-4.813259358977058,-1.4302448124541995,-1.441760237684015,0.0156119
-4.813259358977058,-1.4302448124541995,0.9160316772505075,-0.00317656
-4.813259358977058,-0.3206956760144237,-1.7191475217939591,-0.00234006
-4.813259358977058,0.9275471024803226,1.7481935295803384,0.0141534
-4.813259358977058,1.898402596865127,0.08386982492067574,0.0111641
-4.674565716922087,-1.0141638862892837,-1.7191475217939591,0.00535591
-4.674565716922087,1.0662407445352953,-0.7482920274091556,-0.00582908
-4.674565716922087,1.204934386590267,-0.6095983853541838,-0.00401176
-4.535872074867115,-2.1237130227290595,-0.6095983853541838,0.0156351
-4.535872074867115,-2.1237130227290595,-0.05482381713429607,0.00603058
-4.535872074867115,-0.5980829601243682,-1.857841163848931,-0.00439771
-4.535872074867115,-0.45938931806939554,-1.857841163848931,-0.00630968
-4.535872074867115,2.1757898809750706,0.08386982492067574,0.00804592
-4.397178432812143,-2.2624066647840313,-1.3030665956290437,0.0215936
-4.397178432812143,-2.2624066647840313,-0.6095983853541838,0.0148092
-4.397178432812143,-2.1237130227290595,-1.441760237684015,0.020746
-4.397178432812143,-1.7076320965641432,0.9160316772505075,-0.00981143
-4.397178432812143,-1.4302448124541995,-1.7191475217939591,0.00967001
-4.397178432812143,-1.0141638862892837,-1.857841163848931,0.000582861
-4.397178432812143,-0.73677660217934,1.4708062454703947,-0.0123242
-4.397178432812143,-0.3206956760144237,1.6094998875253665,-0.00978935
-4.397178432812143,1.4823216707002107,2.025580813690283,0.0175387
-4.397178432812143,1.7597089548101552,-0.47090474329921195,-0.00587522
-4.258484790757171,0.9275471024803226,-1.3030665956290437,-0.0186455
-4.1197911487022,-1.8463257386191154,0.9160316772505075,-0.0133032
-4.1197911487022,-0.73677660217934,1.6094998875253665,-0.0166197
-3.9810975066472274,-2.955874875058891,-1.7191475217939591,0.0307084
-3.9810975066472274,-2.539793948893975,-0.05482381713429607,0.0015034
-3.9810975066472274,-1.1528575283442555,-2.135228447958875,-0.00299248
-3.9810975066472274,0.5114661763154071,-1.7191475217939591,-0.0222654
-3.9810975066472274,1.6210153127551825,-0.8869856694641278,-0.0177469
-3.9810975066472274,2.037096238920099,-0.47090474329921195,-0.0112057
-3.9810975066472274,2.453177165085015,0.22256346697564755,0.00303738
-3.8424038645922556,-3.0945685171138626,-0.7482920274091556,0.0188088
-3.8424038645922556,-2.4011003068390027,-2.273922090013847,0.0233082
-3.8424038645922556,-0.45938931806939554,-2.135228447958875,-0.0166499
-3.8424038645922556,1.343628028645239,-1.164372953574072,-0.0230376
-3.7037102225372833,-2.6784875909489467,0.08386982492067574,-0.00211133
-3.7037102225372833,-1.9850193806740872,-2.4126157320688186,0.0130211
-3.7037102225372833,0.7888534604253508,-1.5804538797389873,-0.0262193
-3.7037102225372833,1.204934386590267,-1.3030665956290437,-0.0257389
-3.7037102225372833,1.7597089548101552,2.025580813690283,0.0126562
-3.5650165804823115,-3.0945685171138626,-1.9965348059039032,0.033376
-3.5650165804823115,-2.955874875058891,-0.19351745918926788,0.00456466
-3.5650165804823115,-0.73677660217934,1.7481935295803384,-0.0215192
-3.5650165804823115,0.09538525015049171,-1.9965348059039032,-0.0246702
-3.5650165804823115,1.343628028645239,2.1642744557452547,0.00360785
-3.5650165804823115,2.453177165085015,1.193418961360452,0.0143517
-3.4263229384273397,-1.0141638862892837,-2.4126157320688186,-0.0103464
-3.4263229384273397,-0.73677660217934,1.7481935295803384,-0.0221043
-3.4263229384273397,0.09538525015049171,2.1642744557452547,-0.0160181
-3.287629296372368,-3.2332621591688344,-0.47090474329921195,0.0116573
-3.287629296372368,-2.2624066647840313,0.7773380351955357,-0.0163648
-3.287629296372368,-0.73677660217934,1.7481935295803384,-0.0224367
-3.287629296372368,1.4823216707002107,-1.164372953574072,-0.0280884
-3.287629296372368,1.6210153127551825,2.025580813690283,0.00638945
-3.287629296372368,2.453177165085015,0.9160316772505075,0.00767669
-3.1489356543173956,-2.8171812330039185,0.22256346697564755,-0.00539107
-3.1489356543173956,-1.4302448124541995,-2.551309374123791,-0.0036261
-3.1489356543173956,0.09538525015049171,-1.9965348059039032,-0.0268172
-3.1489356543173956,1.4823216707002107,-1.164372953574072,-0.0292343
-3.1489356543173956,2.453177165085015,0.7773380351955357,0.00377126
-3.010242012262424,-3.3719558012238062,-0.7482920274091556,0.0177528
-3.010242012262424,2.453177165085015,0.7773380351955357,0.00253182
-2.871548370207452,-2.955874875058891,0.08386982492067574,-0.00290164
-2.871548370207452,-2.1237130227290595,0.9160316772505075,-0.0182832
-2.871548370207452,-1.8463257386191154,1.0547253193054793,-0.0200692
-2.871548370207452,-1.1528575283442555,1.3321126034154238,-0.0202713
-2.871548370207452,0.650159818370379,2.3029680978002265,-0.0140041
-2.871548370207452,1.343628028645239,2.1642744557452547,-0.00185758
-2.73285472815248,-3.3719558012238062,-0.8869856694641278,0.0192526
-2.73285472815248,-2.955874875058891,0.08386982492067574,-0.00315865
-2.73285472815248,-2.1237130227290595,0.9160316772505075,-0.0180121
-2.73285472815248,-1.1528575283442555,-2.551309374123791,-0.0107716
-2.73285472815248,-0.8754702442343119,1.4708062454703947,-0.0197939
-2.73285472815248,-0.3206956760144237,-2.273922090013847,-0.023829
-2.73285472815248,-0.043308391904480104,2.1642744557452547,-0.0213429
-2.73285472815248,0.9275471024803226,2.3029680978002265,-0.0104322
-2.73285472815248,2.3144835230300425,-0.33221110124424014,-0.0260267
-2.5941610860975084,-3.0945685171138626,-1.9965348059039032,0.0292808
-2.5941610860975084,-1.8463257386191154,-2.551309374123791,0.00361167
-2.5941610860975084,-0.5980829601243682,-2.4126157320688186,-0.0205591
-2.5941610860975084,-0.3206956760144237,-2.273922090013847,-0.0241667
-2.5941610860975084,2.591870807139986,0.49995075108559206,-0.00902176
-2.4554674440425357,-2.6784875909489467,-2.273922090013847,0.0226698
-2.4554674440425357,1.898402596865127,-0.8869856694641278,-0.0351252
-2.4554674440425357,2.1757898809750706,-0.6095983853541838,-0.0335133
-2.316773801987564,-3.0945685171138626,-1.7191475217939591,0.0268428
-2.316773801987564,-2.1237130227290595,-2.4126157320688186,0.0101344
-2.316773801987564,-1.7076320965641432,1.0547253193054793,-0.0173404
-2.316773801987564,2.453177165085015,-0.19351745918926788,-0.0295328
-2.178080159932592,-3.0945685171138626,-1.441760237684015,0.02405
-2.178080159932592,-3.0945685171138626,-0.6095983853541838,0.0100481
-2.178080159932592,-2.8171812330039185,0.22256346697564755,-0.00624753
-2.178080159932592,-1.1528575283442555,1.193418961360452,-0.0136473
-2.178080159932592,-0.45938931806939554,1.8868871716353102,-0.0205041
-2.0393865178776203,-2.955874875058891,-0.19351745918926788,0.00143574
-2.0393865178776203,-2.4011003068390027,-2.135228447958875,0.0173937
-2.0393865178776203,-2.1237130227290595,-2.273922090013847,0.0109845
-2.0393865178776203,-2.1237130227290595,0.9160316772505075,-0.0145021
-2.0393865178776203,-1.7076320965641432,-2.4126157320688186,0.00061984
-2.0393865178776203,-1.2915511703992277,1.193418961360452,-0.0139772
-2.0393865178776203,-1.0141638862892837,1.3321126034154238,-0.0140472
-2.0393865178776203,-0.73677660217934,1.6094998875253665,-0.0172958
-2.0393865178776203,-0.3206956760144237,-2.273922090013847,-0.0245889
-2.0393865178776203,0.2340788922054644,2.3029680978002265,-0.0178235
-2.0393865178776203,2.3144835230300425,-0.47090474329921195,-0.0386748
-2.0393865178776203,2.453177165085015,2.025580813690283,0.0136235
-2.0393865178776203,2.591870807139986,1.8868871716353102,0.0137539
-2.0393865178776203,2.8692580912499306,1.3321126034154238,0.00641755
-1.9006928758226485,-2.955874875058891,-1.164372953574072,0.0198843
-1.9006928758226485,-1.9850193806740872,-2.273922090013847,0.00838907
-1.9006928758226485,-1.8463257386191154,1.0547253193054793,-0.0136199
-1.9006928758226485,-1.4302448124541995,1.193418961360452,-0.0135441
-1.9006928758226485,-0.3206956760144237,-2.273922090013847,-0.0241396
-1.9006928758226485,0.5114661763154071,-1.5804538797389873,-0.0251698
-1.9006928758226485,1.0662407445352953,-1.3030665956290437,-0.0295727
-1.9006928758226485,2.037096238920099,2.3029680978002265,0.00945617
-1.9006928758226485,2.591870807139986,-0.05482381713429607,-0.0365698
-1.9006928758226485,2.730564449194958,0.22256346697564755,-0.0292912
-1.9006928758226485,2.8692580912499306,1.4708062454703947,0.00841689
-1.7619992337676758,-2.955874875058891,-0.7482920274091556,0.0130595
-1.7619992337676758,-2.955874875058891,-0.6095983853541838,0.0103837
-1.7619992337676758,1.898402596865127,-0.8869856694641278,-0.0422792
-1.623305591712704,-2.8171812330039185,0.08386982492067574,-0.000507389
-1.623305591712704,-0.8754702442343119,1.6094998875253665,-0.0132038
-1.623305591712704,0.3727725342604362,2.3029680978002265,-0.0144575
-1.623305591712704,1.898402596865127,-0.8869856694641278,-0.0445101
-1.623305591712704,2.453177165085015,-0.33221110124424014,-0.0510934
-1.484611949657733,-2.6784875909489467,0.36125710903061936,-0.00121472
-1.484611949657733,-1.7076320965641432,1.193418961360452,-0.00618248
-1.484611949657733,-1.1528575283442555,1.4708062454703947,-0.00932301
-1.484611949657733,-0.3206956760144237,-2.273922090013847,-0.0214333
-1.484611949657733,0.5114661763154071,-1.7191475217939591,-0.0257371
-1.3459183076027612,-2.955874875058891,-0.8869856694641278,0.018123
-1.3459183076027612,-2.955874875058891,-0.6095983853541838,0.013419
-1.3459183076027612,-2.6784875909489467,-1.7191475217939591,0.0247004
-1.3459183076027612,2.1757898809750706,-0.7482920274091556,-0.0591843
-1.3459183076027612,2.3144835230300425,2.1642744557452547,0.0125078
-1.3459183076027612,2.453177165085015,-0.6095983853541838,-0.0667872
-1.3459183076027612,2.8692580912499306,-0.05482381713429607,-0.0657728
-1.2072246655477894,-1.8463257386191154,1.193418961360452,0.00449489
-1.2072246655477894,-0.73677660217934,1.7481935295803384,-0.00805139
-1.2072246655477894,1.0662407445352953,2.3029680978002265,-0.00555398
-1.2072246655477894,2.1757898809750706,-0.8869856694641278,-0.0631266
-1.2072246655477894,2.591870807139986,1.8868871716353102,0.00937625
-1.2072246655477894,3.146645375359874,-0.19351745918926788,-0.075292
-1.0685310234928176,-2.955874875058891,-0.47090474329921195,0.0147984
-1.0685310234928176,-1.4302448124541995,-2.4126157320688186,0.000668325
-1.0685310234928176,-1.1528575283442555,-2.4126157320688186,-0.00512288
-1.0685310234928176,-1.0141638862892837,1.6094998875253665,-0.0017787
-1.0685310234928176,2.037096238920099,-1.0256793115190996,-0.0600142
-1.0685310234928176,2.730564449194958,-1.0256793115190996,-0.0762145
-0.9298373814378449,2.037096238920099,-1.164372953574072,-0.0601551
-0.9298373814378449,3.5627263015247905,-0.33221110124424014,-0.0800193
-0.7911437393828731,-1.2915511703992277,1.6094998875253665,0.0109331
-0.7911437393828731,-1.1528575283442555,1.6094998875253665,0.00802909
-0.7911437393828731,-0.18200203395945191,1.8868871716353102,-0.00638084
-0.7911437393828731,1.4823216707002107,-1.164372953574072,-0.0330162
-0.7911437393828731,1.6210153127551825,-1.164372953574072,-0.0403443
-0.7911437393828731,2.730564449194958,1.3321126034154238,-0.0230146
-0.7911437393828731,3.0079517333049015,1.0547253193054793,-0.048317
-0.7911437393828731,3.7014199435797615,0.08386982492067574,-0.0781568
-0.6524500973279013,-0.5980829601243682,1.7481935295803384,0.00159137
-0.6524500973279013,-0.043308391904480104,1.8868871716353102,-0.00655059
-0.6524500973279013,3.840113585634734,-0.19351745918926788,-0.0805401
-0.5137564552729295,-0.5980829601243682,1.7481935295803384,0.0037254
-0.5137564552729295,0.650159818370379,1.8868871716353102,-0.00909971
-0.5137564552729295,2.1757898809750706,1.6094998875253665,-0.00813327
-0.5137564552729295,2.730564449194958,-1.5804538797389873,-0.0716953
-0.37506281321795765,-0.8754702442343119,-2.135228447958875,-0.00206746
-0.37506281321795765,-0.73677660217934,1.7481935295803384,0.00855819
-0.37506281321795765,-0.043308391904480104,1.8868871716353102,-0.00708512
-0.37506281321795765,0.650159818370379,1.8868871716353102,-0.0116254
-0.37506281321795765,1.204934386590267,1.7481935295803384,-0.00620273
-0.37506281321795765,2.037096238920099,-1.5804538797389873,-0.0527939
-0.23636917116298495,-3.2332621591688344,1.0547253193054793,0.035141
-0.23636917116298495,-3.2332621591688344,1.3321126034154238,0.0362386
-0.23636917116298495,-3.0945685171138626,1.7481935295803384,0.0369498
-0.23636917116298495,-2.1237130227290595,-2.135228447958875,0.0257509
-0.23636917116298495,-1.5689384545091714,2.3029680978002265,0.0198796
-0.23636917116298495,-0.18200203395945191,1.8868871716353102,-0.00485861
-0.23636917116298495,2.730564449194958,-1.7191475217939591,-0.068983
-0.23636917116298495,3.840113585634734,-1.0256793115190996,-0.0823913
-0.23636917116298495,3.978807227689705,-0.7482920274091556,-0.0827904
-0.09767552910801314,-3.2332621591688344,1.6094998875253665,0.0360618
-0.09767552910801314,-2.8171812330039185,-1.0256793115190996,0.0330696
-0.09767552910801314,-1.8463257386191154,-2.135228447958875,0.0209661
-0.09767552910801314,-1.4302448124541995,-2.135228447958875,0.0114301
-0.09767552910801314,-1.2915511703992277,2.3029680978002265,0.0162475
-0.09767552910801314,0.09538525015049171,-1.5804538797389873,-0.00253622
-0.09767552910801314,1.0662407445352953,-1.441760237684015,-0.00543679
-0.09767552910801314,2.3144835230300425,1.4708062454703947,-0.032779
-0.09767552910801314,2.453177165085015,1.4708062454703947,-0.038126
-0.09767552910801314,3.424032659469818,1.193418961360452,-0.0662226
-0.09767552910801314,3.978807227689705,-0.8869856694641278,-0.0829853
0.041018112946958674,-0.8754702442343119,2.1642744557452547,0.0126122
0.041018112946958674,0.9275471024803226,1.8868871716353102,-0.0176322
0.041018112946958674,3.978807227689705,0.6386443931405639,-0.0768558
0.17971175500193048,-3.3719558012238062,0.9160316772505075,0.0316188
0.17971175500193048,-2.955874875058891,2.1642744557452547,0.0340203
0.17971175500193048,-2.539793948893975,2.4416617398551983,0.0305263
0.17971175500193048,-1.0141638862892837,2.4416617398551983,0.0148637
0.17971175500193048,0.09538525015049171,2.025580813690283,-0.011175
0.17971175500193048,1.4823216707002107,1.6094998875253665,-0.0129513
0.17971175500193048,4.117500869744678,-0.7482920274091556,-0.0834881
0.3184053970569023,-3.3719558012238062,0.7773380351955357,0.0299479
0.3184053970569023,-1.5689384545091714,2.719049023965143,0.020911
0.3184053970569023,-1.4302448124541995,2.719049023965143,0.0199066
0.3184053970569023,-0.73677660217934,-1.5804538797389873,-0.0038683
0.3184053970569023,0.9275471024803226,-1.5804538797389873,0.0020406
0.3184053970569023,3.840113585634734,0.9160316772505075,-0.073556
0.457099039111875,-3.2332621591688344,1.8868871716353102,0.0337337
0.457099039111875,-2.8171812330039185,-0.05482381713429607,0.0266877
0.457099039111875,-2.4011003068390027,2.58035538191017,0.0290983
0.457099039111875,-2.2624066647840313,-1.164372953574072,0.0204508
0.457099039111875,-0.73677660217934,-1.5804538797389873,-0.00718416
0.457099039111875,2.591870807139986,-1.857841163848931,-0.0568606
0.5957926811668459,-2.539793948893975,-0.33221110124424014,0.0229049
0.5957926811668459,-2.2624066647840313,-0.8869856694641278,0.0128335
0.5957926811668459,-0.5980829601243682,-1.5804538797389873,-0.00846997
0.5957926811668459,0.5114661763154071,-1.5804538797389873,0.00447344
0.5957926811668459,0.5114661763154071,2.025580813690283,-0.0155748
0.5957926811668459,1.343628028645239,-1.7191475217939591,-0.00231084
0.5957926811668459,3.7014199435797615,1.0547253193054793,-0.0700671
0.7344863232218177,-1.0141638862892837,2.9964363080750864,0.0253334
0.7344863232218177,0.3727725342604362,2.025580813690283,-0.0110444
0.7344863232218177,1.6210153127551825,1.6094998875253665,-0.00834814
0.8731799652767904,-3.5106494432787785,0.7773380351955357,0.0296428
0.8731799652767904,-2.8171812330039185,-0.19351745918926788,0.0261115
0.8731799652767904,-2.4011003068390027,-0.6095983853541838,0.0129625
0.8731799652767904,1.6210153127551825,1.6094998875253665,-0.00633039
0.8731799652767904,3.146645375359874,1.3321126034154238,-0.0554871
1.0118736073317613,-2.2624066647840313,2.8577426660201146,0.0303246
1.0118736073317613,-0.18200203395945191,2.4416617398551983,0.0172842
1.0118736073317613,3.0079517333049015,1.3321126034154238,-0.0498785
1.0118736073317613,3.7014199435797615,0.9160316772505075,-0.068824
1.150567249386734,-2.955874875058891,-0.19351745918926788,0.0284962
1.150567249386734,-2.1237130227290595,2.9964363080750864,0.0308722
1.150567249386734,-1.5689384545091714,-1.5804538797389873,-0.0140697
1.150567249386734,0.3727725342604362,1.8868871716353102,-0.00201745
1.150567249386734,1.4823216707002107,-1.857841163848931,-0.00717659
1.150567249386734,2.453177165085015,-1.7191475217939591,-0.0372342
1.150567249386734,3.424032659469818,-1.441760237684015,-0.0693717
1.289260891441705,-3.6493430853337507,0.7773380351955357,0.035339
1.289260891441705,-1.5689384545091714,-1.5804538797389873,-0.0134637
1.289260891441705,-1.4302448124541995,3.27382359218503,0.0339059
1.289260891441705,-0.73677660217934,3.1351299501300582,0.0324866
1.289260891441705,3.0079517333049015,1.193418961360452,-0.0464737
1.289260891441705,3.285339017414845,-1.441760237684015,-0.0636881
1.4279545334966777,-1.5689384545091714,3.27382359218503,0.0347411
1.4279545334966777,-0.043308391904480104,2.3029680978002265,0.0207856
1.4279545334966777,1.898402596865127,1.4708062454703947,-0.00287824
1.5666481755516504,-0.043308391904480104,2.3029680978002265,0.022687
1.5666481755516504,2.8692580912499306,1.0547253193054793,-0.0361134
1.5666481755516504,3.146645375359874,0.9160316772505075,-0.0476667
1.7053418176066213,-2.1237130227290595,-1.0256793115190996,0.00643605
1.7053418176066213,-1.7076320965641432,-1.441760237684015,-0.00374706
1.7053418176066213,3.424032659469818,0.49995075108559206,-0.0559683
1.844035459661594,-2.4011003068390027,-0.6095983853541838,0.0254374
1.844035459661594,-2.1237130227290595,2.9964363080750864,0.0339442
1.844035459661594,1.7597089548101552,-1.9965348059039032,-0.0138069
1.844035459661594,2.037096238920099,-1.857841163848931,-0.0133672
1.844035459661594,2.8692580912499306,0.7773380351955357,-0.0298337
1.982729101716565,-0.8754702442343119,3.1351299501300582,0.0380145
1.982729101716565,-0.45938931806939554,2.8577426660201146,0.034853
1.982729101716565,-0.18200203395945191,2.4416617398551983,0.0292574
1.982729101716565,0.650159818370379,-2.135228447958875,-0.0137149
1.982729101716565,1.6210153127551825,1.4708062454703947,-0.00698527
2.1214227437715376,-2.955874875058891,2.1642744557452547,0.0366191
2.1214227437715376,-1.5689384545091714,3.1351299501300582,0.0373628
2.1214227437715376,-0.73677660217934,2.9964363080750864,0.0376556
2.1214227437715376,-0.3206956760144237,2.58035538191017,0.0324279
2.1214227437715376,3.0079517333049015,-0.7482920274091556,-0.0207088
2.2601163858265103,-3.3719558012238062,1.7481935295803384,0.0425492
2.2601163858265103,-3.2332621591688344,1.8868871716353102,0.0407712
2.2601163858265103,-2.8171812330039185,-0.33221110124424014,0.0426767
2.2601163858265103,0.3727725342604362,-2.135228447958875,-0.0104068
2.2601163858265103,2.591870807139986,0.7773380351955357,-0.0130564
2.3988100278814812,-2.539793948893975,2.3029680978002265,0.0333943
2.3988100278814812,-2.1237130227290595,-1.3030665956290437,0.0299152
2.3988100278814812,-1.1528575283442555,-1.7191475217939591,0.0179435
2.3988100278814812,-0.8754702442343119,2.8577426660201146,0.0376799
2.3988100278814812,-0.18200203395945191,1.7481935295803384,0.0270441
2.3988100278814812,2.3144835230300425,1.0547253193054793,-0.0127578
2.3988100278814812,2.453177165085015,0.9160316772505075,-0.0123342
2.3988100278814812,2.591870807139986,-1.5804538797389873,-0.00300205
2.3988100278814812,3.0079517333049015,-0.19351745918926788,-0.00983217
2.537503669936454,-3.2332621591688344,0.08386982492067574,0.0505434
2.537503669936454,-2.8171812330039185,2.025580813690283,0.0374509
2.537503669936454,-2.539793948893975,-0.8869856694641278,0.0389259
2.537503669936454,-0.3206956760144237,-1.9965348059039032,0.00702746
2.537503669936454,-0.043308391904480104,1.6094998875253665,0.0226399
2.676197311991425,-2.539793948893975,-1.3030665956290437,0.0401554
2.676197311991425,-2.1237130227290595,2.3029680978002265,0.0324208
2.676197311991425,2.037096238920099,-1.9965348059039032,-0.00254091
2.8148909540463976,-3.0945685171138626,0.22256346697564755,0.0514194
2.8148909540463976,-1.9850193806740872,2.1642744557452547,0.0329782
2.8148909540463976,-1.7076320965641432,2.3029680978002265,0.033591
2.8148909540463976,0.9275471024803226,-2.135228447958875,-0.00784219
2.8148909540463976,1.343628028645239,-2.135228447958875,-0.00673573
2.8148909540463976,2.037096238920099,-1.9965348059039032,0.000563904
2.8148909540463976,3.0079517333049015,-0.05482381713429607,0.00224423
2.9535845961013703,-2.8171812330039185,-0.19351745918926788,0.0443997
2.9535845961013703,-2.2624066647840313,-1.857841163848931,0.039043
2.9535845961013703,-1.8463257386191154,-1.9965348059039032,0.032204
2.9535845961013703,2.3144835230300425,0.9160316772505075,-0.0104529
3.092278238156341,-2.8171812330039185,-0.05482381713429607,0.0436656
3.092278238156341,-2.8171812330039185,0.22256346697564755,0.0462312
3.092278238156341,-2.4011003068390027,-1.857841163848931,0.0416653
3.092278238156341,-2.2624066647840313,1.6094998875253665,0.0399977
3.092278238156341,-2.1237130227290595,-1.9965348059039032,0.0375449
3.092278238156341,0.09538525015049171,1.4708062454703947,0.0166998
3.092278238156341,1.898402596865127,-1.9965348059039032,0.00580173
3.230971880211314,-2.539793948893975,1.193418961360452,0.0453479
3.230971880211314,-2.4011003068390027,1.3321126034154238,0.0437208
3.230971880211314,-2.2624066647840313,-1.9965348059039032,0.0400281
3.230971880211314,-0.73677660217934,1.6094998875253665,0.0369031
3.230971880211314,1.204934386590267,-1.9965348059039032,0.00202958
3.230971880211314,1.6210153127551825,-1.9965348059039032,0.00573928
3.230971880211314,2.730564449194958,0.36125710903061936,0.00416679
3.369665522266285,-2.6784875909489467,0.49995075108559206,0.0420246
3.369665522266285,-2.4011003068390027,1.193418961360452,0.0441065
3.369665522266285,-1.1528575283442555,1.7481935295803384,0.0412782
3.369665522266285,0.2340788922054644,-1.857841163848931,0.0129327
3.369665522266285,0.3727725342604362,1.3321126034154238,0.00891889
3.369665522266285,2.8692580912499306,0.08386982492067574,0.0133975
3.369665522266285,3.0079517333049015,-1.0256793115190996,0.0263361
3.5083591643212575,-2.955874875058891,-0.33221110124424014,0.04047
3.5083591643212575,-2.2624066647840313,1.3321126034154238,0.0446412
3.5083591643212575,-2.1237130227290595,1.4708062454703947,0.0449175
3.5083591643212575,1.343628028645239,-1.857841163848931,0.0110909
3.5083591643212575,1.898402596865127,-1.857841163848931,0.0176787
3.5083591643212575,2.453177165085015,0.49995075108559206,0.00419857
3.64705280637623,-2.955874875058891,-0.33221110124424014,0.0394864
3.64705280637623,-1.7076320965641432,1.7481935295803384,0.0463163
3.64705280637623,2.730564449194958,0.08386982492067574,0.018093
3.785746448431201,-2.955874875058891,-1.3030665956290437,0.0454999
3.785746448431201,-2.8171812330039185,-1.5804538797389873,0.0455059
3.785746448431201,-2.539793948893975,0.9160316772505075,0.0410582
3.785746448431201,-2.4011003068390027,1.193418961360452,0.044193
3.785746448431201,-0.73677660217934,1.7481935295803384,0.0384606
3.785746448431201,-0.45938931806939554,1.6094998875253665,0.0330318
3.785746448431201,-0.3206956760144237,-1.9965348059039032,0.0210051
3.785746448431201,0.650159818370379,-1.5804538797389873,0.0220927
3.924440090486174,-2.6784875909489467,-1.7191475217939591,0.0437315
3.924440090486174,-2.539793948893975,0.9160316772505075,0.0408145
3.924440090486174,-1.1528575283442555,-2.135228447958875,0.0228698
3.924440090486174,1.7597089548101552,0.49995075108559206,0.00555071
4.063133732541143,-2.8171812330039185,-1.441760237684015,0.0435862
4.063133732541143,-2.6784875909489467,0.36125710903061936,0.0337729
4.063133732541143,-1.5689384545091714,-2.135228447958875,0.0273604
4.063133732541143,-1.4302448124541995,-2.135228447958875,0.0254429
4.063133732541143,1.204934386590267,0.36125710903061936,0.0116348
4.063133732541143,2.591870807139986,-0.7482920274091556,0.0365685
4.201827374596116,-2.8171812330039185,-1.3030665956290437,0.0418118
4.201827374596116,-2.6784875909489467,0.22256346697564755,0.0323408
4.201827374596116,-2.539793948893975,-1.7191475217939591,0.0403369
4.201827374596116,0.5114661763154071,0.6386443931405639,0.0196143
4.201827374596116,1.0662407445352953,-1.0256793115190996,0.032715
4.201827374596116,1.898402596865127,-1.164372953574072,0.0352887
4.201827374596116,2.1757898809750706,-0.19351745918926788,0.0282342
4.340521016651087,-2.8171812330039185,-1.0256793115190996,0.0387733
4.340521016651087,-2.8171812330039185,-0.6095983853541838,0.0356278
4.340521016651087,0.650159818370379,0.36125710903061936,0.0220062
4.340521016651087,0.9275471024803226,-1.0256793115190996,0.0351467
4.479214658706059,-2.6784875909489467,-1.164372953574072,0.0373631
4.479214658706059,-2.6784875909489467,-0.33221110124424014,0.0317587
4.479214658706059,-2.539793948893975,-1.441760237684015,0.0373271
4.479214658706059,-2.539793948893975,0.49995075108559206,0.0342678
4.479214658706059,-1.9850193806740872,-1.857841163848931,0.0311815
4.479214658706059,-0.5980829601243682,1.6094998875253665,0.0364074
4.479214658706059,-0.18200203395945191,-1.9965348059039032,0.0291863
4.479214658706059,0.9275471024803226,-0.8869856694641278,0.0363864
4.479214658706059,0.9275471024803226,-0.33221110124424014,0.0312586
4.617908300761032,-0.8754702442343119,-1.9965348059039032,0.0251643
4.617908300761032,-0.3206956760144237,1.3321126034154238,0.0295262
4.617908300761032,0.3727725342604362,-1.7191475217939591,0.0363338
4.756601942816003,-2.4011003068390027,0.36125710903061936,0.0325402
4.756601942816003,-1.5689384545091714,1.6094998875253665,0.0465211
4.756601942816003,-0.043308391904480104,0.9160316772505075,0.0236864
4.756601942816003,0.09538525015049171,-1.857841163848931,0.0359228
4.756601942816003,0.650159818370379,0.08386982492067574,0.0279329
4.895295584870976,-2.2624066647840313,-0.8869856694641278,0.0298493
4.895295584870976,-2.2624066647840313,0.6386443931405639,0.0358531
4.895295584870976,-0.5980829601243682,1.3321126034154238,0.0331817
4.895295584870976,0.3727725342604362,0.36125710903061936,0.0250974
4.895295584870976,0.650159818370379,-1.3030665956290437,0.0418143
5.0339892269259465,-2.1237130227290595,-0.33221110124424014,0.0290966
5.0339892269259465,-2.1237130227290595,0.6386443931405639,0.0355115
5.0339892269259465,-0.043308391904480104,0.6386443931405639,0.0237584
5.172682868980919,-1.4302448124541995,1.193418961360452,0.0396695
5.172682868980919,-1.0141638862892837,1.193418961360452,0.0358511
5.172682868980919,-0.8754702442343119,-1.7191475217939591,0.0315303
5.172682868980919,-0.73677660217934,1.0547253193054793,0.0312629
5.172682868980919,-0.043308391904480104,-1.7191475217939591,0.0406493
5.311376511035892,-1.7076320965641432,-0.19351745918926788,0.0286065
5.311376511035892,-1.7076320965641432,-0.05482381713429607,0.0288466
5.311376511035892,-1.7076320965641432,0.36125710903061936,0.0308297
5.311376511035892,0.5114661763154071,-1.0256793115190996,0.0445247
5.450070153090863,-1.4302448124541995,-0.6095983853541838,0.0286396
5.450070153090863,-1.4302448124541995,-0.19351745918926788,0.0280822
5.450070153090863,-1.2915511703992277,-1.0256793115190996,0.0297424
5.5887637951458355,-1.1528575283442555,-0.7482920274091556,0.0308136
5.5887637951458355,-0.18200203395945191,-1.3030665956290437,0.0431688
5.5887637951458355,0.2340788922054644,-0.7482920274091556,0.0431792
5.5887637951458355,0.2340788922054644,-0.6095983853541838,0.0417603
5.7274574372008065,-0.73677660217934,-0.47090474329921195,0.0333752
5.7274574372008065,-0.45938931806939554,-0.33221110124424014,0.0345702
5.7274574372008065,-0.18200203395945191,-0.47090474329921195,0.0383773
