-8.851450852982191,-0.6883425998352655,0.3920800938824689,-0.268512
-8.675383541413822,-2.2729484039505747,0.2160127823141007,-0.264916
-8.499316229845455,-1.744746469245472,1.6245512748610427,-0.281635
-8.499316229845455,-1.5686791576771046,-0.6643237755277376,-0.260183
-8.323248918277088,-2.449015715518943,1.272416651724308,-0.271856
-8.323248918277088,-2.2729484039505747,-0.4882564639593703,-0.260355
-8.323248918277088,0.015926646438205516,0.3920800938824689,-0.264055
-8.323248918277088,0.015926646438205516,0.5681474054508371,-0.265411
-8.14718160670872,-2.801150338655678,0.2160127823141007,-0.261968
-8.14718160670872,-2.801150338655678,0.7442147170192044,-0.264649
-8.14718160670872,-2.2729484039505747,-0.6643237755277376,-0.259485
-8.14718160670872,-2.2729484039505747,1.6245512748610427,-0.276325
-8.14718160670872,-0.8644099114036337,1.976685897997779,-0.290011
-7.971114295140352,-1.9208137808138392,1.976685897997779,-0.283619
-7.971114295140352,-1.040477222972001,2.8570224558396173,-0.28282
-7.971114295140352,-0.8644099114036337,2.8570224558396173,-0.282622
-7.971114295140352,-0.33620797669853,1.8006185864294109,-0.282364
-7.795046983571984,-2.0968810923822074,1.976685897997779,-0.279355
-7.795046983571984,-1.9208137808138392,2.1527532095661455,-0.283171
-7.795046983571984,-1.744746469245472,2.680955144271249,-0.281809
-7.795046983571984,-1.2165445345403683,3.209157078976352,-0.278727
-7.618979672003617,-2.6250830270873107,-0.6643237755277376,-0.257342
-7.442912360435249,-2.801150338655678,-0.4882564639593703,-0.25684
-7.442912360435249,0.368061269574941,0.5681474054508371,-0.250128
-7.442912360435249,0.368061269574941,2.3288205211345128,-0.268531
-7.266845048866881,-1.2165445345403683,-1.3685930218012086,-0.237469
-7.090777737298513,-2.449015715518943,2.3288205211345128,-0.262367
-6.914710425730146,-2.801150338655678,-0.4882564639593703,-0.251619
-6.914710425730146,-0.33620797669853,-1.016458398664473,-0.238891
-6.914710425730146,0.1919939580065737,-0.3121891523910021,-0.242428
-6.914710425730146,0.5441285811433083,1.6245512748610427,-0.245804
-6.56257580259341,-2.6250830270873107,2.3288205211345128,-0.249926
-6.56257580259341,-1.9208137808138392,3.7373590136814556,-0.265927
-6.56257580259341,-1.744746469245472,-2.248929579643047,-0.156648
-6.56257580259341,0.7201958927116765,2.8570224558396173,-0.262015
-6.386508491025042,-0.6883425998352655,-2.248929579643047,-0.161415
-6.386508491025042,-0.16014066513016267,-1.016458398664473,-0.213297
-6.386508491025042,0.015926646438205516,-0.4882564639593703,-0.225114
-6.386508491025042,0.5441285811433083,1.0963493401559399,-0.215483
-6.210441179456675,-0.16014066513016267,-1.7207276449379436,-0.183351
-6.210441179456675,0.015926646438205516,-0.6643237755277376,-0.215114
-6.034373867888307,-2.6250830270873107,2.504887832702881,-0.247796
-6.034373867888307,0.015926646438205516,-1.5446603333695763,-0.188831
-5.858306556319939,-2.0968810923822074,3.5612917021130883,-0.261503
-5.858306556319939,-0.5122752882668973,-2.4249968912114146,-0.161382
-5.858306556319939,-0.33620797669853,3.913426325249823,-0.263444
-5.858306556319939,0.5441285811433083,0.9202820285875717,-0.20533
-5.858306556319939,3.713340189373927,1.0963493401559399,-0.143741
-5.858306556319939,3.889407500942296,0.9202820285875717,-0.137836
-5.682239244751572,-1.9208137808138392,-2.6010642027797823,-0.151671
-5.682239244751572,2.8330036315320886,1.0963493401559399,-0.166223
-5.506171933183204,-2.0968810923822074,3.385224390544721,-0.259038
-5.506171933183204,-1.9208137808138392,3.5612917021130883,-0.259965
-5.506171933183204,-0.6883425998352655,-2.6010642027797823,-0.158105
-5.506171933183204,-0.16014066513016267,-2.248929579643047,-0.171521
-5.506171933183204,0.368061269574941,-1.3685930218012086,-0.190985
-5.506171933183204,0.5441285811433083,1.4484839632926754,-0.219274
-5.506171933183204,1.9526670736902503,1.272416651724308,-0.174833
-5.506171933183204,1.9526670736902503,1.8006185864294109,-0.174399
-5.506171933183204,2.1287343852586176,1.976685897997779,-0.172205
-5.506171933183204,2.3048016968269867,0.9202820285875717,-0.172942
-5.506171933183204,3.5372728778055595,1.976685897997779,-0.154368
-5.506171933183204,4.593676747215765,0.5681474054508371,-0.123107
-5.506171933183204,4.593676747215765,1.272416651724308,-0.129856
-5.3301046216148364,-2.449015715518943,1.976685897997779,-0.222571
-5.3301046216148364,0.5441285811433083,-0.8403910870961049,-0.19723
-5.3301046216148364,1.6005324505535148,1.8006185864294109,-0.178221
-5.154037310046469,-2.9772176502240457,-1.1925257102328404,-0.189741
-5.154037310046469,-2.6250830270873107,-2.072862268074679,-0.171828
-5.154037310046469,-2.2729484039505747,2.504887832702881,-0.241723
-5.154037310046469,-2.0968810923822074,3.0330897674079846,-0.252291
-5.154037310046469,0.7201958927116765,0.3920800938824689,-0.200004
-5.154037310046469,0.7201958927116765,0.5681474054508371,-0.20043
-5.154037310046469,4.2415421240790305,2.1527532095661455,-0.14535
-4.977969998478101,-2.9772176502240457,-0.1361218408226339,-0.203181
-4.977969998478101,-2.801150338655678,1.0963493401559399,-0.204021
-4.977969998478101,-0.6883425998352655,3.5612917021130883,-0.252333
-4.977969998478101,2.8330036315320886,-0.8403910870961049,-0.151642
-4.977969998478101,4.0654748125106615,-0.3121891523910021,-0.132155
-4.801902686909733,-2.449015715518943,1.8006185864294109,-0.210254
-4.801902686909733,-1.5686791576771046,-2.953198825916518,-0.14475
-4.801902686909733,-0.5122752882668973,3.385224390544721,-0.241526
-4.801902686909733,0.7201958927116765,-1.016458398664473,-0.189359
-4.801902686909733,1.2483978274167784,0.9202820285875717,-0.181141
-4.801902686909733,1.776599762121883,-0.8403910870961049,-0.172723
-4.801902686909733,3.5372728778055595,-0.8403910870961049,-0.13915
-4.801902686909733,3.713340189373927,-0.4882564639593703,-0.139689
-4.801902686909733,4.9458113703525015,0.3920800938824689,-0.124318
-4.6258353753413655,-2.9772176502240457,-0.1361218408226339,-0.201721
-4.6258353753413655,-2.449015715518943,-2.4249968912114146,-0.164202
-4.6258353753413655,0.1919939580065737,2.680955144271249,-0.220885
-4.6258353753413655,0.7201958927116765,-1.3685930218012086,-0.185616
-4.6258353753413655,0.8962632042800447,0.9202820285875717,-0.192874
-4.6258353753413655,0.8962632042800447,1.0963493401559399,-0.19199
-4.6258353753413655,0.8962632042800447,1.272416651724308,-0.191149
-4.6258353753413655,1.2483978274167784,0.7442147170192044,-0.181231
-4.6258353753413655,1.4244651389851466,0.0399454707457334,-0.178174
-4.6258353753413655,1.6005324505535148,0.2160127823141007,-0.176163
-4.6258353753413655,2.8330036315320886,-2.248929579643047,-0.133985
-4.6258353753413655,3.713340189373927,-1.7207276449379436,-0.126362
-4.449768063772998,-2.6250830270873107,1.6245512748610427,-0.205104
-4.449768063772998,0.5441285811433083,-1.8967949565063114,-0.181586
-4.449768063772998,1.072330515848411,0.3920800938824689,-0.18487
-4.449768063772998,1.072330515848411,0.7442147170192044,-0.185697
-4.449768063772998,4.593676747215765,2.680955144271249,-0.135278
-4.449768063772998,4.9458113703525015,1.8006185864294109,-0.140174
-4.27370075220463,-2.6250830270873107,-2.4249968912114146,-0.165679
-4.27370075220463,0.1919939580065737,-2.6010642027797823,-0.165876
-4.27370075220463,1.2483978274167784,2.3288205211345128,-0.174271
-4.27370075220463,1.9526670736902503,2.8570224558396173,-0.167731
-4.27370075220463,3.5372728778055595,3.385224390544721,-0.139163
-4.097633440636262,-2.801150338655678,0.0399454707457334,-0.200196
-4.097633440636262,-2.801150338655678,0.2160127823141007,-0.200902
-4.097633440636262,1.4244651389851466,2.504887832702881,-0.170468
-4.097633440636262,4.0654748125106615,3.385224390544721,-0.128351
-4.097633440636262,4.9458113703525015,2.1527532095661455,-0.137946
-3.9215661290678945,-2.801150338655678,0.9202820285875717,-0.202166
-3.9215661290678945,-2.449015715518943,2.1527532095661455,-0.197878
-3.9215661290678945,1.4244651389851466,-2.072862268074679,-0.159948
-3.9215661290678945,2.6569363199637213,3.209157078976352,-0.157299
-3.9215661290678945,3.0090709431004576,3.385224390544721,-0.147295
-3.745498817499527,-2.801150338655678,-0.4882564639593703,-0.196404
-3.745498817499527,-2.6250830270873107,1.8006185864294109,-0.197912
-3.745498817499527,0.368061269574941,-2.6010642027797823,-0.162379
-3.745498817499527,0.7201958927116765,-2.072862268074679,-0.17078
-3.745498817499527,4.9458113703525015,0.7442147170192044,-0.140495
-3.569431505931159,-2.449015715518943,2.1527532095661455,-0.193656
-3.569431505931159,-1.9208137808138392,-3.657468072189989,-0.124962
-3.569431505931159,0.368061269574941,2.680955144271249,-0.177219
-3.569431505931159,1.2483978274167784,-2.248929579643047,-0.155434
-3.569431505931159,2.6569363199637213,3.209157078976352,-0.154426
-3.393364194362791,-2.9772176502240457,-1.7207276449379436,-0.180411
-3.393364194362791,-2.9772176502240457,-1.1925257102328404,-0.189245
-3.393364194362791,0.1919939580065737,2.8570224558396173,-0.170496
-3.393364194362791,0.5441285811433083,-2.4249968912114146,-0.160693
-3.393364194362791,4.769744058784132,2.8570224558396173,-0.124128
-3.393364194362791,4.9458113703525015,1.6245512748610427,-0.141685
-3.393364194362791,4.9458113703525015,2.3288205211345128,-0.132173
-3.2172968827944235,-2.6250830270873107,0.2160127823141007,-0.196625
-3.2172968827944235,-2.2729484039505747,-3.3053334490532533,-0.136061
-3.2172968827944235,2.8330036315320886,-2.77713151434815,-0.13636
-3.2172968827944235,3.5372728778055595,-2.4249968912114146,-0.133706
-3.2172968827944235,4.0654748125106615,-1.7207276449379436,-0.135513
-3.2172968827944235,4.417609435647398,3.209157078976352,-0.121373
-3.2172968827944235,4.593676747215765,3.0330897674079846,-0.122247
-3.041229571226056,-2.449015715518943,-2.953198825916518,-0.147019
-3.041229571226056,-1.744746469245472,-3.657468072189989,-0.123611
-3.041229571226056,-0.8644099114036337,3.209157078976352,-0.159077
-3.041229571226056,0.8962632042800447,1.4484839632926754,-0.185917
-3.041229571226056,2.480869008395354,2.8570224558396173,-0.157479
-3.041229571226056,3.3612055662371905,3.385224390544721,-0.134208
-3.041229571226056,3.889407500942296,3.385224390544721,-0.125222
-2.865162259657688,-2.6250830270873107,-2.4249968912114146,-0.160789
-2.865162259657688,-2.6250830270873107,1.4484839632926754,-0.196194
-2.865162259657688,-2.0968810923822074,-3.3053334490532533,-0.133837
-2.865162259657688,1.6005324505535148,-3.657468072189989,-0.123401
-2.865162259657688,4.593676747215765,-0.6643237755277376,-0.13958
-2.68909494808932,-2.2729484039505747,1.976685897997779,-0.188401
-2.68909494808932,-0.6883425998352655,-3.4814007606216206,-0.124611
-2.68909494808932,0.368061269574941,-2.953198825916518,-0.134723
-2.68909494808932,0.7201958927116765,1.6245512748610427,-0.182983
-2.68909494808932,1.9526670736902503,2.1527532095661455,-0.16334
-2.68909494808932,2.1287343852586176,-3.657468072189989,-0.127828
-2.68909494808932,4.0654748125106615,-1.3685930218012086,-0.140822
-2.68909494808932,5.121878681920869,0.2160127823141007,-0.133447
-2.5130276365209534,-2.801150338655678,-0.4882564639593703,-0.188997
-2.5130276365209534,-2.449015715518943,1.6245512748610427,-0.191647
-2.5130276365209534,-2.0968810923822074,-2.953198825916518,-0.140574
-2.5130276365209534,-1.744746469245472,-3.3053334490532533,-0.130125
-2.5130276365209534,0.1919939580065737,-2.953198825916518,-0.133598
-2.5130276365209534,0.368061269574941,1.976685897997779,-0.175806
-2.5130276365209534,2.3048016968269867,2.3288205211345128,-0.158651
-2.5130276365209534,4.417609435647398,2.1527532095661455,-0.140076
-2.5130276365209534,4.769744058784132,-0.6643237755277376,-0.1363
-2.336960324952586,-2.801150338655678,-1.1925257102328404,-0.1771
-2.336960324952586,-0.33620797669853,-3.3053334490532533,-0.125064
-2.336960324952586,1.072330515848411,1.272416651724308,-0.17676
-2.336960324952586,1.2483978274167784,-3.833535383758356,-0.119346
-2.336960324952586,1.9526670736902503,2.1527532095661455,-0.159675
-2.336960324952586,3.0090709431004576,2.504887832702881,-0.151471
-2.336960324952586,3.185138254668823,-3.3053334490532533,-0.133174
-2.336960324952586,3.5372728778055595,-3.1292661374848856,-0.129188
-2.336960324952586,4.0654748125106615,-1.5446603333695763,-0.13857
-2.336960324952586,4.0654748125106615,2.3288205211345128,-0.141602
-2.160893013384218,0.8962632042800447,1.272416651724308,-0.177621
-1.9848257018158497,0.7201958927116765,1.4484839632926754,-0.175139
-1.9848257018158497,1.072330515848411,1.272416651724308,-0.171674
-1.9848257018158497,4.9458113703525015,-0.4882564639593703,-0.133701
-1.9848257018158497,5.121878681920869,0.7442147170192044,-0.132976
-1.8087583902474815,0.8962632042800447,1.0963493401559399,-0.174628
-1.8087583902474815,3.889407500942296,-3.1292661374848856,-0.12228
-1.6326910786791142,-2.449015715518943,-2.072862268074679,-0.143484
-1.6326910786791142,-2.2729484039505747,-2.4249968912114146,-0.139397
-1.6326910786791142,-2.0968810923822074,-2.77713151434815,-0.136146
-1.6326910786791142,-0.33620797669853,2.3288205211345128,-0.153843
-1.6326910786791142,2.480869008395354,-3.657468072189989,-0.136621
-1.6326910786791142,4.2415421240790305,-1.5446603333695763,-0.140005
-1.456623767110747,-1.744746469245472,1.976685897997779,-0.167712
-1.456623767110747,-1.3926118461087365,-3.657468072189989,-0.120184
-1.456623767110747,1.2483978274167784,1.272416651724308,-0.163003
-1.2805564555423778,-2.2729484039505747,0.2160127823141007,-0.175323
-1.2805564555423778,0.7201958927116765,-3.3053334490532533,-0.12799
-1.2805564555423778,0.8962632042800447,0.5681474054508371,-0.176155
-1.2805564555423778,1.4244651389851466,1.4484839632926754,-0.158775
-1.2805564555423778,4.2415421240790305,-0.6643237755277376,-0.158234
-1.1044891439740105,-2.449015715518943,-2.4249968912114146,-0.139421
-1.1044891439740105,-2.2729484039505747,-0.1361218408226339,-0.165085
-1.1044891439740105,-2.0968810923822074,0.3920800938824689,-0.172469
-1.1044891439740105,0.015926646438205516,1.976685897997779,-0.152517
-1.1044891439740105,0.1919939580065737,1.8006185864294109,-0.156001
-1.1044891439740105,1.072330515848411,0.5681474054508371,-0.174445
-1.1044891439740105,1.4244651389851466,1.0963493401559399,-0.163695
-1.1044891439740105,2.3048016968269867,-3.4814007606216206,-0.140702
-1.1044891439740105,3.5372728778055595,1.4484839632926754,-0.165637
-1.1044891439740105,4.0654748125106615,-1.3685930218012086,-0.156911
-0.9284218324056432,-1.9208137808138392,0.9202820285875717,-0.17142
-0.9284218324056432,-0.6883425998352655,2.1527532095661455,-0.148825
-0.9284218324056432,-0.16014066513016267,1.976685897997779,-0.150411
-0.9284218324056432,1.776599762121883,1.4484839632926754,-0.159199
-0.9284218324056432,1.9526670736902503,1.6245512748610427,-0.156999
-0.9284218324056432,2.480869008395354,1.8006185864294109,-0.156776
-0.7523545208372759,-1.744746469245472,0.7442147170192044,-0.166371
-0.7523545208372759,-1.744746469245472,0.9202820285875717,-0.166916
-0.7523545208372759,-0.5122752882668973,1.976685897997779,-0.14925
-0.7523545208372759,-0.16014066513016267,1.8006185864294109,-0.152027
-0.7523545208372759,0.1919939580065737,1.272416651724308,-0.162959
-0.7523545208372759,1.9526670736902503,1.272416651724308,-0.165302
-0.7523545208372759,3.713340189373927,-2.953198825916518,-0.133263
-0.7523545208372759,3.713340189373927,0.3920800938824689,-0.189216
-0.5762872092689069,-1.9208137808138392,0.0399454707457334,-0.156629
-0.5762872092689069,0.5441285811433083,0.7442147170192044,-0.178884
-0.5762872092689069,3.889407500942296,-1.3685930218012086,-0.185009
-0.5762872092689069,3.889407500942296,-1.016458398664473,-0.196796
-0.5762872092689069,3.889407500942296,-0.8403910870961049,-0.200661
-0.5762872092689069,3.889407500942296,-0.6643237755277376,-0.203012
-0.40021989770054134,-1.3926118461087365,0.3920800938824689,-0.157493
-0.40021989770054134,-1.2165445345403683,0.7442147170192044,-0.160039
-0.40021989770054134,-1.040477222972001,-3.4814007606216206,-0.129221
-0.40021989770054134,-1.040477222972001,1.272416651724308,-0.157754
-0.40021989770054134,2.3048016968269867,0.9202820285875717,-0.189574
-0.40021989770054134,2.480869008395354,0.9202820285875717,-0.191858
-0.22415258613217404,-2.449015715518943,-2.4249968912114146,-0.140961
-0.22415258613217404,-1.2165445345403683,0.5681474054508371,-0.160896
-0.22415258613217404,-1.040477222972001,-3.3053334490532533,-0.133904
-0.22415258613217404,-0.16014066513016267,-3.1292661374848856,-0.136853
-0.22415258613217404,0.1919939580065737,-2.953198825916518,-0.143965
-0.22415258613217404,2.3048016968269867,0.9202820285875717,-0.194853
-0.04808527456380496,-1.3926118461087365,-2.953198825916518,-0.14209
-0.04808527456380496,-1.3926118461087365,0.7442147170192044,-0.165546
-0.04808527456380496,-0.16014066513016267,-2.953198825916518,-0.143464
-0.04808527456380496,2.6569363199637213,0.9202820285875717,-0.202636
-0.04808527456380496,4.0654748125106615,-1.1925257102328404,-0.211164
0.12798203700456234,3.889407500942296,-1.7207276449379436,-0.205364
0.3040493485729314,-2.6250830270873107,-1.7207276449379436,-0.150502
0.3040493485729314,1.6005324505535148,1.0963493401559399,-0.190968
0.3040493485729314,3.713340189373927,0.3920800938824689,-0.217874
0.48011666014129695,-2.9772176502240457,0.3920800938824689,-0.194259
0.48011666014129695,-2.6250830270873107,0.9202820285875717,-0.186967
0.48011666014129695,3.713340189373927,0.3920800938824689,-0.217439
0.656183971709666,-3.1532849617924135,0.0399454707457334,-0.210219
0.656183971709666,-3.1532849617924135,0.2160127823141007,-0.213036
0.656183971709666,-2.0968810923822074,1.272416651724308,-0.186129
0.656183971709666,0.368061269574941,-2.6010642027797823,-0.166862
0.8322512832780333,-3.505419584929149,0.5681474054508371,-0.250247
0.8322512832780333,-3.329352273360781,-0.1361218408226339,-0.23127
0.8322512832780333,-2.9772176502240457,-0.6643237755277376,-0.200762
1.0083185948464006,-4.2096888312026195,0.5681474054508371,-0.264117
1.0083185948464006,-3.8575542080658844,-0.3121891523910021,-0.254329
1.0083185948464006,-3.329352273360781,-0.4882564639593703,-0.23439
1.0083185948464006,-3.329352273360781,1.0963493401559399,-0.254244
1.0083185948464006,-1.2165445345403683,-2.072862268074679,-0.169179
1.0083185948464006,2.8330036315320886,-2.4249968912114146,-0.19805
1.0083185948464006,4.0654748125106615,-0.6643237755277376,-0.220267
1.184385906414768,-4.561823454339355,0.2160127823141007,-0.26432
1.184385906414768,-4.561823454339355,0.3920800938824689,-0.265126
1.184385906414768,-3.6814868964975167,-0.6643237755277376,-0.249096
1.184385906414768,-1.744746469245472,1.4484839632926754,-0.199894
1.184385906414768,2.3048016968269867,-2.4249968912114146,-0.191845
1.360453217983137,-1.5686791576771046,-2.072862268074679,-0.184228
1.360453217983137,1.2483978274167784,1.4484839632926754,-0.188915
1.360453217983137,1.4244651389851466,1.4484839632926754,-0.187246
1.360453217983137,2.8330036315320886,-2.248929579643047,-0.200464
1.360453217983137,3.713340189373927,-0.1361218408226339,-0.211111
1.360453217983137,3.889407500942296,-0.8403910870961049,-0.21604
1.5365205295515043,-4.9139580774760905,0.0399454707457334,-0.265914
1.5365205295515043,-3.505419584929149,-1.016458398664473,-0.242862
1.5365205295515043,-3.1532849617924135,-1.016458398664473,-0.231993
1.5365205295515043,-2.801150338655678,-1.1925257102328404,-0.214559
1.5365205295515043,-2.6250830270873107,1.4484839632926754,-0.246266
1.5365205295515043,1.4244651389851466,1.4484839632926754,-0.185176
1.7125878411198734,-4.737890765907723,1.272416651724308,-0.268185
1.7125878411198734,-2.449015715518943,1.4484839632926754,-0.243326
1.888655152688239,-4.2096888312026195,1.8006185864294109,-0.266789
2.064722464256608,0.368061269574941,1.0963493401559399,-0.188897
2.2407897758249753,-5.266092700612826,0.7442147170192044,-0.271341
2.2407897758249753,-2.449015715518943,1.6245512748610427,-0.247814
2.2407897758249753,-1.744746469245472,1.4484839632926754,-0.222298
2.4168570873933426,-1.744746469245472,1.4484839632926754,-0.22232
2.4168570873933426,2.1287343852586176,-1.7207276449379436,-0.179914
2.59292439896171,-1.744746469245472,1.4484839632926754,-0.220962
2.59292439896171,-0.33620797669853,1.272416651724308,-0.204274
2.59292439896171,0.8962632042800447,-2.248929579643047,-0.161865
2.768991710530079,-1.744746469245472,1.4484839632926754,-0.218471
2.768991710530079,-1.3926118461087365,-2.248929579643047,-0.18132
2.768991710530079,-0.8644099114036337,1.4484839632926754,-0.211062
2.768991710530079,-0.33620797669853,-2.4249968912114146,-0.164167
2.768991710530079,1.072330515848411,-2.248929579643047,-0.157617
2.768991710530079,1.776599762121883,1.272416651724308,-0.161076
2.9450590220984463,-5.266092700612826,-0.1361218408226339,-0.274606
2.9450590220984463,-1.9208137808138392,1.4484839632926754,-0.217193
2.9450590220984463,-1.744746469245472,1.4484839632926754,-0.215245
2.9450590220984463,-1.040477222972001,1.4484839632926754,-0.211084
2.9450590220984463,1.9526670736902503,-1.3685930218012086,-0.16645
3.1211263336668154,-5.266092700612826,0.7442147170192044,-0.276957
3.1211263336668154,1.776599762121883,-1.3685930218012086,-0.160362
3.1211263336668154,1.9526670736902503,-1.1925257102328404,-0.160329
3.297193645235181,0.015926646438205516,1.0963493401559399,-0.192731
3.297193645235181,0.1919939580065737,-2.77713151434815,-0.152201
3.297193645235181,0.8962632042800447,-2.6010642027797823,-0.146112
3.47326095680355,-4.033621519634252,1.8006185864294109,-0.264653
3.47326095680355,-2.449015715518943,-1.8967949565063114,-0.195209
3.47326095680355,0.015926646438205516,1.272416651724308,-0.19425
3.47326095680355,1.9526670736902503,-1.016458398664473,-0.148303
3.47326095680355,2.3048016968269867,-0.8403910870961049,-0.150858
3.6493282683719173,-2.801150338655678,1.6245512748610427,-0.224726
3.6493282683719173,-0.5122752882668973,1.4484839632926754,-0.201709
3.6493282683719173,0.1919939580065737,1.4484839632926754,-0.192223
3.8253955799402846,-4.9139580774760905,0.2160127823141007,-0.286048
3.8253955799402846,-4.9139580774760905,0.3920800938824689,-0.285664
3.8253955799402846,0.1919939580065737,1.6245512748610427,-0.192328
3.8253955799402846,0.8962632042800447,-2.6010642027797823,-0.145454
4.001462891508652,-1.040477222972001,1.6245512748610427,-0.20112
4.001462891508652,1.072330515848411,-2.4249968912114146,-0.145129
4.001462891508652,2.3048016968269867,1.8006185864294109,-0.167106
4.001462891508652,3.0090709431004576,-0.8403910870961049,-0.153118
4.177530203077021,-4.2096888312026195,1.0963493401559399,-0.27462
4.177530203077021,-1.5686791576771046,1.4484839632926754,-0.197699
4.177530203077021,0.015926646438205516,1.976685897997779,-0.192419
4.177530203077021,3.185138254668823,1.272416651724308,-0.152814
4.353597514645388,-2.449015715518943,-2.072862268074679,-0.213959
4.353597514645388,-1.2165445345403683,1.976685897997779,-0.194854
4.353597514645388,1.2483978274167784,1.976685897997779,-0.171869
4.529664826213757,-1.5686791576771046,-2.77713151434815,-0.156312
4.529664826213757,1.2483978274167784,2.1527532095661455,-0.17329
4.529664826213757,3.3612055662371905,-0.8403910870961049,-0.149669
4.705732137782123,-2.449015715518943,1.4484839632926754,-0.20487
4.705732137782123,1.6005324505535148,2.504887832702881,-0.173109
4.705732137782123,2.3048016968269867,2.3288205211345128,-0.162172
4.88179944935049,3.185138254668823,-1.1925257102328404,-0.149968
5.057866760918859,-4.2096888312026195,0.9202820285875717,-0.267508
5.057866760918859,-3.505419584929149,1.272416651724308,-0.249111
5.057866760918859,1.2483978274167784,-1.7207276449379436,-0.147927
5.057866760918859,3.3612055662371905,-1.016458398664473,-0.147726
5.057866760918859,3.713340189373927,-0.1361218408226339,-0.135359
5.233934072487225,-4.737890765907723,-0.3121891523910021,-0.27077
5.233934072487225,2.3048016968269867,-1.7207276449379436,-0.152903
5.233934072487225,3.713340189373927,0.2160127823141007,-0.126711
5.410001384055594,-4.561823454339355,-0.8403910870961049,-0.264969
5.410001384055594,-2.9772176502240457,-1.8967949565063114,-0.24602
5.410001384055594,0.015926646438205516,-2.072862268074679,-0.157189
5.586068695623961,-4.033621519634252,0.7442147170192044,-0.25992
5.586068695623961,-0.5122752882668973,-2.248929579643047,-0.153205
5.586068695623961,3.185138254668823,2.3288205211345128,-0.126971
5.586068695623961,3.3612055662371905,1.6245512748610427,-0.118174
5.76213600719233,-4.385756142770988,-0.3121891523910021,-0.263653
5.76213600719233,-4.033621519634252,-1.1925257102328404,-0.257834
5.76213600719233,-3.505419584929149,-1.5446603333695763,-0.253069
5.76213600719233,-2.9772176502240457,1.0963493401559399,-0.21204
5.76213600719233,-1.2165445345403683,2.680955144271249,-0.159923
5.76213600719233,-1.040477222972001,-2.072862268074679,-0.15706
5.76213600719233,0.5441285811433083,-1.5446603333695763,-0.160976
5.76213600719233,0.7201958927116765,-1.5446603333695763,-0.160126
5.76213600719233,3.5372728778055595,0.5681474054508371,-0.111935
5.9382033187606975,-3.329352273360781,0.7442147170192044,-0.240273
5.9382033187606975,-2.6250830270873107,-1.3685930218012086,-0.246871
5.9382033187606975,-1.040477222972001,-1.1925257102328404,-0.183125
5.9382033187606975,-1.040477222972001,2.8570224558396173,-0.153978
5.9382033187606975,3.0090709431004576,2.8570224558396173,-0.121722
6.114270630329063,-3.6814868964975167,-0.8403910870961049,-0.25511
6.114270630329063,-3.6814868964975167,0.2160127823141007,-0.25256
6.114270630329063,-2.801150338655678,0.9202820285875717,-0.19363
6.114270630329063,0.015926646438205516,3.5612917021130883,-0.145373
6.114270630329063,0.5441285811433083,3.5612917021130883,-0.148517
6.114270630329063,3.3612055662371905,-0.4882564639593703,-0.136319
6.290337941897434,-3.1532849617924135,-0.4882564639593703,-0.250062
6.290337941897434,-3.1532849617924135,-0.1361218408226339,-0.247134
6.290337941897434,-1.9208137808138392,2.1527532095661455,-0.150685
6.290337941897434,1.2483978274167784,-1.3685930218012086,-0.16275
6.466405253465801,3.5372728778055595,2.504887832702881,-0.09534
6.6424725650341685,0.1919939580065737,3.7373590136814556,-0.127981
6.6424725650341685,0.5441285811433083,-0.6643237755277376,-0.169126
6.6424725650341685,1.2483978274167784,3.385224390544721,-0.136329
6.6424725650341685,2.6569363199637213,-0.8403910870961049,-0.151267
6.818539876602536,-1.3926118461087365,2.3288205211345128,-0.138157
6.818539876602536,0.5441285811433083,-0.3121891523910021,-0.168234
6.818539876602536,3.0090709431004576,0.2160127823141007,-0.131444
6.994607188170903,-1.744746469245472,0.3920800938824689,-0.175772
6.994607188170903,-1.3926118461087365,2.1527532095661455,-0.138149
6.994607188170903,2.3048016968269867,-0.4882564639593703,-0.153676
6.994607188170903,2.6569363199637213,-0.1361218408226339,-0.144902
6.994607188170903,3.5372728778055595,1.272416651724308,-0.102571
7.17067449973927,-1.3926118461087365,1.8006185864294109,-0.143355
7.17067449973927,-0.16014066513016267,-0.1361218408226339,-0.177432
7.17067449973927,1.6005324505535148,-0.3121891523910021,-0.161986
7.17067449973927,3.0090709431004576,0.5681474054508371,-0.12927
7.17067449973927,3.5372728778055595,2.3288205211345128,-0.0851006
7.346741811307641,-1.2165445345403683,0.5681474054508371,-0.169118
7.346741811307641,-0.8644099114036337,0.2160127823141007,-0.174597
7.346741811307641,0.8962632042800447,0.0399454707457334,-0.169829
7.346741811307641,2.3048016968269867,0.0399454707457334,-0.15177
7.522809122876005,-1.2165445345403683,2.1527532095661455,-0.131
7.522809122876005,-1.2165445345403683,2.504887832702881,-0.122624
7.522809122876005,0.1919939580065737,0.2160127823141007,-0.172039
7.522809122876005,0.368061269574941,0.2160127823141007,-0.171844
7.522809122876005,1.4244651389851466,2.8570224558396173,-0.117107
7.522809122876005,3.0090709431004576,0.9202820285875717,-0.122867
7.522809122876005,3.0090709431004576,2.680955144271249,-0.0888199
7.698876434444376,-0.8644099114036337,1.0963493401559399,-0.156091
7.698876434444376,-0.6883425998352655,3.385224390544721,-0.101908
7.698876434444376,3.185138254668823,2.1527532095661455,-0.0901195
7.874943746012743,-0.8644099114036337,1.6245512748610427,-0.141308
7.874943746012743,0.5441285811433083,3.385224390544721,-0.103715
7.874943746012743,2.480869008395354,0.9202820285875717,-0.136955
8.05101105758111,0.8962632042800447,0.7442147170192044,-0.163914
8.05101105758111,1.072330515848411,0.7442147170192044,-0.16337
8.05101105758111,1.2483978274167784,0.7442147170192044,-0.162035
8.05101105758111,1.776599762121883,1.976685897997779,-0.128762
8.05101105758111,1.9526670736902503,1.976685897997779,-0.124981
8.05101105758111,2.1287343852586176,1.0963493401559399,-0.141782
8.05101105758111,2.1287343852586176,1.976685897997779,-0.12067
8.227078369149478,-0.5122752882668973,2.8570224558396173,-0.104211
8.227078369149478,0.368061269574941,3.0330897674079846,-0.104038
8.227078369149478,0.8962632042800447,1.272416651724308,-0.153525
8.403145680717845,-0.16014066513016267,2.3288205211345128,-0.117222
8.403145680717845,-0.16014066513016267,2.504887832702881,-0.112286
