-6.289129301153677,-1.4662389169855574,-0.7782857915755992,0.0462824
-6.289129301153677,-1.1203538766788457,-0.43240075126888744,0.0446382
-6.289129301153677,0.7820138450080734,-1.6429983923423808,0.0838523
-6.289129301153677,1.6467264457748527,-2.1618259528024497,0.0563448
-6.11618678100032,-1.4662389169855574,-0.2594582311155307,0.0466446
-6.11618678100032,-0.08269875575870778,-0.43240075126888744,0.0546231
-6.11618678100032,0.26318628454800574,-2.1618259528024497,0.123473
-6.11618678100032,1.4737839256214986,-2.3347684729558056,0.0566302
-5.943244260846964,-2.1580089975989827,1.2970244502646748,-0.00828792
-5.943244260846964,-1.985066477445626,-0.6053432714222442,0.0389541
-5.943244260846964,-1.1203538766788457,-2.5077109931091623,0.0901508
-5.943244260846964,-0.7744688363721322,0.08642680919118106,0.0400297
-5.943244260846964,-0.25564127591206365,-0.0865157109621757,0.038535
-5.943244260846964,0.26318628454800574,-0.43240075126888744,0.0531554
-5.943244260846964,2.5114390465416356,-0.6053432714222442,0.0157001
-5.943244260846964,2.6843815666949915,-0.9512283117289559,0.017994
-5.770301740693608,2.857324086848349,-1.2971133520356681,0.0132075
-5.597359220540252,-2.5038940379056953,1.9887945308780992,-0.0403285
-5.597359220540252,-1.1203538766788457,0.7781968898046063,0.0498697
-5.597359220540252,0.7820138450080734,0.2593693293445378,0.0140215
-5.597359220540252,3.5490941674617726,-0.2594582311155307,-0.0370535
-5.424416700386896,-3.022721598365764,-0.43240075126888744,-0.00248446
-5.424416700386896,-0.6015263162187772,0.4323118494978937,0.0432428
-5.424416700386896,1.4737839256214986,-2.680653513262518,0.0362917
-5.424416700386896,1.6467264457748527,-2.680653513262518,0.0333869
-5.251474180233539,0.0902437643946481,0.4323118494978937,0.0263814
-5.251474180233539,2.857324086848349,-1.9888834326490934,0.00656366
-5.078531660080183,-2.676836558059051,2.3346795711848127,-0.0475776
-5.078531660080183,-1.1203538766788457,1.6429094905713875,-0.0143084
-5.078531660080183,-0.9474113565254889,1.2970244502646748,0.00658958
-5.078531660080183,-0.6015263162187772,-2.853596033415874,0.0491776
-5.078531660080183,0.43612880470135984,-2.5077109931091623,0.0646154
-5.078531660080183,2.3384965263882798,-2.5077109931091623,0.0156328
-4.9055891399268265,-2.5038940379056953,-1.470055872189025,-0.00797882
-4.9055891399268265,-1.6391814371389142,-2.680653513262518,0.00393629
-4.732646619773471,-3.887434199132544,1.6429094905713875,-0.0278121
-4.732646619773471,-3.022721598365764,2.3346795711848127,-0.0445121
-4.732646619773471,-2.676836558059051,-0.9512283117289559,0.00305786
-4.732646619773471,3.0302666070017032,0.6052543696512496,-0.0117261
-4.559704099620115,-4.579204279745969,0.7781968898046063,0.0112823
-4.559704099620115,-1.1203538766788457,-2.853596033415874,0.00409627
-4.559704099620115,-0.9474113565254889,1.6429094905713875,-0.0175522
-4.559704099620115,-0.6015263162187772,0.9511394099579622,0.0204827
-4.559704099620115,2.3384965263882798,0.7781968898046063,-0.000323861
-4.559704099620115,4.58674928838191,-2.1618259528024497,-0.0435395
-4.386761579466759,-0.4285837960654204,0.9511394099579622,0.0164127
-4.386761579466759,2.857324086848349,0.7781968898046063,-0.000180685
-4.386761579466759,3.0302666070017032,0.7781968898046063,-0.00479204
-4.213819059313401,-3.5415491588258323,-0.6053432714222442,-0.00474208
-4.213819059313401,-3.3686066386724756,2.161737051031456,-0.027011
-4.213819059313401,-1.4662389169855574,-2.680653513262518,-0.0135321
-4.213819059313401,-0.9474113565254889,1.6429094905713875,-0.0178904
-4.213819059313401,3.894979207768486,-2.5077109931091623,-0.0384755
-4.213819059313401,5.278519368995335,-0.43240075126888744,0.00030829
-4.040876539160045,1.8196689659282104,0.9511394099579622,0.000282366
-3.8679340190066895,-4.060376719285901,-0.6053432714222442,-0.00657525
-3.8679340190066895,3.5490941674617726,-2.5077109931091623,-0.0281888
-3.8679340190066895,3.894979207768486,-2.5077109931091623,-0.0344921
-3.694991498853333,-4.752146799899325,-0.43240075126888744,-0.000433224
-3.694991498853333,-2.3309515177523386,-1.2971133520356681,-0.00411008
-3.694991498853333,-1.4662389169855574,-2.3347684729558056,-0.0175644
-3.694991498853333,5.278519368995335,-0.0865157109621757,0.0229462
-3.522048978699978,-5.789801920819463,1.2970244502646748,0.0524705
-3.522048978699978,-4.925089320052682,-0.43240075126888744,0.00184534
-3.522048978699978,-3.714491678979189,2.3346795711848127,-0.0071869
-3.522048978699978,0.26318628454800574,-2.5077109931091623,0.0104158
-3.522048978699978,0.7820138450080734,1.124081930111319,-0.000590537
-3.522048978699978,4.067921727921842,0.7781968898046063,-0.00298254
-3.349106458546621,-3.3686066386724756,-1.1241708318823123,-0.00750418
-3.349106458546621,-3.1956641185191206,2.3346795711848127,-0.0121132
-3.349106458546621,-0.4285837960654204,1.4699669704180307,-0.00538669
-3.349106458546621,0.9549563651614292,1.124081930111319,0.000174081
-3.349106458546621,1.6467264457748527,1.124081930111319,-0.00125474
-3.349106458546621,1.9926114860815662,-2.5077109931091623,-0.00188532
-3.349106458546621,4.067921727921842,-2.3347684729558056,-0.0254511
-3.349106458546621,5.451461889148693,-0.6053432714222442,0.0277184
-3.349106458546621,5.451461889148693,-0.43240075126888744,0.0247481
-3.1761639383932643,-4.925089320052682,-0.6053432714222442,-0.00124468
-3.1761639383932643,-1.6391814371389142,-1.6429983923423808,-0.00447397
-3.1761639383932643,-0.08269875575870778,-2.3347684729558056,0.00929523
-3.1761639383932643,0.7820138450080734,1.2970244502646748,-0.00422855
-3.0032214182399093,-1.6391814371389142,-1.6429983923423808,-0.00410766
-3.0032214182399093,-1.6391814371389142,1.9887945308780992,-0.00545508
-3.0032214182399093,-0.7744688363721322,1.6429094905713875,-0.00640365
-3.0032214182399093,1.127898885314785,1.2970244502646748,-0.00386424
-3.0032214182399093,2.5114390465416356,-2.3347684729558056,0.00347278
-3.0032214182399093,3.894979207768486,0.9511394099579622,-0.00469761
-3.0032214182399093,5.451461889148693,-0.9512283117289559,0.00827592
-3.0032214182399093,5.624404409302047,-0.43240075126888744,-0.00851512
-2.8302788980865525,-3.887434199132544,-1.1241708318823123,-0.014767
-2.8302788980865525,-1.1203538766788457,1.8158520107247442,-0.0073443
-2.8302788980865525,2.165554006234922,1.4699669704180307,-0.00826571
-2.8302788980865525,5.624404409302047,-0.7782857915755992,-0.0146553
-2.6573363779331958,-2.1580089975989827,2.161737051031456,-0.0070697
-2.6573363779331958,-0.08269875575870778,-2.1618259528024497,0.00113155
-2.6573363779331958,1.3008414054681428,1.4699669704180307,-0.00653652
-2.6573363779331958,2.857324086848349,-2.1618259528024497,0.00388166
-2.6573363779331958,4.7596918085352655,-1.6429983923423808,-0.00510998
-2.6573363779331958,4.7596918085352655,1.2970244502646748,-0.0400215
-2.6573363779331958,5.105576848841979,-1.470055872189025,-0.00975009
-2.6573363779331958,5.7973469294554025,-0.6053432714222442,-0.0326219
-2.48439385777984,-5.789801920819463,1.8158520107247442,0.0760249
-2.48439385777984,-4.752146799899325,2.3346795711848127,0.0143229
-2.48439385777984,-3.887434199132544,-1.1241708318823123,-0.0137802
-2.48439385777984,-2.849779078212407,-1.2971133520356681,-0.00879058
-2.48439385777984,-2.5038940379056953,-1.470055872189025,-0.0104898
-2.48439385777984,-0.9474113565254889,1.8158520107247442,-0.00886698
-2.311451337626484,-3.3686066386724756,2.5076220913381677,-0.0150962
-2.311451337626484,-2.5038940379056953,-1.470055872189025,-0.0107102
-2.311451337626484,-0.4285837960654204,1.6429094905713875,-0.00598024
-2.311451337626484,0.6090713248547157,-1.9888834326490934,0.000816738
-2.311451337626484,1.9926114860815662,-2.1618259528024497,-0.00457083
-2.1385088174731273,-4.925089320052682,-0.7782857915755992,0.00147563
-2.1385088174731273,-1.81212395729227,1.9887945308780992,-0.00852805
-1.9655662973197714,-5.789801920819463,2.161737051031456,0.051046
-1.9655662973197714,-5.270974360359395,-0.6053432714222442,0.0082179
-1.9655662973197714,-0.9474113565254889,1.8158520107247442,-0.00867002
-1.9655662973197714,0.6090713248547157,1.6429094905713875,-0.00340587
-1.9655662973197714,1.127898885314785,1.6429094905713875,-0.00323931
-1.9655662973197714,5.624404409302047,1.124081930111319,-0.065118
-1.7926237771664146,-7.000399561892957,0.7781968898046063,0.0788653
-1.7926237771664146,-4.579204279745969,2.3346795711848127,0.00801623
-1.7926237771664146,-3.022721598365764,-1.1241708318823123,-0.00438893
-1.7926237771664146,5.451461889148693,-1.470055872189025,-0.049064
-1.6196812570130588,-7.000399561892957,1.2970244502646748,0.0764842
-1.6196812570130588,-5.616859400666107,2.3346795711848127,0.0204707
-1.6196812570130588,-3.3686066386724756,-1.1241708318823123,-0.00724865
-1.6196812570130588,-1.985066477445626,-1.6429983923423808,-0.0117423
-1.6196812570130588,-0.9474113565254889,-1.6429983923423808,-0.00222586
-1.6196812570130588,-0.08269875575870778,-1.815940912495737,-0.00287409
-1.6196812570130588,0.43612880470135984,1.6429094905713875,-0.00131654
-1.6196812570130588,5.451461889148693,1.2970244502646748,-0.0682069
-1.6196812570130588,5.7973469294554025,-1.1241708318823123,-0.0586631
-1.6196812570130588,6.143231969762116,0.08642680919118106,-0.0722924
-1.446738736859703,-5.4439168805127505,-0.7782857915755992,-0.011726
-1.446738736859703,-4.233319239439258,-1.1241708318823123,-0.00749668
-1.446738736859703,-3.022721598365764,2.161737051031456,-0.010343
-1.2737962167063461,-3.022721598365764,2.161737051031456,-0.0110089
-1.2737962167063461,1.3008414054681428,1.6429094905713875,0.00273438
-1.1008536965529894,-6.4815720014328875,-0.43240075126888744,-0.0203762
-1.1008536965529894,-3.714491678979189,-1.2971133520356681,-0.0150231
-1.1008536965529894,-1.985066477445626,-1.6429983923423808,-0.0103278
-1.1008536965529894,-0.4285837960654204,1.6429094905713875,-0.000426815
-1.1008536965529894,-0.08269875575870778,-1.6429983923423808,0.000424636
-1.1008536965529894,0.6090713248547157,-1.815940912495737,-0.00234727
-0.9279111763996344,-1.985066477445626,-1.6429983923423808,-0.00970502
-0.9279111763996344,-0.9474113565254889,1.8158520107247442,-0.00503451
-0.9279111763996344,-0.08269875575870778,-1.6429983923423808,-0.000437548
-0.9279111763996344,1.8196689659282104,-1.6429983923423808,0.00285208
-0.9279111763996344,3.3761516473084168,-1.6429983923423808,0.00993817
-0.9279111763996344,5.105576848841979,1.8158520107247442,-0.0503235
-0.7549686562462776,-6.654514521586244,-0.2594582311155307,-0.0312487
-0.7549686562462776,-1.81212395729227,-1.6429983923423808,-0.00769696
-0.7549686562462776,0.0902437643946481,1.8158520107247442,-0.00471498
-0.7549686562462776,3.894979207768486,1.8158520107247442,-0.000307648
-0.7549686562462776,4.58674928838191,-1.470055872189025,-0.0328752
-0.7549686562462776,5.7973469294554025,-0.6053432714222442,-0.074902
-0.7549686562462776,6.143231969762116,1.6429094905713875,-0.0492782
-0.7549686562462776,6.316174489915472,1.2970244502646748,-0.0526222
-0.5820261360929209,-6.654514521586244,1.8158520107247442,-0.0133554
-0.5820261360929209,-0.4285837960654204,-1.6429983923423808,-0.00236015
-0.5820261360929209,1.8196689659282104,-1.470055872189025,0.00903754
-0.5820261360929209,1.8196689659282104,1.8158520107247442,0.000980111
-0.4090836159395659,-5.616859400666107,-0.7782857915755992,-0.0511479
-0.4090836159395659,2.165554006234922,1.9887945308780992,-0.00373194
-0.4090836159395659,3.3761516473084168,2.161737051031456,-0.00302772
-0.4090836159395659,3.5490941674617726,-1.470055872189025,0.00578112
-0.23614109578620912,-6.308629481279532,-0.43240075126888744,-0.0597653
-0.23614109578620912,2.6843815666949915,-1.470055872189025,0.00661283
-0.23614109578620912,3.3761516473084168,-1.470055872189025,0.00412338
-0.23614109578620912,3.894979207768486,2.161737051031456,0.0020823
-0.06319857563285236,-4.4062617595926135,-0.9512283117289559,-0.0173195
-0.06319857563285236,-4.4062617595926135,1.9887945308780992,-0.0295273
-0.06319857563285236,-3.1956641185191206,2.161737051031456,-0.0178255
-0.06319857563285236,-3.022721598365764,2.161737051031456,-0.017624
-0.06319857563285236,-2.676836558059051,-1.470055872189025,-0.0080984
-0.06319857563285236,-2.1580089975989827,-1.470055872189025,-0.00340163
-0.06319857563285236,1.6467264457748527,1.9887945308780992,-0.00191611
-0.06319857563285236,1.9926114860815662,-1.470055872189025,0.00515216
-0.06319857563285236,2.5114390465416356,2.161737051031456,-0.00554216
-0.06319857563285236,2.6843815666949915,-1.470055872189025,0.00329165
-0.06319857563285236,3.203209127155059,-1.470055872189025,0.00154506
-0.06319857563285236,5.624404409302047,2.5076220913381677,-0.0176272
-0.06319857563285236,6.48911701006883,-0.0865157109621757,-0.048596
0.10974394452050351,-6.654514521586244,1.124081930111319,-0.0566795
0.10974394452050351,-5.098031840206039,2.161737051031456,-0.0600769
0.10974394452050351,-3.887434199132544,-1.2971133520356681,-0.0119467
0.10974394452050351,0.9549563651614292,-1.6429983923423808,-0.00155788
0.10974394452050351,5.7973469294554025,2.5076220913381677,-0.00740465
0.10974394452050351,6.143231969762116,2.3346795711848127,-0.00134233
0.2826864646738594,-4.233319239439258,-1.1241708318823123,-0.0154863
0.2826864646738594,-3.887434199132544,-1.2971133520356681,-0.00946937
0.2826864646738594,0.26318628454800574,-1.6429983923423808,-0.00400429
0.2826864646738594,2.6843815666949915,-1.470055872189025,-0.00201572
0.2826864646738594,2.857324086848349,-1.470055872189025,-0.00277716
0.2826864646738594,4.067921727921842,-1.1241708318823123,-0.00469325
0.2826864646738594,4.58674928838191,-0.7782857915755992,-0.00797831
0.2826864646738594,6.662059530222185,1.8158520107247442,0.0218165
0.2826864646738594,6.8350020503755395,0.4323118494978937,-0.013681
0.45562898482721703,-6.308629481279532,0.4323118494978937,-0.0872463
0.45562898482721703,-6.135686961126176,0.08642680919118106,-0.0908415
0.45562898482721703,-2.849779078212407,1.9887945308780992,-0.00992735
0.45562898482721703,1.127898885314785,1.9887945308780992,-0.0014106
0.45562898482721703,2.5114390465416356,-1.470055872189025,-0.00278512
0.6285715049805711,-0.4285837960654204,1.8158520107247442,-0.000708122
0.6285715049805711,0.6090713248547157,1.8158520107247442,0.00157321
0.6285715049805711,2.3384965263882798,-1.470055872189025,-0.00283452
0.6285715049805711,3.3761516473084168,2.5076220913381677,0.00220378
0.801514025133927,-5.789801920819463,-0.43240075126888744,-0.0873733
0.801514025133927,-3.3686066386724756,-1.470055872189025,-0.00065622
0.801514025133927,-2.1580089975989827,1.6429094905713875,0.00600917
0.801514025133927,-1.4662389169855574,-1.6429983923423808,-0.00546383
0.801514025133927,-0.6015263162187772,1.8158520107247442,-0.00101538
0.801514025133927,0.26318628454800574,-1.470055872189025,0.00130316
0.801514025133927,1.127898885314785,-1.470055872189025,0.00143082
0.801514025133927,3.894979207768486,-1.1241708318823123,-0.00344379
0.801514025133927,6.662059530222185,1.9887945308780992,0.065833
0.801514025133927,6.8350020503755395,0.4323118494978937,0.0166443
0.9744565452872846,-4.925089320052682,-1.1241708318823123,-0.0550466
0.9744565452872846,-4.752146799899325,1.9887945308780992,-0.0689758
0.9744565452872846,-2.1580089975989827,1.6429094905713875,0.00588728
0.9744565452872846,4.240864248075196,-0.9512283117289559,0.00151005
0.9744565452872846,5.7973469294554025,-0.6053432714222442,-0.0218731
1.1473990654406405,-6.135686961126176,0.2593693293445378,-0.0968177
1.1473990654406405,-1.1203538766788457,1.8158520107247442,-0.00279365
1.1473990654406405,1.6467264457748527,-1.470055872189025,-0.00175751
1.1473990654406405,4.240864248075196,2.6805646114915245,0.0169244
1.1473990654406405,6.8350020503755395,0.6052543696512496,0.0489157
1.3203415855939964,-2.849779078212407,1.8158520107247442,0.000163043
1.3203415855939964,-1.81212395729227,-1.815940912495737,-0.0127591
1.3203415855939964,1.127898885314785,2.161737051031456,-0.00259355
1.3203415855939964,4.413806768228554,2.6805646114915245,0.022683
1.3203415855939964,6.48911701006883,2.161737051031456,0.0950283
1.493284105747354,-4.4062617595926135,-1.2971133520356681,-0.0423829
1.493284105747354,-3.1956641185191206,-1.6429983923423808,-0.00922753
1.493284105747354,-1.4662389169855574,-1.815940912495737,-0.0117353
1.493284105747354,-0.6015263162187772,1.8158520107247442,-0.00260546
1.493284105747354,0.26318628454800574,1.8158520107247442,0.0019383
1.493284105747354,0.6090713248547157,1.9887945308780992,-0.000434903
1.493284105747354,0.9549563651614292,-1.470055872189025,-1.18402e-05
1.493284105747354,3.203209127155059,2.8535071316448812,-0.000235942
1.66622662590071,-6.135686961126176,0.2593693293445378,-0.0929918
1.66622662590071,-4.233319239439258,-1.2971133520356681,-0.038105
1.66622662590071,-3.5415491588258323,-1.470055872189025,-0.0102187
1.66622662590071,-3.1956641185191206,1.8158520107247442,-0.0115954
1.66622662590071,1.3008414054681428,-1.470055872189025,-0.001082
1.66622662590071,3.3761516473084168,-0.7782857915755992,0.00643929
1.66622662590071,5.7973469294554025,2.3346795711848127,0.0904783
1.839169146054064,-0.9474113565254889,1.8158520107247442,-0.00604853
1.839169146054064,-0.7744688363721322,1.8158520107247442,-0.00521201
1.839169146054064,-0.6015263162187772,1.8158520107247442,-0.00433268
1.839169146054064,-0.08269875575870778,1.8158520107247442,-0.000883469
1.839169146054064,6.48911701006883,0.6052543696512496,0.0780512
2.0121116662074217,-5.962744440972819,0.9511394099579622,-0.0918406
2.0121116662074217,-5.789801920819463,1.2970244502646748,-0.0896429
2.0121116662074217,-4.579204279745969,1.9887945308780992,-0.0680247
2.0121116662074217,-4.4062617595926135,1.9887945308780992,-0.0638007
2.0121116662074217,-2.5038940379056953,-1.9888834326490934,-0.0129903
2.0121116662074217,3.7220366876151285,3.026449651798237,0.0109765
2.0121116662074217,4.7596918085352655,-0.43240075126888744,0.0129906
2.0121116662074217,6.48911701006883,0.9511394099579622,0.100304
2.1850541863607775,-5.962744440972819,0.08642680919118106,-0.09215
2.1850541863607775,-2.676836558059051,-1.9888834326490934,-0.0107079
2.1850541863607775,-0.25564127591206365,1.8158520107247442,-0.00255572
2.1850541863607775,4.067921727921842,3.026449651798237,0.0192566
2.3579967065141334,-4.233319239439258,-1.470055872189025,-0.0537701
2.3579967065141334,-3.714491678979189,-1.6429983923423808,-0.0280334
2.3579967065141334,-0.7744688363721322,-1.815940912495737,-0.00803779
2.3579967065141334,3.0302666070017032,-0.7782857915755992,0.00510163
2.3579967065141334,4.240864248075196,3.026449651798237,0.0255305
2.530939226667491,-5.789801920819463,0.4323118494978937,-0.0941925
2.530939226667491,-5.4439168805127505,1.2970244502646748,-0.0883659
2.530939226667491,-3.887434199132544,-1.815940912495737,-0.0385937
2.530939226667491,-0.08269875575870778,1.8158520107247442,0.000626176
2.530939226667491,4.932634328688623,-0.0865157109621757,0.0182295
2.530939226667491,5.624404409302047,0.9511394099579622,0.0719592
2.703881746820847,-1.2932963968322007,1.4699669704180307,-0.00520142
2.703881746820847,2.5114390465416356,-1.1241708318823123,0.0132749
2.703881746820847,3.894979207768486,3.026449651798237,0.0263487
2.703881746820847,4.932634328688623,2.8535071316448812,0.0476984
2.876824266974203,-5.270974360359395,-0.43240075126888744,-0.0979932
2.876824266974203,2.5114390465416356,-1.2971133520356681,0.0198477
2.876824266974203,4.7596918085352655,-0.0865157109621757,0.0133214
3.0497667871275604,-5.098031840206039,0.7781968898046063,-0.0962999
3.0497667871275604,-3.022721598365764,-2.1618259528024497,-0.00501923
3.0497667871275604,5.451461889148693,2.3346795711848127,0.0625342
3.2227093072809145,-0.6015263162187772,1.4699669704180307,0.00102682
3.2227093072809145,2.857324086848349,3.5452772122583047,0.0364056
3.2227093072809145,3.7220366876151285,-0.43240075126888744,0.00618524
3.3956518274342704,-5.270974360359395,-1.1241708318823123,-0.0648311
3.3956518274342704,-5.098031840206039,0.2593693293445378,-0.091798
3.3956518274342704,0.26318628454800574,-2.5077109931091623,-0.0267145
3.3956518274342704,2.5114390465416356,-1.9888834326490934,0.0261154
3.3956518274342704,3.0302666070017032,-1.1241708318823123,0.0278365
3.568594347587628,-4.925089320052682,-1.815940912495737,-0.042638
3.568594347587628,-3.5415491588258323,-2.3347684729558056,-0.0116404
3.568594347587628,-1.4662389169855574,-2.5077109931091623,-0.0169167
3.568594347587628,-1.4662389169855574,1.124081930111319,-0.00102586
3.568594347587628,-1.2932963968322007,-2.5077109931091623,-0.0198555
3.741536867740984,-5.270974360359395,-0.0865157109621757,-0.0712756
3.741536867740984,-4.925089320052682,-1.815940912495737,-0.0348562
3.741536867740984,-4.752146799899325,-1.9888834326490934,-0.0305496
3.741536867740984,-2.3309515177523386,-2.3347684729558056,0.00446113
3.741536867740984,-1.4662389169855574,1.124081930111319,-0.00264863
3.741536867740984,-1.2932963968322007,1.124081930111319,-0.00211601
3.741536867740984,1.6467264457748527,-2.680653513262518,-0.00883317
3.741536867740984,2.5114390465416356,-2.1618259528024497,0.0274816
3.741536867740984,4.067921727921842,0.2593693293445378,0.018297
3.741536867740984,4.58674928838191,2.5076220913381677,0.0510557
3.91447938789434,-5.098031840206039,0.2593693293445378,-0.068182
3.91447938789434,-3.887434199132544,-2.3347684729558056,-0.00417145
3.91447938789434,-3.5415491588258323,-2.3347684729558056,0.00319505
3.91447938789434,-2.5038940379056953,1.124081930111319,-0.00209357
3.91447938789434,-2.3309515177523386,-2.3347684729558056,0.00761894
3.91447938789434,-1.4662389169855574,1.124081930111319,-0.00409908
3.91447938789434,-0.6015263162187772,1.2970244502646748,0.00364756
3.91447938789434,1.3008414054681428,-3.372423593875943,-0.0328651
3.91447938789434,1.6467264457748527,-3.026538553569231,-0.0178984
3.91447938789434,2.3384965263882798,3.8911622525650182,0.0379436
3.91447938789434,2.5114390465416356,3.8911622525650182,0.0399896
3.91447938789434,3.203209127155059,-0.2594582311155307,0.0263417
3.91447938789434,3.7220366876151285,0.2593693293445378,0.0229276
3.91447938789434,4.7596918085352655,1.124081930111319,0.0397647
4.0874219080476974,-5.098031840206039,-1.470055872189025,-0.0224187
4.0874219080476974,-2.3309515177523386,-2.3347684729558056,0.0109393
4.0874219080476974,-1.2932963968322007,1.124081930111319,-0.0047147
4.0874219080476974,2.3384965263882798,3.8911622525650182,0.0383316
4.0874219080476974,4.413806768228554,1.4699669704180307,0.0427526
4.260364428201053,-4.925089320052682,-1.6429983923423808,-0.00505619
4.260364428201053,-1.1203538766788457,1.124081930111319,-0.00420398
4.260364428201053,1.127898885314785,-3.7183086341826557,-0.0319625
4.260364428201053,1.3008414054681428,3.3723346921049506,0.0204313
4.260364428201053,1.8196689659282104,-3.1994810737225867,-0.0074527
4.260364428201053,3.0302666070017032,-1.6429983923423808,0.0371926
4.433306948354407,-5.098031840206039,-1.1241708318823123,-0.00464756
4.433306948354407,-5.098031840206039,-0.0865157109621757,-0.0355684
4.433306948354407,-4.925089320052682,0.2593693293445378,-0.0425434
4.433306948354407,3.0302666070017032,-0.43240075126888744,0.0353429
4.606249468507765,-4.752146799899325,-1.6429983923423808,0.0275443
4.606249468507765,-3.5415491588258323,0.7781968898046063,-0.0164111
4.606249468507765,0.6090713248547157,2.8535071316448812,0.0240109
4.606249468507765,1.4737839256214986,3.3723346921049506,0.022827
4.606249468507765,1.9926114860815662,-3.1994810737225867,0.0135264
4.606249468507765,2.5114390465416356,-2.1618259528024497,0.0405372
4.606249468507765,2.6843815666949915,-1.9888834326490934,0.0407425
4.606249468507765,3.894979207768486,1.8158520107247442,0.0340295
4.779191988661121,-1.2932963968322007,0.9511394099579622,-0.00362789
4.779191988661121,-1.1203538766788457,-2.680653513262518,-0.0285807
4.779191988661121,-0.08269875575870778,1.124081930111319,0.0227056
4.952134508814477,-4.579204279745969,0.08642680919118106,-0.00331728
4.952134508814477,0.0902437643946481,1.124081930111319,0.0278469
4.952134508814477,0.9549563651614292,2.8535071316448812,0.0226548
5.1250770289678345,-4.579204279745969,-0.2594582311155307,0.0258085
5.1250770289678345,-1.1203538766788457,-2.680653513262518,-0.0268799
5.1250770289678345,0.0902437643946481,0.7781968898046063,0.0246384
5.1250770289678345,0.26318628454800574,1.124081930111319,0.0307202
5.1250770289678345,3.203209127155059,2.8535071316448812,0.0294653
5.29801954912119,-4.233319239439258,-1.6429983923423808,0.0885553
5.29801954912119,-1.2932963968322007,-2.5077109931091623,-0.00808033
5.29801954912119,0.43612880470135984,-3.8912511543360115,-0.0145301
5.29801954912119,0.43612880470135984,1.2970244502646748,0.0323652
5.29801954912119,2.3384965263882798,-2.853596033415874,0.0705223
5.29801954912119,2.5114390465416356,3.026449651798237,0.0280252
5.29801954912119,3.7220366876151285,1.6429094905713875,0.0366712
5.470962069274546,-3.022721598365764,-0.43240075126888744,0.0708964
5.470962069274546,-0.25564127591206365,0.2593693293445378,0.0208541
5.470962069274546,0.7820138450080734,1.9887945308780992,0.0289025
5.470962069274546,3.5490941674617726,1.8158520107247442,0.0350644
5.643904589427904,-0.9474113565254889,0.08642680919118106,0.0136449
5.643904589427904,1.127898885314785,1.4699669704180307,0.0287976
5.643904589427904,1.9926114860815662,2.3346795711848127,0.026036
5.643904589427904,2.5114390465416356,-0.2594582311155307,0.0416441
5.643904589427904,3.5490941674617726,1.124081930111319,0.0448457
5.989789629734614,-2.3309515177523386,-1.2971133520356681,0.0523189
5.989789629734614,-1.1203538766788457,-0.43240075126888744,0.0241626
5.989789629734614,-0.08269875575870778,-0.6053432714222442,0.0252454
5.989789629734614,0.0902437643946481,0.08642680919118106,0.0302925
5.989789629734614,1.8196689659282104,0.7781968898046063,0.0405433
5.989789629734614,2.165554006234922,0.4323118494978937,0.0446193
5.989789629734614,2.165554006234922,0.6052543696512496,0.0439854
6.1627321498879715,-1.81212395729227,-0.7782857915755992,0.0375704
6.1627321498879715,-1.6391814371389142,-1.6429983923423808,0.0375656
6.1627321498879715,-1.1203538766788457,-1.470055872189025,0.0248065
6.1627321498879715,-1.1203538766788457,-0.9512283117289559,0.0297126
6.1627321498879715,0.0902437643946481,-0.6053432714222442,0.025987
6.1627321498879715,2.165554006234922,-0.6053432714222442,0.0445205
6.335674670041327,1.9926114860815662,-0.2594582311155307,0.0446532
6.508617190194683,-0.25564127591206365,-1.815940912495737,-0.0129989
6.508617190194683,-0.08269875575870778,-2.853596033415874,-0.00920327
6.508617190194683,0.6090713248547157,-1.2971133520356681,0.0201397
6.508617190194683,0.6090713248547157,-0.6053432714222442,0.0336654
6.508617190194683,0.9549563651614292,-1.2971133520356681,0.0343287
