-5.891770664618415,-3.0322917681778683,0.35364701159805634,0.035613
-5.891770664618415,-2.883076495690268,0.8012928290608592,0.0323621
-5.891770664618415,-2.4354306782274655,1.09972337403606,0.0287761
-5.891770664618415,-2.1370001332522635,1.09972337403606,0.0276965
-5.742555392130814,-3.181507040665469,0.6520775565732588,0.0313499
-5.742555392130814,-2.4354306782274655,-0.5416446233275485,0.0374129
-5.593340119643213,-3.33072231315307,0.6520775565732588,0.0294005
-5.444124847155612,-3.0322917681778683,1.3981539190112624,0.0249336
-5.444124847155612,-1.5401390433018598,1.5473691914988628,0.0211872
-5.2949095746680115,-1.8385695882770619,2.144230281449266,0.0286317
-5.2949095746680115,-1.241708498326659,1.3981539190112624,0.0203309
-5.2949095746680115,-1.0924932258390578,0.9505081015484595,0.0203662
-5.145694302180411,-3.6291528581282715,0.20443173911045598,0.0247978
-5.145694302180411,-1.3909237708142594,-0.5416446233275485,0.0253237
-5.145694302180411,-0.9432779533514566,0.35364701159805634,0.0214348
-4.996479029692809,-3.6291528581282715,1.09972337403606,0.0247282
-4.996479029692809,-3.479937585640671,1.3981539190112624,0.025103
-4.847263757205209,-3.7783681306158723,0.20443173911045598,0.0224263
-4.847263757205209,-2.584645950715066,2.591876098912069,0.0349146
-4.847263757205209,-1.0924932258390578,2.144230281449266,0.0307339
-4.847263757205209,-0.7940626808638562,1.09972337403606,0.0203595
-4.698048484717608,-3.6291528581282715,1.5473691914988628,0.0253814
-4.698048484717608,-0.7940626808638562,1.5473691914988628,0.0231062
-4.698048484717608,-0.644847408376255,0.9505081015484595,0.0191825
-4.548833212230008,-3.6291528581282715,1.696584463986464,0.0254634
-4.548833212230008,-1.8385695882770619,2.8903066438872704,0.0430758
-4.548833212230008,-1.3909237708142594,-1.1385057132779517,0.00196769
-4.548833212230008,-1.0924932258390578,2.4426608264244676,0.0368833
-4.548833212230008,-0.7940626808638562,-0.6908598958151493,0.0140527
-4.548833212230008,-0.7940626808638562,1.8457997364740653,0.0271093
-4.548833212230008,-0.49563213588865374,0.9505081015484595,0.0169033
-4.548833212230008,-0.19720159091345302,0.20443173911045598,0.00549285
-4.399617939742406,-3.6291528581282715,-0.39242935083994723,0.0181986
-4.399617939742406,-3.479937585640671,1.9950150089616647,0.0252922
-4.399617939742406,-1.9877848607646627,-1.4369362582531533,-0.0103648
-4.399617939742406,-1.689354315789461,-1.7353668032283553,-0.0225863
-4.399617939742406,-0.644847408376255,1.5473691914988628,0.0242235
-4.399617939742406,-0.19720159091345302,-0.39242935083994723,0.0057757
-4.399617939742406,0.10122895406174859,0.5028622840856576,-0.00180757
-4.250402667254805,-4.076798675591075,0.05521646662285473,0.0258783
-4.250402667254805,-2.2862154057398643,-1.4369362582531533,-0.0109877
-4.250402667254805,-1.9877848607646627,-1.8845820757159557,-0.0276602
-4.250402667254805,-0.644847408376255,-1.586151530740754,-0.0169742
-4.250402667254805,-0.3464168634010534,-0.8400751683027501,0.00605577
-4.250402667254805,0.3996594990369502,0.6520775565732588,-0.00618928
-4.101187394767205,-4.226013948078675,0.20443173911045598,0.0301402
-4.101187394767205,-3.181507040665469,2.4426608264244676,0.0283531
-4.101187394767205,-3.0322917681778683,2.591876098912069,0.0311146
-4.101187394767205,-2.584645950715066,2.8903066438872704,0.0386957
-4.101187394767205,-0.7940626808638562,2.144230281449266,0.0339282
-4.101187394767205,-0.3464168634010534,-1.287720985765553,-0.00532525
-4.101187394767205,0.5488747715245514,-0.09399880586474652,-0.0098359
-4.101187394767205,0.6980900440121527,0.35364701159805634,-0.0110328
-4.101187394767205,0.6980900440121527,0.5028622840856576,-0.0102171
-3.951972122279604,-3.479937585640671,2.144230281449266,0.0249859
-3.951972122279604,-3.33072231315307,-0.6908598958151493,0.0144236
-3.951972122279604,-3.33072231315307,2.293445553936867,0.0258591
-3.951972122279604,-3.0322917681778683,-0.8400751683027501,0.0119021
-3.951972122279604,-3.0322917681778683,2.591876098912069,0.0306247
-3.951972122279604,0.25044422654934984,1.5473691914988628,0.0106282
-3.951972122279604,0.5488747715245514,-0.39242935083994723,-0.00730829
-3.802756849792003,-4.3752292205662755,0.35364701159805634,0.035874
-3.802756849792003,-3.6291528581282715,-0.5416446233275485,0.0185481
-3.802756849792003,-3.33072231315307,2.293445553936867,0.0253571
-3.802756849792003,0.6980900440121527,1.5473691914988628,0.00747588
-3.653541577304402,-3.479937585640671,2.144230281449266,0.0247617
-3.653541577304402,-0.7940626808638562,2.144230281449266,0.035629
-3.653541577304402,-0.644847408376255,1.9950150089616647,0.0336519
-3.653541577304402,0.3996594990369502,1.9950150089616647,0.0218259
-3.5043263048168014,-3.6291528581282715,-0.5416446233275485,0.0198578
-3.5043263048168014,-2.883076495690268,2.591876098912069,0.0296159
-3.5043263048168014,-2.584645950715066,-2.1830126206911573,-0.0377203
-3.5043263048168014,-1.8385695882770619,-2.6306584381539597,-0.0408641
-3.5043263048168014,-0.7940626808638562,-2.6306584381539597,-0.0377941
-3.5043263048168014,0.8473053164997522,-0.9892904407903509,-0.00309053
-3.3551110323292006,-3.0322917681778683,-0.9892904407903509,-3.38424e-05
-3.3551110323292006,-2.4354306782274655,2.74109137139967,0.034348
-3.3551110323292006,-1.689354315789461,2.74109137139967,0.0391896
-3.3551110323292006,-1.3909237708142594,2.591876098912069,0.0388128
-3.3551110323292006,-0.3464168634010534,-2.779873710641561,-0.0433173
-3.3551110323292006,0.5488747715245514,2.293445553936867,0.0302507
-3.3551110323292006,0.9965205889873534,1.9950150089616647,0.0207804
-3.3551110323292006,1.294951133962555,1.3981539190112624,0.00376163
-3.2058957598415994,-4.226013948078675,0.05521646662285473,0.036855
-3.2058957598415994,-1.3909237708142594,-2.779873710641561,-0.0390323
-3.2058957598415994,-0.49563213588865374,-2.9290889831291618,-0.0464738
-3.2058957598415994,1.294951133962555,1.696584463986464,0.0117263
-3.2058957598415994,1.4441664064501563,-0.39242935083994723,-0.00502941
-3.2058957598415994,1.4441664064501563,1.09972337403606,-0.00236809
-3.056680487353999,-2.883076495690268,2.293445553936867,0.0244185
-3.056680487353999,-0.3464168634010534,-3.0783042556167626,-0.0508066
-2.9074652148663986,-2.584645950715066,2.293445553936867,0.0253367
-2.9074652148663986,-2.4354306782274655,-2.481443165666359,-0.0412645
-2.9074652148663986,-1.689354315789461,-2.779873710641561,-0.0388341
-2.7582499423787974,-0.49563213588865374,2.4426608264244676,0.0326214
-2.7582499423787974,0.3996594990369502,-3.0783042556167626,-0.0491635
-2.609034669891196,-3.0322917681778683,-1.586151530740754,-0.0301668
-2.609034669891196,-2.7338612232026667,-2.1830126206911573,-0.0394896
-2.609034669891196,-1.3909237708142594,1.9950150089616647,0.0258285
-2.609034669891196,0.6980900440121527,-2.9290889831291618,-0.0414081
-2.609034669891196,1.5933816789377575,-1.7353668032283553,0.000238197
-2.609034669891196,2.19024276888816,-0.09399880586474652,-0.0274464
-2.609034669891196,2.4886733138633614,-0.6908598958151493,-0.0348541
-2.459819397403596,-3.479937585640671,1.3981539190112624,0.0309788
-2.459819397403596,-2.584645950715066,1.696584463986464,0.0231953
-2.459819397403596,-0.49563213588865374,-3.376734800591964,-0.0587158
-2.3106041249159945,-3.181507040665469,1.2489386465236612,0.0279158
-2.3106041249159945,-2.7338612232026667,1.3981539190112624,0.0238347
-2.3106041249159945,-1.0924932258390578,-3.227519528104363,-0.0548112
-2.3106041249159945,-0.7940626808638562,2.293445553936867,0.0226473
-2.3106041249159945,0.3996594990369502,-3.227519528104363,-0.0497286
-2.3106041249159945,0.9965205889873534,2.4426608264244676,0.0213657
-2.3106041249159945,1.5933816789377575,-2.0337973482035565,0.00983206
-2.3106041249159945,1.5933816789377575,1.696584463986464,-0.0104092
-2.3106041249159945,2.0410274964005595,-1.8845820757159557,0.000790025
-2.3106041249159945,2.6378885863509636,-1.4369362582531533,-0.0249176
-2.1613888524283933,-2.883076495690268,-0.6908598958151493,-0.00587757
-2.1613888524283933,-1.5401390433018598,-2.9290889831291618,-0.0464755
-2.1613888524283933,2.0410274964005595,1.3981539190112624,-0.0348805
-2.1613888524283933,2.19024276888816,0.5028622840856576,-0.0232848
-2.012173579940793,-2.883076495690268,-1.1385057132779517,-0.0224182
-2.012173579940793,-2.584645950715066,0.6520775565732588,0.0222267
-2.012173579940793,-2.4354306782274655,-2.1830126206911573,-0.0379863
-2.012173579940793,-2.4354306782274655,0.9505081015484595,0.020292
-2.012173579940793,-1.3909237708142594,-3.0783042556167626,-0.0524851
-2.012173579940793,0.10122895406174859,-3.376734800591964,-0.0549606
-2.012173579940793,1.4441664064501563,-2.3322278931787586,0.020538
-2.012173579940793,2.0410274964005595,-2.1830126206911573,0.0192098
-2.012173579940793,2.19024276888816,2.144230281449266,-0.0471159
-2.012173579940793,2.339458041375761,-2.0337973482035565,0.00784576
-2.012173579940793,3.0855344038137646,-0.8400751683027501,-0.0391456
-1.8629583074531926,-2.4354306782274655,0.5028622840856576,0.0184892
-1.8629583074531926,-1.689354315789461,-2.779873710641561,-0.046106
-1.8629583074531926,-1.689354315789461,1.5473691914988628,0.0076638
-1.8629583074531926,-1.3909237708142594,-3.0783042556167626,-0.0540226
-1.8629583074531926,1.5933816789377575,2.4426608264244676,-0.0339949
-1.8629583074531926,2.6378885863509636,0.5028622840856576,-0.026899
-1.7137430349655922,-2.584645950715066,-1.586151530740754,-0.0317415
-1.7137430349655922,-2.4354306782274655,-0.39242935083994723,0.000757583
-1.7137430349655922,-1.5401390433018598,-2.9290889831291618,-0.0517663
-1.7137430349655922,-1.3909237708142594,1.696584463986464,0.00461847
-1.7137430349655922,1.8918122239129591,-2.481443165666359,0.0413783
-1.7137430349655922,2.6378885863509636,-2.0337973482035565,0.0111563
-1.564527762477991,-2.4354306782274655,-0.8400751683027501,-0.0149459
-1.564527762477991,-1.0924932258390578,-3.227519528104363,-0.0597524
-1.564527762477991,-0.19720159091345302,-3.376734800591964,-0.0569785
-1.564527762477991,0.8473053164997522,2.4426608264244676,-0.0134188
-1.564527762477991,1.1457358614749547,-2.6306584381539597,0.0248614
-1.564527762477991,1.1457358614749547,2.591876098912069,-0.027929
-1.564527762477991,2.9363191313261643,0.5028622840856576,-0.018265
-1.4153124899903897,-2.2862154057398643,-1.287720985765553,-0.0250077
-1.4153124899903897,-1.8385695882770619,-0.24321407835234687,0.00648335
-1.4153124899903897,-1.689354315789461,1.09972337403606,-0.000840285
-1.4153124899903897,-0.644847408376255,1.9950150089616647,0.00856081
-1.4153124899903897,2.19024276888816,2.8903066438872704,-0.0514174
-1.4153124899903897,2.787103858838562,-2.0337973482035565,0.017932
-1.4153124899903897,3.0855344038137646,0.6520775565732588,-0.0182896
-1.4153124899903897,3.0855344038137646,2.293445553936867,-0.0608492
-1.4153124899903897,3.234749676301365,1.9950150089616647,-0.0598069
-1.2660972175027894,-0.3464168634010534,1.9950150089616647,0.00895828
-1.2660972175027894,0.25044422654934984,2.144230281449266,5.77235e-06
-1.2660972175027894,0.5488747715245514,-2.9290889831291618,-0.0185755
-1.1168819450151881,0.10122895406174859,1.9950150089616647,0.00123842
-1.1168819450151881,3.383964948788967,-0.6908598958151493,-0.0279089
-0.9676666725275869,-1.0924932258390578,1.2489386465236612,-0.00033517
-0.9676666725275869,-0.644847408376255,-3.0783042556167626,-0.0560742
-0.9676666725275869,0.3996594990369502,2.293445553936867,-0.0152196
-0.9676666725275869,2.787103858838562,2.8903066438872704,-0.0595054
-0.9676666725275869,3.383964948788967,-0.9892904407903509,-0.0272721
-0.8184514000399874,-1.0924932258390578,-2.779873710641561,-0.05509
-0.8184514000399874,-0.7940626808638562,1.5473691914988628,0.0101362
-0.8184514000399874,3.5331802212765675,0.9505081015484595,-0.0267035
-0.8184514000399874,3.682395493764168,0.35364701159805634,-0.0253961
-0.6692361275523862,-0.19720159091345302,-2.779873710641561,-0.0393106
-0.6692361275523862,0.3996594990369502,2.4426608264244676,-0.0148162
-0.6692361275523862,0.6980900440121527,2.74109137139967,-0.0299045
-0.6692361275523862,1.8918122239129591,-2.779873710641561,0.0779382
-0.6692361275523862,2.19024276888816,3.188737188862472,-0.0545964
-0.6692361275523862,2.4886733138633614,-2.481443165666359,0.0659703
-0.6692361275523862,3.234749676301365,-1.4369362582531533,-0.0137845
-0.6692361275523862,3.5331802212765675,1.9950150089616647,-0.0586489
-0.6692361275523862,3.9808260387393704,-0.6908598958151493,-0.0498747
-0.5200208550647849,-1.0924932258390578,-2.3322278931787586,-0.0482572
-0.5200208550647849,-0.04798631842585266,2.4426608264244676,0.0189153
-0.5200208550647849,3.682395493764168,0.9505081015484595,-0.0303424
-0.37080558257718454,-1.0924932258390578,-1.586151530740754,-0.035331
-0.37080558257718454,-0.9432779533514566,-0.9892904407903509,-0.0201207
-0.2215903100895833,-1.5401390433018598,1.3981539190112624,0.0129218
-0.2215903100895833,-0.644847408376255,-1.1385057132779517,-0.0176644
-0.2215903100895833,-0.644847408376255,-0.9892904407903509,-0.0142109
-0.2215903100895833,0.8473053164997522,2.8903066438872704,-0.0335935
-0.2215903100895833,3.234749676301365,2.591876098912069,-0.0614342
-0.2215903100895833,3.5331802212765675,1.9950150089616647,-0.0553694
-0.2215903100895833,4.279256583714573,-0.9892904407903509,-0.057817
-0.07237503760198205,-1.689354315789461,1.09972337403606,0.00688282
-0.07237503760198205,-1.689354315789461,1.2489386465236612,0.00996155
-0.07237503760198205,-0.7940626808638562,-0.39242935083994723,-0.00763715
-0.07237503760198205,-0.19720159091345302,-1.287720985765553,-0.00640161
-0.07237503760198205,-0.04798631842585266,-1.4369362582531533,-0.00325086
-0.07237503760198205,0.10122895406174859,-1.586151530740754,0.000756198
-0.07237503760198205,0.25044422654934984,-1.7353668032283553,0.00588881
-0.07237503760198205,2.6378885863509636,3.0395219163748717,-0.0595127
-0.07237503760198205,2.787103858838562,-1.8845820757159557,0.0194815
-0.07237503760198205,3.83161076625177,1.09972337403606,-0.0413957
-0.07237503760198205,4.279256583714573,-1.1385057132779517,-0.0574513
-0.07237503760198205,4.279256583714573,0.6520775565732588,-0.0569819
0.07684023488561831,-1.8385695882770619,0.9505081015484595,0.00376079
0.07684023488561831,0.5488747715245514,-1.8845820757159557,0.0189222
0.22605550737321956,-1.9877848607646627,1.2489386465236612,0.0100043
0.22605550737321956,0.10122895406174859,-1.4369362582531533,0.00122175
0.22605550737321956,0.5488747715245514,2.74109137139967,-0.00633219
0.22605550737321956,0.6980900440121527,-1.8845820757159557,0.0247265
0.22605550737321956,0.6980900440121527,2.74109137139967,-0.0177884
0.22605550737321956,3.9808260387393704,-1.586151530740754,-0.0506701
0.3752707798608199,3.383964948788967,-1.8845820757159557,-0.0336736
0.3752707798608199,3.383964948788967,1.8457997364740653,-0.0424435
0.3752707798608199,3.83161076625177,1.2489386465236612,-0.0455135
0.5244860523484203,-2.1370001332522635,1.696584463986464,0.0220929
0.5244860523484203,1.294951133962555,-1.8845820757159557,0.0440894
0.5244860523484203,4.726902401177376,-0.39242935083994723,-0.0639823
0.6737013248360215,-2.584645950715066,0.8012928290608592,0.00416076
0.6737013248360215,-2.2862154057398643,1.8457997364740653,0.0263534
0.6737013248360215,0.25044422654934984,-1.7353668032283553,0.00469703
0.6737013248360215,3.383964948788967,1.5473691914988628,-0.0298301
0.8229165973236219,-2.7338612232026667,1.696584463986464,0.0261804
0.8229165973236219,-1.689354315789461,2.4426608264244676,0.0355902
0.8229165973236219,-1.241708498326659,-0.5416446233275485,-0.00750984
0.8229165973236219,-0.04798631842585266,-1.7353668032283553,-0.00309046
0.8229165973236219,1.294951133962555,-1.8845820757159557,0.0357372
0.8229165973236219,2.6378885863509636,2.4426608264244676,-0.0453046
0.8229165973236219,2.787103858838562,2.293445553936867,-0.0422054
0.972131869811224,-2.7338612232026667,0.35364701159805634,0.00159437
0.972131869811224,-1.8385695882770619,2.4426608264244676,0.0361144
0.972131869811224,0.6980900440121527,2.591876098912069,-0.00488218
0.972131869811224,1.1457358614749547,-2.0337973482035565,0.0284485
0.972131869811224,3.83161076625177,1.2489386465236612,-0.0501227
1.1213471422988226,-1.241708498326659,-0.6908598958151493,-0.00298001
1.1213471422988226,-0.9432779533514566,-0.9892904407903509,-0.00511161
1.1213471422988226,0.6980900440121527,-2.1830126206911573,0.0158977
1.1213471422988226,1.7425969514253579,2.293445553936867,-0.0256669
1.1213471422988226,1.8918122239129591,2.293445553936867,-0.0273967
1.1213471422988226,2.339458041375761,2.144230281449266,-0.0249843
1.1213471422988226,3.234749676301365,-1.8845820757159557,-0.0358988
1.1213471422988226,3.383964948788967,1.3981539190112624,-0.0321102
1.1213471422988226,3.9808260387393704,-1.586151530740754,-0.0511698
1.2705624147864247,-1.0924932258390578,-0.9892904407903509,-0.00359155
1.2705624147864247,-0.7940626808638562,-1.586151530740754,-0.0108846
1.2705624147864247,-0.49563213588865374,-1.8845820757159557,-0.00894158
1.2705624147864247,0.10122895406174859,-2.1830126206911573,0.00237525
1.2705624147864247,2.787103858838562,1.5473691914988628,-0.00180551
1.2705624147864247,4.130041311226971,0.9505081015484595,-0.0599836
1.2705624147864247,4.577687128689774,0.20443173911045598,-0.0642942
1.419777687274025,-3.33072231315307,1.2489386465236612,0.0313776
1.419777687274025,-2.1370001332522635,-0.6908598958151493,-0.00349544
1.419777687274025,-1.0924932258390578,-1.4369362582531533,-0.0097469
1.419777687274025,-0.49563213588865374,-2.0337973482035565,-0.00837717
1.419777687274025,-0.19720159091345302,-2.1830126206911573,-0.00316353
1.5689929597616254,-1.0924932258390578,-1.7353668032283553,-0.011275
1.5689929597616254,0.6980900440121527,2.4426608264244676,-0.00399502
1.5689929597616254,1.294951133962555,1.9950150089616647,-0.00540073
1.5689929597616254,2.9363191313261643,-1.7353668032283553,-0.0262961
1.5689929597616254,3.0855344038137646,1.2489386465236612,-0.0242788
1.5689929597616254,4.428471856202173,0.20443173911045598,-0.0632573
1.7182082322492276,-3.479937585640671,1.3981539190112624,0.0413229
1.7182082322492276,-1.9877848607646627,2.8903066438872704,0.0336614
1.867423504736828,-1.9877848607646627,-1.287720985765553,0.000189169
1.867423504736828,-0.04798631842585266,2.74109137139967,0.00146662
1.867423504736828,0.10122895406174859,-2.481443165666359,0.00600209
1.867423504736828,1.1457358614749547,1.9950150089616647,-0.00841057
1.867423504736828,1.5933816789377575,1.696584463986464,-0.003385
1.867423504736828,2.4886733138633614,-1.8845820757159557,0.0154706
1.867423504736828,3.383964948788967,-1.4369362582531533,-0.0422154
1.867423504736828,3.682395493764168,-1.287720985765553,-0.0486985
1.867423504736828,4.130041311226971,0.35364701159805634,-0.061547
2.0166387772244283,-1.8385695882770619,-1.586151530740754,-0.00135877
2.0166387772244283,-1.689354315789461,-1.7353668032283553,-0.00357364
2.0166387772244283,-0.19720159091345302,-2.481443165666359,0.00181203
2.0166387772244283,2.19024276888816,-2.3322278931787586,0.0333534
2.1658540497120304,-3.33072231315307,0.6520775565732588,0.0432166
2.1658540497120304,-2.1370001332522635,-1.4369362582531533,0.00545695
2.315069322199631,-3.479937585640671,1.9950150089616647,0.0550601
2.315069322199631,-3.33072231315307,-0.09399880586474652,0.0296721
2.315069322199631,-2.584645950715066,2.8903066438872704,0.041342
2.315069322199631,-0.7940626808638562,2.74109137139967,0.00193443
2.315069322199631,-0.19720159091345302,2.591876098912069,-0.00434483
2.315069322199631,2.339458041375761,0.35364701159805634,-0.0142327
2.315069322199631,2.6378885863509636,-1.586151530740754,0.0111756
2.315069322199631,3.383964948788967,0.20443173911045598,-0.0521097
2.464284594687231,-3.479937585640671,0.5028622840856576,0.0555741
2.464284594687231,-3.479937585640671,1.2489386465236612,0.06028
2.464284594687231,-3.479937585640671,1.8457997364740653,0.0571142
2.464284594687231,-2.883076495690268,-1.1385057132779517,0.0103526
2.464284594687231,2.6378885863509636,-1.4369362582531533,0.0094311
2.464284594687231,2.6378885863509636,-0.8400751683027501,-0.0135355
2.6134998671748333,-3.33072231315307,2.144230281449266,0.0550754
2.6134998671748333,-3.181507040665469,-1.1385057132779517,0.00976048
2.6134998671748333,-2.7338612232026667,2.74109137139967,0.042673
2.6134998671748333,-0.644847408376255,-2.6306584381539597,0.00702928
2.6134998671748333,-0.19720159091345302,-2.6306584381539597,0.0117017
2.6134998671748333,0.6980900440121527,1.696584463986464,-0.0110646
2.6134998671748333,2.19024276888816,0.05521646662285473,-0.0103423
2.7627151396624336,-3.7783681306158723,-0.6908598958151493,0.0224989
2.7627151396624336,-3.0322917681778683,2.4426608264244676,0.0485873
2.7627151396624336,-0.7940626808638562,2.591876098912069,-0.0037998
2.7627151396624336,2.0410274964005595,0.20443173911045598,-0.00962571
2.911930412150034,-4.076798675591075,0.6520775565732588,0.0829931
2.911930412150034,-3.0322917681778683,2.293445553936867,0.0489398
2.911930412150034,-2.883076495690268,2.4426608264244676,0.0447823
2.911930412150034,-1.9877848607646627,-1.8845820757159557,0.0199432
2.911930412150034,-1.8385695882770619,-2.0337973482035565,0.0176468
2.911930412150034,-0.3464168634010534,2.293445553936867,-0.0102218
2.911930412150034,0.10122895406174859,-2.6306584381539597,0.0218849
2.911930412150034,0.5488747715245514,1.2489386465236612,-0.00654548
2.911930412150034,1.294951133962555,0.9505081015484595,-0.0130483
3.061145684637636,-3.0322917681778683,-1.586151530740754,0.0180347
3.061145684637636,-1.5401390433018598,2.591876098912069,0.00778862
3.061145684637636,0.5488747715245514,-2.481443165666359,0.030768
3.061145684637636,1.7425969514253579,0.35364701159805634,-0.00989316
3.2103609571252365,-4.226013948078675,-0.39242935083994723,0.0501607
3.2103609571252365,-2.584645950715066,-1.7353668032283553,0.0282458
3.2103609571252365,-2.584645950715066,2.293445553936867,0.0356846
3.2103609571252365,-0.7940626808638562,-2.779873710641561,0.0217448
3.2103609571252365,-0.3464168634010534,1.9950150089616647,-0.0107116
3.2103609571252365,-0.19720159091345302,-2.779873710641561,0.0252393
3.2103609571252365,-0.04798631842585266,1.5473691914988628,-0.00821915
3.2103609571252365,0.8473053164997522,0.8012928290608592,-0.00872024
3.2103609571252365,1.4441664064501563,0.5028622840856576,-0.010757
3.359576229612837,-4.226013948078675,-0.5416446233275485,0.0469409
3.359576229612837,-3.33072231315307,1.5473691914988628,0.0723055
3.359576229612837,-2.4354306782274655,2.144230281449266,0.0309937
3.359576229612837,-1.241708498326659,-2.6306584381539597,0.0253441
3.359576229612837,-0.04798631842585266,-2.779873710641561,0.029502
3.359576229612837,1.4441664064501563,0.35364701159805634,-0.00979521
3.359576229612837,1.7425969514253579,-2.0337973482035565,0.0328735
3.5087915021004354,-1.241708498326659,2.144230281449266,-0.000171646
3.5087915021004354,-0.7940626808638562,1.9950150089616647,-0.00663917
3.5087915021004354,0.6980900440121527,0.6520775565732588,-0.0093732
3.6580067745880376,-2.2862154057398643,-1.8845820757159557,0.0513306
3.6580067745880376,-2.1370001332522635,-1.8845820757159557,0.0510709
3.6580067745880376,-0.644847408376255,1.696584463986464,-0.00655747
3.807222047075638,-4.226013948078675,-0.6908598958151493,0.0511213
3.807222047075638,-4.076798675591075,-0.9892904407903509,0.0433077
3.807222047075638,-2.4354306782274655,1.696584463986464,0.0256433
3.807222047075638,-1.8385695882770619,-2.0337973482035565,0.0509053
3.9564373195632383,-3.7783681306158723,-1.4369362582531533,0.0481461
3.9564373195632383,-0.19720159091345302,0.9505081015484595,-0.00446889
3.9564373195632383,1.1457358614749547,-0.09399880586474652,-0.00871475
4.10565259205084,-4.3752292205662755,-0.24321407835234687,0.0704631
4.10565259205084,-1.3909237708142594,-2.481443165666359,0.0477191
4.10565259205084,-1.0924932258390578,1.3981539190112624,-0.000440993
4.10565259205084,-0.7940626808638562,1.2489386465236612,-0.000944971
4.10565259205084,1.1457358614749547,-0.9892904407903509,0.00724752
4.254867864538441,-4.3752292205662755,-0.09399880586474652,0.0742781
4.404083137026041,-2.4354306782274655,-2.0337973482035565,0.0840927
4.404083137026041,0.6980900440121527,-0.24321407835234687,-0.00567733
4.404083137026041,0.8473053164997522,-1.1385057132779517,0.0114375
4.404083137026041,0.8473053164997522,-0.6908598958151493,0.00122422
4.553298409513643,-4.226013948078675,-0.09399880586474652,0.0700347
4.553298409513643,-4.226013948078675,0.6520775565732588,0.0753839
4.553298409513643,0.6980900440121527,-1.4369362582531533,0.0201163
4.553298409513643,0.6980900440121527,-0.8400751683027501,0.00553998
4.702513682001244,-3.7783681306158723,-1.287720985765553,0.0740495
4.702513682001244,-3.33072231315307,1.3981539190112624,0.0269898
4.702513682001244,-1.5401390433018598,-1.7353668032283553,0.0681267
4.702513682001244,-0.644847408376255,0.20443173911045598,0.00309402
4.702513682001244,0.3996594990369502,-0.5416446233275485,0.00247882
4.851728954488844,-3.9275834031034735,-0.5416446233275485,0.0645777
4.851728954488844,-3.6291528581282715,-1.4369362582531533,0.0814275
4.851728954488844,-1.689354315789461,-1.586151530740754,0.0746223
4.851728954488844,-0.7940626808638562,-0.24321407835234687,0.0130819
4.851728954488844,-0.19720159091345302,-0.39242935083994723,0.00752308
4.851728954488844,0.25044422654934984,-0.8400751683027501,0.0107851
5.000944226976446,-1.241708498326659,-0.8400751683027501,0.0374996
5.000944226976446,-0.9432779533514566,-1.8845820757159557,0.0522059
5.000944226976446,-0.7940626808638562,-2.0337973482035565,0.051455
5.000944226976446,-0.644847408376255,-0.8400751683027501,0.0252773
5.000944226976446,-0.04798631842585266,-0.9892904407903509,0.0188034
5.000944226976446,0.10122895406174859,-1.287720985765553,0.0245553
5.1501594994640465,-2.2862154057398643,-1.7353668032283553,0.0911152
5.1501594994640465,-1.8385695882770619,-1.4369362582531533,0.0742327
5.448590044439249,-3.33072231315307,-0.9892904407903509,0.0729765
5.448590044439249,-2.883076495690268,0.9505081015484595,-0.00903132
5.448590044439249,-1.9877848607646627,-1.1385057132779517,0.0616464
5.597805316926849,-3.0322917681778683,-0.9892904407903509,0.0694258
5.597805316926849,-2.883076495690268,-1.1385057132779517,0.0748289
5.597805316926849,-2.4354306782274655,0.8012928290608592,-0.019082
5.747020589414448,-2.4354306782274655,-0.5416446233275485,0.0305317
5.747020589414448,-2.1370001332522635,-0.09399880586474652,0.000565726
