-5.630829678965227,0.7639196887246724,-0.23015927662358582,-0.0753726
-5.630829678965227,0.7639196887246724,0.03519028435195004,-0.0774053
-5.630829678965227,0.8965944692124399,-0.36283405711135375,-0.0725282
-5.630829678965227,1.0292692497002074,-0.36283405711135375,-0.0705112
-5.498154898477459,0.8965944692124399,-0.7608583985746562,-0.0715232
-5.498154898477459,1.0292692497002074,-0.7608583985746562,-0.0694178
-5.498154898477459,1.4272935911635107,0.300539845327485,-0.0725543
-5.365480117989691,-0.29747855517746924,-0.23015927662358582,-0.0860106
-5.365480117989691,-0.29747855517746924,0.5658894063030209,-0.0859721
-5.365480117989691,0.3658953472613691,-0.7608583985746562,-0.0814135
-5.365480117989691,1.6926431521390466,0.300539845327485,-0.0711792
-5.232805337501923,-0.5628281161530051,0.8312389672785567,-0.0846048
-5.232805337501923,-0.16480377468970175,-0.6281836180868887,-0.0875502
-5.100130557014156,-1.2262020185918439,-0.09748449613581833,-0.0747266
-5.100130557014156,-0.4301533356652367,1.0965885282540917,-0.087767
-5.100130557014156,0.2332205667736016,1.2292633087418592,-0.0889888
-5.100130557014156,0.7639196887246724,1.2292633087418592,-0.0875806
-4.967455776526387,-0.9608524576163084,-0.6281836180868887,-0.0806504
-4.967455776526387,-0.6955028966407726,-0.7608583985746562,-0.0848723
-4.967455776526387,-0.5628281161530051,1.2292633087418592,-0.0883717
-4.967455776526387,1.0292692497002074,1.3619380892296267,-0.0869311
-4.967455776526387,1.4272935911635107,1.0965885282540917,-0.0857133
-4.834780996038621,-1.093527238104076,1.0965885282540917,-0.0830635
-4.834780996038621,-0.9608524576163084,-0.7608583985746562,-0.0821678
-4.834780996038621,-0.5628281161530051,1.3619380892296267,-0.0901778
-4.834780996038621,1.1619440301879758,1.4946128697173942,-0.0858738
-4.702106215550852,-0.8281776771285401,1.3619380892296267,-0.0894647
-4.702106215550852,0.7639196887246724,-1.4242323010134954,-0.0815249
-4.702106215550852,0.7639196887246724,1.8926372111806975,-0.0826059
-4.702106215550852,2.09066749360235,0.5658894063030209,-0.0794622
-4.569431435063084,-1.6242263600551463,0.6985641867907884,-0.0778771
-4.569431435063084,1.1619440301879758,1.8926372111806975,-0.0804922
-4.436756654575317,-1.093527238104076,1.3619380892296267,-0.090288
-4.436756654575317,0.3658953472613691,2.1579867721562334,-0.0818078
-4.436756654575317,1.9579927131145825,0.9639137477663242,-0.0869944
-4.304081874087549,-0.9608524576163084,1.4946128697173942,-0.0944104
-4.304081874087549,0.631244908236904,2.290661552644001,-0.0775962
-4.304081874087549,1.4272935911635107,-1.4242323010134954,-0.0796548
-4.304081874087549,1.6926431521390466,-1.2915575205257275,-0.0767291
-4.171407093599782,1.2946188106757432,2.1579867721562334,-0.0752538
-4.171407093599782,1.4272935911635107,-1.4242323010134954,-0.0821866
-4.171407093599782,1.6926431521390466,-1.2915575205257275,-0.0794391
-4.038732313112014,-1.7569011405429142,0.6985641867907884,-0.0859568
-4.038732313112014,-0.16480377468970175,-1.4242323010134954,-0.0943132
-4.038732313112014,0.3658953472613691,-1.556907081501263,-0.0927358
-4.038732313112014,0.49857012774913656,2.423336333131769,-0.0773012
-4.038732313112014,0.8965944692124399,-1.556907081501263,-0.0898327
-3.906057532624246,-1.7569011405429142,0.6985641867907884,-0.088928
-3.906057532624246,-0.5628281161530051,1.8926372111806975,-0.0984807
-3.906057532624246,-0.03212899420193338,-1.556907081501263,-0.0942534
-3.906057532624246,1.0292692497002074,-1.556907081501263,-0.0907849
-3.906057532624246,1.9579927131145825,1.3619380892296267,-0.0867945
-3.7733827521364782,-1.6242263600551463,-0.49550883759912123,-0.0887689
-3.7733827521364782,-1.2262020185918439,1.3619380892296267,-0.100832
-3.7733827521364782,-0.29747855517746924,-1.556907081501263,-0.0950589
-3.7733827521364782,-0.29747855517746924,2.1579867721562334,-0.092893
-3.6407079716487103,-1.4915515795673788,-0.6281836180868887,-0.0924412
-3.6407079716487103,-1.2262020185918439,-0.8935331790624241,-0.0948963
-3.6407079716487103,-0.03212899420193338,-1.9549314229645662,-0.0907301
-3.6407079716487103,1.0292692497002074,-1.6895818619890304,-0.0936136
-3.6407079716487103,1.4272935911635107,-1.4242323010134954,-0.0922232
-3.508033191160943,-1.7569011405429142,0.4332146258152534,-0.0969742
-3.508033191160943,0.8965944692124399,-1.9549314229645662,-0.0925515
-3.3753584106731753,-0.9608524576163084,-1.15888274003796,-0.10025
-3.3753584106731753,-0.9608524576163084,1.4946128697173942,-0.109562
-3.3753584106731753,-0.8281776771285401,-1.4242323010134954,-0.0990082
-3.3753584106731753,-0.8281776771285401,1.6272876502051625,-0.108848
-3.3753584106731753,-0.6955028966407726,1.75996243069293,-0.106997
-3.3753584106731753,-0.29747855517746924,2.1579867721562334,-0.0965867
-3.3753584106731753,1.559968371651279,-1.4242323010134954,-0.0952138
-3.242683630185408,-1.3588767990796113,-0.6281836180868887,-0.10163
-3.242683630185408,-0.6955028966407726,-1.9549314229645662,-0.0931142
-3.242683630185408,0.2332205667736016,-2.4856305449156366,-0.0850531
-3.242683630185408,1.0292692497002074,2.423336333131769,-0.0764399
-3.11000884969764,-1.6242263600551463,-0.23015927662358582,-0.104927
-3.11000884969764,0.3658953472613691,2.423336333131769,-0.0852954
-3.11000884969764,1.559968371651279,2.025311991668466,-0.0799829
-3.11000884969764,2.2233422740901183,-0.6281836180868887,-0.0929024
-2.9773340692098724,-1.4915515795673788,-0.49550883759912123,-0.107425
-2.9773340692098724,-1.093527238104076,1.2292633087418592,-0.116862
-2.9773340692098724,-0.6955028966407726,-2.2202809839401016,-0.0910013
-2.9773340692098724,-0.5628281161530051,-2.352955764427869,-0.0886403
-2.9773340692098724,-0.4301533356652367,1.8926372111806975,-0.1079
-2.9773340692098724,-0.29747855517746924,2.025311991668466,-0.104064
-2.9773340692098724,0.49857012774913656,-2.618305325403405,-0.0855594
-2.844659288722104,-2.02225070151845,0.4332146258152534,-0.110718
-2.844659288722104,-1.8895759210306822,0.6985641867907884,-0.113757
-2.844659288722104,-1.3588767990796113,1.0965885282540917,-0.119593
-2.844659288722104,0.8965944692124399,2.290661552644001,-0.0837006
-2.844659288722104,2.09066749360235,-1.2915575205257275,-0.0959722
-2.7119845082343366,-2.1549254820062176,0.5658894063030209,-0.11309
-2.7119845082343366,-1.4915515795673788,-0.7608583985746562,-0.111762
-2.7119845082343366,-0.9608524576163084,1.3619380892296267,-0.121967
-2.7119845082343366,-0.4301533356652367,1.75996243069293,-0.114024
-2.7119845082343366,1.6926431521390466,1.3619380892296267,-0.0931864
-2.7119845082343366,2.09066749360235,0.5658894063030209,-0.0956013
-2.7119845082343366,2.4886918350656524,-0.23015927662358582,-0.0893308
-2.579309727746569,-2.1549254820062176,0.8312389672785567,-0.118235
-2.4466349472588007,-2.420275042981753,-0.09748449613581833,-0.112365
-2.4466349472588007,-1.8895759210306822,-0.7608583985746562,-0.114436
-2.4466349472588007,-1.093527238104076,1.4946128697173942,-0.129212
-2.4466349472588007,-0.16480377468970175,1.8926372111806975,-0.11338
-2.4466349472588007,-0.03212899420193338,-2.7509801058911725,-0.0876766
-2.4466349472588007,2.2233422740901183,-1.4242323010134954,-0.0953819
-2.4466349472588007,2.62136661555342,-0.23015927662358582,-0.0869952
-2.3139601667710332,-2.5529498234695205,0.16786506483971753,-0.116458
-2.3139601667710332,-2.5529498234695205,0.300539845327485,-0.117631
-2.3139601667710332,-2.2876002624939855,0.9639137477663242,-0.125872
-2.3139601667710332,-2.1549254820062176,1.0965885282540917,-0.12793
-2.3139601667710332,-0.6955028966407726,1.75996243069293,-0.125937
-2.3139601667710332,0.8965944692124399,1.75996243069293,-0.0994542
-2.1812853862832657,-1.8895759210306822,1.3619380892296267,-0.136422
-2.1812853862832657,-0.9608524576163084,1.75996243069293,-0.132671
-2.1812853862832657,0.1005457862858341,-2.7509801058911725,-0.0911082
-2.1812853862832657,1.0292692497002074,1.4946128697173942,-0.103204
-2.1812853862832657,1.1619440301879758,1.3619380892296267,-0.103047
-2.1812853862832657,1.2946188106757432,1.2292633087418592,-0.102875
-2.0486106057954974,-0.6955028966407726,-2.352955764427869,-0.100837
-2.0486106057954974,-0.29747855517746924,-2.618305325403405,-0.0953782
-2.0486106057954974,1.825317932626815,-1.8222566424767983,-0.103532
-1.9159358253077299,-2.6856246039572884,0.03519028435195004,-0.126822
-1.9159358253077299,-2.6856246039572884,0.4332146258152534,-0.132294
-1.9159358253077299,-0.9608524576163084,-1.9549314229645662,-0.110845
-1.9159358253077299,-0.8281776771285401,2.025311991668466,-0.13215
-1.7832610448199624,0.1005457862858341,-2.618305325403405,-0.0993553
-1.7832610448199624,1.1619440301879758,1.2292633087418592,-0.109232
-1.7832610448199624,1.559968371651279,-1.9549314229645662,-0.107573
-1.7832610448199624,1.559968371651279,0.9639137477663242,-0.105836
-1.650586264332195,-2.6856246039572884,-0.09748449613581833,-0.135175
-1.650586264332195,-2.6856246039572884,0.5658894063030209,-0.147725
-1.650586264332195,-2.420275042981753,-0.6281836180868887,-0.129291
-1.650586264332195,-2.2876002624939855,1.2292633087418592,-0.160042
-1.650586264332195,-0.9608524576163084,-1.9549314229645662,-0.115801
-1.650586264332195,-0.6955028966407726,-2.2202809839401016,-0.110911
-1.650586264332195,0.1005457862858341,2.290661552644001,-0.112421
-1.650586264332195,0.8965944692124399,-2.352955764427869,-0.106035
-1.5179114838444274,-1.4915515795673788,1.75996243069293,-0.162394
-1.5179114838444274,-0.6955028966407726,-2.2202809839401016,-0.113563
-1.38523670335666,-2.2876002624939855,-0.7608583985746562,-0.135801
-1.38523670335666,-0.29747855517746924,-2.352955764427869,-0.113152
-1.38523670335666,0.7639196887246724,-2.2202809839401016,-0.111867
-1.38523670335666,1.0292692497002074,-2.0876062034523337,-0.112652
-1.38523670335666,1.0292692497002074,1.6272876502051625,-0.11011
-1.38523670335666,1.2946188106757432,-1.9549314229645662,-0.112065
-1.38523670335666,1.6926431521390466,0.8312389672785567,-0.106865
-1.38523670335666,2.356017054577885,0.300539845327485,-0.0951175
-1.2525619228688916,-2.1549254820062176,-0.8935331790624241,-0.137741
-1.2525619228688916,-1.7569011405429142,-1.556907081501263,-0.128053
-1.2525619228688916,-0.29747855517746924,-2.352955764427869,-0.11574
-1.2525619228688916,-0.29747855517746924,2.423336333131769,-0.122788
-1.2525619228688916,1.6926431521390466,0.8312389672785567,-0.107469
-1.2525619228688916,2.4886918350656524,-0.09748449613581833,-0.0934036
-1.119887142381124,-2.420275042981753,-0.49550883759912123,-0.148477
-1.119887142381124,-2.2876002624939855,1.4946128697173942,-0.207082
-1.119887142381124,-0.8281776771285401,2.290661552644001,-0.144532
-1.119887142381124,-0.03212899420193338,2.423336333131769,-0.118236
-1.119887142381124,1.4272935911635107,1.2292633087418592,-0.108902
-1.119887142381124,2.356017054577885,0.03519028435195004,-0.0975218
-0.9872123618933566,-2.6856246039572884,1.4946128697173942,-0.216055
-0.9872123618933566,-2.1549254820062176,-0.8935331790624241,-0.143301
-0.9872123618933566,-1.3588767990796113,-2.4856305449156366,-0.113783
-0.9872123618933566,0.49857012774913656,-2.0876062034523337,-0.120787
-0.9872123618933566,1.9579927131145825,-1.8222566424767983,-0.102786
-0.9872123618933566,1.9579927131145825,1.2292633087418592,-0.0994259
-0.9872123618933566,2.356017054577885,-1.026207959550192,-0.0997122
-0.9872123618933566,2.356017054577885,-0.23015927662358582,-0.0992506
-0.8545375814055882,-2.420275042981753,1.8926372111806975,-0.219315
-0.8545375814055882,-0.16480377468970175,-2.4856305449156366,-0.119099
-0.8545375814055882,0.631244908236904,-2.0876062034523337,-0.121163
-0.8545375814055882,2.2233422740901183,-1.6895818619890304,-0.0998573
-0.8545375814055882,2.2233422740901183,0.5658894063030209,-0.10359
-0.8545375814055882,2.356017054577885,-0.6281836180868887,-0.101883
-0.7218628009178207,-3.0836489454205918,1.6272876502051625,-0.220783
-0.7218628009178207,-2.1549254820062176,-1.4242323010134954,-0.138634
-0.7218628009178207,-1.3588767990796113,2.025311991668466,-0.196636
-0.7218628009178207,-0.6955028966407726,2.290661552644001,-0.150625
-0.7218628009178207,-0.29747855517746924,-2.618305325403405,-0.117684
-0.7218628009178207,0.7639196887246724,2.025311991668466,-0.114042
-0.7218628009178207,0.8965944692124399,-2.2202809839401016,-0.117243
-0.7218628009178207,1.1619440301879758,1.8926372111806975,-0.10896
-0.7218628009178207,2.356017054577885,-1.6895818619890304,-0.0986611
-0.7218628009178207,2.356017054577885,-0.6281836180868887,-0.104341
-0.5891880204300532,-2.5529498234695205,-0.36283405711135375,-0.174311
-0.5891880204300532,-2.5529498234695205,2.1579867721562334,-0.222538
-0.5891880204300532,-0.5628281161530051,2.290661552644001,-0.148596
-0.5891880204300532,1.0292692497002074,-2.352955764427869,-0.114574
-0.5891880204300532,1.2946188106757432,2.025311991668466,-0.106626
-0.5891880204300532,2.356017054577885,1.75996243069293,-0.0930662
-0.5891880204300532,2.4886918350656524,-0.8935331790624241,-0.103196
-0.5891880204300532,2.62136661555342,0.8312389672785567,-0.0995425
-0.4565132399422849,-1.7569011405429142,2.290661552644001,-0.217951
-0.4565132399422849,-1.3588767990796113,2.1579867721562334,-0.207655
-0.4565132399422849,0.7639196887246724,-2.352955764427869,-0.119853
-0.4565132399422849,0.8965944692124399,2.025311991668466,-0.115965
-0.4565132399422849,1.4272935911635107,-2.4856305449156366,-0.10771
-0.4565132399422849,2.4886918350656524,-1.8222566424767983,-0.0976072
-0.3238384594545174,-2.6856246039572884,-0.49550883759912123,-0.17517
-0.3238384594545174,-2.5529498234695205,-0.6281836180868887,-0.165855
-0.3238384594545174,-2.2876002624939855,-1.4242323010134954,-0.145454
-0.3238384594545174,-2.1549254820062176,2.423336333131769,-0.222383
-0.3238384594545174,-2.02225070151845,2.423336333131769,-0.221287
-0.3238384594545174,-1.4915515795673788,2.290661552644001,-0.214637
-0.3238384594545174,-0.5628281161530051,2.1579867721562334,-0.159898
-0.3238384594545174,0.1005457862858341,2.1579867721562334,-0.131847
-0.3238384594545174,0.631244908236904,2.025311991668466,-0.122648
-0.3238384594545174,2.4886918350656524,-1.9549314229645662,-0.0977137
-0.3238384594545174,2.4886918350656524,0.03519028435195004,-0.10871
-0.3238384594545174,2.62136661555342,-0.8935331790624241,-0.103867
-0.3238384594545174,2.7540413960411882,1.4946128697173942,-0.094937
-0.19116367896674902,-3.74702284785943,0.9639137477663242,-0.221461
-0.19116367896674902,-2.2876002624939855,-1.556907081501263,-0.145621
-0.19116367896674902,2.8867161765289557,0.6985641867907884,-0.102396
-0.05848889847898153,-2.950974164932824,-0.49550883759912123,-0.183518
-0.05848889847898153,-2.2876002624939855,2.5560111136195367,-0.223329
-0.05848889847898153,-2.02225070151845,2.5560111136195367,-0.222236
-0.05848889847898153,-1.4915515795673788,2.423336333131769,-0.217271
-0.05848889847898153,-1.2262020185918439,2.290661552644001,-0.211265
-0.05848889847898153,0.631244908236904,2.025311991668466,-0.127961
-0.05848889847898153,2.7540413960411882,-1.026207959550192,-0.103353
0.07418588200878595,-0.5628281161530051,1.8926372111806975,-0.17856
0.07418588200878595,3.019390957016724,0.16786506483971753,-0.103349
0.20686066249655433,-3.6143480673716626,1.8926372111806975,-0.227026
0.20686066249655433,0.1005457862858341,1.75996243069293,-0.147181
0.20686066249655433,2.09066749360235,-2.4856305449156366,-0.104696
0.20686066249655433,2.2233422740901183,2.290661552644001,-0.100549
0.20686066249655433,2.8867161765289557,-0.8935331790624241,-0.103121
0.20686066249655433,3.284740517992259,-0.6281836180868887,-0.0943498
0.20686066249655433,3.6827648594555624,-0.36283405711135375,-0.0876683
0.3395354429843209,-3.0836489454205918,2.423336333131769,-0.226915
0.3395354429843209,-2.8182993844450563,-0.8935331790624241,-0.16869
0.3395354429843209,0.3658953472613691,-2.4856305449156366,-0.12913
0.3395354429843209,0.49857012774913656,2.025311991668466,-0.137472
0.3395354429843209,2.62136661555342,2.025311991668466,-0.0996563
0.4722102234720884,-3.879697628347198,1.4946128697173942,-0.228944
0.4722102234720884,-3.2163237259083592,-0.49550883759912123,-0.194449
0.4722102234720884,-2.420275042981753,-1.4242323010134954,-0.164833
0.4722102234720884,-0.5628281161530051,1.75996243069293,-0.187383
0.4722102234720884,-0.4301533356652367,1.6272876502051625,-0.176996
0.4722102234720884,0.1005457862858341,-2.4856305449156366,-0.132195
0.4722102234720884,1.4272935911635107,2.423336333131769,-0.115909
0.4722102234720884,1.6926431521390466,-2.618305325403405,-0.112957
0.6048850039598559,-3.481673286883895,2.1579867721562334,-0.229815
0.6048850039598559,-2.950974164932824,-0.8935331790624241,-0.178577
0.6048850039598559,-2.420275042981753,2.688685894107305,-0.22575
0.6048850039598559,-2.02225070151845,-1.9549314229645662,-0.165021
0.6048850039598559,-1.2262020185918439,2.423336333131769,-0.215183
0.6048850039598559,-1.093527238104076,-2.618305325403405,-0.139752
0.6048850039598559,-0.5628281161530051,1.75996243069293,-0.187641
0.6048850039598559,-0.4301533356652367,1.6272876502051625,-0.177159
0.6048850039598559,0.2332205667736016,-2.4856305449156366,-0.132447
0.6048850039598559,1.4272935911635107,2.423336333131769,-0.117422
0.6048850039598559,1.559968371651279,-2.618305325403405,-0.116709
0.6048850039598559,1.6926431521390466,2.423336333131769,-0.112541
0.6048850039598559,2.2233422740901183,2.290661552644001,-0.105245
0.6048850039598559,2.356017054577885,-2.2202809839401016,-0.108076
0.6048850039598559,3.6827648594555624,-1.15888274003796,-0.0843994
0.6048850039598559,3.6827648594555624,0.9639137477663242,-0.0987629
0.6048850039598559,3.815439639943331,0.8312389672785567,-0.097144
0.6048850039598559,3.9481144204310974,0.6985641867907884,-0.0948764
0.6048850039598559,4.346138761894401,-0.23015927662358582,-0.07911
0.7375597844476243,-3.3489985063961267,2.290661552644001,-0.229945
0.7375597844476243,-1.2262020185918439,-2.4856305449156366,-0.149283
0.7375597844476243,-0.5628281161530051,1.75996243069293,-0.186917
0.7375597844476243,-0.4301533356652367,-2.4856305449156366,-0.140618
0.7375597844476243,-0.29747855517746924,1.6272876502051625,-0.167711
0.7375597844476243,0.2332205667736016,2.025311991668466,-0.145152
0.7375597844476243,0.7639196887246724,2.290661552644001,-0.131861
0.7375597844476243,1.0292692497002074,-2.618305325403405,-0.125216
0.7375597844476243,1.559968371651279,2.423336333131769,-0.116215
0.7375597844476243,2.7540413960411882,-1.556907081501263,-0.107381
0.7375597844476243,2.8867161765289557,-1.4242323010134954,-0.104703
0.7375597844476243,3.1520657375044907,1.6272876502051625,-0.100907
0.7375597844476243,4.213463981406634,-0.8935331790624241,-0.076112
0.7375597844476243,4.346138761894401,0.300539845327485,-0.0861069
0.8702345649353918,-3.481673286883895,2.1579867721562334,-0.231824
0.8702345649353918,-2.6856246039572884,-1.4242323010134954,-0.187047
0.8702345649353918,-2.02225070151845,2.688685894107305,-0.224282
0.8702345649353918,-0.6955028966407726,1.8926372111806975,-0.195147
0.8702345649353918,-0.03212899420193338,1.8926372111806975,-0.153251
0.8702345649353918,2.2233422740901183,-2.2202809839401016,-0.113439
0.8702345649353918,3.1520657375044907,1.75996243069293,-0.0998388
0.8702345649353918,4.478813542382169,0.16786506483971753,-0.0834366
1.0029093454231601,-1.7569011405429142,-2.0876062034523337,-0.184685
1.0029093454231601,0.1005457862858341,-2.4856305449156366,-0.137284
1.0029093454231601,0.2332205667736016,2.1579867721562334,-0.141382
1.1355841259109267,-3.879697628347198,1.3619380892296267,-0.235742
1.1355841259109267,-3.2163237259083592,-0.7608583985746562,-0.206231
1.1355841259109267,-0.6955028966407726,-2.2202809839401016,-0.163651
1.1355841259109267,0.7639196887246724,-2.618305325403405,-0.128559
1.1355841259109267,1.825317932626815,-2.352955764427869,-0.121083
1.1355841259109267,1.9579927131145825,2.290661552644001,-0.111928
1.1355841259109267,3.9481144204310974,1.4946128697173942,-0.0932355
1.1355841259109267,4.346138761894401,-1.026207959550192,-0.075828
1.268258906398695,-3.74702284785943,1.6272876502051625,-0.237155
1.268258906398695,-3.481673286883895,-0.09748449613581833,-0.228022
1.268258906398695,-0.8281776771285401,1.8926372111806975,-0.197372
1.268258906398695,0.8965944692124399,-2.618305325403405,-0.127049
1.268258906398695,0.8965944692124399,2.423336333131769,-0.125139
1.268258906398695,1.0292692497002074,2.423336333131769,-0.123702
1.268258906398695,2.4886918350656524,2.1579867721562334,-0.104193
1.268258906398695,2.62136661555342,-1.556907081501263,-0.112569
1.268258906398695,2.8867161765289557,2.1579867721562334,-0.0974855
1.268258906398695,3.019390957016724,2.1579867721562334,-0.095278
1.268258906398695,4.080789200918866,1.4946128697173942,-0.0912136
1.4009336868864635,-3.74702284785943,1.4946128697173942,-0.238656
1.4009336868864635,-3.3489985063961267,-0.49550883759912123,-0.221814
1.4009336868864635,-2.2876002624939855,2.5560111136195367,-0.228731
1.4009336868864635,-2.1549254820062176,2.5560111136195367,-0.22753
1.4009336868864635,-1.3588767990796113,2.290661552644001,-0.217305
1.4009336868864635,0.49857012774913656,-2.618305325403405,-0.129877
1.4009336868864635,0.8965944692124399,-2.618305325403405,-0.126161
1.4009336868864635,1.1619440301879758,2.423336333131769,-0.121065
1.4009336868864635,3.019390957016724,-1.556907081501263,-0.103767
1.4009336868864635,3.4174152984800275,-1.556907081501263,-0.0941624
1.4009336868864635,4.478813542382169,0.6985641867907884,-0.0921245
1.53360846737423,-3.74702284785943,0.8312389672785567,-0.241745
1.53360846737423,-3.3489985063961267,2.025311991668466,-0.237517
1.53360846737423,-2.6856246039572884,2.423336333131769,-0.233096
1.53360846737423,-1.4915515795673788,2.290661552644001,-0.21986
1.53360846737423,-0.6955028966407726,1.6272876502051625,-0.180481
1.53360846737423,-0.4301533356652367,-2.2202809839401016,-0.164785
1.53360846737423,-0.29747855517746924,1.8926372111806975,-0.153305
1.53360846737423,-0.16480377468970175,2.025311991668466,-0.146135
1.53360846737423,0.49857012774913656,-2.618305325403405,-0.12903
1.53360846737423,3.4174152984800275,2.290661552644001,-0.0848693
1.6662832478619984,-3.2163237259083592,-1.2915575205257275,-0.219258
1.6662832478619984,-2.950974164932824,-1.6895818619890304,-0.216031
1.6662832478619984,-2.8182993844450563,-1.8222566424767983,-0.215291
1.6662832478619984,-0.16480377468970175,2.025311991668466,-0.143563
1.6662832478619984,0.631244908236904,-2.618305325403405,-0.126291
1.6662832478619984,1.825317932626815,-2.0876062034523337,-0.12285
1.6662832478619984,3.4174152984800275,-1.556907081501263,-0.0961831
1.7989580283497668,-3.481673286883895,1.4946128697173942,-0.243646
1.7989580283497668,-3.0836489454205918,2.025311991668466,-0.239237
1.7989580283497668,0.2332205667736016,2.290661552644001,-0.127707
1.7989580283497668,0.8965944692124399,2.423336333131769,-0.118552
1.7989580283497668,3.1520657375044907,-1.556907081501263,-0.10285
1.7989580283497668,4.080789200918866,-1.2915575205257275,-0.0849776
1.9316328088375334,-3.3489985063961267,1.4946128697173942,-0.245102
1.9316328088375334,-2.02225070151845,2.1579867721562334,-0.230361
1.9316328088375334,1.4272935911635107,2.290661552644001,-0.114766
1.9316328088375334,2.356017054577885,2.290661552644001,-0.100629
1.9316328088375334,3.815439639943331,2.290661552644001,-0.0762926
2.064307589325302,-3.2163237259083592,-1.4242323010134954,-0.224163
2.064307589325302,-3.0836489454205918,1.6272876502051625,-0.245341
2.064307589325302,-2.2876002624939855,2.025311991668466,-0.235618
2.064307589325302,-1.093527238104076,1.3619380892296267,-0.19894
2.064307589325302,-0.8281776771285401,1.2292633087418592,-0.183733
2.064307589325302,-0.03212899420193338,-2.352955764427869,-0.145969
2.064307589325302,1.825317932626815,-1.8222566424767983,-0.120571
2.064307589325302,2.09066749360235,-1.556907081501263,-0.118614
2.064307589325302,4.478813542382169,1.2292633087418592,-0.0862079
2.19698236981307,-3.2163237259083592,-1.4242323010134954,-0.225459
2.19698236981307,-2.5529498234695205,1.75996243069293,-0.242423
2.19698236981307,-0.4301533356652367,1.3619380892296267,-0.157794
2.19698236981307,0.1005457862858341,-2.352955764427869,-0.140292
2.19698236981307,0.631244908236904,2.290661552644001,-0.117057
2.19698236981307,2.62136661555342,2.423336333131769,-0.0914925
2.19698236981307,4.478813542382169,-0.49550883759912123,-0.0876994
2.3296571503008368,-2.420275042981753,1.4946128697173942,-0.245119
2.3296571503008368,-1.093527238104076,-2.2202809839401016,-0.215188
2.3296571503008368,-0.5628281161530051,0.9639137477663242,-0.178926
2.3296571503008368,-0.4301533356652367,1.0965885282540917,-0.165777
2.3296571503008368,4.478813542382169,-0.09748449613581833,-0.0912629
2.3296571503008368,4.478813542382169,1.2292633087418592,-0.0846384
2.462331930788605,-3.0836489454205918,-1.556907081501263,-0.226394
2.462331930788605,-2.2876002624939855,1.2292633087418592,-0.246612
2.462331930788605,-0.8281776771285401,-2.0876062034523337,-0.21171
2.462331930788605,-0.8281776771285401,0.9639137477663242,-0.197902
2.462331930788605,-0.29747855517746924,1.0965885282540917,-0.159381
2.5950067112763735,-3.3489985063961267,-0.09748449613581833,-0.244408
2.5950067112763735,-1.8895759210306822,-2.2202809839401016,-0.22209
2.5950067112763735,-0.29747855517746924,0.5658894063030209,-0.184804
2.5950067112763735,-0.16480377468970175,0.8312389672785567,-0.163611
2.5950067112763735,-0.16480377468970175,0.9639137477663242,-0.158238
2.5950067112763735,0.1005457862858341,0.16786506483971753,-0.173337
2.5950067112763735,1.1619440301879758,-1.9549314229645662,-0.118158
2.5950067112763735,1.4272935911635107,-1.6895818619890304,-0.118119
2.5950067112763735,4.080789200918866,-0.7608583985746562,-0.0945102
2.72768149176414,-0.03212899420193338,-1.6895818619890304,-0.167025
2.72768149176414,0.49857012774913656,-1.9549314229645662,-0.13137
2.72768149176414,0.49857012774913656,-0.49550883759912123,-0.155099
2.72768149176414,1.0292692497002074,-1.8222566424767983,-0.120306
2.72768149176414,1.2946188106757432,-1.556907081501263,-0.119354
2.72768149176414,1.2946188106757432,1.75996243069293,-0.114547
2.72768149176414,1.4272935911635107,-1.4242323010134954,-0.118742
2.72768149176414,3.019390957016724,-1.4242323010134954,-0.101781
2.72768149176414,3.6827648594555624,2.290661552644001,-0.0732072
2.72768149176414,4.213463981406634,-0.23015927662358582,-0.0945731
2.72768149176414,4.346138761894401,0.5658894063030209,-0.0923159
2.8603562722519085,-3.2163237259083592,-1.026207959550192,-0.232942
2.8603562722519085,-1.3588767990796113,0.9639137477663242,-0.224847
2.8603562722519085,-0.16480377468970175,-0.09748449613581833,-0.20163
2.8603562722519085,-0.03212899420193338,-1.2915575205257275,-0.180835
2.8603562722519085,0.3658953472613691,-0.8935331790624241,-0.158601
2.8603562722519085,0.49857012774913656,0.5658894063030209,-0.14357
2.8603562722519085,0.631244908236904,0.4332146258152534,-0.141558
2.8603562722519085,0.7639196887246724,1.6272876502051625,-0.118783
2.8603562722519085,0.8965944692124399,-1.556907081501263,-0.12549
2.8603562722519085,0.8965944692124399,1.6272876502051625,-0.117634
2.8603562722519085,1.2946188106757432,-1.15888274003796,-0.121053
2.8603562722519085,2.09066749360235,1.8926372111806975,-0.10511
2.8603562722519085,3.9481144204310974,2.025311991668466,-0.0737329
2.8603562722519085,4.080789200918866,-0.36283405711135375,-0.0955259
2.8603562722519085,4.213463981406634,0.16786506483971753,-0.0944873
2.8603562722519085,4.213463981406634,1.6272876502051625,-0.0775447
2.993031052739677,-3.0836489454205918,-1.15888274003796,-0.231483
2.993031052739677,-2.1549254820062176,-1.9549314229645662,-0.224755
2.993031052739677,-0.16480377468970175,-0.8935331790624241,-0.202318
2.993031052739677,-0.16480377468970175,-0.49550883759912123,-0.205064
2.993031052739677,1.1619440301879758,-0.6281836180868887,-0.124801
2.993031052739677,2.2233422740901183,1.8926372111806975,-0.102436
2.993031052739677,2.62136661555342,2.1579867721562334,-0.0913781
2.993031052739677,4.213463981406634,0.6985641867907884,-0.091477
2.993031052739677,4.213463981406634,1.3619380892296267,-0.0817917
3.1257058332274434,-2.420275042981753,0.6985641867907884,-0.244539
3.1257058332274434,-1.4915515795673788,0.8312389672785567,-0.229803
3.1257058332274434,-1.093527238104076,-1.8222566424767983,-0.221113
3.1257058332274434,-1.093527238104076,0.6985641867907884,-0.221832
3.1257058332274434,-0.5628281161530051,-1.4242323010134954,-0.214684
3.1257058332274434,-0.29747855517746924,-0.8935331790624241,-0.20978
3.1257058332274434,1.2946188106757432,-0.7608583985746562,-0.118516
3.1257058332274434,2.2233422740901183,1.75996243069293,-0.103684
3.1257058332274434,3.284740517992259,2.1579867721562334,-0.0796841
3.1257058332274434,3.815439639943331,1.8926372111806975,-0.0767646
3.1257058332274434,3.9481144204310974,-0.23015927662358582,-0.0955845
3.258380613715212,-2.1549254820062176,0.6985641867907884,-0.240138
3.258380613715212,-1.093527238104076,-1.6895818619890304,-0.221579
3.258380613715212,-0.4301533356652367,-0.8935331790624241,-0.214279
3.258380613715212,1.6926431521390466,1.0965885282540917,-0.113943
3.258380613715212,3.019390957016724,2.025311991668466,-0.0857635
3.258380613715212,3.815439639943331,-0.36283405711135375,-0.0949861
3.39105539420298,-2.6856246039572884,-1.15888274003796,-0.230631
3.39105539420298,-2.6856246039572884,0.16786506483971753,-0.241543
3.39105539420298,-2.420275042981753,-1.4242323010134954,-0.228062
3.39105539420298,-1.093527238104076,0.4332146258152534,-0.22371
3.39105539420298,1.2946188106757432,-0.36283405711135375,-0.115609
3.39105539420298,1.2946188106757432,0.16786506483971753,-0.118232
3.39105539420298,3.6827648594555624,-0.49550883759912123,-0.0934122
3.39105539420298,3.815439639943331,0.16786506483971753,-0.0954155
3.523730174690747,-2.6856246039572884,-0.7608583985746562,-0.233821
3.523730174690747,-2.2876002624939855,-1.2915575205257275,-0.228636
3.523730174690747,-2.02225070151845,-1.4242323010134954,-0.226979
3.523730174690747,-2.02225070151845,0.4332146258152534,-0.23619
3.523730174690747,-1.4915515795673788,0.4332146258152534,-0.229622
3.523730174690747,-1.093527238104076,-1.2915575205257275,-0.222712
3.523730174690747,-0.8281776771285401,-0.09748449613581833,-0.22098
3.523730174690747,3.6827648594555624,-0.09748449613581833,-0.0938785
3.523730174690747,3.6827648594555624,0.4332146258152534,-0.0957785
3.6564049551785134,-1.3588767990796113,-1.15888274003796,-0.224545
3.6564049551785134,-1.2262020185918439,0.03519028435195004,-0.226157
3.6564049551785134,-0.9608524576163084,-0.49550883759912123,-0.222529
3.6564049551785134,1.9579927131145825,-1.026207959550192,-0.094193
3.6564049551785134,2.356017054577885,-1.15888274003796,-0.0892663
3.6564049551785134,2.8867161765289557,1.2292633087418592,-0.0991774
3.7890797356662818,-2.02225070151845,-0.6281836180868887,-0.230601
3.7890797356662818,-1.8895759210306822,-0.7608583985746562,-0.229072
3.7890797356662818,1.825317932626815,-0.7608583985746562,-0.095153
3.7890797356662818,2.62136661555342,-1.026207959550192,-0.0857281
3.7890797356662818,3.019390957016724,0.8312389672785567,-0.0987565
3.7890797356662818,3.4174152984800275,-0.09748449613581833,-0.0909987
3.7890797356662818,3.4174152984800275,0.03519028435195004,-0.0921185
3.9217545161540484,2.09066749360235,-0.7608583985746562,-0.0893321
3.9217545161540484,3.019390957016724,-0.6281836180868887,-0.084839
4.054429296641817,2.7540413960411882,0.300539845327485,-0.0924072
4.054429296641817,2.8867161765289557,0.16786506483971753,-0.0905843
