-8.377366283838303,-0.1373426526421806,-0.9075325621080008,0.0297701
-8.377366283838303,0.9731484192283677,-0.9075325621080008,0.0317269
-8.192284438526544,-0.507506343265697,-1.4627780980432759,0.0343118
-8.192284438526544,0.41790288329309355,-0.35228702617272667,0.0197428
-8.192284438526544,2.2687213364106764,-0.16720518086096803,0.0348167
-8.192284438526544,2.4538031817224333,0.017876664450790614,0.0370155
-8.007202593214785,-0.507506343265697,-0.7224507167962431,0.0198068
-8.007202593214785,2.0836394910989178,-0.7224507167962431,0.0307339
-7.8221207479030275,1.8985576457871591,-1.0926144074197595,0.0270898
-7.63703890259127,-0.6925881885774556,-0.5373688714844844,0.0106108
-7.63703890259127,-0.507506343265697,-2.203105479290308,0.0330008
-7.63703890259127,0.6029847286048522,0.388040355074307,0.00399248
-7.451957057279511,-0.8776700338892143,-0.7224507167962431,0.0113996
-7.451957057279511,1.7134758004754005,1.1283677363213398,0.0114701
-7.266875211967752,-0.1373426526421806,0.388040355074307,-0.00453042
-7.266875211967752,1.1582302645401263,-2.573269169913825,0.0103185
-7.081793366655995,0.9731484192283677,1.1283677363213398,-0.00225943
-7.081793366655995,1.5283939551636418,1.3134495816330976,0.00405483
-6.896711521344237,-1.2478337245127307,-1.6478599433550336,0.0251102
-6.896711521344237,-1.2478337245127307,-0.9075325621080008,0.0107573
-6.896711521344237,0.7880665739166091,-2.7583510152255832,0.00643849
-6.896711521344237,3.194130562969466,0.9432858910095812,0.0318662
-6.711629676032478,-1.4329155698244884,-0.9075325621080008,0.0101667
-6.711629676032478,-1.062751879200972,-2.388187324602067,0.0290308
-6.52654783072072,-1.617997415136247,-2.388187324602067,0.0333694
-6.52654783072072,2.2687213364106764,-2.01802363397855,-0.0049359
-6.341465985408962,-0.6925881885774556,0.388040355074307,-0.011335
-6.341465985408962,0.2328210379813349,0.9432858910095812,-0.011668
-6.156384140097204,-1.4329155698244884,-0.16720518086096803,-0.00316489
-6.156384140097204,0.9731484192283677,1.4985314269448562,-0.00954086
-6.156384140097204,1.8985576457871591,1.6836132722566148,0.00202916
-6.156384140097204,2.8239668723459506,-1.6478599433550336,-0.00469856
-5.9713022947854455,0.2328210379813349,-2.9434328605373414,-0.000137084
-5.9713022947854455,2.8239668723459506,1.4985314269448562,0.0204238
-5.9713022947854455,3.009048717657709,-1.4627780980432759,-0.00446314
-5.786220449473687,0.41790288329309355,-2.9434328605373414,-0.00437006
-5.786220449473687,0.6029847286048522,1.3134495816330976,-0.0113307
-5.786220449473687,3.3792124082812247,-0.9075325621080008,0.000820023
-5.786220449473687,3.5642942535929834,0.9432858910095812,0.0295556
-5.601138604161929,-2.35832479638328,-1.8329417886667922,0.0297158
-5.601138604161929,-1.062751879200972,-3.1285147058490996,0.0167838
-5.601138604161929,-0.6925881885774556,-3.1285147058490996,0.00989594
-5.601138604161929,0.41790288329309355,1.1283677363213398,-0.00972374
-5.601138604161929,2.638885027034192,1.8686951175683726,0.0154918
-5.601138604161929,3.194130562969466,1.6836132722566148,0.0263968
-5.601138604161929,3.3792124082812247,-0.9075325621080008,-0.00112193
-5.4160567588501705,-2.35832479638328,-1.8329417886667922,0.0280951
-5.4160567588501705,3.3792124082812247,-0.9075325621080008,-0.00264048
-5.4160567588501705,3.749376098904742,0.017876664450790614,0.0154112
-5.230974913538413,-1.8030792604480048,-0.35228702617272667,0.0047118
-5.230974913538413,0.41790288329309355,-2.9434328605373414,-0.00743107
-5.230974913538413,2.2687213364106764,2.0537769628801312,0.00974685
-5.230974913538413,2.4538031817224333,2.0537769628801312,0.0131167
-5.230974913538413,3.3792124082812247,-0.9075325621080008,-0.00369738
-5.230974913538413,3.5642942535929834,1.6836132722566148,0.0332636
-5.230974913538413,3.9344579442165006,0.388040355074307,0.0229143
-5.045893068226654,-1.8030792604480048,-0.35228702617272667,0.00640236
-5.045893068226654,0.7880665739166091,1.6836132722566148,-0.00774124
-5.045893068226654,1.5283939551636418,-2.01802363397855,-0.00801895
-5.045893068226654,3.9344579442165006,0.20295850976254837,0.0188277
-4.860811222914896,-2.173242951071521,-1.2776962527315172,0.0183486
-4.860811222914896,-1.8030792604480048,-0.35228702617272667,0.00872455
-4.675729377603138,-2.173242951071521,-1.2776962527315172,0.0167032
-4.675729377603138,-1.617997415136247,0.017876664450790614,0.00427014
-4.675729377603138,-0.1373426526421806,-2.9434328605373414,-0.00599841
-4.675729377603138,2.638885027034192,-1.4627780980432759,-0.0114638
-4.49064753229138,-2.35832479638328,-2.7583510152255832,-0.0171846
-4.49064753229138,-1.9881611057597635,-0.5373688714844844,0.0164471
-4.49064753229138,0.41790288329309355,-2.7583510152255832,-0.00923374
-4.49064753229138,3.009048717657709,2.0537769628801312,0.0259714
-4.49064753229138,3.9344579442165006,1.3134495816330976,0.0345149
-4.305565686979621,1.5283939551636418,2.238858808191888,0.0167599
-4.305565686979621,2.8239668723459506,2.0537769628801312,0.0223853
-4.1204838416678635,-1.2478337245127307,0.5731222003860648,-0.000799153
-4.1204838416678635,0.6029847286048522,-2.573269169913825,-0.00834863
-4.1204838416678635,0.7880665739166091,2.0537769628801312,0.011907
-4.1204838416678635,3.194130562969466,1.8686951175683726,0.0265275
-3.935401996356105,-2.7284884870067962,-1.0926144074197595,0.0138643
-3.935401996356105,3.009048717657709,-0.9075325621080008,-0.00535954
-3.7503201510443462,-2.7284884870067962,-0.9075325621080008,0.0195001
-3.7503201510443462,-2.173242951071521,0.20295850976254837,0.00341649
-3.7503201510443462,-1.9881611057597635,0.388040355074307,-0.00123457
-3.7503201510443462,3.5642942535929834,1.1283677363213398,0.0228906
-3.5652383057325885,-2.5434066416950385,-0.16720518086096803,0.0130869
-3.5652383057325885,0.04773919266957627,1.4985314269448562,-0.00249122
-3.5652383057325885,1.343312109851885,-2.01802363397855,-0.00216672
-3.38015646042083,-3.0986521776303126,-3.1285147058490996,0.00724042
-3.38015646042083,-2.913570332318555,-0.9075325621080008,0.0281487
-3.38015646042083,-2.35832479638328,0.5731222003860648,-0.0115789
-3.38015646042083,-2.173242951071521,0.7582040456978234,-0.0174188
-3.38015646042083,-0.8776700338892143,-3.6837602417843742,-0.0352126
-3.38015646042083,-0.32242449795393924,1.1283677363213398,-0.00923017
-3.38015646042083,-0.1373426526421806,1.3134495816330976,-0.0072113
-3.38015646042083,1.8985576457871591,-1.6478599433550336,0.00257164
-3.38015646042083,2.8239668723459506,2.4239406535036467,0.00691001
-3.195074615109072,-2.7284884870067962,0.20295850976254837,0.000289737
-3.195074615109072,-0.8776700338892143,1.1283677363213398,-0.0263786
-3.195074615109072,1.5283939551636418,-1.8329417886667922,0.00687972
-3.195074615109072,1.5283939551636418,3.7195135706859537,0.0306343
-3.195074615109072,2.0836394910989178,3.534431725374197,0.0249523
-3.0099927697973134,-3.6538977135655877,-1.2776962527315172,0.0200044
-2.8249109244855557,-0.1373426526421806,2.0537769628801312,-0.0140803
-2.8249109244855557,0.04773919266957627,2.794104344127164,0.00107811
-2.8249109244855557,0.2328210379813349,-2.388187324602067,0.0066484
-2.8249109244855557,0.41790288329309355,3.349349880062438,0.0159578
-2.8249109244855557,1.7134758004754005,3.7195135706859537,0.0269692
-2.8249109244855557,2.4538031817224333,-1.4627780980432759,0.00685639
-2.8249109244855557,2.638885027034192,3.1642680347506795,0.00967344
-2.8249109244855557,3.194130562969466,-0.16720518086096803,-0.00706615
-2.639829079173797,-3.468815868253829,-0.35228702617272667,0.00968213
-2.639829079173797,-1.8030792604480048,1.4985314269448562,-0.0443299
-2.4547472338620393,-2.913570332318555,0.7582040456978234,-0.0189392
-2.4547472338620393,-1.9881611057597635,1.4985314269448562,-0.0431957
-2.4547472338620393,-0.6925881885774556,1.4985314269448562,-0.0475027
-2.4547472338620393,-0.1373426526421806,2.4239406535036467,-0.0138706
-2.2696653885502807,0.04773919266957627,-2.388187324602067,0.00698951
-2.2696653885502807,2.4538031817224333,-2.203105479290308,0.0193711
-2.2696653885502807,3.3792124082812247,1.6836132722566148,-0.0138005
-2.084583543238522,-0.6925881885774556,-3.313596551160858,-0.0107062
-2.084583543238522,1.5283939551636418,3.7195135706859537,0.0257611
-2.084583543238522,3.3792124082812247,0.20295850976254837,-0.0157751
-2.084583543238522,3.3792124082812247,2.238858808191888,-0.0127989
-1.8995016979267643,-2.5434066416950385,1.3134495816330976,-0.0251792
-1.8995016979267643,2.4538031817224333,-2.388187324602067,0.0229089
-1.8995016979267643,3.3792124082812247,2.4239406535036467,-0.012171
-1.7144198526150056,-3.468815868253829,1.6836132722566148,-0.00583581
-1.7144198526150056,-3.2837340229420713,2.238858808191888,-0.00512749
-1.7144198526150056,-1.617997415136247,-3.498678396472616,0.0185602
-1.7144198526150056,-0.507506343265697,-2.573269169913825,0.00776564
-1.7144198526150056,0.04773919266957627,-1.8329417886667922,0.0148324
-1.5293380073032488,-5.50471616668317,1.8686951175683726,0.00323772
-1.5293380073032488,-3.8389795588773454,0.20295850976254837,-0.02331
-1.5293380073032488,-3.6538977135655877,1.3134495816330976,-0.0094626
-1.5293380073032488,0.41790288329309355,-2.01802363397855,0.0158721
-1.5293380073032488,0.7880665739166091,-2.388187324602067,0.0239096
-1.5293380073032488,3.194130562969466,0.9432858910095812,-0.0109033
-1.3442561619914901,-6.059961702618445,2.4239406535036467,0.0130555
-1.3442561619914901,-5.319634321371412,2.979186189438921,0.0110003
-1.3442561619914901,-4.024061404189104,-0.16720518086096803,-0.0193245
-1.3442561619914901,-3.6538977135655877,-3.498678396472616,0.118826
-1.3442561619914901,-0.32242449795393924,1.3134495816330976,-0.0420105
-1.3442561619914901,-0.1373426526421806,2.4239406535036467,-0.0206966
-1.3442561619914901,1.1582302645401263,-2.573269169913825,0.0284359
-1.1591743166797315,-5.874879857306686,1.3134495816330976,-0.00320681
-1.1591743166797315,-4.949470630747895,0.7582040456978234,-0.00814031
-1.1591743166797315,-4.024061404189104,-0.16720518086096803,-0.0216241
-1.1591743166797315,-2.35832479638328,-3.498678396472616,0.0653182
-1.1591743166797315,-0.32242449795393924,-1.2776962527315172,0.00566414
-1.1591743166797315,-0.1373426526421806,1.3134495816330976,-0.0312861
-1.1591743166797315,-0.1373426526421806,2.4239406535036467,-0.0193632
-1.1591743166797315,3.3792124082812247,1.3134495816330976,-0.0142766
-0.9740924713679728,-5.689798011994927,0.7582040456978234,-0.0050063
-0.9740924713679728,-2.7284884870067962,-3.498678396472616,0.0861903
-0.9740924713679728,-0.507506343265697,1.3134495816330976,-0.0270628
-0.9740924713679728,-0.1373426526421806,2.4239406535036467,-0.0172939
-0.9740924713679728,2.4538031817224333,-2.203105479290308,0.0202996
-0.9740924713679728,2.4538031817224333,4.27475910662123,0.0286634
-0.9740924713679728,3.3792124082812247,2.979186189438921,-0.00302382
-0.9740924713679728,3.5642942535929834,2.238858808191888,-0.0124913
-0.789010626056216,-4.024061404189104,0.388040355074307,-0.0203209
-0.789010626056216,-2.35832479638328,3.1642680347506795,-0.0108878
-0.789010626056216,-0.1373426526421806,2.4239406535036467,-0.0146401
-0.789010626056216,0.04773919266957627,-1.0926144074197595,-0.00779671
-0.789010626056216,3.3792124082812247,2.979186189438921,-0.00186811
-0.6039287807444573,-5.319634321371412,-0.16720518086096803,0.0105505
-0.6039287807444573,-4.209143249500862,0.017876664450790614,-0.012378
-0.6039287807444573,-3.6538977135655877,-2.7583510152255832,0.106766
-0.6039287807444573,-2.5434066416950385,-3.1285147058490996,0.0678679
-0.6039287807444573,-0.6925881885774556,-0.9075325621080008,-0.00851779
-0.6039287807444573,-0.32242449795393924,-0.35228702617272667,-0.0236252
-0.6039287807444573,-0.1373426526421806,-0.5373688714844844,-0.020723
-0.6039287807444573,3.194130562969466,3.349349880062438,0.00616743
-0.4188469354326987,-6.430125393241961,1.3134495816330976,-0.0045365
-0.4188469354326987,-5.134552476059653,-0.35228702617272667,0.0132054
-0.4188469354326987,-3.6538977135655877,-1.2776962527315172,0.010772
-0.4188469354326987,-3.6538977135655877,3.9045954159977123,0.00074345
-0.4188469354326987,-0.6925881885774556,-0.16720518086096803,-0.0216022
-0.4188469354326987,1.5283939551636418,-2.01802363397855,0.0221155
-0.23376509012094004,0.04773919266957627,2.794104344127164,-0.00292076
-0.23376509012094004,1.343312109851885,-1.8329417886667922,0.0186581
-0.04868324480918318,-2.913570332318555,-1.6478599433550336,0.0134206
-0.04868324480918318,-1.617997415136247,2.794104344127164,-0.00199809
-0.04868324480918318,-0.1373426526421806,0.017876664450790614,-0.0136042
-0.04868324480918318,3.194130562969466,2.979186189438921,0.00838366
-0.04868324480918318,3.3792124082812247,2.6090224988154054,0.00282126
0.13639860050257546,-6.059961702618445,0.017876664450790614,0.00696522
0.13639860050257546,-5.134552476059653,-0.5373688714844844,0.0155937
0.13639860050257546,-1.062751879200972,0.017876664450790614,-0.0111557
0.13639860050257546,0.04773919266957627,2.794104344127164,0.00313477
0.13639860050257546,1.5283939551636418,-1.8329417886667922,0.0206075
0.13639860050257546,3.5642942535929834,-0.5373688714844844,-0.00790062
0.3214804458143341,-1.8030792604480048,-0.5373688714844844,-0.0256168
0.3214804458143341,-1.8030792604480048,3.349349880062438,0.00348543
0.3214804458143341,0.9731484192283677,3.7195135706859537,0.0289454
0.3214804458143341,2.2687213364106764,3.9045954159977123,0.0327678
0.3214804458143341,3.009048717657709,2.979186189438921,0.0183432
0.3214804458143341,3.194130562969466,-1.2776962527315172,0.00536694
0.5065622911260927,-6.615207238553719,1.8686951175683726,-0.00588189
0.5065622911260927,-6.615207238553719,2.0537769628801312,-0.00576675
0.5065622911260927,-6.430125393241961,0.9432858910095812,-0.00564246
0.5065622911260927,-4.024061404189104,4.089677261309471,0.00568172
0.5065622911260927,-2.173242951071521,-0.7224507167962431,-0.0220977
0.5065622911260927,1.1582302645401263,3.7195135706859537,0.032652
0.5065622911260927,1.8985576457871591,3.9045954159977123,0.0358091
0.5065622911260927,3.3792124082812247,2.4239406535036467,0.0144508
0.6916441364378514,-3.6538977135655877,4.27475910662123,0.0100485
0.6916441364378514,-1.4329155698244884,3.534431725374197,0.0132831
0.6916441364378514,2.2687213364106764,3.7195135706859537,0.0326145
0.6916441364378514,2.8239668723459506,-1.6478599433550336,0.0186227
0.8767259817496083,-5.689798011994927,-0.16720518086096803,0.00539837
0.8767259817496083,-5.319634321371412,-0.35228702617272667,0.00781463
0.8767259817496083,-4.579306940124379,-0.35228702617272667,0.00355256
0.8767259817496083,-4.579306940124379,3.534431725374197,-0.00260388
0.8767259817496083,3.749376098904742,1.6836132722566148,0.0126686
1.061807827061367,-6.430125393241961,2.6090224988154054,-0.00359371
1.061807827061367,-4.209143249500862,-0.16720518086096803,-0.00303349
1.061807827061367,-0.507506343265697,-0.35228702617272667,-0.00493304
1.061807827061367,-0.1373426526421806,-0.35228702617272667,-0.000657678
1.061807827061367,0.04773919266957627,-0.35228702617272667,0.000768716
1.2468896723731255,-5.874879857306686,3.1642680347506795,-0.00260734
1.2468896723731255,-5.319634321371412,3.349349880062438,-0.00350888
1.2468896723731255,-1.9881611057597635,3.534431725374197,0.0119598
1.2468896723731255,0.41790288329309355,3.349349880062438,0.0295602
1.2468896723731255,3.3792124082812247,0.5731222003860648,0.00530265
1.4319715176848842,-4.024061404189104,-0.16720518086096803,-0.00487207
1.4319715176848842,-1.4329155698244884,-0.5373688714844844,-0.0244058
1.4319715176848842,0.04773919266957627,3.534431725374197,0.0300619
1.4319715176848842,0.6029847286048522,3.534431725374197,0.0332386
1.4319715176848842,0.7880665739166091,3.7195135706859537,0.0353292
1.4319715176848842,1.8985576457871591,-1.6478599433550336,0.0285442
1.4319715176848842,3.009048717657709,-0.16720518086096803,0.00407454
1.617053362996641,-6.430125393241961,2.4239406535036467,0.00416522
1.617053362996641,-5.689798011994927,3.1642680347506795,0.00221555
1.617053362996641,-4.3942250948126205,3.1642680347506795,-0.0015249
1.617053362996641,-4.209143249500862,0.20295850976254837,-0.00858354
1.617053362996641,-2.35832479638328,-0.9075325621080008,-0.0140017
1.617053362996641,-1.8030792604480048,3.534431725374197,0.0159064
1.617053362996641,0.41790288329309355,-0.7224507167962431,0.00422336
1.8021352083083997,-4.949470630747895,3.1642680347506795,0.00171026
1.8021352083083997,-4.209143249500862,0.388040355074307,-0.00990624
1.8021352083083997,-4.209143249500862,2.979186189438921,-0.000794439
1.8021352083083997,-2.7284884870067962,-0.9075325621080008,-0.0106857
1.8021352083083997,-1.2478337245127307,-1.0926144074197595,-0.0406263
1.8021352083083997,0.2328210379813349,3.349349880062438,0.0308526
1.8021352083083997,0.41790288329309355,3.349349880062438,0.0317259
1.8021352083083997,2.638885027034192,-0.7224507167962431,0.00989449
1.8021352083083997,4.1195397895282575,1.4985314269448562,0.0171399
1.9872170536201583,-4.209143249500862,0.5731222003860648,-0.0104805
1.9872170536201583,-0.32242449795393924,-2.203105479290308,-0.000736532
1.9872170536201583,-0.1373426526421806,-2.01802363397855,-0.00351565
1.9872170536201583,0.2328210379813349,-2.573269169913825,0.000519031
1.9872170536201583,0.7880665739166091,-1.8329417886667922,0.00501815
1.9872170536201583,0.9731484192283677,-0.9075325621080008,0.0201148
1.9872170536201583,1.5283939551636418,-1.8329417886667922,0.0159707
1.9872170536201583,1.7134758004754005,-2.388187324602067,0.0158859
1.9872170536201583,2.2687213364106764,-0.9075325621080008,0.0175681
2.172298898931917,-4.3942250948126205,0.9432858910095812,-0.00850106
2.172298898931917,-4.209143249500862,0.7582040456978234,-0.0101313
2.172298898931917,-1.8030792604480048,-1.0926144074197595,-0.0515531
2.172298898931917,1.8985576457871591,-1.6478599433550336,0.0173913
2.172298898931917,2.0836394910989178,-2.01802363397855,0.0168483
2.172298898931917,2.8239668723459506,-0.7224507167962431,-0.0140252
2.172298898931917,3.9344579442165006,2.4239406535036467,0.0214093
2.3573807442436756,-5.874879857306686,1.4985314269448562,0.00727548
2.3573807442436756,-5.134552476059653,1.1283677363213398,-0.0019036
2.3573807442436756,-4.764388785436137,2.6090224988154054,0.00616815
2.3573807442436756,-3.8389795588773454,2.6090224988154054,0.00104205
2.3573807442436756,-0.32242449795393924,3.349349880062438,0.0256552
2.3573807442436756,0.04773919266957627,-3.313596551160858,0.00506832
2.3573807442436756,3.009048717657709,-0.9075325621080008,-0.0273041
2.5424625895554325,-5.319634321371412,1.4985314269448562,0.00514933
2.5424625895554325,-4.3942250948126205,1.6836132722566148,-0.000851542
2.5424625895554325,-3.468815868253829,0.017876664450790614,-0.0215774
2.5424625895554325,-2.913570332318555,-0.35228702617272667,-0.0325506
2.5424625895554325,0.41790288329309355,2.794104344127164,0.0221493
2.5424625895554325,0.9731484192283677,3.349349880062438,0.0277951
2.5424625895554325,1.7134758004754005,3.7195135706859537,0.0286409
2.5424625895554325,2.4538031817224333,-2.01802363397855,0.00948709
2.5424625895554325,3.9344579442165006,0.9432858910095812,-0.0286507
2.727544434867191,-4.024061404189104,2.238858808191888,0.00349129
2.727544434867191,-3.2837340229420713,2.794104344127164,0.00367576
2.727544434867191,-0.32242449795393924,2.794104344127164,0.0204109
2.727544434867191,0.6029847286048522,2.794104344127164,0.0168166
2.9126262801789498,-3.8389795588773454,0.7582040456978234,-0.011251
2.9126262801789498,-2.5434066416950385,-0.35228702617272667,-0.0616248
2.9126262801789498,-2.173242951071521,-1.0926144074197595,-0.0646296
3.0977081254907084,-0.1373426526421806,2.4239406535036467,0.0169915
3.0977081254907084,1.8985576457871591,-3.498678396472616,0.00883524
3.0977081254907084,2.2687213364106764,2.6090224988154054,0.0131147
3.2827899708024653,1.343312109851885,-3.6837602417843742,0.00362176
3.2827899708024653,4.304621634840016,-0.35228702617272667,-0.0665739
3.467871816114224,-2.7284884870067962,0.7582040456978234,-0.0330769
3.467871816114224,-2.173242951071521,-1.0926144074197595,-0.0657725
3.467871816114224,-1.617997415136247,-1.6478599433550336,-0.0406923
3.467871816114224,-1.617997415136247,1.6836132722566148,-0.0170068
3.467871816114224,-0.507506343265697,-3.6837602417843742,0.00790955
3.467871816114224,3.009048717657709,1.8686951175683726,-0.0198799
3.6529536614259825,-3.0986521776303126,1.3134495816330976,-0.00654006
3.6529536614259825,-2.913570332318555,1.8686951175683726,0.00155147
3.6529536614259825,-2.5434066416950385,1.4985314269448562,-0.0122341
3.6529536614259825,0.41790288329309355,-3.8688420870961324,0.00321738
3.6529536614259825,2.4538031817224333,1.8686951175683726,-0.00710162
3.838035506737741,-0.507506343265697,-3.6837602417843742,0.00578882
3.838035506737741,-0.1373426526421806,-3.8688420870961324,0.00478642
3.838035506737741,1.7134758004754005,2.0537769628801312,0.000578191
3.838035506737741,2.2687213364106764,-3.1285147058490996,0.00186252
4.0231173520495,-0.507506343265697,1.6836132722566148,-0.00567751
4.0231173520495,3.3792124082812247,-1.4627780980432759,-0.0617203
4.208199197361257,-2.173242951071521,0.388040355074307,-0.0600057
4.208199197361257,-1.4329155698244884,-1.6478599433550336,-0.020038
4.208199197361257,-1.4329155698244884,1.3134495816330976,-0.0343819
4.208199197361257,2.4538031817224333,-2.388187324602067,-0.0105451
4.208199197361257,2.4538031817224333,-2.01802363397855,-0.0188457
4.208199197361257,3.5642942535929834,1.4985314269448562,-0.055488
4.208199197361257,4.1195397895282575,-0.7224507167962431,-0.0708849
4.393281042673015,-1.4329155698244884,-2.203105479290308,-0.00430632
4.393281042673015,1.1582302645401263,-4.239005777719649,0.0020576
4.393281042673015,3.749376098904742,-1.0926144074197595,-0.0700126
4.578362887984774,-1.8030792604480048,-1.4627780980432759,-0.0172017
4.578362887984774,1.7134758004754005,-3.8688420870961324,-0.00136809
4.578362887984774,2.2687213364106764,1.4985314269448562,-0.0181604
4.578362887984774,2.638885027034192,-1.4627780980432759,-0.0452451
4.578362887984774,3.749376098904742,1.1283677363213398,-0.0621467
4.763444733296533,0.2328210379813349,-4.794251313654923,0.0158424
4.9485265786082895,-1.617997415136247,-2.7583510152255832,0.00376518
4.9485265786082895,0.7880665739166091,1.3134495816330976,0.0103319
4.9485265786082895,1.5283939551636418,1.1283677363213398,0.00820897
4.9485265786082895,1.7134758004754005,-4.053923932407891,-0.00232807
4.9485265786082895,2.2687213364106764,-1.4627780980432759,-0.0219823
4.9485265786082895,2.2687213364106764,-1.2776962527315172,-0.0272349
5.133608423920048,-1.2478337245127307,-3.1285147058490996,0.00234207
5.133608423920048,0.41790288329309355,1.4985314269448562,0.00496453
5.133608423920048,2.2687213364106764,-1.0926144074197595,-0.0279164
5.133608423920048,3.5642942535929834,-0.35228702617272667,-0.0689205
5.318690269231807,-2.35832479638328,-2.203105479290308,0.00900357
5.318690269231807,-0.507506343265697,-4.609169468343166,0.018005
5.318690269231807,2.2687213364106764,0.7582040456978234,-0.0231408
5.318690269231807,2.8239668723459506,-2.7583510152255832,0.0020281
5.318690269231807,3.194130562969466,0.388040355074307,-0.0585274
5.503772114543565,0.6029847286048522,1.4985314269448562,0.00132379
5.503772114543565,2.638885027034192,-0.16720518086096803,-0.0395335
5.688853959855324,-2.35832479638328,-2.388187324602067,0.010478
5.688853959855324,-1.617997415136247,0.7582040456978234,0.00294745
5.688853959855324,-1.062751879200972,-3.498678396472616,0.00247605
5.688853959855324,0.6029847286048522,1.4985314269448562,0.000221207
5.688853959855324,2.2687213364106764,-0.9075325621080008,-0.0147656
5.873935805167081,-2.35832479638328,-2.388187324602067,0.0100707
5.873935805167081,-1.4329155698244884,1.1283677363213398,0.0111911
5.873935805167081,0.04773919266957627,1.6836132722566148,0.00638215
5.873935805167081,2.4538031817224333,-0.35228702617272667,-0.0134689
6.05901765047884,-0.32242449795393924,1.6836132722566148,0.011138
6.244099495790596,2.638885027034192,-2.388187324602067,0.00730545
6.429181341102357,-0.32242449795393924,1.4985314269448562,0.00985471
6.429181341102357,1.1582302645401263,1.1283677363213398,-0.000564141
6.614263186414114,-1.9881611057597635,-1.0926144074197595,-0.000950908
6.614263186414114,-0.32242449795393924,-3.498678396472616,4.32e-05
6.614263186414114,2.0836394910989178,0.388040355074307,0.00744906
6.799345031725871,-1.062751879200972,0.20295850976254837,0.00208119
6.799345031725871,-0.32242449795393924,-3.313596551160858,-0.000462444
6.984426877037631,1.343312109851885,-2.388187324602067,0.00146874
6.984426877037631,1.343312109851885,-2.01802363397855,0.00196263
7.169508722349388,0.04773919266957627,-3.1285147058490996,0.00123751
7.169508722349388,0.6029847286048522,-2.9434328605373414,0.00127938
7.169508722349388,0.6029847286048522,0.20295850976254837,0.000487737
7.354590567661145,-0.6925881885774556,-2.9434328605373414,0.0023121
7.539672412972905,-1.062751879200972,-2.573269169913825,0.00304889
7.539672412972905,-1.062751879200972,-0.9075325621080008,0.00131108
7.539672412972905,0.04773919266957627,-2.9434328605373414,0.00602375
7.724754258284662,-0.8776700338892143,-2.573269169913825,0.00665655
7.909836103596422,0.2328210379813349,-0.9075325621080008,0.00964891
