-3.3888270289788274,-0.38918390702144334,0.4976350716220699,-0.0469004
-3.3888270289788274,0.10501733369596833,0.39879482347858763,-0.0361516
-3.2899867808353447,-0.883385147738855,-0.19424666538230628,-0.0529045
-3.2899867808353447,-0.883385147738855,0.20111432719162314,-0.0509441
-3.2899867808353447,-0.6857046514518901,-0.5896076579562353,-0.0552805
-3.2899867808353447,-0.6857046514518901,0.5964753197655517,-0.0489643
-3.2899867808353447,-0.38918390702144334,-0.7872881542432002,-0.0552659
-3.2899867808353447,-0.2903436588779611,0.7941558160525162,-0.0446952
-3.2899867808353447,-0.09266316259099616,0.7941558160525162,-0.0408728
-3.2899867808353447,0.4015380781264146,0.39879482347858763,-0.0249612
-3.2899867808353447,0.5003783262698973,-0.19424666538230628,-0.0259796
-3.2899867808353447,0.5003783262698973,0.0034338309046582083,-0.0231296
-3.1911465326918624,-0.883385147738855,-0.5896076579562353,-0.054985
-3.1911465326918624,0.5992185744133791,-0.490767409812753,-0.0270027
-3.09230628454838,-1.1799058921693018,0.20111432719162314,-0.0472886
-3.09230628454838,-1.0810656440258195,-0.490767409812753,-0.0524391
-3.09230628454838,0.20385758183945057,-1.083808898673647,-0.0492646
-3.09230628454838,0.5992185744133791,-0.7872881542432002,-0.0330311
-3.09230628454838,0.6980588225568618,0.4976350716220699,-0.00854847
-3.09230628454838,0.7968990707003445,-0.29308691352578853,-0.0121291
-2.9934660364048975,-1.278746140312784,0.20111432719162314,-0.0447132
-2.9934660364048975,0.7968990707003445,-0.688447906099718,-0.0219733
-2.9934660364048975,0.8957393188438272,0.2999545753351054,0.00492842
-2.8946257882614157,-1.278746140312784,-0.490767409812753,-0.0478365
-2.8946257882614157,-1.0810656440258195,0.8929960641959989,-0.0426237
-2.8946257882614157,-0.883385147738855,1.0906765604829642,-0.0436478
-2.795785540117933,-1.1799058921693018,0.8929960641959989,-0.0391247
-2.795785540117933,-0.883385147738855,1.189516808626446,-0.0415821
-2.795785540117933,-0.6857046514518901,-1.2814893949606119,-0.0580139
-2.795785540117933,0.8957393188438272,-0.8861284023866824,-0.0214066
-2.6969452919744508,-1.3775863884562662,-0.5896076579562353,-0.0436767
-2.6969452919744508,-1.278746140312784,-0.7872881542432002,-0.0475179
-2.6969452919744508,-1.1799058921693018,0.9918363123394816,-0.0364597
-2.6969452919744508,-0.9822253958823373,1.189516808626446,-0.0388007
-2.6969452919744508,-0.2903436588779611,-1.4791698912475764,-0.0577685
-2.6969452919744508,-0.2903436588779611,1.4860375530568932,-0.0390456
-2.6969452919744508,-0.09266316259099616,1.4860375530568932,-0.0369186
-2.6969452919744508,0.10501733369596833,-1.4791698912475764,-0.0536605
-2.6969452919744508,0.5992185744133791,-1.2814893949606119,-0.0407337
-2.6969452919744508,1.0934198151307917,-0.688447906099718,-0.00323776
-2.6969452919744508,1.0934198151307917,0.6953155679090344,0.0214668
-2.6969452919744508,1.1922600632742735,0.4976350716220699,0.029892
-2.5981050438309685,-0.7845448995953723,1.3871973049134105,-0.0379801
-2.5981050438309685,0.6980588225568618,-1.2814893949606119,-0.0370626
-2.4992647956874863,-1.476426636599749,-0.5896076579562353,-0.0370431
-2.4992647956874863,-1.1799058921693018,-1.083808898673647,-0.0490263
-2.4992647956874863,-1.0810656440258195,-1.1826491468171292,-0.0515002
-2.4992647956874863,-0.6857046514518901,1.4860375530568932,-0.0361748
-2.4992647956874863,-0.2903436588779611,-1.5780101393910586,-0.0568807
-2.4992647956874863,0.0061770855524860835,1.584877801200375,-0.0326949
-2.4992647956874863,0.10501733369596833,-1.5780101393910586,-0.0532624
-2.400424547544004,-1.5752668847432312,0.4976350716220699,-0.0173989
-2.400424547544004,-1.476426636599749,-0.688447906099718,-0.0358935
-2.400424547544004,-1.1799058921693018,1.189516808626446,-0.0264044
-2.400424547544004,0.3026978299829328,-1.5780101393910586,-0.0491288
-2.400424547544004,0.5003783262698973,1.4860375530568932,-0.0176397
-2.400424547544004,1.389940559561238,0.6953155679090344,0.0456103
-2.301584299400522,-1.5752668847432312,0.5964753197655517,-0.0112589
-2.301584299400522,-1.3775863884562662,0.9918363123394816,-0.0165971
-2.301584299400522,0.4015380781264146,-1.5780101393910586,-0.0462881
-2.301584299400522,0.8957393188438272,-1.2814893949606119,-0.0272397
-2.301584299400522,0.8957393188438272,1.2883570567699287,0.00580673
-2.301584299400522,0.994579566987309,-1.1826491468171292,-0.0204483
-2.202744051257039,-1.6741071328867134,-0.29308691352578853,-0.0158857
-2.202744051257039,-1.3775863884562662,-0.9849686505301647,-0.0383975
-2.202744051257039,-0.9822253958823373,-1.3803296431040941,-0.0502942
-2.202744051257039,-0.19150341073447885,-1.6768503875345409,-0.0536595
-2.202744051257039,0.0061770855524860835,-1.6768503875345409,-0.0520795
-2.202744051257039,0.0061770855524860835,1.6837180493438577,-0.0274418
-2.202744051257039,1.4887808077047207,-0.5896076579562353,0.0316485
-2.202744051257039,1.6864613039916851,0.2999545753351054,0.0615882
-2.103903803113557,-0.38918390702144334,1.6837180493438577,-0.027255
-2.103903803113557,-0.2903436588779611,-1.6768503875345409,-0.0530713
-2.103903803113557,0.6980588225568618,-1.4791698912475764,-0.0355462
-2.103903803113557,1.6864613039916851,0.4976350716220699,0.0619032
-2.0050635549700746,-1.7729473810301957,-0.19424666538230628,-0.00118446
-2.0050635549700746,-1.6741071328867134,0.5964753197655517,0.0142578
-2.0050635549700746,-1.1799058921693018,-1.2814893949606119,-0.0431524
-2.0050635549700746,-0.6857046514518901,-1.5780101393910586,-0.0511909
-2.0050635549700746,0.20385758183945057,-1.6768503875345409,-0.0467899
-2.0050635549700746,0.20385758183945057,1.6837180493438577,-0.0198533
-2.0050635549700746,0.8957393188438272,1.3871973049134105,0.00972631
-2.0050635549700746,1.0934198151307917,-1.1826491468171292,-0.012105
-2.0050635549700746,1.1922600632742735,-1.083808898673647,-0.0037891
-2.0050635549700746,1.6864613039916851,-0.3919271616692708,0.0473479
-1.9062233068265924,1.389940559561238,-0.8861284023866824,0.01541
-1.80738305868311,0.20385758183945057,-1.6768503875345409,-0.0431384
-1.80738305868311,0.20385758183945057,1.6837180493438577,-0.0150446
-1.80738305868311,1.4887808077047207,0.9918363123394816,0.0479545
-1.7085428105396279,-1.9706278773171604,0.4976350716220699,0.044132
-1.7085428105396279,-0.38918390702144334,1.6837180493438577,-0.0141962
-1.7085428105396279,1.785301552135167,0.5964753197655517,0.0543086
-1.7085428105396279,1.8841418002786496,0.0034338309046582083,0.0502377
-1.6097025623961452,-2.0694681254606424,-0.3919271616692708,0.00676365
-1.6097025623961452,-0.2903436588779611,1.6837180493438577,-0.011271
-1.6097025623961452,-0.19150341073447885,-1.6768503875345409,-0.0429809
-1.6097025623961452,1.8841418002786496,0.39879482347858763,0.0465331
-1.510862314252663,-2.168308373604125,0.6953155679090344,0.0620396
-1.510862314252663,-2.0694681254606424,0.8929960641959989,0.064952
-1.510862314252663,-0.9822253958823373,-1.5780101393910586,-0.0419949
-1.510862314252663,0.4015380781264146,-1.5780101393910586,-0.0317905
-1.510862314252663,1.785301552135167,0.6953155679090344,0.0404623
-1.510862314252663,1.8841418002786496,-0.29308691352578853,0.0273691
-1.510862314252663,1.8841418002786496,0.4976350716220699,0.037921
-1.4120220661091807,-2.0694681254606424,-0.8861284023866824,-0.0144295
-1.4120220661091807,-1.7729473810301957,1.2883570567699287,0.0642568
-1.4120220661091807,0.3026978299829328,-1.5780101393910586,-0.030325
-1.4120220661091807,1.0934198151307917,1.2883570567699287,0.0267371
-1.4120220661091807,1.9829820484221314,0.2999545753351054,0.022523
-1.3131818179656984,-0.9822253958823373,-1.6768503875345409,-0.0407247
-1.3131818179656984,0.20385758183945057,-1.5780101393910586,-0.028267
-1.3131818179656984,0.5003783262698973,-1.4791698912475764,-0.0225196
-1.3131818179656984,0.8957393188438272,-1.2814893949606119,-0.0121988
-1.3131818179656984,1.389940559561238,-0.9849686505301647,-0.000652359
-1.3131818179656984,1.5876210558482025,0.9918363123394816,0.0258401
-1.3131818179656984,1.9829820484221314,-0.3919271616692708,-0.000679653
-1.2143415698222162,-0.883385147738855,1.584877801200375,0.0272482
-1.2143415698222162,0.0061770855524860835,1.584877801200375,0.00423855
-1.2143415698222162,1.2911003114177562,1.189516808626446,0.0222682
-1.2143415698222162,1.785301552135167,-0.7872881542432002,-0.0118426
-1.2143415698222162,1.8841418002786496,0.7941558160525162,0.00495598
-1.2143415698222162,2.081822296565615,0.4976350716220699,-0.00402539
-1.2143415698222162,2.180662544709097,-0.09540641723882404,-0.0133814
-1.115501321678734,-2.0694681254606424,-1.1826491468171292,-0.0228899
-1.115501321678734,-1.7729473810301957,-1.4791698912475764,-0.0331729
-1.115501321678734,0.3026978299829328,1.4860375530568932,0.0108864
-1.115501321678734,1.389940559561238,-1.083808898673647,-0.0139754
-1.115501321678734,1.5876210558482025,1.0906765604829642,0.0061153
-1.115501321678734,2.2795027928525795,0.20111432719162314,-0.021797
-1.0166610735352517,-2.464829118034572,0.8929960641959989,0.0831435
-1.0166610735352517,-0.5868644033084078,-1.7756906356780233,-0.0342259
-1.0166610735352517,1.4887808077047207,1.189516808626446,0.000830867
-1.0166610735352517,2.2795027928525795,-0.490767409812753,-0.0337611
-1.0166610735352517,2.3783430409960613,0.20111432719162314,-0.0305987
-0.917820825391769,-2.563669366178054,0.1022740790481409,0.0536482
-0.917820825391769,-2.2671486217476073,-0.9849686505301647,-0.0120347
-0.917820825391769,-1.3775863884562662,1.6837180493438577,0.0589164
-0.917820825391769,-0.9822253958823373,1.6837180493438577,0.0406323
-0.917820825391769,0.7968990707003445,-1.2814893949606119,-0.00804511
-0.917820825391769,1.2911003114177562,1.2883570567699287,0.000571034
-0.917820825391769,1.6864613039916851,1.189516808626446,-0.013522
-0.917820825391769,1.8841418002786496,1.0906765604829642,-0.0198268
-0.917820825391769,2.3783430409960613,-0.490767409812753,-0.0396963
-0.917820825391769,2.477183289139544,-0.09540641723882404,-0.0388327
-0.917820825391769,2.477183289139544,0.1022740790481409,-0.0377636
-0.8189805772482868,-2.464829118034572,-0.490767409812753,0.015915
-0.8189805772482868,-2.3659888698910896,1.189516808626446,0.0897607
-0.8189805772482868,-1.871787629173678,1.584877801200375,0.0797541
-0.8189805772482868,-0.38918390702144334,-1.7756906356780233,-0.0268904
-0.8189805772482868,2.3783430409960613,0.6953155679090344,-0.037195
-0.7201403291048045,-2.563669366178054,-0.09540641723882404,0.0444272
-0.7201403291048045,-0.883385147738855,-1.8745308838215056,-0.0336026
-0.7201403291048045,0.994579566987309,1.3871973049134105,0.00186429
-0.7201403291048045,2.576023537283026,0.39879482347858763,-0.0442939
-0.6213000809613223,-1.6741071328867134,-1.6768503875345409,-0.0314425
-0.6213000809613223,-1.6741071328867134,1.6837180493438577,0.0740497
-0.6213000809613223,-0.5868644033084078,1.6837180493438577,0.0313022
-0.6213000809613223,0.10501733369596833,-1.5780101393910586,-0.00608631
-0.6213000809613223,0.10501733369596833,1.4860375530568932,0.0248633
-0.6213000809613223,0.5003783262698973,1.3871973049134105,0.020246
-0.6213000809613223,0.6980588225568618,-1.3803296431040941,-0.0052265
-0.6213000809613223,0.6980588225568618,1.3871973049134105,0.0126278
-0.6213000809613223,2.6748637854265085,-0.19424666538230628,-0.0496534
-0.6213000809613223,2.6748637854265085,0.20111432719162314,-0.0483649
-0.52245983281784,-1.6741071328867134,-1.6768503875345409,-0.0297629
-0.52245983281784,-1.6741071328867134,1.6837180493438577,0.0746229
-0.52245983281784,-1.476426636599749,-1.7756906356780233,-0.0315779
-0.52245983281784,-1.0810656440258195,-1.8745308838215056,-0.0316617
-0.52245983281784,-0.6857046514518901,-1.8745308838215056,-0.027077
-0.52245983281784,-0.2903436588779611,-1.7756906356780233,-0.0175763
-0.52245983281784,1.0934198151307917,-1.4791698912475764,-0.0232367
-0.52245983281784,1.4887808077047207,1.4860375530568932,-0.0235999
-0.52245983281784,2.180662544709097,-1.1826491468171292,-0.0485298
-0.52245983281784,2.180662544709097,1.189516808626446,-0.0407882
-0.42361958467435823,-0.2903436588779611,-1.7756906356780233,-0.0148338
-0.42361958467435823,0.7968990707003445,1.4860375530568932,0.00356473
-0.42361958467435823,1.6864613039916851,1.4860375530568932,-0.0315194
-0.42361958467435823,2.6748637854265085,-0.5896076579562353,-0.053546
-0.42361958467435823,2.6748637854265085,0.5964753197655517,-0.0504672
-0.42361958467435823,2.7737040335699903,-0.19424666538230628,-0.0533491
-0.42361958467435823,2.7737040335699903,0.20111432719162314,-0.0523382
-0.32477933653087554,-2.563669366178054,0.0034338309046582083,0.0568915
-0.32477933653087554,-1.871787629173678,1.584877801200375,0.0824552
-0.32477933653087554,-1.5752668847432312,1.6837180493438577,0.0714071
-0.32477933653087554,-0.883385147738855,-1.8745308838215056,-0.0251626
-0.32477933653087554,2.6748637854265085,-0.688447906099718,-0.0547492
-0.32477933653087554,2.6748637854265085,0.6953155679090344,-0.051496
-0.22593908838739374,-2.2671486217476073,-0.9849686505301647,0.000742437
-0.22593908838739374,-1.3775863884562662,-1.7756906356780233,-0.0247456
-0.22593908838739374,1.5876210558482025,-1.5780101393910586,-0.039885
-0.12709884024391105,-1.278746140312784,-1.7756906356780233,-0.021793
-0.12709884024391105,0.6980588225568618,-1.5780101393910586,-0.00419651
-0.12709884024391105,1.6864613039916851,1.584877801200375,-0.0353574
-0.12709884024391105,2.576023537283026,-0.9849686505301647,-0.0556185
-0.12709884024391105,2.872544281713473,-0.19424666538230628,-0.0567516
-0.12709884024391105,2.872544281713473,0.20111432719162314,-0.0559804
-0.02825859210042836,-2.464829118034572,0.0034338309046582083,0.0613559
-0.02825859210042836,-1.5752668847432312,1.584877801200375,0.0710584
-0.02825859210042836,-0.4880241551649256,-1.7756906356780233,-0.00665665
-0.02825859210042836,0.20385758183945057,1.584877801200375,0.0286638
0.07058165604305433,-2.3659888698910896,-0.29308691352578853,0.0460176
0.07058165604305433,-1.5752668847432312,-1.5780101393910586,-0.0115605
0.07058165604305433,-0.7845448995953723,-1.7756906356780233,-0.00943
0.07058165604305433,-0.09266316259099616,-1.6768503875345409,0.0102562
0.16942190418653613,-2.3659888698910896,0.5964753197655517,0.0860928
0.16942190418653613,-1.7729473810301957,-1.3803296431040941,-0.0015635
0.16942190418653613,-1.476426636599749,-1.5780101393910586,-0.00750619
0.16942190418653613,1.0934198151307917,-1.6768503875345409,-0.0218688
0.16942190418653613,1.389940559561238,-1.6768503875345409,-0.0334646
0.16942190418653613,2.3783430409960613,-1.2814893949606119,-0.0545322
0.16942190418653613,2.477183289139544,-1.1826491468171292,-0.0558092
0.2682621523300188,-2.2671486217476073,-0.19424666538230628,0.0578228
0.2682621523300188,-1.9706278773171604,-1.083808898673647,0.0148123
0.2682621523300188,-1.278746140312784,1.4860375530568932,0.0565039
0.2682621523300188,-0.9822253958823373,-1.6768503875345409,-0.00224934
0.2682621523300188,-0.2903436588779611,-1.6768503875345409,0.0132907
0.2682621523300188,1.1922600632742735,1.6837180493438577,-0.0209105
0.2682621523300188,1.2911003114177562,1.6837180493438577,-0.0249079
0.2682621523300188,2.081822296565615,1.4860375530568932,-0.0465679
0.2682621523300188,2.872544281713473,-0.490767409812753,-0.0593273
0.3671024004735006,-2.168308373604125,0.6953155679090344,0.0853224
0.3671024004735006,-1.1799058921693018,-1.5780101393910586,0.00297207
0.3671024004735006,-0.6857046514518901,1.584877801200375,0.0368161
0.3671024004735006,1.0934198151307917,-1.6768503875345409,-0.0203866
0.3671024004735006,1.1922600632742735,1.6837180493438577,-0.0210637
0.3671024004735006,1.2911003114177562,1.6837180493438577,-0.0250779
0.3671024004735006,1.8841418002786496,-1.5780101393910586,-0.0462685
0.3671024004735006,2.081822296565615,1.4860375530568932,-0.0468934
0.4659426486169833,-2.0694681254606424,0.6953155679090344,0.082624
0.4659426486169833,-1.9706278773171604,0.8929960641959989,0.0798365
0.4659426486169833,-1.6741071328867134,1.189516808626446,0.0678419
0.4659426486169833,-1.476426636599749,-1.3803296431040941,0.0140957
0.4659426486169833,-1.278746140312784,-1.4791698912475764,0.0107979
0.4659426486169833,-0.9822253958823373,-1.5780101393910586,0.00988669
0.4659426486169833,-0.6857046514518901,1.584877801200375,0.0334932
0.4659426486169833,1.1922600632742735,-1.6768503875345409,-0.024053
0.4659426486169833,1.2911003114177562,-1.6768503875345409,-0.028169
0.4659426486169833,2.3783430409960613,-1.2814893949606119,-0.0547908
0.4659426486169833,2.477183289139544,-1.1826491468171292,-0.0562718
0.4659426486169833,2.872544281713473,-0.490767409812753,-0.0599528
0.5647828967604651,-2.0694681254606424,0.39879482347858763,0.0806067
0.5647828967604651,-1.3775863884562662,-1.3803296431040941,0.0203237
0.5647828967604651,-1.278746140312784,1.3871973049134105,0.0442391
0.6636231449039478,-2.0694681254606424,-0.3919271616692708,0.0706418
0.6636231449039478,-2.0694681254606424,0.20111432719162314,0.0792882
0.6636231449039478,-1.871787629173678,-0.8861284023866824,0.0523383
0.6636231449039478,-1.6741071328867134,1.0906765604829642,0.05724
0.6636231449039478,-1.5752668847432312,1.189516808626446,0.0514411
0.6636231449039478,-1.476426636599749,-1.2814893949606119,0.03154
0.6636231449039478,-1.0810656440258195,-1.4791698912475764,0.0222025
0.6636231449039478,2.180662544709097,1.3871973049134105,-0.0494873
0.6636231449039478,2.6748637854265085,-0.8861284023866824,-0.058667
0.6636231449039478,2.7737040335699903,-0.688447906099718,-0.0598255
0.6636231449039478,2.872544281713473,-0.3919271616692708,-0.0605312
0.7624633930474296,-1.9706278773171604,0.5964753197655517,0.0707746
0.7624633930474296,-1.278746140312784,-1.3803296431040941,0.0319118
0.7624633930474296,-0.4880241551649256,1.6837180493438577,0.0167008
0.7624633930474296,-0.38918390702144334,1.6837180493438577,0.0172011
0.7624633930474296,-0.2903436588779611,1.6837180493438577,0.017767
0.7624633930474296,2.2795027928525795,1.2883570567699287,-0.0514518
0.7624633930474296,2.872544281713473,-0.29308691352578853,-0.0606807
0.8613036411909123,-1.278746140312784,1.4860375530568932,0.0218127
0.8613036411909123,-1.0810656440258195,-1.4791698912475764,0.0302122
0.8613036411909123,-1.0810656440258195,1.584877801200375,0.0162368
0.8613036411909123,0.6980588225568618,-1.5780101393910586,0.00603647
0.8613036411909123,0.7968990707003445,-1.5780101393910586,0.000608704
0.8613036411909123,0.994579566987309,1.584877801200375,-0.0112894
0.8613036411909123,1.4887808077047207,-1.5780101393910586,-0.0326994
0.8613036411909123,2.081822296565615,1.3871973049134105,-0.0476636
0.8613036411909123,2.6748637854265085,-0.7872881542432002,-0.0588462
0.9601438893343941,-2.168308373604125,0.20111432719162314,0.0773706
0.9601438893343941,-1.3775863884562662,-1.3803296431040941,0.0432611
0.9601438893343941,-1.1799058921693018,1.584877801200375,0.01239
0.9601438893343941,1.785301552135167,-1.4791698912475764,-0.0413066
0.9601438893343941,2.576023537283026,-0.8861284023866824,-0.0574986
0.9601438893343941,2.6748637854265085,0.6953155679090344,-0.0582425
1.0589841374778768,-0.5868644033084078,1.7825582974873395,0.000652241
1.0589841374778768,-0.4880241551649256,1.7825582974873395,0.000887715
1.0589841374778768,0.10501733369596833,1.6837180493438577,0.00731228
1.0589841374778768,2.576023537283026,0.7941558160525162,-0.0568309
1.0589841374778768,2.6748637854265085,0.5964753197655517,-0.0584281
1.1578243856213586,-2.2671486217476073,0.20111432719162314,0.0773222
1.1578243856213586,-1.871787629173678,-1.1826491468171292,0.0727541
1.1578243856213586,-0.19150341073447885,1.7825582974873395,-0.000994982
1.1578243856213586,1.785301552135167,-1.3803296431040941,-0.0397597
1.1578243856213586,1.9829820484221314,1.2883570567699287,-0.0451302
1.1578243856213586,2.576023537283026,0.6953155679090344,-0.0568805
1.2566646337648422,-0.7845448995953723,-1.6768503875345409,0.0246541
1.2566646337648422,-0.09266316259099616,1.7825582974873395,-0.00345029
1.2566646337648422,0.4015380781264146,1.584877801200375,0.0041507
1.2566646337648422,1.4887808077047207,1.3871973049134105,-0.0296615
1.2566646337648422,2.180662544709097,1.0906765604829642,-0.049145
1.2566646337648422,2.3783430409960613,0.8929960641959989,-0.0531818
1.355504881908324,-1.871787629173678,-1.2814893949606119,0.076001
1.355504881908324,-1.6741071328867134,1.3871973049134105,0.0104133
1.355504881908324,-0.883385147738855,-1.6768503875345409,0.0275446
1.355504881908324,0.0061770855524860835,-1.6768503875345409,0.0152294
1.355504881908324,2.081822296565615,-1.083808898673647,-0.0462445
1.355504881908324,2.3783430409960613,-0.7872881542432002,-0.053086
1.355504881908324,2.576023537283026,-0.3919271616692708,-0.0566024
1.4543451300518067,-2.168308373604125,0.6953155679090344,0.0486653
1.4543451300518067,-1.871787629173678,1.189516808626446,0.0185877
1.4543451300518067,-1.7729473810301957,-1.3803296431040941,0.0719167
1.4543451300518067,-1.5752668847432312,-1.4791698912475764,0.0612708
1.4543451300518067,-0.9822253958823373,-1.6768503875345409,0.0312548
1.4543451300518067,0.0061770855524860835,1.7825582974873395,-0.00767393
1.4543451300518067,1.6864613039916851,1.189516808626446,-0.034066
1.4543451300518067,2.081822296565615,-0.9849686505301647,-0.0452212
1.4543451300518067,2.180662544709097,0.8929960641959989,-0.047982
1.4543451300518067,2.2795027928525795,-0.7872881542432002,-0.0502214
1.5531853781952885,-2.464829118034572,-0.19424666538230628,0.0930497
1.5531853781952885,-2.0694681254606424,-1.1826491468171292,0.0881965
1.5531853781952885,-1.3775863884562662,-1.5780101393910586,0.0511041
1.5531853781952885,-0.38918390702144334,1.8813985456308222,-0.0139357
1.5531853781952885,0.5003783262698973,-1.4791698912475764,0.0130491
1.5531853781952885,1.6864613039916851,1.0906765604829642,-0.0323724
1.6520256263387711,0.3026978299829328,-1.5780101393910586,0.0130309
1.6520256263387711,1.1922600632742735,1.0906765604829642,-0.00732722
1.6520256263387711,2.2795027928525795,-0.3919271616692708,-0.0481095
1.750865874482253,-2.2671486217476073,-0.9849686505301647,0.0974006
1.750865874482253,0.3026978299829328,-1.5780101393910586,0.0132905
1.750865874482253,0.4015380781264146,1.584877801200375,-0.0034511
1.750865874482253,0.994579566987309,1.0906765604829642,0.00538769
1.750865874482253,1.1922600632742735,0.9918363123394816,-0.00252449
1.750865874482253,2.081822296565615,-0.490767409812753,-0.0406646
1.8497061226257356,-2.464829118034572,-0.490767409812753,0.0997835
1.8497061226257356,-0.6857046514518901,1.8813985456308222,-0.0179906
1.8497061226257356,-0.38918390702144334,1.8813985456308222,-0.017019
1.8497061226257356,0.5992185744133791,-1.3803296431040941,0.0160751
1.8497061226257356,1.389940559561238,0.7941558160525162,-0.00737159
1.9485463707692174,-2.464829118034572,-0.09540641723882404,0.0900966
1.9485463707692174,-2.0694681254606424,0.8929960641959989,0.0299181
1.9485463707692174,-1.871787629173678,1.189516808626446,0.0113272
1.9485463707692174,-0.9822253958823373,-1.6768503875345409,0.0355135
1.9485463707692174,0.20385758183945057,1.6837180493438577,-0.0081347
1.9485463707692174,0.5003783262698973,1.4860375530568932,0.000535381
1.9485463707692174,0.6980588225568618,-1.2814893949606119,0.0194676
1.9485463707692174,0.8957393188438272,1.0906765604829642,0.0137444
1.9485463707692174,1.2911003114177562,0.6953155679090344,0.00602083
1.9485463707692174,1.5876210558482025,-0.490767409812753,-0.0105446
1.9485463707692174,1.6864613039916851,-0.3919271616692708,-0.016453
2.0473866189127,-1.6741071328867134,1.3871973049134105,-7.27959e-05
2.0473866189127,-1.5752668847432312,-1.4791698912475764,0.0682892
2.0473866189127,-0.883385147738855,-1.6768503875345409,0.0327254
2.0473866189127,-0.09266316259099616,-1.6768503875345409,0.0168225
2.0473866189127,0.20385758183945057,-1.5780101393910586,0.0170848
2.0473866189127,0.4015380781264146,-1.4791698912475764,0.0186565
2.146226867056182,-2.0694681254606424,0.7941558160525162,0.0342867
2.146226867056182,1.389940559561238,-0.09540641723882404,0.0211579
2.146226867056182,1.389940559561238,0.1022740790481409,0.0205119
2.2450671151996646,-2.3659888698910896,0.0034338309046582083,0.0835364
2.2450671151996646,-1.7729473810301957,1.189516808626446,0.00807241
2.2450671151996646,-0.7845448995953723,1.7825582974873395,-0.0167095
2.2450671151996646,0.3026978299829328,-1.4791698912475764,0.0234288
2.2450671151996646,1.1922600632742735,-0.5896076579562353,0.037719
2.3439073633431464,0.6980588225568618,1.189516808626446,0.0211673
2.3439073633431464,1.2911003114177562,-0.19424666538230628,0.0441137
2.442747611486629,-2.168308373604125,0.2999545753351054,0.0640508
2.442747611486629,-1.871787629173678,0.8929960641959989,0.0233122
2.442747611486629,-1.3775863884562662,-1.3803296431040941,0.0632833
2.442747611486629,1.0934198151307917,-0.688447906099718,0.0512048
2.541587859630112,-2.168308373604125,0.1022740790481409,0.0729545
2.541587859630112,-2.0694681254606424,-0.7872881542432002,0.0928654
2.541587859630112,-1.5752668847432312,1.189516808626446,0.00542858
2.541587859630112,-1.476426636599749,1.2883570567699287,0.000767371
2.541587859630112,-1.1799058921693018,-1.3803296431040941,0.0550645
2.541587859630112,-0.9822253958823373,1.584877801200375,-0.010445
2.541587859630112,-0.7845448995953723,-1.4791698912475764,0.0393589
2.541587859630112,0.5992185744133791,1.189516808626446,0.0260666
2.541587859630112,0.8957393188438272,0.8929960641959989,0.0428742
2.541587859630112,1.0934198151307917,0.5964753197655517,0.0525185
2.6404281077735945,-2.0694681254606424,-0.5896076579562353,0.0902554
2.6404281077735945,-1.9706278773171604,0.39879482347858763,0.0525918
2.6404281077735945,-1.7729473810301957,0.7941558160525162,0.0264625
2.6404281077735945,-1.5752668847432312,1.0906765604829642,0.00983634
2.6404281077735945,-1.476426636599749,-1.1826491468171292,0.0711666
2.6404281077735945,-1.3775863884562662,1.2883570567699287,0.000623582
2.6404281077735945,-0.6857046514518901,1.584877801200375,-0.00854718
2.6404281077735945,0.10501733369596833,-1.3803296431040941,0.037575
2.6404281077735945,0.4015380781264146,1.2883570567699287,0.0203933
2.6404281077735945,0.7968990707003445,-0.9849686505301647,0.0553667
2.7392683559170763,-1.871787629173678,0.39879482347858763,0.0498267
2.7392683559170763,-1.0810656440258195,1.3871973049134105,-0.00276522
2.7392683559170763,-0.38918390702144334,-1.3803296431040941,0.0393733
2.7392683559170763,-0.2903436588779611,-1.3803296431040941,0.0391222
2.7392683559170763,-0.19150341073447885,1.4860375530568932,0.00207266
2.7392683559170763,0.994579566987309,-0.688447906099718,0.0671396
2.7392683559170763,1.1922600632742735,-0.09540641723882404,0.0702466
2.7392683559170763,1.1922600632742735,0.0034338309046582083,0.0701664
2.838108604060559,-1.6741071328867134,0.5964753197655517,0.0351912
2.838108604060559,1.0934198151307917,-0.3919271616692708,0.0747514
2.936948852204041,-1.278746140312784,-0.8861284023866824,0.0677002
2.936948852204041,-1.278746140312784,0.9918363123394816,0.0140319
2.936948852204041,-0.883385147738855,-1.083808898673647,0.0553898
2.936948852204041,-0.7845448995953723,1.2883570567699287,0.00458053
2.936948852204041,0.6980588225568618,-0.8861284023866824,0.070168
2.936948852204041,0.7968990707003445,-0.7872881542432002,0.0733881
2.936948852204041,1.0934198151307917,0.1022740790481409,0.078822
3.0357891003475235,-1.3775863884562662,0.5964753197655517,0.0329172
3.0357891003475235,-1.1799058921693018,0.8929960641959989,0.0192676
3.0357891003475235,-1.0810656440258195,0.9918363123394816,0.0154612
3.0357891003475235,-0.9822253958823373,-0.8861284023866824,0.0614737
3.0357891003475235,-0.7845448995953723,-0.9849686505301647,0.0575061
3.0357891003475235,-0.6857046514518901,1.189516808626446,0.0112997
3.0357891003475235,-0.4880241551649256,-1.083808898673647,0.0546126
3.0357891003475235,0.7968990707003445,-0.688447906099718,0.0791899
3.1346293484910053,-1.278746140312784,0.39879482347858763,0.042324
3.1346293484910053,-1.0810656440258195,-0.5896076579562353,0.0658193
3.1346293484910053,-0.7845448995953723,0.9918363123394816,0.0199362
3.1346293484910053,-0.38918390702144334,-0.9849686505301647,0.0602863
3.1346293484910053,-0.38918390702144334,1.0906765604829642,0.0235001
3.1346293484910053,-0.2903436588779611,1.0906765604829642,0.0260519
3.233469596634488,-0.883385147738855,0.6953155679090344,0.0332619
3.233469596634488,0.10501733369596833,0.8929960641959989,0.0505887
3.233469596634488,0.4015380781264146,-0.7872881542432002,0.0799506
3.233469596634488,0.5003783262698973,0.6953155679090344,0.0696571
3.233469596634488,0.6980588225568618,0.4976350716220699,0.0791607
3.3323098447779698,-0.883385147738855,0.0034338309046582083,0.0605919
3.3323098447779698,-0.883385147738855,0.1022740790481409,0.0579825
3.3323098447779698,-0.38918390702144334,-0.688447906099718,0.0707007
3.3323098447779698,0.6980588225568618,-0.29308691352578853,0.0916175
3.4311500929214525,-0.5868644033084078,0.2999545753351054,0.0589505
3.4311500929214525,-0.09266316259099616,-0.5896076579562353,0.0794885
3.4311500929214525,-0.09266316259099616,0.5964753197655517,0.0624501
3.4311500929214525,0.10501733369596833,-0.5896076579562353,0.0830677
3.5299903410649343,-0.2903436588779611,-0.09540641723882404,0.0773712
3.5299903410649343,-0.09266316259099616,-0.29308691352578853,0.0832075
3.5299903410649343,-0.09266316259099616,0.2999545753351054,0.0744143
3.5299903410649343,0.0061770855524860835,0.2999545753351054,0.0773507
3.5299903410649343,0.3026978299829328,-0.09540641723882404,0.0905446
3.5299903410649343,0.3026978299829328,0.1022740790481409,0.087869
