-4.503619253198439,-1.6980952649161605,-0.5706160171275569,-0.0654072
-4.3799478937326874,-0.9560671081216516,0.29508349913270404,-0.0443197
-4.3799478937326874,0.8990032838646211,-1.0653014549905628,0.0511572
-4.3799478937326874,1.0226746433303724,-1.0653014549905628,0.0525117
-4.3799478937326874,1.0226746433303724,-0.8179587360590599,0.0391675
-4.256276534266936,-2.1927807027791664,-0.6942873765933086,-0.0688579
-4.256276534266936,-1.6980952649161605,0.5424262180642065,-0.0554673
-4.256276534266936,0.40431784600161524,-0.4469446576618057,0.0102031
-4.256276534266936,1.393688721727627,-0.32327329819605355,0.0125585
-4.132605174801184,-1.8217666243819122,0.6660975775299578,-0.0554963
-4.132605174801184,0.0333037676043606,-0.8179587360590599,0.00999783
-4.132605174801184,0.0333037676043606,-0.1996019387303023,-0.00566732
-4.132605174801184,0.15697512707011185,-0.07593057926455149,-0.00450535
-4.132605174801184,0.40431784600161524,-1.5599868928535692,0.0575403
-4.132605174801184,1.393688721727627,0.1714121396669519,-0.00683537
-4.008933815335433,-2.4401234217106693,-0.8179587360590599,-0.0693799
-4.008933815335433,-2.316452062244918,0.4187548585984553,-0.0635028
-4.008933815335433,-0.2140389513271419,0.4187548585984553,-0.0103589
-4.008933815335433,-0.09036759186139065,-1.1889728144563145,0.0123534
-4.008933815335433,0.0333037676043606,-1.3126441739220662,0.0280451
-4.008933815335433,0.280646486535864,0.4187548585984553,-0.00685386
-3.8852624558696816,0.15697512707011185,-1.6836582523193204,0.0467003
-3.8852624558696816,0.8990032838646211,-2.054672330716575,0.078491
-3.8852624558696816,1.5173600811933792,0.5424262180642065,-0.0129086
-3.8852624558696816,1.7647028001248817,0.29508349913270404,-0.00691297
-3.7615910964039294,-2.4401234217106693,-1.1889728144563145,-0.069037
-3.7615910964039294,-2.069109343313415,-1.5599868928535692,-0.067371
-3.7615910964039294,-2.069109343313415,0.9134402964614612,-0.0545747
-3.7615910964039294,-0.7087243891901482,-1.6836582523193204,-0.0343933
-3.7615910964039294,0.0333037676043606,0.7897689369957099,0.00411143
-3.7615910964039294,0.15697512707011185,0.7897689369957099,0.00256926
-3.7615910964039294,0.5279892054673665,-2.054672330716575,0.0675607
-3.7615910964039294,1.888374159590633,-1.5599868928535692,0.0690995
-3.637919736938178,-2.8111375001079244,-0.32327329819605355,-0.0690426
-3.637919736938178,-2.8111375001079244,-0.1996019387303023,-0.0688676
-3.637919736938178,-1.6980952649161605,-1.8073296117850721,-0.0627969
-3.637919736938178,-0.9560671081216516,1.1607830153929646,-0.015612
-3.637919736938178,-0.09036759186139065,-1.6836582523193204,0.0256343
-3.637919736938178,2.135716878522137,-1.0653014549905628,0.0481881
-3.637919736938178,2.135716878522137,0.04774078020120065,0.00532947
-3.5142483774724265,-2.563794781176421,0.6660975775299578,-0.0625146
-3.5142483774724265,-2.316452062244918,0.9134402964614612,-0.0567689
-3.5142483774724265,-0.7087243891901482,-1.8073296117850721,-0.0314173
-3.5142483774724265,-0.4613816702586453,1.1607830153929646,0.0102577
-3.5142483774724265,-0.33771031079289404,-1.6836582523193204,-0.000984821
-3.5142483774724265,1.1463460027961245,1.0371116559272124,-0.0102841
-3.5142483774724265,1.5173600811933792,0.9134402964614612,-0.0116874
-3.5142483774724265,2.2593882379878876,-0.6942873765933086,0.0332048
-3.390577018006675,-2.563794781176421,-1.3126441739220662,-0.0671681
-3.390577018006675,-0.7087243891901482,1.2844543748587158,0.00700953
-3.390577018006675,-0.5850530297243974,-1.8073296117850721,-0.0218228
-3.390577018006675,0.0333037676043606,-1.9310009712508234,0.0350843
-3.2669056585409235,-2.9348088595736757,-0.5706160171275569,-0.0686278
-3.2669056585409235,-0.2140389513271419,-1.8073296117850721,0.0126037
-3.2669056585409235,1.7647028001248817,0.9134402964614612,-0.00613741
-3.1432342990751723,-1.0797384675874029,1.408125734324467,0.00133005
-3.1432342990751723,1.6410314406591304,1.0371116559272124,-0.00440569
-3.0195629396094206,0.280646486535864,1.408125734324467,0.0299841
-3.0195629396094206,2.2593882379878876,0.5424262180642065,0.011679
-3.0195629396094206,2.506730956919391,-0.07593057926455149,0.0281172
-2.8958915801436693,-2.316452062244918,-1.6836582523193204,-0.0606238
-2.8958915801436693,-1.5744239054504088,1.408125734324467,-0.0127663
-2.8958915801436693,1.1463460027961245,1.2844543748587158,0.00719325
-2.7722202206779176,0.0333037676043606,-2.054672330716575,0.0170371
-2.7722202206779176,0.5279892054673665,1.5317970937902183,0.0302636
-2.7722202206779176,2.2593882379878876,0.6660975775299578,0.0184563
-2.648548861212166,-2.9348088595736757,-0.8179587360590599,-0.0640556
-2.648548861212166,-0.8323957486558995,-1.9310009712508234,-0.0259302
-2.648548861212166,-0.8323957486558995,1.7791398127217217,0.0311395
-2.648548861212166,-0.33771031079289404,1.902811172187473,0.0358056
-2.648548861212166,0.280646486535864,1.902811172187473,0.0340182
-2.648548861212166,0.7753319243988699,1.5317970937902183,0.0274897
-2.648548861212166,1.1463460027961245,-2.3020150496480785,0.035818
-2.648548861212166,2.3830595974536397,-1.1889728144563145,0.0460132
-2.5248775017464147,-1.6980952649161605,-1.9310009712508234,-0.0473531
-2.5248775017464147,-0.2140389513271419,2.1501538911189764,0.0332068
-2.5248775017464147,0.40431784600161524,2.1501538911189764,0.0339192
-2.5248775017464147,1.0226746433303724,-2.3020150496480785,0.0278683
-2.401206142280663,-0.8323957486558995,2.1501538911189764,0.0298249
-2.401206142280663,0.0333037676043606,2.397496610050479,0.0329092
-2.401206142280663,0.280646486535864,-2.1783436901823263,0.010359
-2.401206142280663,0.280646486535864,2.397496610050479,0.034358
-2.2775347828149117,-2.563794781176421,-1.3126441739220662,-0.055196
-2.2775347828149117,-2.563794781176421,0.7897689369957099,-0.0408196
-2.2775347828149117,-0.5850530297243974,-1.8073296117850721,-0.00718739
-2.2775347828149117,2.3830595974536397,0.6660975775299578,0.0348241
-2.2775347828149117,2.630402316385142,0.29508349913270404,0.0451902
-2.15386342334916,1.7647028001248817,-1.9310009712508234,0.022052
-2.15386342334916,2.7540736758508935,-0.1996019387303023,0.0535578
-2.030192063883409,-2.1927807027791664,1.7791398127217217,0.0214934
-2.030192063883409,-1.9454379838476634,2.1501538911189764,0.0277694
-2.030192063883409,-0.9560671081216516,2.521167969516231,0.0273634
-2.030192063883409,-0.4613816702586453,2.644839328981983,0.0288826
-2.030192063883409,-0.09036759186139065,-1.9310009712508234,0.00072265
-2.030192063883409,0.0333037676043606,2.7685106884477335,0.0334511
-2.030192063883409,0.40431784600161524,2.7685106884477335,0.0367811
-2.030192063883409,0.7753319243988699,2.644839328981983,0.0382279
-2.030192063883409,2.7540736758508935,-0.32327329819605355,0.0537409
-1.9065207044176566,-2.316452062244918,-1.3126441739220662,-0.0444681
-1.9065207044176566,-1.4507525459846575,2.521167969516231,0.0292411
-1.9065207044176566,-0.7087243891901482,-1.6836582523193204,-0.000805925
-1.9065207044176566,0.7753319243988699,-2.1783436901823263,0.00237949
-1.9065207044176566,0.8990032838646211,-2.1783436901823263,0.00350767
-1.9065207044176566,1.6410314406591304,1.1607830153929646,0.0230961
-1.9065207044176566,1.888374159590633,1.0371116559272124,0.021897
-1.9065207044176566,2.3830595974536397,-1.1889728144563145,0.0407704
-1.9065207044176566,2.7540736758508935,-0.1996019387303023,0.0503866
-1.7828493449519054,-2.6874661406421723,-0.32327329819605355,-0.0462698
-1.7828493449519054,-2.6874661406421723,-0.1996019387303023,-0.0453717
-1.7828493449519054,-2.563794781176421,-0.8179587360590599,-0.0458944
-1.7828493449519054,-2.316452062244918,-1.1889728144563145,-0.0413841
-1.7828493449519054,-2.069109343313415,2.2738252505847276,0.0330262
-1.7828493449519054,-1.2034098270531546,2.644839328981983,0.0282456
-1.7828493449519054,1.1463460027961245,2.521167969516231,0.0371293
-1.7828493449519054,1.5173600811933792,1.5317970937902183,0.0211195
-1.7828493449519054,2.630402316385142,0.4187548585984553,0.0267068
-1.6591779854861546,-2.563794781176421,-0.4469446576618057,-0.0412929
-1.6591779854861546,-2.563794781176421,-0.07593057926455149,-0.0378182
-1.6591779854861546,-2.4401234217106693,1.7791398127217217,0.0297277
-1.6591779854861546,-1.8217666243819122,2.521167969516231,0.0340541
-1.6591779854861546,0.6516605649331186,2.8921820479134857,0.0389078
-1.6591779854861546,2.3830595974536397,0.9134402964614612,-0.00191719
-1.6591779854861546,2.506730956919391,0.7897689369957099,4.48489e-05
-1.5355066260204024,-2.4401234217106693,-0.4469446576618057,-0.0341839
-1.5355066260204024,-2.4401234217106693,-0.07593057926455149,-0.0298447
-1.5355066260204024,-2.316452062244918,2.1501538911189764,0.0361613
-1.5355066260204024,1.5173600811933792,2.026482531653225,0.0224385
-1.5355066260204024,1.7647028001248817,1.408125734324467,5.89652e-05
-1.5355066260204024,2.630402316385142,0.9134402964614612,-0.017548
-1.4118352665546512,-2.563794781176421,1.5317970937902183,0.0298622
-1.4118352665546512,-1.4507525459846575,-1.3126441739220662,-0.00276848
-1.4118352665546512,-0.5850530297243974,-1.4363155333878175,0.0201738
-1.4118352665546512,-0.4613816702586453,2.8921820479134857,0.0281949
-1.4118352665546512,2.3830595974536397,-0.9416300955248116,0.0327889
-1.4118352665546512,2.7540736758508935,1.0371116559272124,-0.029233
-1.288163907088899,-2.4401234217106693,0.7897689369957099,0.014384
-1.288163907088899,-0.8323957486558995,-1.3126441739220662,0.0232784
-1.288163907088899,1.7647028001248817,-1.4363155333878175,0.0141081
-1.288163907088899,1.888374159590633,1.6554684532559705,-0.0151272
-1.288163907088899,2.8777450353166456,-0.32327329819605355,-0.00197019
-1.288163907088899,3.0014163947823977,0.9134402964614612,-0.0348584
-1.1644925476231478,-2.563794781176421,1.1607830153929646,0.0275073
-1.1644925476231478,-1.5744239054504088,-1.0653014549905628,0.0083844
-1.1644925476231478,1.0226746433303724,-1.6836582523193204,0.00271372
-1.1644925476231478,1.7647028001248817,-1.3126441739220662,0.0152685
-1.1644925476231478,3.0014163947823977,-0.32327329819605355,-0.0151934
-1.1644925476231478,3.0014163947823977,1.1607830153929646,-0.0411869
-1.0408211881573965,-2.563794781176421,1.1607830153929646,0.0299698
-1.0408211881573965,-2.4401234217106693,0.7897689369957099,0.0227641
-1.0408211881573965,-2.316452062244918,0.5424262180642065,0.018184
-1.0408211881573965,-1.8217666243819122,-0.6942873765933086,0.00972326
-1.0408211881573965,-0.4613816702586453,2.8921820479134857,0.0280045
-1.0408211881573965,0.6516605649331186,-1.5599868928535692,0.00618997
-1.0408211881573965,0.8990032838646211,-1.5599868928535692,0.00570706
-1.0408211881573965,3.125087754248148,1.1607830153929646,-0.0445236
-1.0408211881573965,3.2487591137139002,-0.07593057926455149,-0.0310724
-0.9171498286916453,-1.9454379838476634,-0.1996019387303023,0.0193831
-0.9171498286916453,-0.33771031079289404,2.8921820479134857,0.0289361
-0.9171498286916453,0.6516605649331186,2.8921820479134857,0.0357382
-0.9171498286916453,1.6410314406591304,-1.1889728144563145,0.0144954
-0.7934784692258932,-2.069109343313415,-0.5706160171275569,0.0154456
-0.7934784692258932,-0.9560671081216516,2.7685106884477335,0.0286624
-0.7934784692258932,1.0226746433303724,2.644839328981983,0.030996
-0.7934784692258932,1.2700173622618758,2.397496610050479,0.0223889
-0.7934784692258932,3.496101832645402,0.5424262180642065,-0.0469929
-0.6698071097601419,-2.1927807027791664,0.1714121396669519,0.0264731
-0.6698071097601419,-0.9560671081216516,-1.8073296117850721,0.0331007
-0.6698071097601419,1.2700173622618758,-1.1889728144563145,0.0222666
-0.6698071097601419,2.012045519056385,2.026482531653225,-0.0303883
-0.6698071097601419,2.7540736758508935,-0.9416300955248116,-0.0206929
-0.6698071097601419,3.496101832645402,-0.07593057926455149,-0.0443971
-0.5461357502943907,-1.2034098270531546,2.644839328981983,0.0319891
-0.5461357502943907,0.0333037676043606,-1.3126441739220662,0.0290513
-0.5461357502943907,0.7753319243988699,2.644839328981983,0.0310856
-0.5461357502943907,2.012045519056385,-1.1889728144563145,0.00284547
-0.5461357502943907,3.496101832645402,1.0371116559272124,-0.0523797
-0.5461357502943907,3.619773192111155,0.29508349913270404,-0.0503407
-0.4224643908286385,-2.1927807027791664,2.026482531653225,0.0435572
-0.4224643908286385,-1.2034098270531546,-2.1783436901823263,0.0372098
-0.4224643908286385,-0.2140389513271419,-1.4363155333878175,0.0334997
-0.4224643908286385,0.5279892054673665,2.644839328981983,0.0313265
-0.4224643908286385,3.619773192111155,0.7897689369957099,-0.0537767
-0.29879303136288726,-2.563794781176421,0.5424262180642065,0.0318389
-0.29879303136288726,-2.4401234217106693,-1.6836582523193204,0.0280931
-0.29879303136288726,-1.8217666243819122,2.2738252505847276,0.0401911
-0.29879303136288726,-1.5744239054504088,2.397496610050479,0.0372719
-0.29879303136288726,-0.9560671081216516,-2.1783436901823263,0.0384446
-0.29879303136288726,0.7753319243988699,2.397496610050479,0.0270601
-0.29879303136288726,1.2700173622618758,-1.3126441739220662,0.0337714
-0.29879303136288726,3.0014163947823977,-0.9416300955248116,-0.032538
-0.29879303136288726,3.3724304731796524,1.408125734324467,-0.0538237
-0.29879303136288726,3.619773192111155,0.9134402964614612,-0.0551285
-0.175121671897136,-2.6874661406421723,-0.9416300955248116,0.0207436
-0.175121671897136,-2.563794781176421,-1.5599868928535692,0.0273909
-0.175121671897136,-2.4401234217106693,-1.8073296117850721,0.0307787
-0.175121671897136,-1.5744239054504088,2.2738252505847276,0.0377466
-0.175121671897136,2.506730956919391,-1.1889728144563145,-0.0154563
-0.175121671897136,3.619773192111155,-0.1996019387303023,-0.0517764
-0.05145031243138476,-2.8111375001079244,-0.5706160171275569,0.0214172
-0.05145031243138476,-2.563794781176421,-1.6836582523193204,0.0298243
-0.05145031243138476,-0.2140389513271419,-1.6836582523193204,0.0404628
-0.05145031243138476,0.40431784600161524,-1.4363155333878175,0.0442116
-0.05145031243138476,1.393688721727627,-1.4363155333878175,0.0358758
-0.05145031243138476,2.630402316385142,2.026482531653225,-0.0452975
-0.05145031243138476,3.619773192111155,1.0371116559272124,-0.0567129
-0.05145031243138476,3.743444551576906,0.29508349913270404,-0.0564904
0.07222104703436738,0.15697512707011185,2.2738252505847276,0.0246931
0.07222104703436738,0.7753319243988699,-1.5599868928535692,0.0455579
0.07222104703436738,0.7753319243988699,2.026482531653225,0.0205312
0.07222104703436738,1.2700173622618758,-1.5599868928535692,0.0397703
0.07222104703436738,2.135716878522137,-1.3126441739220662,0.00564259
0.07222104703436738,2.630402316385142,2.026482531653225,-0.0448349
0.19589240650011863,-3.058480219039427,0.5424262180642065,0.0362307
0.19589240650011863,-2.8111375001079244,-1.0653014549905628,0.0248676
0.19589240650011863,-2.563794781176421,-1.8073296117850721,0.0325723
0.19589240650011863,1.393688721727627,-1.6836582523193204,0.0380179
0.19589240650011863,1.6410314406591304,-1.5599868928535692,0.0323012
0.19589240650011863,2.8777450353166456,1.902811172187473,-0.0482045
0.3195637659658699,-3.1821515785051786,0.1714121396669519,0.0337798
0.3195637659658699,-1.5744239054504088,1.6554684532559705,0.0380032
0.3195637659658699,-1.0797384675874029,-2.4256864091138297,0.0419456
0.3195637659658699,0.280646486535864,-1.6836582523193204,0.0484755
0.3195637659658699,0.5279892054673665,-1.8073296117850721,0.0455707
0.3195637659658699,3.743444551576906,0.4187548585984553,-0.0584785
0.443235125431622,-3.1821515785051786,-0.1996019387303023,0.0309189
0.443235125431622,-2.9348088595736757,-0.8179587360590599,0.026517
0.443235125431622,-1.0797384675874029,-2.4256864091138297,0.0422008
0.443235125431622,0.15697512707011185,2.1501538911189764,0.0171116
0.443235125431622,0.40431784600161524,-1.9310009712508234,0.045513
0.443235125431622,1.0226746433303724,1.902811172187473,0.0143672
0.443235125431622,2.2593882379878876,-1.3126441739220662,0.00813302
0.443235125431622,2.506730956919391,-1.1889728144563145,-0.00765835
0.443235125431622,3.0014163947823977,1.7791398127217217,-0.0490285
0.5669064848973733,-3.058480219039427,0.9134402964614612,0.0422263
0.5669064848973733,-2.6874661406421723,-1.5599868928535692,0.0315324
0.5669064848973733,-2.563794781176421,-1.8073296117850721,0.03393
0.5669064848973733,-0.8323957486558995,2.026482531653225,0.021214
0.5669064848973733,0.15697512707011185,-1.9310009712508234,0.0471852
0.5669064848973733,2.2593882379878876,2.026482531653225,-0.0328096
0.5669064848973733,3.2487591137139002,-0.6942873765933086,-0.0418717
0.5669064848973733,3.619773192111155,-0.07593057926455149,-0.054995
0.6905778443631245,-3.3058229379709303,0.1714121396669519,0.0370322
0.6905778443631245,-2.8111375001079244,-1.1889728144563145,0.0296389
0.6905778443631245,-2.1927807027791664,-2.1783436901823263,0.0385748
0.6905778443631245,-1.5744239054504088,-2.4256864091138297,0.0417537
0.6905778443631245,0.6516605649331186,-2.4256864091138297,0.0461677
0.6905778443631245,0.7753319243988699,1.902811172187473,0.0202499
0.6905778443631245,1.393688721727627,1.902811172187473,0.00364179
0.8142492038288758,-3.3058229379709303,0.4187548585984553,0.0397111
0.8142492038288758,-0.5850530297243974,-2.1783436901823263,0.0446879
0.8142492038288758,1.6410314406591304,1.902811172187473,-0.00509534
0.9379205632946279,-0.9560671081216516,-2.3020150496480785,0.0430875
0.9379205632946279,3.0014163947823977,-0.6942873765933086,-0.0298427
0.9379205632946279,3.125087754248148,1.408125734324467,-0.0485312
1.06159192276038,-3.1821515785051786,0.7897689369957099,0.0419076
1.06159192276038,-1.4507525459846575,1.5317970937902183,0.0357068
1.06159192276038,1.0226746433303724,-2.7967004875110844,0.0505286
1.06159192276038,1.888374159590633,-2.549357768579581,0.0455205
1.06159192276038,2.135716878522137,1.7791398127217217,-0.0199098
1.06159192276038,2.3830595974536397,-1.6836582523193204,0.0238818
1.06159192276038,2.630402316385142,1.6554684532559705,-0.0358871
1.06159192276038,3.125087754248148,1.2844543748587158,-0.0474565
1.1852632822261304,0.7753319243988699,-2.7967004875110844,0.0497266
1.1852632822261304,2.2593882379878876,-2.1783436901823263,0.035945
1.1852632822261304,3.2487591137139002,-0.07593057926455149,-0.0421653
1.3089346416918826,-3.1821515785051786,0.6660975775299578,0.0398534
1.3089346416918826,-2.069109343313415,-1.9310009712508234,0.03868
1.3089346416918826,-1.2034098270531546,1.5317970937902183,0.0386079
1.3089346416918826,-0.4613816702586453,-2.1783436901823263,0.0484264
1.3089346416918826,0.40431784600161524,1.7791398127217217,0.0354087
1.3089346416918826,0.8990032838646211,1.6554684532559705,0.0383266
1.3089346416918826,2.135716878522137,-2.4256864091138297,0.0414967
1.3089346416918826,2.506730956919391,-1.4363155333878175,0.0185404
1.3089346416918826,2.630402316385142,1.408125734324467,-0.0311776
1.3089346416918826,2.8777450353166456,-0.4469446576618057,-0.0197699
1.4326060011576338,-2.8111375001079244,-0.8179587360590599,0.0339
1.4326060011576338,-2.316452062244918,-1.5599868928535692,0.0382803
1.4326060011576338,-2.1927807027791664,1.408125734324467,0.0355704
1.4326060011576338,2.3830595974536397,-2.054672330716575,0.0321477
1.556277360623385,-2.8111375001079244,1.0371116559272124,0.0357929
1.556277360623385,-0.9560671081216516,-2.3020150496480785,0.0446115
1.556277360623385,-0.8323957486558995,-2.3020150496480785,0.0453734
1.556277360623385,1.1463460027961245,-2.9203718469768356,0.0507606
1.556277360623385,2.3830595974536397,1.1607830153929646,-0.0138549
1.556277360623385,2.630402316385142,-0.9416300955248116,0.0110947
1.556277360623385,2.7540736758508935,-0.32327329819605355,-0.00657416
1.556277360623385,2.8777450353166456,0.1714121396669519,-0.022969
1.6799487200891363,-1.5744239054504088,-2.1783436901823263,0.0414334
1.6799487200891363,1.1463460027961245,-2.9203718469768356,0.0499721
1.6799487200891363,2.3830595974536397,0.9134402964614612,-0.00686144
1.6799487200891363,2.506730956919391,0.7897689369957099,-0.0112516
1.8036200795548885,-2.9348088595736757,0.5424262180642065,0.0303384
1.8036200795548885,-1.6980952649161605,1.408125734324467,0.0302594
1.8036200795548885,-1.4507525459846575,-2.3020150496480785,0.0424758
1.8036200795548885,-1.4507525459846575,1.5317970937902183,0.0401849
1.8036200795548885,-1.0797384675874029,-2.4256864091138297,0.0438102
1.8036200795548885,-0.2140389513271419,1.902811172187473,0.0802946
1.8036200795548885,2.135716878522137,0.9134402964614612,0.0101905
1.8036200795548885,2.630402316385142,-1.1889728144563145,0.0168477
1.9272914390206406,-2.316452062244918,-1.1889728144563145,0.0374448
1.9272914390206406,-2.1927807027791664,1.1607830153929646,0.0189975
1.9272914390206406,-1.5744239054504088,-2.3020150496480785,0.0420786
1.9272914390206406,-1.3270811865189058,-2.4256864091138297,0.04333
1.9272914390206406,-0.33771031079289404,2.026482531653225,0.0880264
1.9272914390206406,-0.2140389513271419,-2.4256864091138297,0.0445821
1.9272914390206406,0.7753319243988699,1.2844543748587158,0.0628396
1.9272914390206406,1.393688721727627,1.1607830153929646,0.0417218
1.9272914390206406,2.012045519056385,-2.549357768579581,0.0415634
1.9272914390206406,2.135716878522137,-2.4256864091138297,0.0387231
1.9272914390206406,2.506730956919391,-1.6836582523193204,0.0238607
2.050962798486391,-1.2034098270531546,1.902811172187473,0.0609256
2.050962798486391,-1.0797384675874029,-2.549357768579581,0.0442927
2.050962798486391,0.280646486535864,1.7791398127217217,0.086197
2.050962798486391,2.2593882379878876,0.6660975775299578,0.0158258
2.050962798486391,2.630402316385142,0.1714121396669519,0.0110152
2.174634157952143,-2.563794781176421,0.4187548585984553,0.0121426
2.174634157952143,-1.9454379838476634,1.408125734324467,0.0108978
2.174634157952143,-0.4613816702586453,-2.549357768579581,0.043956
2.174634157952143,2.2593882379878876,0.6660975775299578,0.0191502
2.174634157952143,2.7540736758508935,-0.8179587360590599,0.0184278
2.2983055174178952,0.7753319243988699,-2.6730291280453327,0.042167
2.2983055174178952,1.7647028001248817,-2.549357768579581,0.0393976
2.2983055174178952,2.2593882379878876,0.6660975775299578,0.0223285
2.2983055174178952,2.506730956919391,0.4187548585984553,0.0198706
2.4219768768836447,-2.4401234217106693,0.6660975775299578,-0.0083756
2.4219768768836447,-2.316452062244918,1.0371116559272124,-0.00940555
2.4219768768836447,0.280646486535864,-2.4256864091138297,0.0398741
2.4219768768836447,0.6516605649331186,-2.549357768579581,0.040055
2.4219768768836447,1.1463460027961245,1.0371116559272124,0.0451999
2.4219768768836447,2.2593882379878876,0.6660975775299578,0.025168
2.4219768768836447,2.3830595974536397,-1.6836582523193204,0.0244385
2.5456482363493977,-1.5744239054504088,1.902811172187473,0.0320227
2.5456482363493977,-1.0797384675874029,-2.6730291280453327,0.0452462
2.5456482363493977,0.40431784600161524,1.902811172187473,0.0890016
2.5456482363493977,1.0226746433303724,1.0371116559272124,0.0468412
2.5456482363493977,2.506730956919391,0.4187548585984553,0.026775
2.669319595815149,-1.0797384675874029,-2.6730291280453327,0.0454412
2.669319595815149,1.0226746433303724,-2.4256864091138297,0.0358467
2.669319595815149,1.1463460027961245,-2.4256864091138297,0.0356526
2.669319595815149,1.6410314406591304,0.9134402964614612,0.0336364
2.669319595815149,2.012045519056385,0.7897689369957099,0.0312314
2.669319595815149,2.2593882379878876,-1.6836582523193204,0.0251867
2.669319595815149,2.7540736758508935,-0.07593057926455149,0.0289907
2.7929909552809002,-2.4401234217106693,0.04774078020120065,-0.0155041
2.7929909552809002,-1.8217666243819122,-2.3020150496480785,0.0419517
2.7929909552809002,-1.8217666243819122,1.7791398127217217,0.00716456
2.7929909552809002,-1.4507525459846575,2.026482531653225,0.038024
2.7929909552809002,-0.9560671081216516,-2.6730291280453327,0.0451608
2.7929909552809002,-0.8323957486558995,-2.6730291280453327,0.0446594
2.7929909552809002,-0.33771031079289404,-2.549357768579581,0.0417866
2.7929909552809002,-0.09036759186139065,-2.4256864091138297,0.0395156
2.7929909552809002,0.5279892054673665,1.7791398127217217,0.0771035
2.7929909552809002,1.393688721727627,0.9134402964614612,0.0352102
2.7929909552809002,1.7647028001248817,-2.054672330716575,0.028707
2.7929909552809002,2.630402316385142,0.1714121396669519,0.0323517
2.7929909552809002,2.7540736758508935,-0.6942873765933086,0.0301313
2.9166623147466515,-1.4507525459846575,2.026482531653225,0.0343696
2.9166623147466515,1.5173600811933792,-2.054672330716575,0.0286485
2.9166623147466515,2.506730956919391,-1.1889728144563145,0.0291132
3.0403336742124027,-1.9454379838476634,-2.054672330716575,0.0384725
3.0403336742124027,-1.5744239054504088,-2.4256864091138297,0.0435105
3.0403336742124027,-1.3270811865189058,-2.549357768579581,0.044462
3.0403336742124027,-0.2140389513271419,2.2738252505847276,0.0872056
3.0403336742124027,0.6516605649331186,1.5317970937902183,0.0554711
3.0403336742124027,0.7753319243988699,1.2844543748587158,0.0425976
3.0403336742124027,1.6410314406591304,0.7897689369957099,0.0337123
3.0403336742124027,2.012045519056385,0.6660975775299578,0.0355424
3.1640050336781558,-1.8217666243819122,1.7791398127217217,-0.00303658
3.1640050336781558,-0.7087243891901482,-2.549357768579581,0.0426961
3.1640050336781558,-0.33771031079289404,-2.4256864091138297,0.0394855
3.1640050336781558,2.3830595974536397,0.29508349913270404,0.0385344
3.1640050336781558,2.630402316385142,-0.32327329819605355,0.0381438
3.287676393143907,-2.4401234217106693,0.04774078020120065,-0.0311835
3.287676393143907,-1.6980952649161605,-2.1783436901823263,0.0400233
3.287676393143907,-1.3270811865189058,-2.4256864091138297,0.0428935
3.287676393143907,-0.09036759186139065,-2.1783436901823263,0.035139
3.287676393143907,1.393688721727627,0.6660975775299578,0.0292507
3.4113477526096583,-1.9454379838476634,-0.8179587360590599,0.00462806
3.4113477526096583,-1.6980952649161605,-2.054672330716575,0.0377065
3.4113477526096583,-1.5744239054504088,-2.1783436901823263,0.0396274
3.4113477526096583,-0.09036759186139065,-2.054672330716575,0.0332564
3.4113477526096583,0.0333037676043606,-1.9310009712508234,0.0313807
3.4113477526096583,0.40431784600161524,-1.5599868928535692,0.0279396
3.4113477526096583,1.0226746433303724,0.6660975775299578,0.014733
3.4113477526096583,1.6410314406591304,-1.4363155333878175,0.0275622
3.4113477526096583,2.135716878522137,0.29508349913270404,0.0394664
3.5350191120754095,-1.8217666243819122,-1.4363155333878175,0.0252494
3.5350191120754095,-1.8217666243819122,-1.3126441739220662,0.0221743
3.5350191120754095,-1.8217666243819122,-0.9416300955248116,0.00851197
3.5350191120754095,0.15697512707011185,-1.5599868928535692,0.0268148
3.5350191120754095,1.1463460027961245,-1.3126441739220662,0.0252066
3.5350191120754095,1.5173600811933792,0.4187548585984553,0.0299188
3.5350191120754095,2.135716878522137,-0.9416300955248116,0.0355004
3.658690471541161,-1.6980952649161605,-0.9416300955248116,0.00616188
3.658690471541161,-0.5850530297243974,2.026482531653225,0.0422406
3.658690471541161,-0.2140389513271419,-1.8073296117850721,0.0289406
3.658690471541161,0.15697512707011185,-1.1889728144563145,0.0206358
3.658690471541161,1.0226746433303724,0.29508349913270404,0.0085107
3.658690471541161,1.1463460027961245,-1.0653014549905628,0.0243246
3.658690471541161,1.7647028001248817,0.1714121396669519,0.0350436
3.658690471541161,1.888374159590633,-0.9416300955248116,0.033463
3.658690471541161,2.135716878522137,-0.4469446576618057,0.0394508
3.658690471541161,2.135716878522137,-0.32327329819605355,0.0397114
3.782361831006912,-1.4507525459846575,1.7791398127217217,-0.00620192
3.782361831006912,-1.0797384675874029,-1.9310009712508234,0.0332089
3.782361831006912,-0.7087243891901482,-1.9310009712508234,0.0317366
3.782361831006912,0.8990032838646211,-0.1996019387303023,0.00682552
3.782361831006912,0.8990032838646211,-0.07593057926455149,0.00411929
3.782361831006912,1.0226746433303724,-0.4469446576618057,0.0164863
3.782361831006912,1.0226746433303724,-0.32327329819605355,0.0148432
3.782361831006912,1.7647028001248817,-0.1996019387303023,0.0348837
3.9060331904726633,-1.3270811865189058,-0.9416300955248116,0.000800333
3.9060331904726633,-1.2034098270531546,-1.0653014549905628,0.00774908
3.9060331904726633,-0.5850530297243974,-1.3126441739220662,0.0170992
3.9060331904726633,-0.4613816702586453,-1.1889728144563145,0.0128725
3.9060331904726633,-0.2140389513271419,1.7791398127217217,0.0211738
3.9060331904726633,0.6516605649331186,-0.1996019387303023,-0.0091467
4.029704549938416,0.5279892054673665,-0.1996019387303023,-0.0174437
4.153375909404168,-0.8323957486558995,-0.8179587360590599,-0.0134116
4.153375909404168,-0.5850530297243974,-0.8179587360590599,-0.0130695
4.277047268869919,-1.0797384675874029,1.5317970937902183,-0.0207925
4.277047268869919,-0.8323957486558995,-0.6942873765933086,-0.0228564
4.277047268869919,-0.5850530297243974,-0.6942873765933086,-0.0223827
4.277047268869919,0.280646486535864,-0.1996019387303023,-0.0291825
4.40071862833567,-0.7087243891901482,-0.5706160171275569,-0.0302304
4.40071862833567,0.280646486535864,0.7897689369957099,-0.0311677
4.524389987801421,-0.09036759186139065,1.0371116559272124,-0.0320009
4.648061347267173,-1.2034098270531546,0.9134402964614612,-0.0447642
4.648061347267173,-0.9560671081216516,1.0371116559272124,-0.0407472
4.771732706732924,-0.9560671081216516,0.5424262180642065,-0.0486475
