-4.3088508190887485,-2.2502541101954217,-0.14780660275910584,-0.0374876
-4.3088508190887485,-2.2502541101954217,0.00041540410851581555,-0.0373088
-4.3088508190887485,-2.1020321033278,0.14863741097613747,-0.0384553
-4.3088508190887485,-1.8055880895925567,-0.2960286096267275,-0.0394514
-4.3088508190887485,-1.8055880895925567,0.14863741097613747,-0.0390754
-4.160628812221127,-1.21270006212207,-0.14780660275910584,-0.030198
-4.012406805353505,-2.9913641445335304,0.14863741097613747,-0.022427
-4.012406805353505,0.4177420134217691,-0.44425061649434916,0.0791109
-4.012406805353505,0.5659640202893907,-0.44425061649434916,0.0807922
-3.8641847984858835,-2.2502541101954217,1.186191459049489,-0.0347317
-3.8641847984858835,-1.8055880895925567,-1.3335826577000796,-0.0381263
-3.8641847984858835,-1.8055880895925567,1.186191459049489,-0.0358795
-3.8641847984858835,-1.21270006212207,0.8897474453142458,-0.0299922
-3.8641847984858835,-1.0644780552544484,0.7415254384466241,-0.0259436
-3.8641847984858835,-0.9162560483868267,-0.7406946302295929,-0.0142874
-3.8641847984858835,-0.7680340415192051,-0.44425061649434916,-0.00382932
-3.8641847984858835,0.5659640202893907,0.29685941784375913,0.0620089
-3.7159627916182614,-1.3609220689896917,1.186191459049489,-0.0315447
-3.7159627916182614,-0.7680340415192051,0.5933034315790024,-0.0114903
-3.7159627916182614,-0.47159002778396086,-0.5924726233619717,0.02817
-3.7159627916182614,-0.47159002778396086,0.14863741097613747,0.0191689
-3.7159627916182614,0.12129799968652577,-1.0371386439648362,0.0659271
-3.5677407847506397,-1.3609220689896917,-1.4818046645677012,-0.030995
-3.5677407847506397,-0.7680340415192051,-1.0371386439648362,-0.00255147
-3.5677407847506397,-0.47159002778396086,-0.8889166370972146,0.0270503
-3.5677407847506397,-0.026924007181095888,0.5933034315790024,0.0337239
-3.5677407847506397,1.1588520477598774,-1.0371386439648362,0.0598805
-3.5677407847506397,1.3070740546274981,0.29685941784375913,0.0430442
-3.5677407847506397,2.492850109568473,-0.7406946302295929,-0.0463541
-3.419518777883018,-3.4360301651363954,0.7415254384466241,-0.0142214
-3.419518777883018,-2.6949201307982875,1.4826354727847333,-0.0303576
-3.419518777883018,0.4177420134217691,0.8897474453142458,0.0260879
-3.419518777883018,0.5659640202893907,0.8897474453142458,0.0266138
-3.419518777883018,0.8624080340246341,-1.3335826577000796,0.0564908
-3.419518777883018,1.1588520477598774,-1.185360650832458,0.0525826
-3.419518777883018,1.8999620820979866,0.14863741097613747,-0.00642005
-3.419518777883018,2.3446281027008515,-1.0371386439648362,-0.0406567
-3.2712967710153964,-3.4360301651363954,-1.0371386439648362,-0.0145037
-3.2712967710153964,1.6035180683627432,0.4450814247113808,0.0166501
-3.2712967710153964,3.2339601439065815,0.5933034315790024,-0.0573958
-3.2712967710153964,3.530404157641825,0.29685941784375913,-0.0625963
-3.2712967710153964,3.6786261645094465,-0.44425061649434916,-0.0662468
-3.1230747641477747,-3.4360301651363954,-1.185360650832458,-0.016675
-3.1230747641477747,-0.6198120346515825,-1.3335826577000796,0.00697353
-3.1230747641477747,-0.3233680209163392,1.0379694521818674,0.00695188
-3.1230747641477747,2.048184088965608,0.7415254384466241,-0.0173569
-3.1230747641477747,2.937516130171338,0.8897474453142458,-0.0489274
-3.1230747641477747,3.2339601439065815,-1.3335826577000796,-0.0615239
-2.974852757280153,-0.17514601404871755,1.186191459049489,0.00680506
-2.974852757280153,2.048184088965608,0.8897474453142458,-0.0151342
-2.974852757280153,2.641072116436095,1.0379694521818674,-0.0387128
-2.974852757280153,2.7892941233037165,1.0379694521818674,-0.0428445
-2.974852757280153,3.530404157641825,0.7415254384466241,-0.0586506
-2.974852757280153,3.97507017824469,-0.44425061649434916,-0.0668482
-2.826630750412532,-3.880696185739261,0.4450814247113808,-0.0113413
-2.826630750412532,-0.47159002778396086,-1.4818046645677012,0.011413
-2.6784087435449093,-3.732474178871639,-1.0371386439648362,-0.0155156
-2.6784087435449093,-2.8431421376659087,1.7790794865199766,-0.0310055
-2.6784087435449093,2.048184088965608,-1.6300266714353233,-0.0250748
-2.5301867366772877,-4.028918192606882,0.00041540410851581555,-0.013484
-2.5301867366772877,-3.584252172004017,-1.3335826577000796,-0.0214717
-2.5301867366772877,-2.3984761170630433,1.9273014933875983,-0.0304378
-2.5301867366772877,-1.8055880895925567,1.9273014933875983,-0.0257265
-2.5301867366772877,0.12129799968652577,-1.778248678302945,0.0112408
-2.5301867366772877,1.3070740546274981,1.3344134659171107,0.00890556
-2.5301867366772877,3.6786261645094465,-1.4818046645677012,-0.0623822
-2.5301867366772877,4.123292185112311,-0.8889166370972146,-0.0666154
-2.381964729809666,-3.880696185739261,-0.8889166370972146,-0.0184236
-2.381964729809666,-2.2502541101954217,-2.0746926920381883,-0.0318751
-2.381964729809666,-1.9538100964601783,-2.0746926920381883,-0.030337
-2.381964729809666,1.751740075230365,-1.6300266714353233,-0.00540186
-2.381964729809666,3.97507017824469,0.7415254384466241,-0.0609276
-2.2337427229420443,-4.028918192606882,0.4450814247113808,-0.0225415
-2.2337427229420443,-3.4360301651363954,1.4826354727847333,-0.0306717
-2.2337427229420443,-2.9913641445335304,1.7790794865199766,-0.0315053
-2.2337427229420443,-2.546698123930665,1.9273014933875983,-0.0299499
-2.2337427229420443,-2.2502541101954217,-2.0746926920381883,-0.03111
-2.2337427229420443,-1.9538100964601783,-2.0746926920381883,-0.0292113
-2.2337427229420443,-0.9162560483868267,-1.778248678302945,-0.0071937
-2.2337427229420443,-0.17514601404871755,-1.778248678302945,0.00582568
-2.2337427229420443,3.08573813703896,1.3344134659171107,-0.0388415
-2.0855207160744227,-3.584252172004017,1.3344134659171107,-0.0309535
-2.0855207160744227,-3.4360301651363954,1.4826354727847333,-0.0315626
-2.0855207160744227,-3.139586151401152,-1.778248678302945,-0.030269
-2.0855207160744227,-2.9913641445335304,1.7790794865199766,-0.0314683
-2.0855207160744227,0.4177420134217691,1.630857479652355,0.00923863
-2.0855207160744227,0.5659640202893907,1.630857479652355,0.00883883
-1.937298709206801,-3.880696185739261,0.8897474453142458,-0.0300778
-1.937298709206801,-0.026924007181095888,1.630857479652355,0.0165991
-1.937298709206801,0.12129799968652577,1.630857479652355,0.0151603
-1.937298709206801,2.492850109568473,-1.9264706851705666,-0.0321954
-1.937298709206801,4.123292185112311,-1.185360650832458,-0.0645276
-1.7890767023391794,0.12129799968652577,1.630857479652355,0.0193893
-1.7890767023391794,0.26952000655414743,1.630857479652355,0.0178753
-1.7890767023391794,0.4177420134217691,1.630857479652355,0.0167123
-1.7890767023391794,2.048184088965608,1.4826354727847333,0.0149742
-1.7890767023391794,4.123292185112311,-1.185360650832458,-0.0640452
-1.6408546954715577,-4.028918192606882,0.29685941784375913,-0.0312937
-1.6408546954715577,-2.9913641445335304,-1.778248678302945,-0.0311259
-1.6408546954715577,-0.3233680209163392,-1.778248678302945,0.00899594
-1.6408546954715577,2.3446281027008515,1.4826354727847333,0.00537491
-1.6408546954715577,3.530404157641825,1.186191459049489,-0.0438694
-1.6408546954715577,4.271514191979933,-0.8889166370972146,-0.065378
-1.492632688603936,-3.584252172004017,1.186191459049489,-0.032756
-1.492632688603936,-2.1020321033278,-1.9264706851705666,-0.0238052
-1.492632688603936,-1.9538100964601783,-1.9264706851705666,-0.0215913
-1.492632688603936,-0.026924007181095888,1.630857479652355,0.0288816
-1.3444106817363144,-1.21270006212207,-1.778248678302945,-0.000632417
-1.3444106817363144,-0.6198120346515825,1.7790794865199766,0.0214715
-1.3444106817363144,1.8999620820979866,-1.778248678302945,0.0087185
-1.3444106817363144,2.937516130171338,1.3344134659171107,-0.0155764
-1.3444106817363144,3.530404157641825,-1.6300266714353233,-0.0507156
-1.3444106817363144,3.97507017824469,0.7415254384466241,-0.0533379
-1.1961886748686927,-2.2502541101954217,-1.778248678302945,-0.0220326
-1.1961886748686927,-1.8055880895925567,-1.778248678302945,-0.0136881
-1.1961886748686927,2.19640609583323,-1.778248678302945,-0.00153785
-1.1961886748686927,3.2339601439065815,1.186191459049489,-0.0253805
-1.1961886748686927,3.530404157641825,1.0379694521818674,-0.0372884
-1.1961886748686927,3.826848171377068,-1.3335826577000796,-0.0552149
-1.1961886748686927,4.271514191979933,-0.44425061649434916,-0.062028
-1.047966668001071,-3.2878081582687737,1.186191459049489,-0.025983
-1.047966668001071,-2.546698123930665,-1.6300266714353233,-0.0239906
-1.047966668001071,3.08573813703896,1.186191459049489,-0.0146002
-1.047966668001071,3.97507017824469,-1.0371386439648362,-0.0562473
-1.047966668001071,4.123292185112311,-0.7406946302295929,-0.0585936
-0.8997446611334494,-3.584252172004017,0.5933034315790024,-0.0283023
-0.8997446611334494,-3.2878081582687737,1.0379694521818674,-0.022955
-0.8997446611334494,1.4552960614951198,1.7790794865199766,0.0166776
-0.8997446611334494,1.751740075230365,1.7790794865199766,0.0135583
-0.8997446611334494,3.2339601439065815,1.0379694521818674,-0.0170766
-0.7515226542658269,-3.584252172004017,0.00041540410851581555,-0.0273574
-0.7515226542658269,-3.139586151401152,-1.0371386439648362,-0.0256144
-0.7515226542658269,-1.8055880895925567,1.630857479652355,0.0173515
-0.7515226542658269,-1.5091440758573134,1.7790794865199766,0.0161195
-0.7515226542658269,-1.0644780552544484,1.9273014933875983,0.0144429
-0.7515226542658269,0.4177420134217691,-1.4818046645677012,0.030145
-0.7515226542658269,2.048184088965608,1.7790794865199766,0.00874665
-0.7515226542658269,2.19640609583323,-1.6300266714353233,0.00923957
-0.6033006473982052,-1.3609220689896917,-1.4818046645677012,0.0111169
-0.6033006473982052,-1.21270006212207,1.9273014933875983,0.0158935
-0.6033006473982052,1.4552960614951198,1.9273014933875983,0.00952869
-0.6033006473982052,2.19640609583323,1.7790794865199766,0.00631711
-0.6033006473982052,3.826848171377068,-0.44425061649434916,-0.0416856
-0.6033006473982052,3.826848171377068,0.00041540410851581555,-0.0375229
-0.45507864053058356,-3.139586151401152,0.4450814247113808,-0.00368758
-0.45507864053058356,-1.657366082724935,-1.3335826577000796,0.00936462
-0.45507864053058356,0.8624080340246341,-1.4818046645677012,0.0287719
-0.45507864053058356,1.751740075230365,-1.6300266714353233,0.0178666
-0.45507864053058356,3.2339601439065815,-1.0371386439648362,-0.0209771
-0.45507864053058356,3.6786261645094465,-0.2960286096267275,-0.0291403
-0.3068566336629619,-2.9913641445335304,0.00041540410851581555,0.00624576
-0.3068566336629619,-2.9913641445335304,0.14863741097613747,0.0089986
-0.3068566336629619,-2.8431421376659087,-0.44425061649434916,0.00308093
-0.3068566336629619,-2.546698123930665,-0.7406946302295929,0.00671871
-0.3068566336629619,-2.1020321033278,1.4826354727847333,0.0408886
-0.3068566336629619,0.5659640202893907,1.9273014933875983,0.0228038
-0.3068566336629619,0.8624080340246341,-1.4818046645677012,0.0256293
-0.3068566336629619,1.6035180683627432,-1.6300266714353233,0.0160709
-0.3068566336629619,3.530404157641825,-0.2960286096267275,-0.014443
-0.3068566336629619,3.530404157641825,0.29685941784375913,-0.00457502
-0.15863462679534024,-2.6949201307982875,-0.2960286096267275,0.0248001
-0.15863462679534024,-1.9538100964601783,-1.0371386439648362,0.0183511
-0.15863462679534024,1.3070740546274981,2.07552350025522,0.00710211
-0.15863462679534024,1.4552960614951198,-1.6300266714353233,0.0137623
-0.15863462679534024,1.6035180683627432,-1.6300266714353233,0.0126741
-0.15863462679534024,2.937516130171338,-1.0371386439648362,0.00148777
-0.15863462679534024,3.08573813703896,-0.8889166370972146,-0.000374996
-0.01041261992771858,-1.9538100964601783,1.630857479652355,0.0497628
-0.01041261992771858,-0.7680340415192051,-1.4818046645677012,0.0161443
-0.01041261992771858,-0.47159002778396086,2.07552350025522,0.0234227
-0.01041261992771858,2.937516130171338,1.4826354727847333,0.00988105
0.13780938693990308,-2.6949201307982875,0.7415254384466241,0.0729031
0.13780938693990308,-1.657366082724935,-1.185360650832458,0.0197983
0.13780938693990308,-0.6198120346515825,2.07552350025522,0.0262781
0.13780938693990308,1.3070740546274981,-1.6300266714353233,0.00924989
0.13780938693990308,3.2339601439065815,-0.7406946302295929,0.00924911
0.28603139380752474,1.3070740546274981,-1.6300266714353233,0.007391
0.28603139380752474,1.6035180683627432,-1.6300266714353233,0.00555826
0.28603139380752474,3.382182150774203,-0.5924726233619717,0.015525
0.28603139380752474,3.530404157641825,0.8897474453142458,0.0243214
0.28603139380752474,3.6786261645094465,0.14863741097613747,0.0234362
0.4342534006751464,-2.6949201307982875,0.5933034315790024,0.0891494
0.4342534006751464,-1.9538100964601783,-0.8889166370972146,0.0387278
0.4342534006751464,-1.21270006212207,-1.3335826577000796,0.0181739
0.4342534006751464,1.6035180683627432,2.07552350025522,0.00808243
0.4342534006751464,2.492850109568473,-1.3335826577000796,0.00634528
0.582475407542768,-2.3984761170630433,1.186191459049489,0.0914455
0.582475407542768,-1.0644780552544484,-1.3335826577000796,0.019934
0.582475407542768,-0.026924007181095888,2.07552350025522,0.0397767
0.582475407542768,1.4552960614951198,2.07552350025522,0.012071
0.582475407542768,3.6786261645094465,0.5933034315790024,0.0342752
0.7306974144103897,-1.3609220689896917,-1.185360650832458,0.0271368
0.8789194212780114,-2.546698123930665,0.4450814247113808,0.102148
0.8789194212780114,0.7141860271570124,-1.4818046645677012,0.017097
0.8789194212780114,3.530404157641825,0.8897474453142458,0.0396508
1.027141428145633,-1.657366082724935,1.4826354727847333,0.0790649
1.027141428145633,-0.17514601404871755,-1.3335826577000796,0.0316349
1.027141428145633,1.0106300408922557,2.07552350025522,0.0293833
1.027141428145633,3.382182150774203,1.0379694521818674,0.0405517
1.1753634350132538,-2.2502541101954217,0.7415254384466241,0.105027
1.1753634350132538,-0.9162560483868267,2.07552350025522,0.0528341
1.1753634350132538,2.19640609583323,-1.185360650832458,0.0115868
1.1753634350132538,2.19640609583323,1.630857479652355,0.0255715
1.1753634350132538,2.641072116436095,1.4826354727847333,0.0303952
1.3235854418808755,-1.8055880895925567,-1.185360650832458,0.0437168
1.3235854418808755,-1.5091440758573134,1.4826354727847333,0.0734765
1.3235854418808755,-0.9162560483868267,2.2237455071228416,0.0519372
1.3235854418808755,-0.026924007181095888,2.3719675139904632,0.041414
1.3235854418808755,0.5659640202893907,2.2237455071228416,0.0372239
1.3235854418808755,1.0106300408922557,2.07552350025522,0.033866
1.3235854418808755,1.3070740546274981,-1.3335826577000796,0.0157835
1.3235854418808755,2.641072116436095,-0.8889166370972146,0.0229264
1.471807448748499,-2.1020321033278,-0.7406946302295929,0.0564869
1.471807448748499,-0.3233680209163392,-1.778248678302945,0.0250435
1.471807448748499,0.7141860271570124,2.2237455071228416,0.0360468
1.471807448748499,1.8999620820979866,-1.0371386439648362,0.0173063
1.6200294556161206,-1.657366082724935,1.0379694521818674,0.0784193
1.6200294556161206,0.8624080340246341,-1.778248678302945,0.0283569
1.6200294556161206,2.492850109568473,1.186191459049489,0.0426831
1.6200294556161206,3.08573813703896,0.7415254384466241,0.0497777
1.6200294556161206,3.2339601439065815,0.29685941784375913,0.0505779
1.7682514624837422,0.12129799968652577,-2.22291469890581,0.0274329
1.7682514624837422,0.26952000655414743,-2.22291469890581,0.0287201
1.7682514624837422,1.6035180683627432,1.9273014933875983,0.0356811
1.7682514624837422,1.751740075230365,-0.7406946302295929,0.0287888
1.9164734693513639,-1.657366082724935,1.630857479652355,0.0611642
1.9164734693513639,-0.6198120346515825,2.6684115277257066,0.0485059
1.9164734693513639,1.8999620820979866,-0.44425061649434916,0.0359057
1.9164734693513639,2.3446281027008515,-0.14780660275910584,0.041886
1.9164734693513639,2.641072116436095,0.4450814247113808,0.0497614
2.0646954762189855,-1.8055880895925567,-1.9264706851705666,0.0342641
2.0646954762189855,1.3070740546274981,-1.778248678302945,0.0334693
2.0646954762189855,2.19640609583323,0.00041540410851581555,0.044072
2.212917483086607,1.3070740546274981,-1.9264706851705666,0.0354955
2.212917483086607,2.3446281027008515,1.186191459049489,0.0488863
2.361139489954229,-2.2502541101954217,0.00041540410851581555,0.0494021
2.361139489954229,-0.7680340415192051,2.6684115277257066,0.0505857
2.361139489954229,-0.17514601404871755,-2.5193587126410533,0.0275809
2.361139489954229,2.19640609583323,0.14863741097613747,0.0457947
2.5093614968218505,-2.2502541101954217,-1.6300266714353233,0.0386437
2.5093614968218505,-1.657366082724935,-2.0746926920381883,0.0305292
2.5093614968218505,1.6035180683627432,-0.5924726233619717,0.0374162
2.5093614968218505,1.8999620820979866,1.9273014933875983,0.043665
2.657583503689472,-2.2502541101954217,0.00041540410851581555,0.0437232
2.657583503689472,-1.657366082724935,0.8897474453142458,0.0499455
2.657583503689472,-0.3233680209163392,2.6684115277257066,0.0446421
2.657583503689472,2.048184088965608,0.00041540410851581555,0.0438628
2.657583503689472,2.048184088965608,1.7790794865199766,0.0465755
2.9540275174247155,-2.1020321033278,0.14863741097613747,0.0395367
3.250471531159959,-1.9538100964601783,-1.6300266714353233,0.0321247
3.250471531159959,-1.21270006212207,1.7790794865199766,0.0477547
3.250471531159959,-0.47159002778396086,-2.3711367057734316,0.0273568
3.250471531159959,0.4177420134217691,-2.5193587126410533,0.0339598
3.250471531159959,1.3070740546274981,-1.9264706851705666,0.0364384
3.250471531159959,1.4552960614951198,-0.7406946302295929,0.0353102
3.250471531159959,1.751740075230365,0.00041540410851581555,0.0431473
3.3986935380275805,-1.657366082724935,-1.778248678302945,0.0301662
3.3986935380275805,-1.0644780552544484,-2.0746926920381883,0.0287516
3.3986935380275805,-0.026924007181095888,2.07552350025522,0.0372701
3.3986935380275805,2.048184088965608,1.0379694521818674,0.0502929
3.546915544895202,-1.3609220689896917,1.4826354727847333,0.0432617
3.546915544895202,0.12129799968652577,-2.3711367057734316,0.0304533
3.546915544895202,0.26952000655414743,-2.3711367057734316,0.0313862
3.546915544895202,1.0106300408922557,1.7790794865199766,0.0382412
3.546915544895202,1.3070740546274981,-1.4818046645677012,0.0328934
3.6951375517628238,-2.1020321033278,0.8897474453142458,0.0395637
3.6951375517628238,-1.9538100964601783,-1.3335826577000796,0.0291636
3.6951375517628238,-0.3233680209163392,-2.22291469890581,0.0282971
3.6951375517628238,1.3070740546274981,-0.7406946302295929,0.0336195
3.6951375517628238,1.6035180683627432,0.4450814247113808,0.0446267
3.8433595586304454,-2.2502541101954217,0.7415254384466241,0.0374532
3.8433595586304454,0.12129799968652577,1.4826354727847333,0.0342866
3.8433595586304454,1.4552960614951198,0.29685941784375913,0.0418153
3.991581565498067,-1.5091440758573134,-1.9264706851705666,0.0300142
3.991581565498067,-1.21270006212207,-2.0746926920381883,0.0302893
3.991581565498067,1.3070740546274981,-0.7406946302295929,0.0322252
3.991581565498067,1.4552960614951198,-0.14780660275910584,0.0381073
3.991581565498067,1.4552960614951198,0.29685941784375913,0.0408547
4.139803572365689,-2.3984761170630433,0.14863741097613747,0.0287765
4.139803572365689,-1.657366082724935,1.630857479652355,0.0423514
4.139803572365689,-0.026924007181095888,-2.0746926920381883,0.0269379
4.139803572365689,0.4177420134217691,1.3344134659171107,0.0309157
4.139803572365689,0.8624080340246341,-1.4818046645677012,0.0272635
4.139803572365689,1.4552960614951198,-0.44425061649434916,0.03523
4.139803572365689,1.4552960614951198,0.4450814247113808,0.0406487
4.28802557923331,-1.9538100964601783,-1.6300266714353233,0.0292434
4.28802557923331,-1.9538100964601783,1.4826354727847333,0.0426426
4.28802557923331,-1.5091440758573134,-2.0746926920381883,0.0325381
4.28802557923331,-1.21270006212207,1.7790794865199766,0.0386195
4.28802557923331,-0.026924007181095888,-2.0746926920381883,0.0263567
4.28802557923331,1.4552960614951198,-0.5924726233619717,0.0336766
4.436247586100932,1.6035180683627432,0.14863741097613747,0.0401577
4.584469592968554,-1.657366082724935,-2.0746926920381883,0.0347553
4.584469592968554,-0.9162560483868267,1.7790794865199766,0.0337791
4.584469592968554,0.4177420134217691,-1.778248678302945,0.0232013
4.732691599836175,-2.1020321033278,1.3344134659171107,0.0408746
4.880913606703797,-2.2502541101954217,-0.8889166370972146,0.0224896
4.880913606703797,1.6035180683627432,0.29685941784375913,0.0411566
5.029135613571419,-2.2502541101954217,-0.44425061649434916,0.0197211
5.029135613571419,-2.1020321033278,-1.4818046645677012,0.0310115
5.029135613571419,0.8624080340246341,-1.3335826577000796,0.0215492
5.177357620439042,-2.2502541101954217,0.00041540410851581555,0.0220578
5.177357620439042,-0.47159002778396086,1.4826354727847333,0.0234825
5.177357620439042,0.26952000655414743,-1.778248678302945,0.0213619
5.325579627306664,-0.3233680209163392,1.3344134659171107,0.0211787
5.325579627306664,0.8624080340246341,1.0379694521818674,0.0325964
5.325579627306664,1.3070740546274981,-0.7406946302295929,0.0312835
5.4738016341742854,-1.657366082724935,1.186191459049489,0.0331309
5.4738016341742854,-1.3609220689896917,1.3344134659171107,0.0316005
5.4738016341742854,-0.7680340415192051,1.3344134659171107,0.0248271
5.4738016341742854,-0.17514601404871755,1.186191459049489,0.0202994
5.4738016341742854,1.3070740546274981,-0.5924726233619717,0.0326751
5.622023641041907,-1.0644780552544484,-2.0746926920381883,0.0381115
5.622023641041907,-1.0644780552544484,1.186191459049489,0.0265452
5.622023641041907,-0.9162560483868267,1.186191459049489,0.0248001
5.622023641041907,1.3070740546274981,-0.2960286096267275,0.0353449
5.770245647909529,-1.8055880895925567,-1.0371386439648362,0.0275578
5.770245647909529,-1.8055880895925567,-0.8889166370972146,0.025408
5.770245647909529,-1.657366082724935,0.14863741097613747,0.0204959
5.770245647909529,-1.21270006212207,0.8897474453142458,0.0248205
5.770245647909529,-0.6198120346515825,-1.9264706851705666,0.033195
5.770245647909529,-0.6198120346515825,0.8897474453142458,0.0204854
5.770245647909529,1.0106300408922557,-0.5924726233619717,0.0290932
5.91846765477715,-1.21270006212207,0.29685941784375913,0.0202614
5.91846765477715,-1.0644780552544484,0.4450814247113808,0.0205539
5.91846765477715,-0.9162560483868267,-1.778248678302945,0.0343746
5.91846765477715,-0.3233680209163392,0.5933034315790024,0.0199328
5.91846765477715,0.5659640202893907,-0.7406946302295929,0.0223625
5.91846765477715,0.8624080340246341,-0.44425061649434916,0.0284709
6.066689661644772,-1.21270006212207,-1.3335826577000796,0.0307567
6.066689661644772,-0.9162560483868267,-1.4818046645677012,0.0310098
6.066689661644772,-0.7680340415192051,-1.4818046645677012,0.029747
6.066689661644772,-0.6198120346515825,0.00041540410851581555,0.0194832
6.066689661644772,-0.47159002778396086,-1.3335826577000796,0.0252505
6.066689661644772,-0.3233680209163392,0.14863741097613747,0.0198102
6.066689661644772,-0.026924007181095888,-0.7406946302295929,0.0187471
6.066689661644772,0.12129799968652577,0.29685941784375913,0.022826
