-7.581055658193588,0.21356639608013062,0.6059888676163707,-0.215935
-7.223239788548544,-1.3966050173225684,0.6059888676163707,-0.202079
-6.8654239189035,-1.038789147677524,-1.1830904806088505,-0.195454
-6.8654239189035,-0.5020653432099573,-1.3619984154313727,-0.19604
-6.507608049258455,-0.5020653432099573,-1.5409063502538949,-0.1884
-6.507608049258455,-0.1442494735649129,-1.5409063502538949,-0.189338
-6.507608049258455,1.2870140050152639,-0.46745874131876164,-0.210922
-6.328700114435933,-1.2176970825000462,-1.3619984154313727,-0.185455
-6.328700114435933,0.7502902005476981,1.679436476551503,-0.20007
-6.328700114435933,1.1081060701927417,-0.8252746109638069,-0.197925
-6.328700114435933,1.2870140050152639,1.8583444113740253,-0.207462
-6.328700114435933,1.8237378094828305,1.8583444113740253,-0.210834
-6.328700114435933,2.0026457443053527,-0.28855080649623943,-0.212126
-5.970884244790889,-1.933328821790134,-0.6463666761412838,-0.188707
-5.970884244790889,-0.8598812128550017,-2.435446024366506,-0.113126
-5.970884244790889,-0.3231574083874351,1.8583444113740253,-0.17468
-5.970884244790889,-0.1442494735649129,-1.8987222198989393,-0.15419
-5.970884244790889,0.21356639608013062,-1.7198142850764166,-0.16284
-5.970884244790889,2.181553679127875,2.0372523461965475,-0.207401
-5.791976309968367,-1.5755129521450897,1.3216206069064595,-0.182536
-5.791976309968367,1.1081060701927417,-1.7198142850764166,-0.133101
-5.791976309968367,2.0026457443053527,2.2161602810190706,-0.204504
-5.791976309968367,2.181553679127875,-0.6463666761412838,-0.199174
-5.613068375145845,-1.5755129521450897,-1.7198142850764166,-0.124009
-5.613068375145845,1.1081060701927417,-2.79326189401155,-0.104239
-5.434160440323323,-0.8598812128550017,-3.329985698479116,-0.0934118
-5.434160440323323,1.6448298746603083,-1.0041825457863283,-0.167768
-5.255252505500801,-1.933328821790134,-2.435446024366506,-0.0865566
-5.255252505500801,-1.933328821790134,0.6059888676163707,-0.165058
-5.255252505500801,0.571382265725175,2.2161602810190706,-0.169953
-5.255252505500801,1.8237378094828305,-1.0041825457863283,-0.169497
-5.255252505500801,2.7182774835954415,-0.46745874131876164,-0.199611
-5.076344570678279,-1.754420886967612,-0.6463666761412838,-0.159018
-5.076344570678279,-1.038789147677524,-3.5088936333016383,-0.0912418
-5.076344570678279,-0.8598812128550017,1.679436476551503,-0.139433
-5.076344570678279,0.034658461257609297,2.0372523461965475,-0.140982
-5.076344570678279,2.5393695487729175,-0.6463666761412838,-0.194821
-4.897436635855756,-1.2176970825000462,-3.5088936333016383,-0.0901081
-4.897436635855756,0.034658461257609297,2.0372523461965475,-0.137623
-4.897436635855756,2.5393695487729175,-0.6463666761412838,-0.193628
-4.718528701033234,-1.933328821790134,-1.5409063502538949,-0.101323
-4.539620766210712,-2.1122367566126563,-2.2565380895439833,-0.0857084
-4.539620766210712,-2.1122367566126563,-2.077630154721461,-0.0875003
-4.539620766210712,-1.754420886967612,-3.151077763656594,-0.0865727
-4.539620766210712,-1.754420886967612,-0.6463666761412838,-0.118545
-4.539620766210712,0.21356639608013062,-4.045617437769205,-0.0877859
-4.36071283138819,-2.4700526262577007,0.4270809327938485,-0.0965921
-4.36071283138819,-2.1122367566126563,-2.2565380895439833,-0.085551
-4.36071283138819,-2.1122367566126563,-1.8987222198989393,-0.0882524
-4.36071283138819,-0.8598812128550017,1.8583444113740253,-0.116122
-4.36071283138819,2.181553679127875,2.2161602810190706,-0.192265
-4.36071283138819,3.076093353240486,0.4270809327938485,-0.193895
-4.181804896565668,-2.4700526262577007,0.0692650631488041,-0.093542
-4.181804896565668,-2.2911446914351794,-0.28855080649623943,-0.0968967
-4.181804896565668,-1.933328821790134,-1.0041825457863283,-0.095982
-4.181804896565668,-1.3966050173225684,-3.5088936333016383,-0.0911835
-4.181804896565668,-1.2176970825000462,1.8583444113740253,-0.111642
-4.181804896565668,-0.5020653432099573,2.0372523461965475,-0.120807
-4.181804896565668,0.3924743309026528,-4.224525372591727,-0.0813726
-4.181804896565668,2.0026457443053527,2.2161602810190706,-0.188868
-4.181804896565668,2.360461613950397,2.0372523461965475,-0.188173
-4.002896961743145,-2.2911446914351794,-0.46745874131876164,-0.0926057
-4.002896961743145,0.571382265725175,2.395068215841592,-0.158993
-4.002896961743145,1.6448298746603083,2.2161602810190706,-0.183986
-3.823989026920624,-3.0067764307252673,-1.1830904806088505,-0.0741997
-3.823989026920624,2.181553679127875,-0.8252746109638069,-0.166651
-3.823989026920624,2.8971854184179637,0.784896802438892,-0.168695
-3.823989026920624,2.8971854184179637,0.9638047372614151,-0.166095
-3.645081092098101,-3.0067764307252673,-0.8252746109638069,-0.0772651
-3.4661731572755787,-2.827868495902745,-0.46745874131876164,-0.0835144
-3.4661731572755787,-1.933328821790134,-2.79326189401155,-0.0855185
-3.4661731572755787,0.7502902005476981,2.7528840854866363,-0.144335
-3.4661731572755787,2.360461613950397,-1.8987222198989393,-0.14224
-3.4661731572755787,3.076093353240486,1.1427126720839373,-0.121015
-3.2872652224530565,-2.2911446914351794,-2.79326189401155,-0.0806967
-3.2872652224530565,1.6448298746603083,2.2161602810190706,-0.138268
-3.2872652224530565,2.360461613950397,2.0372523461965475,-0.121409
-3.1083572876305343,-3.5435002351928335,-1.5409063502538949,-0.0636006
-3.1083572876305343,-1.2176970825000462,-3.5088936333016383,-0.0827604
-3.1083572876305343,1.465921939837786,-2.9721698288340717,-0.104975
-2.929449352808013,-0.1442494735649129,-4.224525372591727,-0.0678418
-2.929449352808013,0.21356639608013062,-4.224525372591727,-0.068582
-2.750541417985491,-2.2911446914351794,2.2161602810190706,-0.14603
-2.750541417985491,-1.038789147677524,-3.5088936333016383,-0.0789066
-2.750541417985491,3.076093353240486,-1.5409063502538949,-0.140118
-2.5716334831629686,-2.2911446914351794,1.3216206069064595,-0.132917
-2.5716334831629686,0.3924743309026528,-3.8667095029466827,-0.0732006
-2.5716334831629686,1.465921939837786,2.573976150664114,-0.0952845
-2.3927255483404464,-2.648960561080223,0.0692650631488041,-0.0971585
-2.3927255483404464,-2.1122367566126563,0.784896802438892,-0.114973
-2.3927255483404464,-0.6809732780324804,3.289607889954203,-0.10584
-2.3927255483404464,0.034658461257609297,-3.6878015681241605,-0.0734226
-2.213817613517925,-3.0067764307252673,-0.28855080649623943,-0.0902599
-2.213817613517925,-2.827868495902745,2.2161602810190706,-0.150298
-2.213817613517925,-2.2911446914351794,-3.151077763656594,-0.075854
-2.034909678695402,-3.0067764307252673,-0.28855080649623943,-0.0897488
-2.034909678695402,3.255001288063008,0.2481729979713263,-0.0941316
-1.8560017438728798,-2.4700526262577007,3.289607889954203,-0.146858
-1.8560017438728798,-0.3231574083874351,3.468515824776725,-0.0917972
-1.8560017438728798,-0.1442494735649129,-2.9721698288340717,-0.0784172
-1.8560017438728798,0.3924743309026528,-2.79326189401155,-0.080496
-1.8560017438728798,3.076093353240486,-1.8987222198989393,-0.123435
-1.6770938090503575,-2.648960561080223,0.2481729979713263,-0.0970052
-1.6770938090503575,0.7502902005476981,3.289607889954203,-0.0699992
-1.6770938090503575,1.6448298746603083,3.289607889954203,-0.0659183
-1.4981858742278353,-2.648960561080223,0.2481729979713263,-0.0952146
-1.4981858742278353,-1.038789147677524,-3.5088936333016383,-0.0659906
-1.4981858742278353,1.465921939837786,3.468515824776725,-0.0644562
-1.4981858742278353,2.8971854184179637,1.8583444113740253,-0.0881093
-1.319277939405314,-3.0067764307252673,-1.7198142850764166,-0.0699786
-1.319277939405314,-3.0067764307252673,2.573976150664114,-0.145126
-1.319277939405314,-2.827868495902745,-2.2565380895439833,-0.0672552
-1.319277939405314,-2.648960561080223,0.9638047372614151,-0.131616
-1.319277939405314,2.5393695487729175,2.9317920203091585,-0.0657025
-1.319277939405314,3.076093353240486,0.784896802438892,-0.0969225
-1.319277939405314,3.076093353240486,1.1427126720839373,-0.0975496
-1.1403700045827918,-2.827868495902745,-2.077630154721461,-0.0658162
-1.1403700045827918,0.9291981353702194,-2.79326189401155,-0.100928
-1.1403700045827918,1.2870140050152639,3.6474237595992474,-0.0629202
-0.9614620697602696,-3.0067764307252673,2.395068215841592,-0.142287
-0.9614620697602696,-2.827868495902745,-2.077630154721461,-0.0619761
-0.9614620697602696,-0.5020653432099573,-2.9721698288340717,-0.0784313
-0.9614620697602696,2.8971854184179637,0.9638047372614151,-0.104372
-0.9614620697602696,2.8971854184179637,1.1427126720839373,-0.104865
-0.7825541349377465,-3.5435002351928335,-1.7198142850764166,-0.0484896
-0.7825541349377465,-3.185684365547789,-0.6463666761412838,-0.0734493
-0.7825541349377465,2.0026457443053527,3.6474237595992474,-0.0542561
-0.7825541349377465,2.8971854184179637,0.9638047372614151,-0.112155
-0.7825541349377465,2.8971854184179637,1.3216206069064595,-0.111992
-0.6036462001152252,-3.0067764307252673,0.0692650631488041,-0.0840867
-0.6036462001152252,-2.4700526262577007,0.9638047372614151,-0.124717
-0.424738265292703,-3.5435002351928335,-2.9721698288340717,-0.0235034
-0.424738265292703,-3.185684365547789,0.6059888676163707,-0.0890763
-0.424738265292703,-2.648960561080223,0.2481729979713263,-0.0898162
-0.424738265292703,-2.4700526262577007,3.1106999551316807,-0.143228
-0.424738265292703,-2.2911446914351794,3.289607889954203,-0.143814
-0.424738265292703,-1.3966050173225684,0.2481729979713263,-0.0680231
-0.424738265292703,-1.3966050173225684,0.4270809327938485,-0.0732755
-0.424738265292703,2.360461613950397,-1.7198142850764166,-0.10896
-0.424738265292703,2.5393695487729175,0.0692650631488041,-0.0981523
-0.424738265292703,2.8971854184179637,2.2161602810190706,-0.105543
-0.424738265292703,3.6128171577080526,1.1427126720839373,-0.140973
-0.24583033047018077,-4.259131974482923,0.9638047372614151,-0.0571481
-0.24583033047018077,-3.9013161048378784,-2.9721698288340717,-0.0192157
-0.24583033047018077,-3.3645923003703118,-3.151077763656594,-0.0242123
-0.24583033047018077,-2.648960561080223,0.6059888676163707,-0.0977668
-0.24583033047018077,-2.648960561080223,2.573976150664114,-0.14015
-0.24583033047018077,-2.4700526262577007,2.9317920203091585,-0.142334
-0.24583033047018077,-1.2176970825000462,-0.10964287167371722,-0.058916
-0.24583033047018077,-1.038789147677524,-0.10964287167371722,-0.0545865
-0.24583033047018077,-1.038789147677524,0.0692650631488041,-0.049383
-0.24583033047018077,-0.8598812128550017,-1.1830904806088505,-0.0859209
-0.24583033047018077,0.21356639608013062,-1.8987222198989393,-0.121102
-0.24583033047018077,1.2870140050152639,3.6474237595992474,-0.061674
-0.24583033047018077,3.255001288063008,2.0372523461965475,-0.132222
-0.06692239564765856,-4.080224039660401,-2.9721698288340717,-0.0188663
-0.06692239564765856,-2.827868495902745,1.1427126720839373,-0.106173
-0.06692239564765856,-2.2911446914351794,2.9317920203091585,-0.142462
-0.06692239564765856,-1.038789147677524,-2.2565380895439833,-0.0824632
-0.06692239564765856,-1.038789147677524,-1.5409063502538949,-0.0767121
-0.06692239564765856,-1.038789147677524,-0.46745874131876164,-0.0614732
-0.06692239564765856,-1.038789147677524,-0.10964287167371722,-0.0471627
-0.06692239564765856,0.034658461257609297,-1.3619984154313727,-0.112786
0.11198553917486365,-5.6903954530631,-0.10964287167371722,-0.0166817
0.11198553917486365,-5.332579583418055,0.784896802438892,-0.0239859
0.11198553917486365,-3.3645923003703118,1.5005285417289818,-0.0875728
0.11198553917486365,-2.648960561080223,-3.151077763656594,-0.0393119
0.11198553917486365,-2.4700526262577007,1.679436476551503,-0.125181
0.11198553917486365,-1.5755129521450897,-0.10964287167371722,-0.0610318
0.11198553917486365,-1.5755129521450897,0.9638047372614151,-0.0896911
0.11198553917486365,-1.2176970825000462,0.2481729979713263,-0.0393271
0.11198553917486365,-0.8598812128550017,-1.7198142850764166,-0.0755914
0.11198553917486365,-0.5020653432099573,-2.2565380895439833,-0.097901
0.11198553917486365,-0.5020653432099573,2.7528840854866363,-0.113122
0.11198553917486365,0.034658461257609297,-1.0041825457863283,-0.097695
0.11198553917486365,0.21356639608013062,-1.1830904806088505,-0.108513
0.11198553917486365,1.465921939837786,3.468515824776725,-0.062678
0.11198553917486365,3.791725092530573,2.0372523461965475,-0.141248
0.29089347399738585,-4.616947844127966,-2.077630154721461,-0.0275931
0.29089347399738585,-2.2911446914351794,1.8583444113740253,-0.125058
0.29089347399738585,-1.754420886967612,1.1427126720839373,-0.0990327
0.29089347399738585,-1.3966050173225684,0.0692650631488041,-0.046947
0.29089347399738585,1.2870140050152639,-1.1830904806088505,-0.109992
0.29089347399738585,4.32844889699814,1.1427126720839373,-0.140846
0.46980140881990806,-3.3645923003703118,2.0372523461965475,-0.0789611
0.46980140881990806,-1.5755129521450897,0.4270809327938485,-0.0530426
0.46980140881990806,-1.5755129521450897,0.784896802438892,-0.0656377
0.46980140881990806,-1.5755129521450897,0.9638047372614151,-0.0745471
0.46980140881990806,-1.5755129521450897,1.1427126720839373,-0.0844281
0.46980140881990806,-1.3966050173225684,-3.6878015681241605,-0.0887051
0.46980140881990806,-0.8598812128550017,2.2161602810190706,-0.114452
0.46980140881990806,0.21356639608013062,2.7528840854866363,-0.0930862
0.46980140881990806,0.7502902005476981,2.9317920203091585,-0.0816125
0.6487093436424303,-1.754420886967612,1.679436476551503,-0.105075
0.6487093436424303,0.9291981353702194,-1.0041825457863283,-0.0888674
0.6487093436424303,1.2870140050152639,-1.0041825457863283,-0.0876206
0.8276172784649525,-3.0067764307252673,-3.329985698479116,-0.0382399
0.8276172784649525,-0.1442494735649129,-1.3619984154313727,-0.0645346
0.8276172784649525,1.1081060701927417,2.7528840854866363,-0.0853251
0.8276172784649525,3.970633027353097,-0.28855080649623943,-0.120911
0.8276172784649525,4.149540962175617,-0.10964287167371722,-0.124293
1.006525213287473,-0.8598812128550017,1.8583444113740253,-0.0874009
1.006525213287473,0.034658461257609297,-1.5409063502538949,-0.0710457
1.006525213287473,1.465921939837786,2.573976150664114,-0.0829802
1.006525213287473,2.181553679127875,2.573976150664114,-0.0994361
1.185433148109997,-5.6903954530631,-0.28855080649623943,-0.0297014
1.185433148109997,-3.185684365547789,2.7528840854866363,-0.0584427
1.185433148109997,-1.933328821790134,-3.8667095029466827,-0.0830034
1.185433148109997,-1.038789147677524,1.8583444113740253,-0.082208
1.364341082932519,-4.974763713773011,1.1427126720839373,-0.029511
1.364341082932519,-4.7958557789504885,1.8583444113740253,-0.0278377
1.364341082932519,0.9291981353702194,2.573976150664114,-0.0944612
1.5432490177550413,-1.5755129521450897,2.573976150664114,-0.0847539
1.5432490177550413,1.8237378094828305,2.395068215841592,-0.0825947
1.5432490177550413,3.6128171577080526,-0.8252746109638069,-0.0736821
1.5432490177550413,4.507356831820664,-0.46745874131876164,-0.0672701
1.7221569525775635,-3.3645923003703118,-2.9721698288340717,-0.0491704
1.7221569525775635,0.571382265725175,-1.8987222198989393,-0.079155
1.901064887400084,-4.259131974482923,-2.2565380895439833,-0.0559607
1.901064887400084,-3.9013161048378784,-2.6143539591890277,-0.0541097
1.901064887400084,-1.3966050173225684,3.289607889954203,-0.090538
1.901064887400084,-1.2176970825000462,3.289607889954203,-0.0917029
1.901064887400084,1.1081060701927417,2.2161602810190706,-0.0779776
1.901064887400084,1.2870140050152639,-1.8987222198989393,-0.0804055
1.901064887400084,1.2870140050152639,2.2161602810190706,-0.0734233
1.901064887400084,2.8971854184179637,-1.3619984154313727,-0.0624652
1.901064887400084,3.6128171577080526,-1.5409063502538949,-0.0523492
1.901064887400084,4.32844889699814,1.5005285417289818,-0.125891
2.079972822222608,-4.259131974482923,-2.077630154721461,-0.0592821
2.079972822222608,0.3924743309026528,-2.6143539591890277,-0.0954565
2.079972822222608,2.0026457443053527,2.2161602810190706,-0.0803254
2.079972822222608,2.8971854184179637,2.395068215841592,-0.113196
2.079972822222608,3.076093353240486,-1.5409063502538949,-0.0565347
2.079972822222608,3.6128171577080526,-1.7198142850764166,-0.0507987
2.079972822222608,4.686264766643184,-1.7198142850764166,-0.0390673
2.2588807570451284,-4.974763713773011,0.6059888676163707,-0.0481942
2.2588807570451284,-4.438039909305444,-1.5409063502538949,-0.0623707
2.2588807570451284,-4.080224039660401,-2.077630154721461,-0.0614364
2.2588807570451284,-3.3645923003703118,-2.6143539591890277,-0.056646
2.2588807570451284,0.9291981353702194,-2.077630154721461,-0.0752082
2.2588807570451284,1.6448298746603083,2.0372523461965475,-0.0651878
2.2588807570451284,3.255001288063008,2.2161602810190706,-0.116165
2.2588807570451284,3.791725092530573,-1.8987222198989393,-0.0486375
2.4377886918676523,-0.5020653432099573,-3.6878015681241605,-0.0959633
2.4377886918676523,0.571382265725175,1.8583444113740253,-0.0772369
2.4377886918676523,3.255001288063008,2.0372523461965475,-0.11195
2.6166966266901728,-4.7958557789504885,0.2481729979713263,-0.0577542
2.6166966266901728,-4.7958557789504885,0.4270809327938485,-0.0561811
2.6166966266901728,-4.7958557789504885,0.6059888676163707,-0.0542885
2.6166966266901728,-4.7958557789504885,0.784896802438892,-0.0521752
2.6166966266901728,-3.0067764307252673,-2.435446024366506,-0.0569798
2.6166966266901728,-2.1122367566126563,3.6474237595992474,-0.0787701
2.6166966266901728,4.149540962175617,-2.077630154721461,-0.0476835
2.795604561512695,-4.616947844127966,0.0692650631488041,-0.0619775
2.795604561512695,-4.438039909305444,2.2161602810190706,-0.0316515
2.795604561512695,-4.259131974482923,-0.6463666761412838,-0.0652322
2.795604561512695,-3.0067764307252673,2.9317920203091585,-0.0580247
2.795604561512695,-1.038789147677524,-3.5088936333016383,-0.0951087
2.795604561512695,3.6128171577080526,-2.077630154721461,-0.0492356
2.795604561512695,3.6128171577080526,1.5005285417289818,-0.0889711
2.974512496335219,-3.5435002351928335,-0.6463666761412838,-0.0618288
2.974512496335219,2.0026457443053527,-2.2565380895439833,-0.0585477
2.974512496335219,3.255001288063008,-2.077630154721461,-0.0460356
2.974512496335219,4.507356831820664,-2.077630154721461,-0.0481825
3.1534204311577394,-3.3645923003703118,-0.46745874131876164,-0.0618537
3.1534204311577394,-0.8598812128550017,-2.6143539591890277,-0.0904202
3.3323283659802634,-4.080224039660401,0.4270809327938485,-0.0641557
3.3323283659802634,-4.080224039660401,1.3216206069064595,-0.0542766
3.3323283659802634,-3.3645923003703118,2.2161602810190706,-0.0510398
3.3323283659802634,-2.648960561080223,3.468515824776725,-0.0720612
3.3323283659802634,1.8237378094828305,1.5005285417289818,-0.0717981
3.3323283659802634,2.7182774835954415,-2.2565380895439833,-0.0503912
3.3323283659802634,3.791725092530573,1.679436476551503,-0.0520366
3.3323283659802634,5.0440806362882284,1.1427126720839373,-0.0442363
3.511236300802784,-3.3645923003703118,1.8583444113740253,-0.0525922
3.511236300802784,-3.185684365547789,2.573976150664114,-0.0620731
3.511236300802784,2.0026457443053527,-2.6143539591890277,-0.0747944
3.511236300802784,3.6128171577080526,1.679436476551503,-0.0481625
3.511236300802784,5.401896505933273,-1.1830904806088505,-0.0452292
3.690144235625306,-2.4700526262577007,-0.8252746109638069,-0.0684362
3.690144235625306,-1.3966050173225684,-1.8987222198989393,-0.0782804
3.690144235625306,0.034658461257609297,3.289607889954203,-0.0561312
3.690144235625306,0.21356639608013062,-2.9721698288340717,-0.106373
3.8690521704478282,-1.754420886967612,-1.3619984154313727,-0.0745895
3.8690521704478282,-1.2176970825000462,3.8263316944217696,-0.0491942
3.8690521704478282,-0.1442494735649129,-2.9721698288340717,-0.111817
3.8690521704478282,0.571382265725175,1.5005285417289818,-0.0803439
3.8690521704478282,0.571382265725175,1.679436476551503,-0.0804159
3.8690521704478282,0.571382265725175,2.0372523461965475,-0.0780259
3.8690521704478282,4.32844889699814,-2.2565380895439833,-0.0449965
4.04796010527035,-3.0067764307252673,1.3216206069064595,-0.0604176
4.04796010527035,-2.827868495902745,0.6059888676163707,-0.0612457
4.04796010527035,-2.648960561080223,0.2481729979713263,-0.0634145
4.04796010527035,-2.648960561080223,3.289607889954203,-0.0700012
4.04796010527035,-2.1122367566126563,3.6474237595992474,-0.0629332
4.04796010527035,-1.038789147677524,-2.435446024366506,-0.10789
4.04796010527035,0.571382265725175,-2.9721698288340717,-0.102362
4.04796010527035,4.32844889699814,1.679436476551503,-0.0306236
4.226868040092871,-2.1122367566126563,0.2481729979713263,-0.0637604
4.226868040092871,-1.038789147677524,-2.435446024366506,-0.111857
4.226868040092871,5.401896505933273,-0.46745874131876164,-0.0420436
4.405775974915395,-0.8598812128550017,3.468515824776725,-0.0379854
4.405775974915395,0.3924743309026528,-2.9721698288340717,-0.107735
4.405775974915395,3.6128171577080526,-2.2565380895439833,-0.0444599
4.584683909737917,-2.827868495902745,2.0372523461965475,-0.0724152
4.584683909737917,-2.1122367566126563,3.289607889954203,-0.0620637
4.584683909737917,-1.3966050173225684,-1.3619984154313727,-0.10267
4.584683909737917,-1.3966050173225684,-1.1830904806088505,-0.0998258
4.584683909737917,-1.038789147677524,-0.10964287167371722,-0.0860142
4.584683909737917,-0.6809732780324804,0.4270809327938485,-0.0837269
4.584683909737917,-0.5020653432099573,-2.79326189401155,-0.119485
4.584683909737917,-0.1442494735649129,0.9638047372614151,-0.0834968
4.584683909737917,0.571382265725175,0.4270809327938485,-0.070069
4.584683909737917,4.865172701465708,0.9638047372614151,-0.0344108
4.763591844560439,-2.648960561080223,1.8583444113740253,-0.0737971
4.763591844560439,-2.4700526262577007,2.7528840854866363,-0.0705886
4.763591844560439,-1.038789147677524,-2.2565380895439833,-0.119286
4.763591844560439,-0.6809732780324804,-2.6143539591890277,-0.121195
4.763591844560439,-0.1442494735649129,1.3216206069064595,-0.0823295
4.763591844560439,3.076093353240486,0.784896802438892,-0.0433597
4.763591844560439,4.865172701465708,0.6059888676163707,-0.0396128
4.9424997793829615,-2.4700526262577007,2.0372523461965475,-0.0747567
4.9424997793829615,0.3924743309026528,0.2481729979713263,-0.0815276
4.9424997793829615,3.4339092228855286,0.784896802438892,-0.0435338
4.9424997793829615,3.6128171577080526,-2.077630154721461,-0.0405337
5.121407714205482,-1.933328821790134,2.573976150664114,-0.0682458
5.121407714205482,-1.754420886967612,1.3216206069064595,-0.0793641
5.121407714205482,-1.5755129521450897,2.7528840854866363,-0.0614999
5.121407714205482,-1.2176970825000462,2.7528840854866363,-0.0572864
5.121407714205482,-1.038789147677524,-1.8987222198989393,-0.120651
5.121407714205482,-0.8598812128550017,1.3216206069064595,-0.082418
5.121407714205482,1.6448298746603083,0.2481729979713263,-0.0668535
5.121407714205482,3.255001288063008,0.2481729979713263,-0.0450668
5.121407714205482,3.970633027353097,0.6059888676163707,-0.0440728
5.300315649028006,-1.2176970825000462,1.8583444113740253,-0.075421
5.300315649028006,2.7182774835954415,-0.28855080649623943,-0.0551683
5.300315649028006,3.6128171577080526,0.0692650631488041,-0.0463293
5.300315649028006,4.507356831820664,-0.10964287167371722,-0.0416009
5.479223583850526,-0.5020653432099573,-2.077630154721461,-0.121433
5.479223583850526,2.360461613950397,-2.2565380895439833,-0.0915528
5.479223583850526,3.791725092530573,-0.28855080649623943,-0.0435455
5.479223583850526,4.686264766643184,-1.0041825457863283,-0.0275881
5.65813151867305,0.571382265725175,-1.8987222198989393,-0.100602
5.65813151867305,0.7502902005476981,-1.8987222198989393,-0.0966911
5.65813151867305,1.6448298746603083,-2.2565380895439833,-0.096476
5.65813151867305,1.8237378094828305,-2.2565380895439833,-0.0963192
5.8370394534955725,1.8237378094828305,-0.46745874131876164,-0.0863153
6.015947388318093,1.8237378094828305,-1.3619984154313727,-0.0942413
