-8.59380399545067,-2.00030572269025,1.8097458349181688,0.0446343
-8.59380399545067,-1.6317877731845458,0.5199330116482059,-0.0140521
-8.59380399545067,-1.6317877731845458,1.6254868601653163,0.0344466
-8.409545020697818,-3.10585957120736,0.88845096115391,0.0378715
-8.409545020697818,-1.6317877731845458,0.15141506214250366,-0.0263991
-8.409545020697818,-0.8947518741731386,1.0727099359067616,0.0200531
-8.225286045944967,-1.4475287984316942,2.3625227591767244,0.0552032
-7.856768096439264,-2.5530826469488046,-0.21710288736320038,-0.0287787
-7.856768096439264,-1.4475287984316942,2.7310407086824275,0.0509031
-7.856768096439264,-0.3419749499145839,2.178263784423872,0.0787399
-7.672509121686412,-0.3419749499145839,0.15141506214250366,0.0174111
-7.672509121686412,-0.1577159751617332,-0.0328439126103488,0.0236657
-7.672509121686412,0.026542999591119276,-0.21710288736320038,0.0265456
-7.48825014693356,0.026542999591119276,1.4412278854124647,0.0660568
-7.303991172180709,-3.8428954702187665,1.0727099359067616,0.0594123
-7.303991172180709,-3.10585957120736,-0.0328439126103488,-0.0074062
-7.303991172180709,-1.079010848925991,2.9152996834352782,0.0497999
-7.303991172180709,0.9478378733553781,0.88845096115391,0.033675
-6.9354732226750055,-2.7373416217016566,-0.40136186211605285,-0.0198231
-6.9354732226750055,-2.00030572269025,-0.5856208368689035,-0.0268073
-6.9354732226750055,-1.8160467479373974,-0.5856208368689035,-0.0264421
-6.9354732226750055,-0.3419749499145839,-0.9541387863746076,0.00200749
-6.751214247922153,-4.027154444971618,0.15141506214250366,0.0137207
-6.751214247922153,-0.5262339246674355,-0.9541387863746076,-0.00303215
-6.751214247922153,-0.1577159751617332,-1.1383977611274583,-0.000617975
-6.5669552731693015,-4.764190343983025,0.5199330116482059,0.0352812
-6.5669552731693015,-2.5530826469488046,-0.5856208368689035,-0.0174739
-6.5669552731693015,-0.8947518741731386,-0.7698798116217551,-0.00635372
-6.5669552731693015,-0.3419749499145839,2.3625227591767244,0.0566343
-6.38269629841645,-4.395672394477321,1.9940048096710195,0.0457286
-6.38269629841645,-3.10585957120736,2.546781733929575,0.0182641
-6.38269629841645,-1.4475287984316942,2.9152996834352782,0.0137971
-6.38269629841645,2.4219096713781916,-0.5856208368689035,0.0287
-6.198437323663598,2.7904276208838947,-0.7698798116217551,0.0320735
-6.014178348910747,-1.4475287984316942,2.7310407086824275,0.0102618
-6.014178348910747,-0.8947518741731386,-1.1383977611274583,-0.0157593
-6.014178348910747,0.579319923849674,-1.5069157106331623,-0.0101032
-5.829919374157895,-5.1327082934887285,0.5199330116482059,0.0214781
-5.829919374157895,-4.211413419724471,-0.5856208368689035,-0.035972
-5.829919374157895,-2.00030572269025,2.7310407086824275,0.00217645
-5.829919374157895,-1.2632698236788427,2.546781733929575,0.0143736
-5.829919374157895,-0.5262339246674355,2.178263784423872,0.0214956
-5.829919374157895,-0.1577159751617332,-1.5069157106331623,-0.0181116
-5.829919374157895,1.6848737723667844,-1.5069157106331623,0.00318576
-5.645660399405044,-4.764190343983025,1.9940048096710195,0.0263569
-5.645660399405044,-4.027154444971618,2.3625227591767244,0.00793949
-5.461401424652191,-5.1327082934887285,0.5199330116482059,0.00671114
-5.461401424652191,-0.8947518741731386,-1.3226567358803107,-0.0246623
-5.461401424652191,-0.1577159751617332,2.178263784423872,0.00119351
-5.461401424652191,2.7904276208838947,0.88845096115391,0.0121088
-5.27714244989934,-4.211413419724471,-0.7698798116217551,-0.0570744
-5.27714244989934,-2.5530826469488046,-0.9541387863746076,-0.0436035
-5.27714244989934,-2.00030572269025,-0.9541387863746076,-0.0258157
-5.27714244989934,3.3432045451424504,-0.9541387863746076,0.034695
-5.092883475146488,-4.948449318735877,0.15141506214250366,-0.0284953
-5.092883475146488,-4.764190343983025,-0.21710288736320038,-0.0433766
-5.092883475146488,-4.395672394477321,2.178263784423872,-0.0083333
-5.092883475146488,-1.079010848925991,2.3625227591767244,0.00306098
-5.092883475146488,1.3163558228610812,1.8097458349181688,-0.0125207
-4.908624500393636,-4.948449318735877,1.4412278854124647,-0.00783121
-4.908624500393636,-3.8428954702187665,-0.9541387863746076,-0.0710657
-4.908624500393636,-3.10585957120736,2.546781733929575,-0.0283106
-4.908624500393636,-2.9216005964545078,2.546781733929575,-0.0262353
-4.908624500393636,-1.2632698236788427,2.3625227591767244,0.000363306
-4.908624500393636,-0.8947518741731386,2.3625227591767244,-0.00325347
-4.908624500393636,1.3163558228610812,-1.8754336601388655,-0.0142204
-4.908624500393636,1.3163558228610812,1.8097458349181688,-0.0133329
-4.724365525640785,-4.948449318735877,0.33567403689535436,-0.0416022
-4.540106550887932,-3.4743775207130634,-0.9541387863746076,-0.0773518
-4.540106550887932,-1.079010848925991,2.3625227591767244,-0.0089849
-4.540106550887932,-0.8947518741731386,2.3625227591767244,-0.0103509
-4.540106550887932,3.158945570389598,-1.1383977611274583,0.0285067
-4.355847576135082,-4.027154444971618,2.178263784423872,-0.044408
-4.355847576135082,-0.8947518741731386,2.3625227591767244,-0.0130265
-4.355847576135082,3.158945570389598,0.5199330116482059,0.0231005
-4.171588601382229,-3.10585957120736,-0.7698798116217551,-0.0764068
-4.171588601382229,0.21080197434397085,-1.5069157106331623,-0.0253787
-4.171588601382229,1.1320968481082296,-1.8754336601388655,-0.0189186
-4.171588601382229,3.7117224946481535,0.15141506214250366,0.0338661
-4.171588601382229,3.895981469401006,-0.7698798116217551,0.035103
-3.9873296266293776,-0.8947518741731386,2.3625227591767244,-0.0162042
-3.9873296266293776,1.3163558228610812,-1.8754336601388655,-0.0146361
-3.803070651876527,-3.8428954702187665,-0.40136186211605285,-0.0851485
-3.803070651876527,-1.8160467479373974,2.178263784423872,-0.0145258
-3.803070651876527,-0.8947518741731386,2.3625227591767244,-0.0169055
-3.803070651876527,-0.1577159751617332,2.178263784423872,-0.0181368
-3.803070651876527,2.974686595636747,0.88845096115391,0.0227447
-3.6188116771236745,-3.10585957120736,1.8097458349181688,-0.0492895
-3.6188116771236745,-1.079010848925991,2.3625227591767244,-0.0165488
-3.6188116771236745,-0.8947518741731386,2.3625227591767244,-0.017324
-3.6188116771236745,1.3163558228610812,1.8097458349181688,-0.00776152
-3.6188116771236745,2.974686595636747,-1.691174685386014,0.0187744
-3.6188116771236745,4.448758393659562,-0.21710288736320038,0.036644
-3.2502937276179704,-3.4743775207130634,0.88845096115391,-0.0592679
-3.2502937276179704,1.5006147976139328,1.8097458349181688,0.00195063
-3.2502937276179704,3.7117224946481535,-1.691174685386014,0.0177705
-3.0660347528651197,0.026542999591119276,2.178263784423872,-0.019582
-3.0660347528651197,1.3163558228610812,-1.8754336601388655,-0.00498129
-3.0660347528651197,1.5006147976139328,1.8097458349181688,0.00635546
-3.0660347528651197,2.0533917218724884,1.6254868601653163,0.0270436
-2.881775778112268,2.0533917218724884,-2.2439516096445695,0.00913156
-2.881775778112268,3.527463519895301,-1.8754336601388655,0.0121758
-2.881775778112268,4.448758393659562,0.15141506214250366,0.029715
-2.6975168033594157,-2.1845646974431014,-0.5856208368689035,-0.0247279
-2.6975168033594157,0.7635788986025256,1.9940048096710195,-0.00842414
-2.6975168033594157,1.5006147976139328,-2.059692634891717,0.00110624
-2.6975168033594157,3.3432045451424504,1.4412278854124647,0.0465773
-2.6975168033594157,3.895981469401006,0.88845096115391,0.0265316
-2.6975168033594157,4.448758393659562,-0.9541387863746076,0.0231951
-2.513257828606564,-0.1577159751617332,-1.5069157106331623,-0.0289654
-2.513257828606564,3.158945570389598,-2.2439516096445695,0.0116716
-2.513257828606564,4.448758393659562,-0.7698798116217551,0.0223085
-2.3289988538537125,1.5006147976139328,1.8097458349181688,0.0299697
-2.144739879100861,-1.079010848925991,1.8097458349181688,-0.0144311
-2.144739879100861,-0.1577159751617332,1.9940048096710195,-0.018712
-2.144739879100861,0.026542999591119276,1.9940048096710195,-0.0173696
-2.144739879100861,3.7117224946481535,1.8097458349181688,0.0443368
-1.9604809043480094,0.9478378733553781,-1.5069157106331623,-0.0073824
-1.9604809043480094,3.7117224946481535,-1.691174685386014,0.00665159
-1.7762219295951578,-1.6317877731845458,-3.3495054581616794,-0.0720347
-1.7762219295951578,-1.6317877731845458,1.0727099359067616,-0.0022769
-1.7762219295951578,-1.4475287984316942,-0.21710288736320038,-0.00672378
-1.7762219295951578,-1.079010848925991,-3.3495054581616794,-0.0669949
-1.7762219295951578,0.3950609490968233,1.8097458349181688,-0.0132964
-1.7762219295951578,1.1320968481082296,-1.691174685386014,-0.00728916
-1.7762219295951578,1.869132747119636,-2.428210584397421,-0.00251157
-1.5919629548423053,-1.8160467479373974,-4.639318281431642,-0.0903826
-1.5919629548423053,-0.8947518741731386,-2.9809875086559763,-0.0475643
-1.5919629548423053,-0.5262339246674355,-3.3495054581616794,-0.0585312
-1.5919629548423053,-0.5262339246674355,1.6254868601653163,-0.0190406
-1.5919629548423053,-0.3419749499145839,-1.1383977611274583,-0.0142638
-1.5919629548423053,0.21080197434397085,-3.1652464834088274,-0.0597071
-1.5919629548423053,0.21080197434397085,-2.7967285339031243,-0.0516232
-1.5919629548423053,0.9478378733553781,-2.6124695591502727,-0.0511424
-1.5919629548423053,0.9478378733553781,1.6254868601653163,-5.67614e-05
-1.5919629548423053,2.237650696625339,2.546781733929575,0.0854553
-1.5919629548423053,2.974686595636747,2.546781733929575,0.0875645
-1.5919629548423053,3.895981469401006,-0.9541387863746076,0.0119185
-1.4077039800894546,-2.1845646974431014,-2.9809875086559763,-0.0664774
-1.4077039800894546,-1.2632698236788427,-0.0328439126103488,-0.00214321
-1.4077039800894546,1.1320968481082296,-1.3226567358803107,-0.00527774
-1.4077039800894546,1.5006147976139328,-3.1652464834088274,-0.0596845
-1.4077039800894546,1.6848737723667844,-2.2439516096445695,-0.0167853
-1.4077039800894546,2.237650696625339,2.546781733929575,0.0840603
-1.4077039800894546,2.974686595636747,2.546781733929575,0.0868073
-1.2234450053366022,-2.5530826469488046,-3.1652464834088274,-0.0734639
-1.2234450053366022,-0.7104928994202879,-0.7698798116217551,-0.0024504
-1.2234450053366022,-0.1577159751617332,-4.455059306678789,-0.0861748
-1.2234450053366022,0.026542999591119276,1.6254868601653163,-0.02751
-1.2234450053366022,0.21080197434397085,1.6254868601653163,-0.0261441
-1.2234450053366022,1.1320968481082296,1.6254868601653163,0.00160743
-1.2234450053366022,1.3163558228610812,1.8097458349181688,0.0176413
-1.0391860305837497,-2.5530826469488046,-4.639318281431642,-0.087877
-1.0391860305837497,-1.079010848925991,-0.0328439126103488,-0.00157972
-1.0391860305837497,-0.1577159751617332,-1.8754336601388655,-0.00774744
-1.0391860305837497,0.3950609490968233,1.6254868601653163,-0.0323194
-1.0391860305837497,0.579319923849674,-0.7698798116217551,-0.00301972
-1.0391860305837497,1.869132747119636,-2.6124695591502727,-0.0407508
-1.0391860305837497,3.527463519895301,2.178263784423872,0.0617805
-1.0391860305837497,4.080240444153857,1.6254868601653163,0.0265783
-0.854927055830899,-1.2632698236788427,-5.376354180443048,-0.0923557
-0.854927055830899,-0.7104928994202879,-1.691174685386014,0.0127538
-0.854927055830899,-0.7104928994202879,-0.5856208368689035,0.00414945
-0.854927055830899,-0.1577159751617332,-4.8235772561844925,-0.0879726
-0.854927055830899,0.3950609490968233,1.8097458349181688,-0.0410085
-0.854927055830899,0.9478378733553781,-0.5856208368689035,-0.000681035
-0.854927055830899,2.0533917218724884,2.3625227591767244,0.0644501
-0.854927055830899,4.080240444153857,-0.5856208368689035,0.00839415
-0.6706680810780465,-1.8160467479373974,-1.5069157106331623,0.00485053
-0.6706680810780465,0.9478378733553781,-0.5856208368689035,-0.00367564
-0.6706680810780465,1.869132747119636,-3.9022823824202346,-0.0672714
-0.6706680810780465,3.3432045451424504,2.3625227591767244,0.0634345
-0.6706680810780465,3.7117224946481535,-1.8754336601388655,-0.0400359
-0.6706680810780465,4.264499418906709,-0.21710288736320038,0.01481
-0.48640910632519585,-2.7373416217016566,-2.7967285339031243,-0.0591202
-0.48640910632519585,-1.2632698236788427,1.2569689106596131,-0.0505836
-0.48640910632519585,-0.1577159751617332,-1.1383977611274583,0.00585998
-0.48640910632519585,0.579319923849674,-1.3226567358803107,-0.0034156
-0.48640910632519585,1.3163558228610812,1.8097458349181688,-0.00269371
-0.48640910632519585,3.158945570389598,-2.428210584397421,-0.0525306
-0.48640910632519585,4.264499418906709,-0.21710288736320038,0.0197662
-0.3021501315723434,-1.8160467479373974,-0.21710288736320038,0.00809335
-0.3021501315723434,3.7117224946481535,2.3625227591767244,0.0505695
-0.3021501315723434,3.895981469401006,1.8097458349181688,0.046686
-0.3021501315723434,4.264499418906709,0.88845096115391,0.034345
-0.11789115681949269,-2.368823672195953,-0.7698798116217551,0.00706338
-0.11789115681949269,-2.00030572269025,-0.21710288736320038,0.00824635
-0.11789115681949269,0.21080197434397085,-0.7698798116217551,-0.00560675
-0.11789115681949269,0.579319923849674,-1.1383977611274583,0.00384514
-0.11789115681949269,4.264499418906709,-0.40136186211605285,0.0181693
0.06636781793335977,2.237650696625339,-3.1652464834088274,-0.0373509
0.06636781793335977,4.264499418906709,-0.9541387863746076,-0.0115839
0.25062679268621224,-1.8160467479373974,0.15141506214250366,-0.00819657
0.25062679268621224,-0.5262339246674355,-5.192095205690197,-0.072931
0.25062679268621224,-0.5262339246674355,2.546781733929575,-0.0494877
0.25062679268621224,1.3163558228610812,2.3625227591767244,-0.000391237
0.25062679268621224,3.527463519895301,3.0995586581881307,0.0489418
0.25062679268621224,3.7117224946481535,2.9152996834352782,0.0473928
0.43488576743906293,-2.9216005964545078,-3.1652464834088274,-0.0512352
0.43488576743906293,0.9478378733553781,-4.639318281431642,-0.0646838
0.43488576743906293,3.895981469401006,2.7310407086824275,0.0438021
0.43488576743906293,4.080240444153857,2.3625227591767244,0.0414653
0.6191447421919154,-2.9216005964545078,-2.9809875086559763,-0.0314216
0.6191447421919154,-2.7373416217016566,-4.455059306678789,-0.0755662
0.6191447421919154,-0.8947518741731386,-5.192095205690197,-0.0666022
0.6191447421919154,1.6848737723667844,2.9152996834352782,0.0238067
0.6191447421919154,1.869132747119636,3.0995586581881307,0.0305267
0.6191447421919154,2.7904276208838947,-2.6124695591502727,-0.0448903
0.8034037169447679,-2.5530826469488046,0.5199330116482059,0.00607822
0.8034037169447679,-2.00030572269025,-5.007836230937345,-0.0705573
0.8034037169447679,2.4219096713781916,-2.6124695591502727,-0.0267228
0.8034037169447679,4.264499418906709,-0.9541387863746076,-0.00706927
0.9876626916976168,-2.00030572269025,1.2569689106596131,-0.0188808
0.9876626916976168,1.6848737723667844,-3.9022823824202346,-0.0459477
0.9876626916976168,2.0533917218724884,-2.7967285339031243,-0.00208522
0.9876626916976168,3.158945570389598,3.2838176329409814,0.0438109
0.9876626916976168,4.080240444153857,2.546781733929575,0.0385506
1.1719216664504692,-2.00030572269025,1.4412278854124647,-0.0149112
1.1719216664504692,0.026542999591119276,-4.270800331925938,-0.0153079
1.1719216664504692,1.3163558228610812,2.546781733929575,0.00414939
1.1719216664504692,2.237650696625339,-2.428210584397421,-0.0189562
1.1719216664504692,2.7904276208838947,3.2838176329409814,0.0400221
1.1719216664504692,3.895981469401006,2.7310407086824275,0.0391172
1.3561806412033217,-3.2901185459602114,0.7041919864010584,0.0139384
1.3561806412033217,-1.079010848925991,-4.455059306678789,-0.0288645
1.3561806412033217,0.026542999591119276,-4.086541357173086,-0.00451611
1.3561806412033217,3.527463519895301,-1.8754336601388655,-0.043385
1.3561806412033217,3.895981469401006,-1.3226567358803107,-0.0249638
1.3561806412033217,5.185794292670968,1.8097458349181688,0.0316477
1.5404396159561742,-2.9216005964545078,-0.7698798116217551,0.0107046
1.5404396159561742,-1.8160467479373974,-3.718023407667383,-0.0143716
1.5404396159561742,-0.8947518741731386,-4.086541357173086,0.00018206
1.5404396159561742,-0.8947518741731386,2.7310407086824275,-0.00149678
1.7246985907090249,-3.4743775207130634,0.7041919864010584,0.0133569
1.7246985907090249,-1.4475287984316942,3.0995586581881307,0.00402367
1.7246985907090249,-1.079010848925991,-3.718023407667383,0.0167631
1.7246985907090249,0.7635788986025256,-3.3495054581616794,-0.0133631
1.7246985907090249,1.5006147976139328,-2.2439516096445695,-0.0157978
1.7246985907090249,1.6848737723667844,-1.8754336601388655,-0.0275143
1.7246985907090249,2.237650696625339,-1.8754336601388655,-0.0350044
1.7246985907090249,2.7904276208838947,-1.8754336601388655,-0.0391363
1.7246985907090249,3.527463519895301,-1.3226567358803107,-0.0241938
1.7246985907090249,3.7117224946481535,-1.1383977611274583,-0.0120881
1.9089575654618773,-0.7104928994202879,3.2838176329409814,0.0134052
1.9089575654618773,-0.1577159751617332,-3.3495054581616794,0.0292267
1.9089575654618773,0.579319923849674,-3.1652464834088274,-0.00511762
1.9089575654618773,1.3163558228610812,2.7310407086824275,-0.00729405
1.9089575654618773,1.6848737723667844,-1.691174685386014,-0.0328296
1.9089575654618773,3.527463519895301,-1.1383977611274583,-0.00899873
1.9089575654618773,4.080240444153857,2.9152996834352782,0.0412656
1.9089575654618773,4.264499418906709,2.9152996834352782,0.0423914
1.9089575654618773,5.554312242176671,1.4412278854124647,0.0282963
1.9089575654618773,5.7385712169295235,0.33567403689535436,0.0325258
2.09321654021473,-2.9216005964545078,-2.7967285339031243,0.0157266
2.09321654021473,5.185794292670968,2.546781733929575,0.0430383
2.2774755149675787,-2.5530826469488046,3.0995586581881307,0.00192891
2.2774755149675787,-2.1845646974431014,3.2838176329409814,0.0011827
2.2774755149675787,-0.5262339246674355,3.468076607693834,0.0172768
2.2774755149675787,0.7635788986025256,-2.9809875086559763,-0.00860445
2.2774755149675787,1.5006147976139328,-2.059692634891717,-0.0293879
2.2774755149675787,2.7904276208838947,2.546781733929575,0.0315246
2.2774755149675787,5.554312242176671,1.8097458349181688,0.0344547
2.461734489720431,-3.4743775207130634,2.3625227591767244,0.0130875
2.461734489720431,-2.5530826469488046,3.2838176329409814,0.00337592
2.461734489720431,1.5006147976139328,2.7310407086824275,-0.00996785
2.461734489720431,1.6848737723667844,2.7310407086824275,-0.00759978
2.461734489720431,5.554312242176671,1.8097458349181688,0.0352998
2.6459934644732837,2.0533917218724884,-1.691174685386014,0.0082574
2.830252439226136,1.1320968481082296,-2.428210584397421,-0.00923602
2.830252439226136,1.3163558228610812,-2.059692634891717,-0.0132363
2.830252439226136,5.370053267423819,0.33567403689535436,0.0279668
2.830252439226136,5.370053267423819,2.178263784423872,0.0423986
3.014511413978987,-4.211413419724471,0.5199330116482059,0.0159811
3.014511413978987,0.579319923849674,2.178263784423872,0.00676879
3.014511413978987,5.0015353179181155,2.546781733929575,0.047184
3.014511413978987,5.370053267423819,1.2569689106596131,0.0304981
3.1987703887318393,-4.395672394477321,0.5199330116482059,0.0182251
3.1987703887318393,-2.1845646974431014,3.6523355824466863,0.00593792
3.1987703887318393,0.21080197434397085,2.546781733929575,0.0118043
3.1987703887318393,3.158945570389598,-1.691174685386014,0.0278922
3.3830293634846917,-4.395672394477321,0.7041919864010584,0.0195015
3.3830293634846917,-4.211413419724471,0.88845096115391,0.0183708
3.3830293634846917,-3.2901185459602114,-2.428210584397421,0.0192184
3.3830293634846917,-2.368823672195953,3.6523355824466863,0.00798758
3.3830293634846917,-1.079010848925991,-2.9809875086559763,0.0574401
3.3830293634846917,5.0015353179181155,1.0727099359067616,0.0309548
3.5672883382375424,0.21080197434397085,2.546781733929575,0.0112774
3.5672883382375424,2.606168646131044,2.178263784423872,0.0302007
3.5672883382375424,4.448758393659562,0.33567403689535436,0.0332691
3.751547312990393,-2.1845646974431014,-2.6124695591502727,0.0286864
3.751547312990393,-1.8160467479373974,3.6523355824466863,0.00964422
3.751547312990393,0.026542999591119276,2.9152996834352782,0.0110672
3.751547312990393,0.7635788986025256,1.6254868601653163,0.0234032
3.751547312990393,0.9478378733553781,1.4412278854124647,0.026804
3.751547312990393,3.3432045451424504,-1.3226567358803107,0.0310689
3.751547312990393,3.895981469401006,-0.40136186211605285,0.0343992
3.9358062877432456,-3.2901185459602114,-2.428210584397421,0.0177599
3.9358062877432456,-3.2901185459602114,3.2838176329409814,0.0189588
3.9358062877432456,-2.9216005964545078,3.468076607693834,0.015322
3.9358062877432456,-1.8160467479373974,3.6523355824466863,0.0108611
3.9358062877432456,-0.1577159751617332,-2.6124695591502727,0.0668495
4.120065262496096,-4.027154444971618,-1.5069157106331623,0.0056981
4.120065262496096,-1.6317877731845458,-2.2439516096445695,0.0291809
4.120065262496096,-1.2632698236788427,3.836594557199537,0.0138321
4.120065262496096,-1.079010848925991,3.836594557199537,0.0139847
4.120065262496096,-0.7104928994202879,-1.8754336601388655,0.0492932
4.120065262496096,-0.5262339246674355,3.6523355824466863,0.0125082
4.120065262496096,0.026542999591119276,-1.5069157106331623,0.0477933
4.120065262496096,1.1320968481082296,1.2569689106596131,0.0345276
4.120065262496096,1.5006147976139328,1.6254868601653163,0.0317879
4.120065262496096,2.0533917218724884,-1.1383977611274583,0.0325013
4.304324237248949,-4.764190343983025,-0.0328439126103488,0.0211403
4.304324237248949,-2.368823672195953,3.468076607693834,0.0123713
4.304324237248949,0.026542999591119276,3.2838176329409814,0.0104077
4.304324237248949,1.1320968481082296,1.2569689106596131,0.0358003
4.304324237248949,2.7904276208838947,-0.9541387863746076,0.0306215
4.488583212001801,-4.027154444971618,-1.3226567358803107,0.00762578
4.488583212001801,-0.7104928994202879,-1.691174685386014,0.0360212
4.488583212001801,-0.7104928994202879,4.0208535319523895,0.0178508
4.672842186754654,-4.579931369230174,0.15141506214250366,0.0205628
4.672842186754654,-3.658636495465915,1.6254868601653163,0.0152688
4.672842186754654,-3.10585957120736,2.7310407086824275,0.016018
4.672842186754654,-2.7373416217016566,-2.2439516096445695,0.0159113
4.672842186754654,-2.1845646974431014,3.6523355824466863,0.0147638
4.672842186754654,-2.00030572269025,3.836594557199537,0.0165458
4.672842186754654,-0.5262339246674355,-1.691174685386014,0.0358098
4.672842186754654,0.21080197434397085,3.2838176329409814,0.0101408
4.672842186754654,2.237650696625339,1.8097458349181688,0.0419115
4.672842186754654,3.527463519895301,1.2569689106596131,0.0397166
4.857101161507504,-3.8428954702187665,1.2569689106596131,0.0159867
4.857101161507504,-2.368823672195953,3.468076607693834,0.0141694
4.857101161507504,0.3950609490968233,3.0995586581881307,0.0102423
4.857101161507504,0.579319923849674,-0.0328439126103488,0.0395705
4.857101161507504,0.579319923849674,0.15141506214250366,0.0384659
4.857101161507504,0.9478378733553781,0.88845096115391,0.0373144
4.857101161507504,1.1320968481082296,1.2569689106596131,0.0370363
4.857101161507504,2.237650696625339,1.6254868601653163,0.0437059
5.041360136260357,-2.5530826469488046,-2.059692634891717,0.0137886
5.041360136260357,0.3950609490968233,0.33567403689535436,0.0328925
5.041360136260357,0.579319923849674,0.5199330116482059,0.0338178
5.041360136260357,0.7635788986025256,0.7041919864010584,0.0349493
5.041360136260357,2.974686595636747,1.2569689106596131,0.0440991
5.2256191110132075,-4.027154444971618,0.15141506214250366,0.0156254
5.2256191110132075,-4.027154444971618,1.4412278854124647,0.0188959
5.2256191110132075,-2.368823672195953,3.468076607693834,0.0152448
5.2256191110132075,-1.8160467479373974,-2.059692634891717,0.0145178
5.2256191110132075,-0.7104928994202879,4.205112506705242,0.024251
5.2256191110132075,1.1320968481082296,1.6254868601653163,0.0325543
5.409878085766058,-3.8428954702187665,0.33567403689535436,0.0151192
5.409878085766058,-2.5530826469488046,3.0995586581881307,0.0135183
5.409878085766058,-1.4475287984316942,4.205112506705242,0.0255016
5.594137060518911,-3.658636495465915,2.546781733929575,0.0202505
5.594137060518911,-1.2632698236788427,-2.059692634891717,0.0156504
5.594137060518911,0.21080197434397085,-0.40136186211605285,0.0303302
5.778396035271763,-4.027154444971618,0.88845096115391,0.0174933
5.778396035271763,-3.8428954702187665,-1.1383977611274583,0.0170127
5.778396035271763,-2.1845646974431014,3.468076607693834,0.0166962
5.962655010024614,-4.027154444971618,0.88845096115391,0.0172978
5.962655010024614,-0.3419749499145839,3.6523355824466863,0.0191824
6.146913984777466,-3.8428954702187665,-1.1383977611274583,0.0203359
6.146913984777466,-2.00030572269025,-2.059692634891717,0.0118395
6.146913984777466,-1.6317877731845458,3.6523355824466863,0.0207395
6.331172959530317,-1.4475287984316942,3.468076607693834,0.0187341
6.331172959530317,-0.8947518741731386,-1.691174685386014,0.0155985
6.331172959530317,-0.5262339246674355,-1.5069157106331623,0.020507
6.331172959530317,-0.1577159751617332,0.88845096115391,0.0168744
6.331172959530317,0.026542999591119276,1.6254868601653163,0.0154612
6.515431934283171,-3.658636495465915,-0.21710288736320038,0.0157327
6.699690909036022,-2.9216005964545078,-1.8754336601388655,0.0230917
6.699690909036022,-2.1845646974431014,-1.8754336601388655,0.015871
6.699690909036022,-1.4475287984316942,-1.5069157106331623,0.00960468
6.883949883788873,-2.5530826469488046,2.546781733929575,0.00823137
6.883949883788873,-0.8947518741731386,-0.21710288736320038,0.0140884
7.068208858541723,-3.4743775207130634,1.2569689106596131,0.0108019
7.068208858541723,-3.10585957120736,2.178263784423872,0.00973311
7.068208858541723,-2.9216005964545078,0.15141506214250366,0.0122249
7.068208858541723,-1.4475287984316942,2.546781733929575,0.0131403
7.252467833294578,-2.9216005964545078,-0.5856208368689035,0.0186117
7.252467833294578,-2.5530826469488046,-0.21710288736320038,0.013594
7.252467833294578,-1.8160467479373974,-0.21710288736320038,0.0126235
7.436726808047428,-1.6317877731845458,2.3625227591767244,0.0149503
7.620985782800279,-2.5530826469488046,1.6254868601653163,0.00920485
7.620985782800279,-0.7104928994202879,0.7041919864010584,0.0237358
7.989503732305984,-2.00030572269025,1.0727099359067616,0.0188183
