-5.095152057838469,-1.6015368288948668,0.9206646237091736,0.0351058
-5.095152057838469,-1.2743402108764776,1.902254477764342,0.0360324
-4.931553748829274,-0.7835452838488939,1.2478612417275636,0.0406885
-4.76795543982008,-1.9287334469132578,2.3930494047919275,0.0273759
-4.76795543982008,-1.110741901867283,0.5934680056907835,0.0365316
-4.76795543982008,-0.9471435928580885,2.229451095782733,0.0329412
-4.76795543982008,-0.7835452838488939,2.0658527867735366,0.0346097
-4.604357130810884,-1.2743402108764776,2.556647713801122,0.0294113
-4.604357130810884,-0.4563486658305047,1.084262932718369,0.0430909
-4.604357130810884,-0.4563486658305047,1.7386561687551474,0.0385177
-4.44075882180169,-1.6015368288948668,0.26627138767239433,0.0263029
-4.44075882180169,-1.6015368288948668,2.7202460228103167,0.0280543
-4.44075882180169,-0.9471435928580885,0.4298696966815889,0.0350419
-4.277160512792495,-0.7835452838488939,0.4298696966815889,0.0357618
-4.1135622037832995,1.9976259693074176,0.26627138767239433,0.0366926
-4.1135622037832995,1.9976259693074176,0.7570663146999781,0.0438659
-4.1135622037832995,3.306412441380978,0.26627138767239433,0.0455593
-3.949963894774105,-3.7283148460144,0.5934680056907835,-0.0517279
-3.949963894774105,-2.4195283739408415,2.8838443318195113,0.0248892
-3.949963894774105,-1.9287334469132578,0.10267307866319975,0.0160904
-3.949963894774105,-0.12915204781211376,2.229451095782733,0.0348528
-3.949963894774105,0.03444626119708083,2.0658527867735366,0.0398722
-3.949963894774105,0.36164287921547,2.0658527867735366,0.0436588
-3.949963894774105,1.9976259693074176,-0.388121848364384,0.0211909
-3.949963894774105,1.9976259693074176,1.2478612417275636,0.04345
-3.949963894774105,2.4884208963350023,1.084262932718369,0.0443822
-3.949963894774105,3.306412441380978,1.084262932718369,0.048784
-3.7863655857649103,-3.401118227996011,1.084262932718369,-0.0308052
-3.7863655857649103,-3.401118227996011,2.229451095782733,0.0139658
-3.7863655857649103,-3.0739216099776208,2.7202460228103167,0.0212129
-3.7863655857649103,-2.4195283739408415,-0.22452353935518943,-0.00465414
-3.7863655857649103,-1.7651351379040632,-0.06092523034599484,0.0170724
-3.7863655857649103,-1.6015368288948668,3.2110409498379004,0.0292805
-3.7863655857649103,1.834027660298224,-0.715318466382775,0.012663
-3.6227672767557157,-3.0739216099776208,2.8838443318195113,0.0233553
-3.6227672767557157,0.5252411882246646,-0.8789167753919696,0.0104323
-3.6227672767557157,2.324822587325807,-0.8789167753919696,0.0130751
-3.6227672767557157,3.633609059399367,-0.388121848364384,0.0348044
-3.4591689677465207,-2.0923317559224524,-0.8789167753919696,0.0182136
-3.4591689677465207,-0.29275035682130923,-0.5517201573735804,0.0200264
-3.4591689677465207,1.5068310422798339,2.0658527867735366,0.0282915
-3.4591689677465207,2.9792158233625887,-0.8789167753919696,0.0183147
-3.4591689677465207,4.12440398642695,0.4298696966815889,0.0454078
-3.2955706587373257,-0.9471435928580885,-0.715318466382775,0.0183118
-3.2955706587373257,1.1796344242614447,2.229451095782733,0.0261151
-3.131972349728131,-4.219109773041985,1.2478612417275636,-0.0503412
-3.131972349728131,0.03444626119708083,-1.0425150844011641,0.0122103
-3.131972349728131,0.19804457020627542,2.7202460228103167,0.0368281
-3.131972349728131,0.6888394972338592,-1.2061133934103587,0.00488611
-3.131972349728131,3.9608056774177562,1.2478612417275636,0.0408052
-2.9683740407189365,-3.7283148460144,2.556647713801122,0.0231207
-2.9683740407189365,-2.7467249919592316,-1.6969083204379434,0.00733902
-2.9683740407189365,-2.4195283739408415,3.374639258847096,0.0215921
-2.9683740407189365,-1.9287334469132578,-1.5333100114287488,0.0340589
-2.9683740407189365,-0.29275035682130923,-1.0425150844011641,0.0177082
-2.9683740407189365,1.9976259693074176,-1.3697117024195533,0.00318978
-2.9683740407189365,2.161224278316613,-1.3697117024195533,0.00424559
-2.9683740407189365,2.652019205344196,1.902254477764342,0.0226227
-2.804775731709741,-1.2743402108764776,3.701835876865485,0.0317849
-2.804775731709741,1.5068310422798339,-1.3697117024195533,0.00176262
-2.6411774227005465,-4.219109773041985,1.4114595507367582,-0.0439274
-2.6411774227005465,-3.7283148460144,2.556647713801122,0.023352
-2.6411774227005465,-2.583126682950036,-2.024104938456333,0.02197
-2.6411774227005465,-2.4195283739408415,3.374639258847096,0.0198631
-2.6411774227005465,-1.110741901867283,-2.3513015564747226,0.0304194
-2.6411774227005465,0.5252411882246646,2.3930494047919275,0.0267838
-2.6411774227005465,1.6704293512890285,2.229451095782733,0.0121127
-2.6411774227005465,2.324822587325807,2.0658527867735366,0.0139197
-2.6411774227005465,3.4700107503901716,-1.0425150844011641,0.0163613
-2.477579113691352,-5.0371013180879585,-0.8789167753919696,-0.0694561
-2.477579113691352,-2.255930064931647,-2.514899865483917,0.0215505
-2.477579113691352,0.6888394972338592,-1.3697117024195533,0.00706001
-2.477579113691352,4.451600604445341,-0.8789167753919696,-7.60483e-05
-2.477579113691352,4.615198913454535,-0.388121848364384,0.00244777
-2.3139808046821573,-4.219109773041985,1.4114595507367582,-0.0429875
-2.3139808046821573,-2.583126682950036,-2.678498174493112,0.0171876
-2.3139808046821573,2.4884208963350023,2.0658527867735366,0.0107927
-2.3139808046821573,3.9608056774177562,-1.3697117024195533,0.00196545
-2.3139808046821573,4.12440398642695,0.9206646237091736,0.0248424
-2.3139808046821573,4.615198913454535,0.26627138767239433,0.00675976
-2.3139808046821573,4.77879722246373,-1.2061133934103587,-0.00830143
-2.1503824956729627,0.03444626119708083,2.8838443318195113,0.0378289
-2.1503824956729627,2.324822587325807,-1.6969083204379434,0.00281898
-2.1503824956729627,2.4884208963350023,-1.6969083204379434,0.00357544
-2.1503824956729627,2.4884208963350023,2.0658527867735366,0.00906802
-2.1503824956729627,3.306412441380978,-1.5333100114287488,0.00881846
-2.1503824956729627,3.306412441380978,1.7386561687551474,0.0164007
-2.1503824956729627,4.77879722246373,-1.5333100114287488,-0.0104818
-1.986784186663768,-3.8919131550235946,-2.187703247465528,-0.00365006
-1.986784186663768,-3.401118227996011,2.556647713801122,0.0212543
-1.986784186663768,-3.0739216099776208,-3.005694792511502,0.0163676
-1.986784186663768,-1.7651351379040632,-3.1692931015206964,0.0216771
-1.986784186663768,0.03444626119708083,-1.6969083204379434,0.0187577
-1.986784186663768,1.1796344242614447,-1.3697117024195533,0.0118938
-1.986784186663768,1.3432327332706393,2.229451095782733,0.00728296
-1.986784186663768,3.4700107503901716,-1.6969083204379434,0.00477673
-1.986784186663768,3.9608056774177562,1.084262932718369,0.0198435
-1.986784186663768,5.105993840482119,0.4298696966815889,-0.00574513
-1.986784186663768,5.43319045850051,-0.06092523034599484,-0.00753008
-1.8231858776545717,-4.873503009078764,0.5934680056907835,-0.0602813
-1.8231858776545717,-3.8919131550235946,1.4114595507367582,-0.0310633
-1.8231858776545717,-2.7467249919592316,-3.1692931015206964,0.01638
-1.8231858776545717,-2.583126682950036,-3.1692931015206964,0.0159078
-1.8231858776545717,-2.4195283739408415,-3.1692931015206964,0.0158547
-1.8231858776545717,-0.9471435928580885,-3.1692931015206964,0.0308699
-1.8231858776545717,-0.12915204781211376,-2.187703247465528,0.0289815
-1.8231858776545717,0.19804457020627542,-1.6969083204379434,0.0157887
-1.8231858776545717,0.36164287921547,2.229451095782733,0.02087
-1.8231858776545717,4.451600604445341,-2.024104938456333,-0.0118016
-1.8231858776545717,5.43319045850051,0.26627138767239433,-0.00779979
-1.6595875686453772,-4.873503009078764,0.4298696966815889,-0.0603755
-1.6595875686453772,-3.5647165370052054,1.4114595507367582,-0.0172279
-1.6595875686453772,-3.237519918986816,1.5750578597459528,0.00248128
-1.6595875686453772,-0.29275035682130923,-2.678498174493112,0.0330605
-1.6595875686453772,1.1796344242614447,-1.5333100114287488,0.0109034
-1.6595875686453772,4.12440398642695,1.084262932718369,0.0104472
-1.6595875686453772,5.760387076518899,-0.5517201573735804,-0.00261444
-1.4959892596361826,-3.7283148460144,1.2478612417275636,-0.0266076
-1.4959892596361826,-3.0739216099776208,1.4114595507367582,0.00410756
-1.4959892596361826,-0.7835452838488939,-3.1692931015206964,0.0304901
-1.4959892596361826,0.8524378062430538,2.0658527867735366,0.0101012
-1.4959892596361826,5.269592149491313,-1.860506629447138,-0.00811887
-1.332390950626988,-4.709904700069569,0.26627138767239433,-0.0567214
-1.332390950626988,-4.382708082051179,0.7570663146999781,-0.0482
-1.332390950626988,-4.219109773041985,-2.187703247465528,0.004828
-1.332390950626988,-3.0739216099776208,1.2478612417275636,0.00256137
-1.332390950626988,-2.255930064931647,-3.3328914105298915,0.0148651
-1.332390950626988,-1.9287334469132578,-3.3328914105298915,0.0165763
-1.332390950626988,-1.4379385198856722,2.3930494047919275,0.0183714
-1.332390950626988,-1.2743402108764776,2.3930494047919275,0.0203555
-1.332390950626988,-0.7835452838488939,-3.1692931015206964,0.029499
-1.332390950626988,-0.29275035682130923,2.0658527867735366,0.0256166
-1.332390950626988,1.1796344242614447,1.902254477764342,0.00822389
-1.1687926416177934,-4.219109773041985,-2.3513015564747226,0.010722
-1.1687926416177934,-4.219109773041985,-1.2061133934103587,-0.031144
-1.1687926416177934,-2.4195283739408415,1.7386561687551474,0.00357404
-1.1687926416177934,-1.4379385198856722,-3.3328914105298915,0.0209351
-1.1687926416177934,1.834027660298224,-2.024104938456333,0.00227336
-1.1687926416177934,5.269592149491313,-2.024104938456333,-0.00636305
-1.0051943326085988,-3.7283148460144,0.7570663146999781,-0.0239005
-1.0051943326085988,-3.237519918986816,0.9206646237091736,-0.00183553
-1.0051943326085988,-2.4195283739408415,1.5750578597459528,-0.000816158
-1.0051943326085988,1.5068310422798339,1.5750578597459528,0.0117533
-1.0051943326085988,4.77879722246373,-2.3513015564747226,-0.0120761
-0.8415960235994042,-4.05551146403279,-0.5517201573735804,-0.0305725
-0.8415960235994042,-4.05551146403279,0.10267307866319975,-0.0348082
-0.8415960235994042,-1.9287334469132578,1.7386561687551474,-0.00297711
-0.8415960235994042,5.923985385528095,0.10267307866319975,0.00397291
-0.6779977145902096,-3.7283148460144,-0.06092523034599484,-0.0167929
-0.6779977145902096,-3.5647165370052054,-3.1692931015206964,0.0206118
-0.6779977145902096,-3.0739216099776208,-3.3328914105298915,0.0174257
-0.6779977145902096,-0.29275035682130923,-2.3513015564747226,0.0247867
-0.6779977145902096,2.161224278316613,1.5750578597459528,0.00571229
-0.6779977145902096,5.43319045850051,0.9206646237091736,-0.00949954
-0.5143994055810142,-3.7283148460144,-0.8789167753919696,-0.0087894
-0.5143994055810142,-2.4195283739408415,0.9206646237091736,-5.11937e-06
-0.5143994055810142,-2.255930064931647,1.084262932718369,-0.00374609
-0.5143994055810142,-1.9287334469132578,-3.1692931015206964,0.0132512
-0.5143994055810142,0.36164287921547,1.7386561687551474,0.0124824
-0.5143994055810142,1.1796344242614447,-2.187703247465528,0.00586013
-0.5143994055810142,1.5068310422798339,1.4114595507367582,0.0125087
-0.5143994055810142,3.1428141323717824,1.4114595507367582,0.00723062
-0.5143994055810142,5.43319045850051,0.9206646237091736,-0.00932756
-0.3508010965718187,-3.7283148460144,-2.8420964835023073,0.0161401
-0.3508010965718187,-1.9287334469132578,1.084262932718369,-0.00257116
-0.3508010965718187,0.8524378062430538,1.5750578597459528,0.0128181
-0.3508010965718187,1.9976259693074176,-2.187703247465528,0.00731733
-0.1872027875626241,3.4700107503901716,1.2478612417275636,0.00566729
-0.1872027875626241,4.77879722246373,-2.3513015564747226,-0.00955011
-0.1872027875626241,4.77879722246373,1.2478612417275636,-0.011873
-0.1872027875626241,5.760387076518899,-1.3697117024195533,0.0198242
-0.02360447855342951,-2.255930064931647,0.7570663146999781,-0.00644003
-0.02360447855342951,-1.4379385198856722,1.084262932718369,0.0119028
-0.02360447855342951,-0.6199469748396993,1.4114595507367582,0.0185766
-0.02360447855342951,1.6704293512890285,1.4114595507367582,0.0102983
-0.02360447855342951,4.615198913454535,1.2478612417275636,-0.0114819
0.13999383045576508,-0.29275035682130923,-2.187703247465528,0.0142811
0.13999383045576508,1.9976259693074176,-2.187703247465528,0.0124153
0.13999383045576508,3.1428141323717824,-2.024104938456333,0.00381618
0.13999383045576508,4.942395531472924,1.084262932718369,-0.0123495
0.30359213946495966,-3.401118227996011,-2.187703247465528,-0.0172337
0.30359213946495966,-1.9287334469132578,0.9206646237091736,-0.0018261
0.30359213946495966,0.5252411882246646,-2.024104938456333,0.0166225
0.30359213946495966,0.6888394972338592,1.902254477764342,0.0288626
0.30359213946495966,3.633609059399367,-2.187703247465528,-0.00756048
0.30359213946495966,5.43319045850051,0.5934680056907835,-0.00562093
0.30359213946495966,5.760387076518899,-0.715318466382775,0.0199397
0.46719044847415425,-3.0739216099776208,0.26627138767239433,-0.0359156
0.46719044847415425,1.3432327332706393,-2.187703247465528,0.0155758
0.46719044847415425,1.3432327332706393,1.7386561687551474,0.028171
0.46719044847415425,3.4700107503901716,-2.024104938456333,-0.00357685
0.46719044847415425,4.288002295436145,-2.187703247465528,-0.0114494
0.46719044847415425,5.596788767509704,0.10267307866319975,0.00336317
0.6307887574833488,-3.401118227996011,-2.024104938456333,-0.0375644
0.6307887574833488,-2.910323300968426,-2.514899865483917,-0.027373
0.6307887574833488,-2.583126682950036,-2.678498174493112,-0.0231801
0.6307887574833488,-2.255930064931647,0.7570663146999781,-0.0154133
0.6307887574833488,-1.2743402108764776,-2.678498174493112,-0.00978969
0.6307887574833488,-0.29275035682130923,1.902254477764342,0.0185046
0.6307887574833488,0.03444626119708083,2.229451095782733,0.0235646
0.6307887574833488,2.8156175143533932,0.7570663146999781,0.0104909
0.6307887574833488,3.4700107503901716,0.7570663146999781,0.00246184
0.6307887574833488,3.9608056774177562,0.9206646237091736,-0.00692294
0.6307887574833488,4.942395531472924,0.7570663146999781,-0.0116096
0.7943870664925452,-3.0739216099776208,-2.3513015564747226,-0.0366697
0.7943870664925452,-0.29275035682130923,-2.187703247465528,0.00855948
0.7943870664925452,0.36164287921547,-1.860506629447138,0.0232252
0.7943870664925452,2.324822587325807,-2.024104938456333,0.0228967
0.7943870664925452,5.105993840482119,0.4298696966815889,-0.00867911
0.7943870664925452,5.43319045850051,-0.715318466382775,0.00717581
0.9579853755017398,-3.5647165370052054,-1.5333100114287488,-0.0539047
0.9579853755017398,1.1796344242614447,-2.024104938456333,0.0234687
0.9579853755017398,1.834027660298224,1.4114595507367582,0.0211277
0.9579853755017398,3.4700107503901716,-1.5333100114287488,0.000610097
0.9579853755017398,3.9608056774177562,0.5934680056907835,-0.00805119
0.9579853755017398,4.77879722246373,-1.5333100114287488,-0.00605604
0.9579853755017398,5.269592149491313,-0.388121848364384,-3.63623e-05
1.1215836845109344,-0.12915204781211376,2.556647713801122,0.015775
1.1215836845109344,0.5252411882246646,-1.6969083204379434,0.0262539
1.1215836845109344,3.7972073684085608,0.26627138767239433,-0.00583218
1.1215836845109344,4.942395531472924,-0.06092523034599484,-0.00812697
1.285181993520129,-0.6199469748396993,-2.187703247465528,0.000398112
1.285181993520129,0.36164287921547,-1.6969083204379434,0.022681
1.285181993520129,2.8156175143533932,-0.06092523034599484,0.0191838
1.285181993520129,3.633609059399367,-0.715318466382775,-0.00166151
1.285181993520129,3.9608056774177562,-0.06092523034599484,-0.00836804
1.4487803025293235,-2.0923317559224524,-2.514899865483917,-0.0273756
1.4487803025293235,-1.7651351379040632,-2.514899865483917,-0.0219333
1.4487803025293235,-1.6015368288948668,1.4114595507367582,-0.00769471
1.4487803025293235,-0.7835452838488939,-2.187703247465528,-0.00217783
1.612378611538519,-3.237519918986816,-1.3697117024195533,-0.0552548
1.612378611538519,-3.237519918986816,-0.8789167753919696,-0.0575279
1.612378611538519,-2.910323300968426,-0.22452353935518943,-0.0482494
1.612378611538519,-2.4195283739408415,-2.3513015564747226,-0.0290661
1.612378611538519,-2.255930064931647,0.5934680056907835,-0.0185815
1.612378611538519,-1.110741901867283,2.0658527867735366,-0.00535153
1.612378611538519,-0.9471435928580885,2.229451095782733,-0.0032271
1.612378611538519,2.161224278316613,0.26627138767239433,0.01548
1.612378611538519,2.4884208963350023,-0.06092523034599484,0.0219892
1.7759769205477127,-2.0923317559224524,0.9206646237091736,-0.0157635
1.7759769205477127,-0.9471435928580885,-2.187703247465528,-0.000187291
1.9395752295569082,1.5068310422798339,-1.3697117024195533,0.0333826
1.9395752295569082,1.9976259693074176,1.084262932718369,0.00866427
1.9395752295569082,1.9976259693074176,1.2478612417275636,0.0105869
2.103173538566102,-2.583126682950036,0.10267307866319975,-0.0258113
2.103173538566102,-0.9471435928580885,-2.3513015564747226,0.00277583
2.103173538566102,-0.6199469748396993,-2.187703247465528,0.00201284
2.103173538566102,-0.4563486658305047,2.7202460228103167,-0.000517909
2.103173538566102,1.834027660298224,-0.715318466382775,0.0286974
2.103173538566102,1.834027660298224,0.10267307866319975,0.00808679
2.103173538566102,1.9976259693074176,0.9206646237091736,0.00534568
2.2667718475752974,-2.910323300968426,-0.715318466382775,-0.0268728
2.2667718475752974,-0.4563486658305047,-2.187703247465528,0.00040551
2.2667718475752974,1.0160361152522501,-1.0425150844011641,0.00746655
2.2667718475752974,1.0160361152522501,2.7202460228103167,0.0262015
2.2667718475752974,1.834027660298224,1.902254477764342,0.0186952
2.430370156584491,-2.910323300968426,-2.024104938456333,0.00574311
2.430370156584491,-0.9471435928580885,-2.514899865483917,0.00408887
2.430370156584491,-0.12915204781211376,2.8838443318195113,0.00344888
2.430370156584491,0.36164287921547,-1.6969083204379434,-0.00337128
2.430370156584491,0.6888394972338592,-1.3697117024195533,-0.00112771
2.430370156584491,1.3432327332706393,-0.5517201573735804,0.00347048
2.430370156584491,1.5068310422798339,2.3930494047919275,0.0264458
2.430370156584491,1.9976259693074176,0.7570663146999781,0.000161482
2.5939684655936883,-3.0739216099776208,-1.2061133934103587,-0.00954554
2.5939684655936883,-2.910323300968426,-0.388121848364384,-0.0201132
2.5939684655936883,-0.29275035682130923,2.8838443318195113,-0.000468558
2.5939684655936883,0.19804457020627542,-1.860506629447138,-0.00554611
2.5939684655936883,0.5252411882246646,-1.5333100114287488,-0.00531007
2.5939684655936883,1.9976259693074176,1.4114595507367582,0.0067149
2.757566774602884,-3.0739216099776208,-1.6969083204379434,0.00535454
2.757566774602884,-3.0739216099776208,-1.0425150844011641,-0.00929669
2.757566774602884,-1.110741901867283,2.3930494047919275,-0.0143261
2.757566774602884,-0.7835452838488939,-2.514899865483917,0.00167774
2.757566774602884,0.19804457020627542,3.0474426408287068,0.00968793
2.757566774602884,1.3432327332706393,-0.388121848364384,-0.00477152
2.757566774602884,1.5068310422798339,2.7202460228103167,0.0283666
2.757566774602884,1.9976259693074176,1.5750578597459528,0.00862823
2.9211650836120775,-2.583126682950036,-2.514899865483917,0.0225512
2.9211650836120775,-2.0923317559224524,0.9206646237091736,-0.0176157
2.9211650836120775,-0.12915204781211376,3.0474426408287068,0.00268225
2.9211650836120775,0.36164287921547,-1.6969083204379434,-0.00913014
2.9211650836120775,1.3432327332706393,3.0474426408287068,0.0297393
2.9211650836120775,1.9976259693074176,1.902254477764342,0.0142807
3.084763392621273,-3.0739216099776208,-1.5333100114287488,0.00623268
3.084763392621273,-3.0739216099776208,-1.0425150844011641,-0.00459926
3.084763392621273,-2.255930064931647,-2.678498174493112,0.0231618
3.084763392621273,-2.0923317559224524,0.9206646237091736,-0.0173218
3.084763392621273,-0.29275035682130923,3.0474426408287068,-0.00040908
3.084763392621273,0.19804457020627542,3.2110409498379004,0.0102573
3.084763392621273,0.8524378062430538,-0.715318466382775,-0.0069162
3.2483617016304667,-0.4563486658305047,-2.3513015564747226,-0.00415968
3.2483617016304667,0.03444626119708083,-2.024104938456333,-0.00934966
3.2483617016304667,0.19804457020627542,-1.860506629447138,-0.0106761
3.2483617016304667,0.5252411882246646,-1.3697117024195533,-0.0114251
3.2483617016304667,1.5068310422798339,3.2110409498379004,0.0335891
3.411960010639662,2.161224278316613,1.4114595507367582,0.00310807
3.575558319648856,1.9976259693074176,2.8838443318195113,0.0333014
3.7391566286580513,-1.9287334469132578,1.2478612417275636,-0.0169587
3.7391566286580513,-1.6015368288948668,1.7386561687551474,-0.0166879
3.7391566286580513,-1.4379385198856722,2.0658527867735366,-0.0168517
3.7391566286580513,-0.4563486658305047,3.0474426408287068,-0.00158699
3.7391566286580513,0.19804457020627542,3.374639258847096,0.013633
3.7391566286580513,1.0160361152522501,-0.388121848364384,-0.0105055
3.902754937667245,-1.7651351379040632,1.5750578597459528,-0.0170825
3.902754937667245,-1.110741901867283,-2.3513015564747226,0.00493378
3.902754937667245,1.5068310422798339,3.374639258847096,0.0373104
3.902754937667245,1.9976259693074176,0.7570663146999781,-0.0067325
3.902754937667245,2.161224278316613,1.4114595507367582,0.00351218
4.0663532466764405,2.161224278316613,1.5750578597459528,0.00711542
4.229951555685636,-2.255930064931647,1.084262932718369,-0.0176012
4.229951555685636,-1.9287334469132578,-2.024104938456333,0.0195097
4.229951555685636,-1.4379385198856722,-2.187703247465528,0.012334
4.229951555685636,2.161224278316613,2.229451095782733,0.0228171
4.39354986469483,-2.7467249919592316,0.26627138767239433,-0.0111439
4.39354986469483,0.6888394972338592,-1.0425150844011641,-0.0145544
4.557148173704025,-2.255930064931647,1.084262932718369,-0.0151389
4.557148173704025,1.834027660298224,0.9206646237091736,-0.00285336
4.557148173704025,1.9976259693074176,1.902254477764342,0.0162221
4.720746482713219,-2.4195283739408415,-1.6969083204379434,0.0228493
4.720746482713219,1.6704293512890285,0.5934680056907835,-0.00646426
4.720746482713219,1.834027660298224,1.5750578597459528,0.0100427
4.884344791722414,-2.7467249919592316,-1.2061133934103587,0.0180148
4.884344791722414,-2.583126682950036,0.4298696966815889,-0.00663714
4.884344791722414,-1.2743402108764776,2.229451095782733,-0.00624244
4.884344791722414,1.3432327332706393,-0.06092523034599484,-0.00978246
4.884344791722414,1.6704293512890285,1.084262932718369,0.00227586
5.047943100731608,-1.9287334469132578,1.4114595507367582,-0.00890841
5.211541409740805,-1.7651351379040632,1.5750578597459528,-0.00555377
5.211541409740805,1.0160361152522501,-0.388121848364384,-0.00758966
5.211541409740805,1.3432327332706393,1.5750578597459528,0.0162696
5.375139718749999,-2.7467249919592316,-1.0425150844011641,0.0228532
5.375139718749999,-1.2743402108764776,2.0658527867735366,0.000725355
5.375139718749999,1.0160361152522501,1.902254477764342,0.0244689
5.375139718749999,1.3432327332706393,1.2478612417275636,0.0118388
5.538738027759194,-1.7651351379040632,1.2478612417275636,0.000569993
5.538738027759194,-1.6015368288948668,1.5750578597459528,0.000899039
5.70233633676839,-1.2743402108764776,1.902254477764342,0.00631827
5.70233633676839,-0.9471435928580885,-1.860506629447138,0.0186514
5.865934645777584,-1.9287334469132578,0.26627138767239433,0.0134767
5.865934645777584,-1.6015368288948668,-1.860506629447138,0.0309118
5.865934645777584,-1.4379385198856722,-1.860506629447138,0.0291436
5.865934645777584,0.19804457020627542,-0.5517201573735804,0.00572878
5.865934645777584,1.1796344242614447,1.084262932718369,0.0166385
6.029532954786779,-1.4379385198856722,1.2478612417275636,0.0125636
6.029532954786779,-0.6199469748396993,-1.2061133934103587,0.016489
6.029532954786779,-0.4563486658305047,-0.8789167753919696,0.0147307
6.029532954786779,-0.4563486658305047,2.229451095782733,0.0227632
6.029532954786779,0.8524378062430538,1.7386561687551474,0.0286812
6.193131263795973,-2.0923317559224524,-0.5517201573735804,0.027907
6.193131263795973,0.03444626119708083,-0.22452353935518943,0.0153303
6.193131263795973,1.0160361152522501,1.084262932718369,0.0231354
6.356729572805168,-1.6015368288948668,-0.715318466382775,0.0303862
6.356729572805168,-0.29275035682130923,-0.06092523034599484,0.0223946
6.520327881814362,-0.6199469748396993,0.26627138767239433,0.0279299
6.520327881814362,0.03444626119708083,1.902254477764342,0.035297
6.683926190823557,-0.7835452838488939,1.2478612417275636,0.0313472
6.683926190823557,0.5252411882246646,0.9206646237091736,0.032074
6.847524499832753,-0.29275035682130923,1.2478612417275636,0.0366785
