-7.141469209613194,-1.945155932395639,0.4078733876641829,0.076438
-7.141469209613194,-1.945155932395639,0.5650395477064922,0.0777475
-6.984303049570886,-1.7879897723533307,-0.22079125250504994,0.0579081
-6.984303049570886,-0.8449928120994805,0.09354106757956604,0.0603902
-6.827136889528577,-1.945155932395639,-0.3779574125473584,0.0441004
-6.669970729486269,-2.5738205725648724,0.5650395477064922,0.0572736
-6.669970729486269,-2.4166544125225644,1.0365380278334166,0.0582727
-6.669970729486269,-0.5306604920148636,-0.0636250924627415,0.0292472
-6.5128045694439605,-1.1593251321840974,-0.6922897326319744,0.0216249
-6.5128045694439605,-1.1593251321840974,1.6652026680026495,0.0306225
-6.355638409401652,-1.3164912922264058,1.822368828044958,0.0188249
-6.355638409401652,0.4123364682389852,0.8793718677911082,-0.0376806
-6.355638409401652,0.7266687883236029,0.8793718677911082,-0.0483799
-6.1984722493593445,0.8838349483659114,1.0365380278334166,-0.0496625
-5.884139929274728,-2.4166544125225644,-1.0066220527165912,-0.0054236
-5.884139929274728,-1.3164912922264058,-1.1637882127588997,-0.00722055
-5.884139929274728,-0.6878266520571721,1.822368828044958,-0.00533681
-5.884139929274728,0.4123364682389852,-1.635286692885825,-0.0413897
-5.884139929274728,0.7266687883236029,-1.635286692885825,-0.041927
-5.884139929274728,1.1981672684505273,1.193704187875725,-0.0487179
-5.726973769232419,-2.730986732607181,-0.8494558926742828,8.72519e-05
-5.726973769232419,2.2983303887466855,-0.22079125250504994,-0.00788513
-5.726973769232419,2.455496548788994,-0.3779574125473584,0.000667016
-5.726973769232419,2.6126627088313024,-0.8494558926742828,0.0094377
-5.569807609190111,-0.6878266520571721,-1.320954372801208,-0.0121282
-5.569807609190111,0.8838349483659114,-1.7924528529281334,-0.0329125
-5.569807609190111,1.5124995885351442,1.193704187875725,-0.0432207
-5.569807609190111,2.141164228704377,0.4078733876641829,-0.0226604
-5.569807609190111,3.0841611889582277,-0.6922897326319744,0.0191992
-5.412641449147802,-2.4166544125225644,-1.1637882127588997,-0.0106131
-5.412641449147802,-1.945155932395639,-1.320954372801208,-0.013556
-5.412641449147802,-1.1593251321840974,-1.320954372801208,-0.00608268
-5.412641449147802,0.0980041481543692,-1.7924528529281334,-0.029768
-5.412641449147802,0.8838349483659114,1.508036507960342,-0.0377316
-5.412641449147802,1.9839980686620686,-1.635286692885825,-0.00221625
-5.412641449147802,2.141164228704377,-1.635286692885825,0.00133144
-5.412641449147802,2.2983303887466855,0.4078733876641829,-0.012057
-5.255475289105494,-0.21632817193024767,1.6652026680026495,-0.0112418
-5.255475289105494,1.9839980686620686,-1.7924528529281334,-0.000606671
-5.0983091290631855,-3.2024852127341057,1.508036507960342,0.0582548
-5.0983091290631855,0.5695026282812936,-1.9496190129704414,-0.0233903
-5.0983091290631855,1.1981672684505273,-1.9496190129704414,-0.0137383
-5.0983091290631855,2.769828868873611,-1.7924528529281334,0.0131936
-5.0983091290631855,3.555659669085153,-0.6922897326319744,0.0253189
-4.941142969020877,-3.0453190526917973,1.6652026680026495,0.0483675
-4.941142969020877,-2.2594882524802555,2.136701148129575,-0.00121288
-4.941142969020877,-1.945155932395639,-1.320954372801208,-0.00949003
-4.941142969020877,-0.059162011887939236,1.6652026680026495,-0.00816379
-4.941142969020877,0.4123364682389852,-1.9496190129704414,-0.0200702
-4.941142969020877,1.9839980686620686,1.0365380278334166,-0.019137
-4.783976808978569,-1.002158972141789,2.136701148129575,-0.0191267
-4.62681064893626,-2.730986732607181,-0.8494558926742828,0.00568337
-4.62681064893626,0.0980041481543692,1.6652026680026495,-0.00498471
-4.62681064893626,1.8268319086197602,1.193704187875725,-0.0157056
-4.469644488893953,-0.8449928120994805,-1.635286692885825,0.0039828
-4.469644488893953,-0.8449928120994805,1.9795349880872664,-0.0114379
-4.469644488893953,0.0980041481543692,1.6652026680026495,-0.00206205
-4.469644488893953,0.4123364682389852,-1.9496190129704414,-0.0075011
-4.469644488893953,1.041001108408219,1.508036507960342,-0.0185518
-4.469644488893953,3.555659669085153,-1.320954372801208,0.0218046
-4.469644488893953,3.7128258291274596,-0.6922897326319744,0.0228936
-4.312478328851644,-0.5306604920148636,1.822368828044958,-0.000627365
-4.312478328851644,0.8838349483659114,-2.10678517301275,-0.00270142
-4.155312168809336,-3.0453190526917973,1.3508703479180335,0.0529059
-4.155312168809336,-1.4736574522687143,-1.4781205328435165,0.0034865
-4.155312168809336,2.769828868873611,0.7222057077488007,0.00278372
-3.9981460087670273,-1.945155932395639,-1.1637882127588997,0.00373969
-3.9981460087670273,-1.4736574522687143,1.822368828044958,-0.00494598
-3.9981460087670273,-1.3164912922264058,1.822368828044958,-0.00445008
-3.9981460087670273,-1.1593251321840974,1.822368828044958,-0.00333272
-3.9981460087670273,1.8268319086197602,-2.2639513330550582,-0.00614904
-3.840979848724719,-3.0453190526917973,0.8793718677911082,0.0426358
-3.840979848724719,-2.5738205725648724,-0.5351235725896668,0.00743112
-3.840979848724719,-2.5738205725648724,1.3508703479180335,0.0250613
-3.840979848724719,-1.3164912922264058,-1.635286692885825,-0.000813258
-3.840979848724719,1.1981672684505273,-2.2639513330550582,-0.00729716
-3.6838136886824104,-3.0453190526917973,0.2507072276218745,0.0138956
-3.6838136886824104,-0.6878266520571721,-1.7924528529281334,0.000556444
-3.6838136886824104,0.7266687883236029,-2.10678517301275,-0.00274489
-3.6838136886824104,1.041001108408219,1.193704187875725,0.00447823
-3.526647528640102,-3.0453190526917973,-0.22079125250504994,-0.0140681
-3.526647528640102,-2.730986732607181,-0.6922897326319744,-0.0155909
-3.526647528640102,-1.7879897723533307,-1.4781205328435165,-0.00567049
-3.526647528640102,0.7266687883236029,1.193704187875725,0.00938541
-3.526647528640102,3.241327349000536,-1.1637882127588997,-0.000966375
-3.3694813685977936,-3.2024852127341057,-0.22079125250504994,-0.0264667
-3.3694813685977936,-2.4166544125225644,1.3508703479180335,-0.0117607
-3.3694813685977936,0.25517030819667674,-1.9496190129704414,0.00377022
-3.3694813685977936,0.5695026282812936,-2.10678517301275,-0.00368887
-3.3694813685977936,0.8838349483659114,-2.2639513330550582,-0.0117294
-3.3694813685977936,2.455496548788994,-2.10678517301275,-0.0241803
-3.212315208555486,-3.359651372776414,0.4078733876641829,-0.0324563
-3.212315208555486,-1.3164912922264058,1.6652026680026495,-0.00559009
-3.212315208555486,-0.059162011887939236,-1.9496190129704414,0.00375563
-3.212315208555486,3.241327349000536,-0.6922897326319744,-0.0154069
-3.212315208555486,3.241327349000536,-0.5351235725896668,-0.0149802
-3.0551490485131776,-3.0453190526917973,1.193704187875725,-0.0357013
-3.0551490485131776,-1.6308236123110227,1.6652026680026495,-0.014558
-3.0551490485131776,1.9839980686620686,1.0365380278334166,-0.00979577
-3.0551490485131776,3.241327349000536,-0.5351235725896668,-0.0232753
-2.897982888470869,-2.2594882524802555,-1.4781205328435165,-0.0210305
-2.897982888470869,-1.7879897723533307,-1.635286692885825,-0.0105359
-2.897982888470869,2.769828868873611,-1.9496190129704414,-0.0393013
-2.897982888470869,3.0841611889582277,-1.4781205328435165,-0.0367295
-2.897982888470869,3.241327349000536,-0.3779574125473584,-0.0294685
-2.7408167284285607,-3.359651372776414,1.0365380278334166,-0.0487093
-2.7408167284285607,0.5695026282812936,-2.2639513330550582,-0.00773266
-2.7408167284285607,0.8838349483659114,1.193704187875725,0.00670244
-2.7408167284285607,2.6126627088313024,0.7222057077488007,-0.0241378
-2.7408167284285607,2.9269950289159192,-1.7924528529281334,-0.0427923
-2.7408167284285607,2.9269950289159192,0.4078733876641829,-0.0283635
-2.583650568386253,-3.6739836928610305,0.09354106757956604,-0.0530818
-2.583650568386253,-1.945155932395639,-1.635286692885825,-0.013425
-2.583650568386253,-1.945155932395639,1.822368828044958,-0.0311154
-2.4264844083439447,-2.1023220924379475,-1.635286692885825,-0.0166923
-2.4264844083439447,-0.6878266520571721,1.6652026680026495,-0.00473397
-2.4264844083439447,2.2983303887466855,0.8793718677911082,-0.0220312
-2.4264844083439447,2.6126627088313024,-2.10678517301275,-0.0467982
-2.2693182483016363,-2.2594882524802555,-1.635286692885825,-0.0194362
-2.2693182483016363,-0.6878266520571721,-1.9496190129704414,0.00897185
-2.2693182483016363,1.041001108408219,1.193704187875725,0.00746726
-2.2693182483016363,3.0841611889582277,-1.4781205328435165,-0.0496895
-2.112152088259327,-3.6739836928610305,-0.22079125250504994,-0.0511886
-2.112152088259327,-1.4736574522687143,1.822368828044958,-0.0226509
-2.112152088259327,2.455496548788994,0.7222057077488007,-0.0240812
-1.9549859282170186,-0.6878266520571721,1.508036507960342,0.00187835
-1.9549859282170186,-0.3734943319725561,-2.10678517301275,0.00838433
-1.9549859282170186,1.041001108408219,-2.2639513330550582,-0.010803
-1.9549859282170186,1.6696657485774526,1.0365380278334166,-0.00332014
-1.9549859282170186,2.6126627088313024,-1.9496190129704414,-0.0459255
-1.9549859282170186,2.6126627088313024,0.5650395477064922,-0.0244188
-1.9549859282170186,2.769828868873611,-1.7924528529281334,-0.0476886
-1.797819768174711,-2.4166544125225644,-1.635286692885825,-0.0160151
-1.797819768174711,-0.8449928120994805,-1.9496190129704414,0.00984125
-1.797819768174711,1.5124995885351442,1.822368828044958,0.0161946
-1.797819768174711,3.0841611889582277,-0.5351235725896668,-0.0429569
-1.6406536081324026,-2.888152892649489,1.508036507960342,-0.0433922
-1.6406536081324026,-1.945155932395639,1.822368828044958,-0.0297469
-1.6406536081324026,-1.1593251321840974,1.6652026680026495,-0.010123
-1.6406536081324026,0.5695026282812936,1.822368828044958,0.0268485
-1.6406536081324026,2.6126627088313024,1.0365380278334166,0.00263667
-1.6406536081324026,2.769828868873611,0.2507072276218745,-0.0197583
-1.4834874480900941,-3.0453190526917973,-1.1637882127588997,-0.0217345
-1.4834874480900941,0.0980041481543692,1.3508703479180335,0.0199115
-1.4834874480900941,0.7266687883236029,-2.10678517301275,0.0138593
-1.4834874480900941,1.9839980686620686,2.2938673081718832,0.015843
-1.4834874480900941,3.0841611889582277,0.7222057077488007,0.0116594
-1.3263212880477857,-3.2024852127341057,-0.8494558926742828,-0.0195399
-1.3263212880477857,-1.3164912922264058,-1.9496190129704414,0.00937401
-1.3263212880477857,1.6696657485774526,-2.10678517301275,0.00198778
-1.3263212880477857,2.2983303887466855,-1.7924528529281334,-0.0145502
-1.1691551280054773,-2.730986732607181,1.3508703479180335,-0.0276887
-1.1691551280054773,0.0980041481543692,1.822368828044958,0.0263361
-1.1691551280054773,2.2983303887466855,-1.7924528529281334,-0.000167243
-1.1691551280054773,2.2983303887466855,2.4510334682141917,0.0159185
-1.1691551280054773,2.6126627088313024,-0.8494558926742828,-0.0176972
-1.1691551280054773,2.6126627088313024,-0.6922897326319744,-0.0173998
-1.1691551280054773,2.6126627088313024,-0.3779574125473584,-0.0127932
-1.1691551280054773,3.241327349000536,0.2507072276218745,0.01712
-1.0119889679631697,-3.2024852127341057,0.4078733876641829,-0.0118366
-1.0119889679631697,-2.1023220924379475,-1.7924528529281334,0.00802486
-1.0119889679631697,2.455496548788994,-1.635286692885825,0.00846242
-1.0119889679631697,3.241327349000536,0.09354106757956604,0.0193675
-0.8548228079208613,-2.4166544125225644,-1.635286692885825,0.00777707
-0.8548228079208613,-1.002158972141789,1.508036507960342,0.00406711
-0.6976566478785529,-3.2024852127341057,-0.3779574125473584,0.0118117
-0.6976566478785529,-3.2024852127341057,-0.0636250924627415,0.0119521
-0.6976566478785529,-1.945155932395639,1.508036507960342,-0.00533186
-0.6976566478785529,0.7266687883236029,2.922531948341117,0.0264788
-0.6976566478785529,3.0841611889582277,2.2938673081718832,0.0186786
-0.6976566478785529,3.555659669085153,1.822368828044958,0.0230545
-0.5404904878362444,-1.945155932395639,-1.7924528529281334,0.0178384
-0.5404904878362444,-1.3164912922264058,1.508036507960342,0.00182789
-0.5404904878362444,0.4123364682389852,-2.4211174930973662,0.0273417
-0.5404904878362444,1.1981672684505273,3.0796981083834254,0.0222272
-0.5404904878362444,1.6696657485774526,3.0796981083834254,0.0197327
-0.5404904878362444,2.2983303887466855,2.922531948341117,0.0194237
-0.5404904878362444,2.6126627088313024,-1.7924528529281334,0.0320696
-0.5404904878362444,2.6126627088313024,-0.6922897326319744,0.0244643
-0.5404904878362444,2.6126627088313024,-0.5351235725896668,0.0242776
-0.5404904878362444,2.6126627088313024,2.7653657882988085,0.0196935
-0.5404904878362444,3.7128258291274596,1.6652026680026495,0.0253215
-0.383324327793936,-3.2024852127341057,0.09354106757956604,0.0235214
-0.383324327793936,-2.4166544125225644,1.193704187875725,0.00718416
-0.383324327793936,-2.1023220924379475,1.3508703479180335,0.00374422
-0.383324327793936,-1.7879897723533307,-1.7924528529281334,0.0216528
-0.383324327793936,-0.6878266520571721,1.3508703479180335,0.00592766
-0.383324327793936,0.0980041481543692,-2.4211174930973662,0.0276283
-0.383324327793936,2.141164228704377,-2.4211174930973662,0.0350432
-0.383324327793936,3.86999198916977,1.3508703479180335,0.0285339
-0.22615816775162756,3.3984935090428445,-0.0636250924627415,0.0321274
-0.06899200770931913,-0.6878266520571721,1.3508703479180335,-0.00195379
-0.06899200770931913,3.86999198916977,1.3508703479180335,0.0268675
0.08817415233298931,1.8268319086197602,-2.578283653139675,0.0333883
0.08817415233298931,2.455496548788994,3.236864268425734,0.0271198
0.08817415233298931,3.86999198916977,0.8793718677911082,0.0299581
0.08817415233298931,3.86999198916977,1.193704187875725,0.0273113
0.24534031237529774,-0.5306604920148636,1.822368828044958,-0.0115241
0.24534031237529774,2.6126627088313024,-1.7924528529281334,0.0405741
0.4025064724176062,-2.5738205725648724,-1.1637882127588997,0.0374255
0.4025064724176062,-2.2594882524802555,-1.320954372801208,0.036177
0.4025064724176062,-1.002158972141789,-1.9496190129704414,0.0406154
0.4025064724176062,3.555659669085153,2.136701148129575,0.0223392
0.5596726324599146,-2.888152892649489,-0.6922897326319744,0.0440747
0.5596726324599146,-2.2594882524802555,0.8793718677911082,0.0262865
0.5596726324599146,-1.002158972141789,1.822368828044958,-0.0171893
0.5596726324599146,-0.6878266520571721,-2.4211174930973662,0.0403534
0.5596726324599146,-0.5306604920148636,2.136701148129575,-0.00969748
0.5596726324599146,0.7266687883236029,-2.735449813181983,0.0280353
0.5596726324599146,1.3553334284928358,-2.578283653139675,0.0274372
0.716838792502223,-1.3164912922264058,-1.1637882127588997,0.0456459
0.716838792502223,-0.3734943319725561,2.2938673081718832,-0.00254011
0.716838792502223,1.1981672684505273,-2.578283653139675,0.0267705
0.8740049525445297,-2.730986732607181,-0.22079125250504994,0.048416
0.8740049525445297,-0.8449928120994805,-2.2639513330550582,0.0448045
0.8740049525445297,0.25517030819667674,2.4510334682141917,0.0178474
0.8740049525445297,2.455496548788994,-1.1637882127588997,0.0421335
1.03117111258684,-1.7879897723533307,0.5650395477064922,0.0120815
1.03117111258684,-1.1593251321840974,1.9795349880872664,-0.00821383
1.03117111258684,-1.002158972141789,-1.9496190129704414,0.0465298
1.03117111258684,2.6126627088313024,-0.8494558926742828,0.0417656
1.03117111258684,2.9269950289159192,-0.22079125250504994,0.0393029
1.1883372726291466,-1.6308236123110227,-0.0636250924627415,0.0227846
1.1883372726291466,1.3553334284928358,3.0796981083834254,0.0412618
1.1883372726291466,1.5124995885351442,-2.10678517301275,0.0292851
1.1883372726291466,1.8268319086197602,-1.7924528529281334,0.0341992
1.1883372726291466,3.3984935090428445,2.2938673081718832,0.0338655
1.3455034326714568,-1.002158972141789,-1.4781205328435165,0.0458628
1.3455034326714568,-1.002158972141789,-1.320954372801208,0.0440391
1.3455034326714568,-1.002158972141789,-0.6922897326319744,0.0266072
1.3455034326714568,-0.6878266520571721,-2.2639513330550582,0.0477681
1.3455034326714568,2.455496548788994,3.236864268425734,0.0474949
1.5026695927137634,2.6126627088313024,3.0796981083834254,0.0488465
1.6598357527560719,-0.3734943319725561,-2.2639513330550582,0.0465818
1.6598357527560719,-0.21632817193024767,3.236864268425734,0.0512624
1.6598357527560719,0.4123364682389852,-2.4211174930973662,0.0343348
1.6598357527560719,2.9269950289159192,-0.5351235725896668,0.0376553
1.6598357527560719,3.0841611889582277,2.2938673081718832,0.0425061
1.8170019127983803,2.769828868873611,1.193704187875725,0.0401732
1.9741680728406887,0.5695026282812936,-1.9496190129704414,0.0243282
1.9741680728406887,1.1981672684505273,2.7653657882988085,0.0605994
1.9741680728406887,2.2983303887466855,2.6081996282565,0.0549718
1.9741680728406887,2.6126627088313024,1.508036507960342,0.0455445
2.131334232882999,-1.6308236123110227,0.7222057077488007,0.00426199
2.131334232882999,-1.6308236123110227,0.8793718677911082,0.0059735
2.131334232882999,-0.6878266520571721,3.551196588510349,0.0567658
2.131334232882999,1.3553334284928358,-1.4781205328435165,0.00553952
2.131334232882999,1.8268319086197602,-1.320954372801208,0.0138843
2.131334232882999,2.455496548788994,1.3508703479180335,0.0499305
2.131334232882999,2.769828868873611,-0.6922897326319744,0.0332309
2.131334232882999,2.769828868873611,0.7222057077488007,0.0422842
2.2885003929253056,-1.4736574522687143,2.2938673081718832,0.0407499
2.2885003929253056,-1.4736574522687143,2.4510334682141917,0.0418769
2.2885003929253056,-0.8449928120994805,3.551196588510349,0.0566884
2.2885003929253056,-0.6878266520571721,-0.6922897326319744,0.0451222
2.2885003929253056,1.041001108408219,-1.7924528529281334,-0.0053697
2.445666552967614,-1.4736574522687143,2.7653657882988085,0.0454442
2.445666552967614,-0.5306604920148636,-0.8494558926742828,0.0603577
2.445666552967614,1.8268319086197602,-1.4781205328435165,-0.00843677
2.6028327130099225,1.9839980686620686,-1.4781205328435165,-0.0137512
2.759998873052231,-1.002158972141789,-0.8494558926742828,0.0978802
2.759998873052231,2.455496548788994,-0.5351235725896668,0.0154582
2.9171650330945376,-1.3164912922264058,-0.6922897326319744,0.0989006
2.9171650330945376,-1.1593251321840974,-1.0066220527165912,0.10439
2.9171650330945376,-0.21632817193024767,-1.9496190129704414,0.0277869
2.9171650330945376,2.2983303887466855,2.136701148129575,0.063005
3.0743311931368478,-2.1023220924379475,0.8793718677911082,-0.00160723
3.0743311931368478,-2.1023220924379475,1.0365380278334166,-0.003081
3.0743311931368478,-1.002158972141789,-1.4781205328435165,0.0930286
3.0743311931368478,-0.3734943319725561,-1.9496190129704414,0.0403443
3.0743311931368478,-0.3734943319725561,3.708362748552659,0.0575424
3.0743311931368478,2.2983303887466855,2.136701148129575,0.0630963
3.2314973531791544,1.041001108408219,3.0796981083834254,0.0558859
3.2314973531791544,1.8268319086197602,-2.2639513330550582,-0.0351862
3.2314973531791544,2.455496548788994,-1.1637882127588997,-0.0232477
3.3886635132214646,-1.7879897723533307,-0.8494558926742828,0.0740496
3.3886635132214646,-0.059162011887939236,3.551196588510349,0.0552024
3.3886635132214646,2.2983303887466855,1.9795349880872664,0.0626252
3.5458296732637713,-2.2594882524802555,0.8793718677911082,-0.00868147
3.5458296732637713,0.0980041481543692,3.3940304284680423,0.054039
3.5458296732637713,0.7266687883236029,3.0796981083834254,0.0552954
3.5458296732637713,1.5124995885351442,2.7653657882988085,0.05842
3.5458296732637713,2.455496548788994,-0.3779574125473584,-0.0147309
3.7029958333060797,-2.1023220924379475,-0.5351235725896668,0.0383633
3.7029958333060797,0.0980041481543692,3.236864268425734,0.0529716
3.7029958333060797,0.25517030819667674,-2.578283653139675,-0.0144312
3.7029958333060797,1.9839980686620686,2.2938673081718832,0.0617653
3.86016199334839,-1.945155932395639,1.9795349880872664,-0.00966933
3.86016199334839,1.5124995885351442,-2.578283653139675,-0.0410632
3.86016199334839,1.6696657485774526,2.4510334682141917,0.0597425
4.017328153390697,-1.6308236123110227,-2.10678517301275,0.00374965
4.017328153390697,1.3553334284928358,2.4510334682141917,0.0584164
4.174494313433007,-2.5738205725648724,-0.6922897326319744,-0.0137855
4.174494313433007,-1.3164912922264058,2.4510334682141917,0.00393392
4.3316604734753135,1.1981672684505273,1.822368828044958,0.0600577
4.488826633517622,-0.059162011887939236,2.4510334682141917,0.0277592
4.488826633517622,0.0980041481543692,-2.4211174930973662,-0.00113397
4.488826633517622,0.8838349483659114,-2.578283653139675,-0.0322112
4.488826633517622,1.041001108408219,1.193704187875725,0.066202
4.64599279355993,0.8838349483659114,1.3508703479180335,0.05889
4.64599279355993,2.2983303887466855,-1.4781205328435165,-0.0347995
4.803158953602239,-2.888152892649489,-1.1637882127588997,-0.0399636
4.803158953602239,-2.1023220924379475,0.5650395477064922,-0.0117519
4.803158953602239,1.1981672684505273,0.5650395477064922,0.0728716
4.803158953602239,2.141164228704377,-0.3779574125473584,-0.010866
4.960325113644547,-0.3734943319725561,-2.4211174930973662,-0.00903207
4.960325113644547,0.5695026282812936,-2.2639513330550582,-0.0120166
4.960325113644547,0.5695026282812936,1.508036507960342,0.0438276
5.117491273686856,-2.1023220924379475,-2.4211174930973662,-0.0434185
5.117491273686856,-1.3164912922264058,1.822368828044958,-0.0127778
5.117491273686856,-0.3734943319725561,-2.4211174930973662,-0.0148485
5.274657433729162,-2.1023220924379475,-2.4211174930973662,-0.0454813
5.274657433729162,-1.7879897723533307,0.7222057077488007,-0.00990112
5.274657433729162,0.7266687883236029,-1.9496190129704414,-0.00260017
5.4318235937714725,-2.888152892649489,-1.320954372801208,-0.0476524
5.4318235937714725,-2.888152892649489,-0.5351235725896668,-0.0468091
5.4318235937714725,-2.2594882524802555,0.4078733876641829,-0.0326611
5.4318235937714725,-1.002158972141789,1.3508703479180335,0.00628065
5.4318235937714725,0.25517030819667674,-1.9496190129704414,0.00776516
5.588989753813781,-2.888152892649489,-1.1637882127588997,-0.0485927
5.588989753813781,-2.888152892649489,-0.6922897326319744,-0.0483371
5.746155913856089,-0.8449928120994805,0.7222057077488007,0.0343225
5.746155913856089,-0.6878266520571721,0.7222057077488007,0.0456677
5.746155913856089,0.7266687883236029,-1.0066220527165912,0.0511416
5.903322073898398,-2.2594882524802555,-2.10678517301275,-0.0499648
5.903322073898398,-0.21632817193024767,-2.10678517301275,-0.0250592
5.903322073898398,-0.059162011887939236,-1.9496190129704414,-0.0160679
6.0604882339407045,-2.1023220924379475,0.2507072276218745,-0.0389452
6.0604882339407045,-1.3164912922264058,-2.4211174930973662,-0.0489412
6.0604882339407045,-1.1593251321840974,-2.4211174930973662,-0.047789
6.217654393983015,-1.945155932395639,-2.10678517301275,-0.0507493
6.217654393983015,-1.3164912922264058,0.4078733876641829,-0.0159366
6.217654393983015,-1.1593251321840974,0.4078733876641829,-0.00884235
6.374820554025321,-1.945155932395639,-1.9496190129704414,-0.0505129
6.5319867140676315,-1.1593251321840974,0.09354106757956604,-0.0216887
6.5319867140676315,-0.3734943319725561,-0.3779574125473584,0.00079163
6.689152874109938,-1.6308236123110227,-0.22079125250504994,-0.0392621
6.689152874109938,-0.6878266520571721,-0.3779574125473584,-0.0170551
6.846319034152247,-1.3164912922264058,-0.5351235725896668,-0.0378577
6.846319034152247,-0.8449928120994805,-1.0066220527165912,-0.0347915
6.846319034152247,-0.8449928120994805,-0.8494558926742828,-0.0324202
