-7.279026708201947,2.8639615565720558,1.4899815107903542,0.0223033
-6.931532969182003,1.821480339512222,3.4011970754000487,0.0183994
-6.931532969182003,3.0377084260820286,3.2274502058900776,0.0171113
-6.931532969182003,3.2114552955919997,3.0537033363801047,0.0172446
-6.75778609967203,2.516467817552112,0.9687409022604365,0.0116274
-6.75778609967203,3.3852021651019726,1.4899815107903542,0.0114479
-6.75778609967203,3.5589490346119437,1.837475249810299,0.0123478
-6.584039230162058,0.9527459919623622,1.4899815107903542,0.0173023
-6.584039230162058,1.3002397309823062,1.1424877717704094,0.011933
-6.410292360652086,0.6052522529424174,2.358715858340215,0.0263729
-6.410292360652086,0.9527459919623622,0.9687409022604365,0.00716128
-6.410292360652086,3.7326959041219183,1.6637283803003262,0.00946362
-6.236545491142113,1.3002397309823062,3.5749439449100215,0.0187239
-6.236545491142113,2.6902146870620847,0.7949940327504645,0.00532562
-6.062798621632142,0.6052522529424174,0.4475002937305206,-0.00351305
-6.062798621632142,2.168974078532168,0.6212471632404926,0.0013613
-6.062798621632142,3.9064427736318894,2.706209597360159,0.0126339
-6.062798621632142,4.080189643141862,2.011222119320271,0.013366
-5.889051752122169,0.08401164441249964,0.6212471632404926,0.00648754
-5.715304882612197,3.2114552955919997,4.096184553439937,0.0211362
-5.541558013102225,0.4315053834324454,3.2274502058900776,0.03006
-5.541558013102225,3.0377084260820286,0.6212471632404926,0.00734331
-5.541558013102225,3.7326959041219183,3.4011970754000487,0.0131785
-5.541558013102225,4.080189643141862,1.1424877717704094,0.019033
-5.541558013102225,4.253936512651833,2.532462727850188,0.0163317
-5.367811143592252,-1.653457050687222,0.7949940327504645,0.0356742
-5.367811143592252,-1.479710181177249,0.4475002937305206,0.0310357
-5.367811143592252,-1.305963311667277,0.4475002937305206,0.0309798
-5.367811143592252,-1.132216442157305,1.837475249810299,0.0508932
-5.367811143592252,-0.9584695726473331,0.6212471632404926,0.0317429
-5.367811143592252,-0.7847227031373611,2.706209597360159,0.0458069
-5.367811143592252,-0.2634820946074443,0.4475002937305206,0.01804
-5.367811143592252,4.427683382161806,2.011222119320271,0.0218812
-5.19406427408228,-2.174697659217138,-0.768727792839285,0.040424
-5.19406427408228,-1.132216442157305,-0.5949809233293122,0.0277656
-5.0203174045723085,-2.3484445287271107,0.6212471632404926,0.0315292
-5.0203174045723085,-1.305963311667277,-1.116221531859229,0.0321149
-5.0203174045723085,-0.9584695726473331,2.532462727850188,0.049391
-5.0203174045723085,0.08401164441249964,-0.5949809233293122,0.00599773
-5.0203174045723085,1.3002397309823062,-0.768727792839285,-0.0123624
-5.0203174045723085,3.3852021651019726,0.6212471632404926,0.0157109
-5.0203174045723085,4.427683382161806,1.6637283803003262,0.0259829
-4.846570535062336,-2.5221913982370827,0.6212471632404926,0.030749
-4.846570535062336,-0.9584695726473331,-1.116221531859229,0.0256323
-4.846570535062336,-0.9584695726473331,2.532462727850188,0.0492052
-4.846570535062336,-0.08973522509747234,3.2274502058900776,0.0307527
-4.846570535062336,0.9527459919623622,-0.942474662349257,-0.00987753
-4.846570535062336,0.9527459919623622,3.5749439449100215,0.0241766
-4.846570535062336,1.821480339512222,4.4436782924598806,0.0335293
-4.672823665552364,-2.869685137257027,-0.5949809233293122,0.0424418
-4.672823665552364,-2.3484445287271107,1.6637283803003262,0.0436825
-4.672823665552364,-1.305963311667277,-1.4637152708791739,0.0329184
-4.672823665552364,-0.9584695726473331,-1.289968401369201,0.0253364
-4.672823665552364,3.5589490346119437,3.5749439449100215,0.0140323
-4.672823665552364,3.9064427736318894,3.0537033363801047,0.0125589
-4.499076796042392,-1.653457050687222,-1.6374621403891458,0.0397747
-4.499076796042392,0.2577585139224725,-1.4637152708791739,-0.00750915
-4.499076796042392,4.080189643141862,2.706209597360159,0.0169269
-4.499076796042392,4.253936512651833,2.358715858340215,0.0220518
-4.325329926532419,-2.174697659217138,-1.6374621403891458,0.0474198
-4.325329926532419,-0.7847227031373611,-1.4637152708791739,0.0196125
-4.325329926532419,-0.6109758336273883,-1.4637152708791739,0.0141779
-4.325329926532419,2.8639615565720558,4.096184553439937,0.0254
-4.325329926532419,3.2114552955919997,3.7486908144199926,0.0178435
-4.151583057022447,-0.4372289641174163,-1.6374621403891458,0.00691323
-4.151583057022447,3.3852021651019726,0.6212471632404926,0.0229399
-4.151583057022447,3.9064427736318894,2.532462727850188,0.0170089
-4.151583057022447,4.080189643141862,2.011222119320271,0.0234818
-3.977836187512475,-3.0434320067669995,0.4475002937305206,0.021928
-3.977836187512475,0.9527459919623622,-1.8112090098991183,-0.0194143
-3.977836187512475,2.168974078532168,-1.116221531859229,-0.0177724
-3.977836187512475,3.2114552955919997,3.0537033363801047,0.00970115
-3.977836187512475,3.3852021651019726,0.10000655471057573,0.0184716
-3.977836187512475,3.7326959041219183,1.4899815107903542,0.0236336
-3.804089318002503,-1.305963311667277,2.358715858340215,0.0450163
-3.804089318002503,-0.2634820946074443,-1.9849558794090902,0.000329632
-3.804089318002503,-0.2634820946074443,2.532462727850188,0.0218038
-3.804089318002503,1.4739866004922781,-1.6374621403891458,-0.0224302
-3.804089318002503,2.3427209480421407,-2.5061964879390075,-0.0644733
-3.804089318002503,2.516467817552112,3.2274502058900776,0.0117619
-3.804089318002503,2.8639615565720558,-0.942474662349257,-0.0204455
-3.804089318002503,3.0377084260820286,-2.332449618429035,-0.066153
-3.804089318002503,3.2114552955919997,-0.4212340538193402,0.005784
-3.804089318002503,3.3852021651019726,0.7949940327504645,0.0237191
-3.804089318002503,3.3852021651019726,1.4899815107903542,0.0204129
-3.63034244849253,-3.217178876276972,-0.07374031479939624,0.0201988
-3.63034244849253,-2.869685137257027,-1.116221531859229,0.0479373
-3.63034244849253,0.9527459919623622,-2.1587027489190627,-0.0188153
-3.63034244849253,1.821480339512222,-2.5061964879390075,-0.0552269
-3.63034244849253,2.3427209480421407,2.706209597360159,0.00632956
-3.63034244849253,2.6902146870620847,2.358715858340215,0.00778888
-3.456595578982558,-2.869685137257027,-1.116221531859229,0.0475765
-3.456595578982558,-2.869685137257027,1.6637283803003262,0.0238224
-3.456595578982558,-2.3484445287271107,-1.6374621403891458,0.0483388
-3.456595578982558,-0.08973522509747234,-2.332449618429035,-0.00185405
-3.456595578982558,2.516467817552112,-3.027437096468924,-0.0691743
-3.282848709472586,-2.3484445287271107,2.011222119320271,0.0400868
-3.282848709472586,-1.653457050687222,-1.8112090098991183,0.0367704
-3.282848709472586,-1.653457050687222,2.184968988830243,0.042861
-3.282848709472586,-1.132216442157305,2.184968988830243,0.037102
-3.282848709472586,0.7789991224523893,2.706209597360159,-0.00182196
-3.282848709472586,1.4739866004922781,2.706209597360159,-0.00384292
-3.282848709472586,3.5589490346119437,-0.942474662349257,-0.0397738
-3.109101839962614,0.4315053834324454,2.358715858340215,-0.000138274
-3.109101839962614,0.7789991224523893,2.532462727850188,-0.00421146
-3.109101839962614,3.0377084260820286,-3.201183965978896,-0.0708247
-3.109101839962614,3.5589490346119437,-0.768727792839285,-0.0350559
-3.109101839962614,3.7326959041219183,-2.6799433574489795,-0.070058
-2.935354970452642,-3.5646726152969164,-0.4212340538193402,0.0127792
-2.935354970452642,-1.479710181177249,2.184968988830243,0.0386575
-2.935354970452642,0.2577585139224725,2.011222119320271,0.00486513
-2.935354970452642,1.4739866004922781,2.358715858340215,-0.00818353
-2.935354970452642,3.2114552955919997,-0.07374031479939624,0.00790628
-2.935354970452642,3.2114552955919997,0.4475002937305206,0.0177939
-2.761608100942669,-3.5646726152969164,-1.116221531859229,0.0395568
-2.761608100942669,-2.000950789707166,-2.5061964879390075,0.0315649
-2.761608100942669,0.7789991224523893,-2.6799433574489795,-0.00237375
-2.761608100942669,0.9527459919623622,-2.6799433574489795,-0.00791405
-2.761608100942669,0.9527459919623622,2.184968988830243,-0.00556254
-2.761608100942669,1.3002397309823062,-2.853690226958952,-0.0300808
-2.761608100942669,2.8639615565720558,0.9687409022604365,0.0137794
-2.761608100942669,3.0377084260820286,0.6212471632404926,0.0168058
-2.761608100942669,3.3852021651019726,-3.201183965978896,-0.0710172
-2.587861231432697,-3.738419484806889,-1.289968401369201,0.0419016
-2.587861231432697,-3.3909257457869444,2.011222119320271,-0.00163852
-2.587861231432697,-2.5221913982370827,2.358715858340215,0.024743
-2.587861231432697,-1.132216442157305,2.184968988830243,0.0272202
-2.587861231432697,0.08401164441249964,1.6637283803003262,0.012429
-2.587861231432697,2.3427209480421407,1.3162346412803823,0.00515282
-2.414114361922725,-4.085913223826832,1.1424877717704094,-0.0230226
-2.414114361922725,-3.738419484806889,-0.942474662349257,0.0309772
-2.414114361922725,-3.217178876276972,-2.6799433574489795,0.0501385
-2.414114361922725,-3.217178876276972,2.184968988830243,0.00252147
-2.414114361922725,-0.4372289641174163,-3.201183965978896,-0.00571927
-2.414114361922725,0.4315053834324454,-2.853690226958952,0.00381508
-2.414114361922725,0.6052522529424174,1.6637283803003262,0.00517259
-2.414114361922725,1.4739866004922781,1.6637283803003262,0.000129587
-2.414114361922725,2.6902146870620847,0.4475002937305206,0.0173476
-2.2403674924127532,-2.869685137257027,-2.853690226958952,0.0473095
-2.2403674924127532,0.08401164441249964,1.4899815107903542,0.0127684
-2.2403674924127532,0.6052522529424174,1.4899815107903542,0.00810104
-2.2403674924127532,0.7789991224523893,1.4899815107903542,0.00686023
-2.2403674924127532,3.2114552955919997,-3.3749308354888683,-0.0696378
-2.2403674924127532,4.253936512651833,-2.1587027489190627,-0.0736032
-2.0666206229027813,-1.827203920197194,2.532462727850188,0.0180642
-2.0666206229027813,-0.4372289641174163,1.837475249810299,0.01617
-2.0666206229027813,1.995227209022195,-3.3749308354888683,-0.0540624
-2.0666206229027813,4.253936512651833,-2.1587027489190627,-0.0744856
-1.8928737533928084,-3.738419484806889,-2.332449618429035,0.0492892
-1.8928737533928084,-3.0434320067669995,-2.853690226958952,0.0488273
-1.8928737533928084,-2.3484445287271107,2.532462727850188,0.0117647
-1.8928737533928084,-1.827203920197194,-3.027437096468924,0.0366631
-1.8928737533928084,-0.7847227031373611,2.184968988830243,0.0183603
-1.8928737533928084,-0.08973522509747234,1.4899815107903542,0.0159397
-1.8928737533928084,4.253936512651833,-1.6374621403891458,-0.0719263
-1.7191268838828355,-4.085913223826832,1.1424877717704094,-0.025368
-1.7191268838828355,-2.3484445287271107,2.532462727850188,0.00805154
-1.7191268838828355,-1.653457050687222,-3.201183965978896,0.0373244
-1.7191268838828355,-1.653457050687222,2.532462727850188,0.0121289
-1.7191268838828355,0.4315053834324454,1.1424877717704094,0.0162032
-1.7191268838828355,0.9527459919623622,-2.853690226958952,0.00352181
-1.7191268838828355,3.3852021651019726,-3.201183965978896,-0.0706485
-1.5453800143728635,-4.085913223826832,0.9687409022604365,-0.0249043
-1.5453800143728635,-3.9121663543168608,-0.24748718430936822,0.00277124
-1.5453800143728635,-3.217178876276972,2.184968988830243,-0.00841663
-1.5453800143728635,-2.174697659217138,2.532462727850188,0.0061032
-1.5453800143728635,-0.6109758336273883,2.184968988830243,0.0345097
-1.3716331448628916,-3.9121663543168608,1.3162346412803823,-0.0248321
-1.3716331448628916,0.6052522529424174,1.1424877717704094,0.0258368
-1.1978862753529187,-3.738419484806889,-0.942474662349257,0.0300577
-1.1978862753529187,-3.738419484806889,-0.4212340538193402,0.0145556
-1.1978862753529187,-0.6109758336273883,2.532462727850188,0.0562069
-1.1978862753529187,0.9527459919623622,1.3162346412803823,0.0284757
-1.1978862753529187,1.995227209022195,0.9687409022604365,0.0115639
-1.1978862753529187,3.9064427736318894,-2.1587027489190627,-0.0743084
-1.0241394058429467,-2.3484445287271107,-3.027437096468924,0.0581371
-1.0241394058429467,-1.653457050687222,-3.5486777049988403,0.0447483
-1.0241394058429467,-0.6109758336273883,2.706209597360159,0.0591002
-1.0241394058429467,1.1264928614723342,-3.896171444018785,-0.0590015
-1.0241394058429467,1.4739866004922781,1.1424877717704094,0.0294785
-1.0241394058429467,3.3852021651019726,-2.6799433574489795,-0.0686567
-1.0241394058429467,3.5589490346119437,-2.5061964879390075,-0.0706897
-0.8503925363329747,-3.217178876276972,1.837475249810299,-0.0239994
-0.8503925363329747,-0.4372289641174163,-4.417412052548702,-0.0288211
-0.8503925363329747,1.1264928614723342,-4.069918313528757,-0.0614822
-0.8503925363329747,1.647733470002251,-2.853690226958952,-0.0348281
-0.6766456668230028,-3.738419484806889,0.9687409022604365,-0.0347958
-0.6766456668230028,-2.174697659217138,2.184968988830243,-0.00786512
-0.6766456668230028,-0.2634820946074443,3.0537033363801047,0.0548704
-0.6766456668230028,-0.08973522509747234,-4.591158922058674,-0.0418633
-0.6766456668230028,0.2577585139224725,-4.591158922058674,-0.0489896
-0.6766456668230028,1.647733470002251,-3.027437096468924,-0.0503862
-0.5028987973130299,-1.479710181177249,2.184968988830243,0.02499
-0.5028987973130299,-1.305963311667277,2.358715858340215,0.0377293
-0.5028987973130299,-0.4372289641174163,-4.591158922058674,-0.0358388
-0.5028987973130299,2.3427209480421407,-2.332449618429035,-0.0326386
-0.5028987973130299,3.3852021651019726,-1.4637152708791739,-0.057584
-0.3291519278030588,-3.738419484806889,-2.5061964879390075,0.0457604
-0.3291519278030588,-2.869685137257027,2.184968988830243,-0.0378423
-0.3291519278030588,-1.479710181177249,-3.896171444018785,0.0138086
-0.3291519278030588,-1.305963311667277,-4.069918313528757,0.000137219
-0.3291519278030588,0.08401164441249964,3.2274502058900776,0.0449009
-0.3291519278030588,1.3002397309823062,2.879956466870132,0.0569877
-0.3291519278030588,1.995227209022195,-2.332449618429035,-0.0325367
-0.3291519278030588,3.5589490346119437,-0.24748718430936822,-0.0514271
-0.15540505829308593,-1.479710181177249,2.184968988830243,0.0301844
-0.15540505829308593,1.3002397309823062,3.0537033363801047,0.0603071
-0.15540505829308593,3.5589490346119437,-0.5949809233293122,-0.0551616
0.01834181121688694,-1.479710181177249,-3.896171444018785,0.00442543
0.01834181121688694,1.995227209022195,2.358715858340215,0.0578426
0.1920886807268598,-0.9584695726473331,-4.417412052548702,-0.0312298
0.1920886807268598,-0.7847227031373611,3.0537033363801047,0.0364917
0.1920886807268598,-0.4372289641174163,3.2274502058900776,0.0355018
0.1920886807268598,1.647733470002251,-2.5061964879390075,-0.0514303
0.1920886807268598,1.821480339512222,-2.1587027489190627,-0.0467692
0.1920886807268598,2.516467817552112,-1.9849558794090902,-0.052223
0.1920886807268598,3.3852021651019726,-0.24748718430936822,-0.0469058
0.3658355502368309,-0.6109758336273883,-4.591158922058674,-0.0431963
0.3658355502368309,2.168974078532168,1.837475249810299,0.041912
0.3658355502368309,3.2114552955919997,-0.07374031479939624,-0.0387171
0.5395824197468038,-4.259660093336805,0.10000655471057573,-0.0513991
0.5395824197468038,-4.085913223826832,2.011222119320271,-0.0590157
0.5395824197468038,-3.9121663543168608,-1.6374621403891458,0.0300511
0.5395824197468038,-3.738419484806889,2.358715858340215,-0.0581358
0.5395824197468038,-2.869685137257027,-3.3749308354888683,0.0382516
0.5395824197468038,-2.174697659217138,-3.3749308354888683,0.0279273
0.5395824197468038,1.1264928614723342,3.4011970754000487,0.0646251
0.5395824197468038,2.168974078532168,2.358715858340215,0.0659694
0.7133292892567749,-2.869685137257027,2.706209597360159,-0.0440756
0.7133292892567749,-2.695938267747055,2.706209597360159,-0.0385163
0.7133292892567749,-1.479710181177249,3.0537033363801047,0.0260729
0.7133292892567749,0.2577585139224725,-4.591158922058674,-0.0568363
0.7133292892567749,2.3427209480421407,-1.6374621403891458,-0.0477883
0.7133292892567749,2.8639615565720558,-0.07374031479939624,-0.0216562
0.8870761587667477,0.9527459919623622,-0.942474662349257,0.0286465
0.8870761587667477,1.1264928614723342,-1.116221531859229,0.01069
1.0608230282767188,-3.3909257457869444,-1.116221531859229,0.0134806
1.0608230282767188,-1.827203920197194,-3.027437096468924,0.0249471
1.0608230282767188,-1.479710181177249,-3.027437096468924,0.0172108
1.0608230282767188,2.168974078532168,1.1424877717704094,0.0245078
1.0608230282767188,2.3427209480421407,-0.942474662349257,-0.0226522
1.2345698977866917,-2.869685137257027,-3.027437096468924,0.0368008
1.2345698977866917,0.7789991224523893,-0.942474662349257,0.0485287
1.4083167672966628,-3.9121663543168608,2.184968988830243,-0.0567687
1.4083167672966628,-3.3909257457869444,-1.8112090098991183,0.0295899
1.4083167672966628,-3.3909257457869444,2.532462727850188,-0.0517119
1.4083167672966628,-3.217178876276972,-1.4637152708791739,0.0208547
1.4083167672966628,-2.5221913982370827,2.706209597360159,-0.0192808
1.4083167672966628,-2.000950789707166,-2.6799433574489795,0.0283779
1.4083167672966628,-1.305963311667277,-2.5061964879390075,0.0276772
1.4083167672966628,-1.132216442157305,-2.5061964879390075,0.0247071
1.4083167672966628,0.7789991224523893,-2.5061964879390075,-0.029664
1.5820636368066374,-2.5221913982370827,-2.5061964879390075,0.0293337
1.5820636368066374,-0.9584695726473331,-2.332449618429035,0.0249651
1.5820636368066374,-0.6109758336273883,-2.332449618429035,0.0210724
1.5820636368066374,2.168974078532168,1.4899815107903542,0.0283354
1.7558105063166085,-2.869685137257027,-1.289968401369201,0.00454117
1.7558105063166085,1.3002397309823062,-1.116221531859229,0.0135465
1.7558105063166085,1.4739866004922781,-1.116221531859229,0.00980757
1.9295573758265814,-1.653457050687222,-2.1587027489190627,0.0102265
2.1033042453365525,-2.5221913982370827,2.358715858340215,-0.00598638
2.1033042453365525,-0.6109758336273883,3.5749439449100215,0.0361227
2.1033042453365525,1.3002397309823062,2.358715858340215,0.0384994
2.1033042453365525,2.8639615565720558,-0.4212340538193402,0.0188937
2.2770511148465253,-3.738419484806889,1.3162346412803823,-0.0417569
2.2770511148465253,-2.3484445287271107,-1.4637152708791739,-0.00829145
2.2770511148465253,-2.174697659217138,-1.6374621403891458,-0.00694978
2.2770511148465253,1.3002397309823062,2.358715858340215,0.0284065
2.2770511148465253,2.6902146870620847,1.3162346412803823,0.0105727
2.2770511148465253,3.0377084260820286,0.10000655471057573,0.0189273
2.450797984356498,-3.0434320067669995,0.2737534242205486,-0.00902706
2.450797984356498,-1.827203920197194,3.2274502058900776,0.0321546
2.450797984356498,0.6052522529424174,-1.289968401369201,0.0168597
2.450797984356498,1.647733470002251,2.184968988830243,0.0156551
2.6245448538664693,-2.174697659217138,-0.768727792839285,-0.00584254
2.6245448538664693,0.7789991224523893,2.706209597360159,0.0188157
2.6245448538664693,1.1264928614723342,2.532462727850188,0.0153673
2.6245448538664693,2.516467817552112,-0.942474662349257,0.0144122
2.6245448538664693,2.6902146870620847,-0.768727792839285,0.01806
2.6245448538664693,2.8639615565720558,1.1424877717704094,0.00585228
2.6245448538664693,3.0377084260820286,0.6212471632404926,0.0112607
2.9720385928864133,-2.174697659217138,0.7949940327504645,0.0261844
2.9720385928864133,-1.827203920197194,2.706209597360159,0.0336171
2.9720385928864133,0.4315053834324454,-1.289968401369201,0.000951933
3.145785462396388,-1.653457050687222,-0.07374031479939624,0.00876621
3.145785462396388,-1.479710181177249,-0.24748718430936822,0.00486384
3.145785462396388,-1.479710181177249,2.879956466870132,0.0330919
3.145785462396388,0.7789991224523893,-1.4637152708791739,-0.00775101
3.319532331906359,-2.174697659217138,0.6212471632404926,0.0161013
3.319532331906359,-2.000950789707166,2.706209597360159,0.0349352
3.319532331906359,-1.827203920197194,0.10000655471057573,0.00843018
3.319532331906359,-1.479710181177249,-0.24748718430936822,0.00143654
3.319532331906359,0.7789991224523893,2.706209597360159,0.00058775
3.493279201416332,-2.5221913982370827,1.1424877717704094,0.0200903
3.493279201416332,-2.3484445287271107,0.7949940327504645,0.0155059
3.493279201416332,-1.827203920197194,2.879956466870132,0.0342461
3.493279201416332,-0.2634820946074443,-0.768727792839285,-0.00151767
3.493279201416332,3.2114552955919997,-1.4637152708791739,0.0220928
3.493279201416332,3.5589490346119437,-1.116221531859229,0.0274723
3.493279201416332,3.7326959041219183,-0.5949809233293122,0.0263808
3.493279201416332,3.7326959041219183,-0.4212340538193402,0.0246143
3.667026070926303,-2.695938267747055,1.4899815107903542,0.0260658
3.667026070926303,3.2114552955919997,0.9687409022604365,-0.00231759
3.840772940436276,-2.695938267747055,1.3162346412803823,0.0246438
3.840772940436276,-0.4372289641174163,3.0537033363801047,0.00952424
3.840772940436276,-0.08973522509747234,-0.768727792839285,-0.00147429
3.840772940436276,0.08401164441249964,-0.942474662349257,-0.00423975
3.840772940436276,0.6052522529424174,-1.4637152708791739,-0.0118397
3.840772940436276,2.168974078532168,1.837475249810299,-0.00960029
3.840772940436276,3.7326959041219183,-1.116221531859229,0.0301472
4.014519809946247,-2.5221913982370827,2.532462727850188,0.0396872
4.014519809946247,-0.7847227031373611,-0.5949809233293122,-0.0068068
4.014519809946247,2.516467817552112,1.6637283803003262,-0.0106116
4.362013548966191,-0.4372289641174163,-0.768727792839285,-0.00601294
4.362013548966191,-0.08973522509747234,-0.942474662349257,-0.00464975
4.362013548966191,3.9064427736318894,-0.5949809233293122,0.0266706
4.362013548966191,3.9064427736318894,-0.4212340538193402,0.0244474
4.535760418476164,-2.174697659217138,0.4475002937305206,0.00871943
4.535760418476164,2.168974078532168,-1.8112090098991183,-0.000297672
4.535760418476164,3.7326959041219183,0.10000655471057573,0.0131555
4.709507287986135,0.9527459919623622,-1.6374621403891458,-0.00775521
4.709507287986135,3.7326959041219183,-0.07374031479939624,0.0147748
4.8832541574961095,0.9527459919623622,2.358715858340215,-0.00745147
5.057001027006081,-2.3484445287271107,1.837475249810299,0.0368209
5.057001027006081,-2.174697659217138,0.9687409022604365,0.0229142
5.057001027006081,-1.827203920197194,0.10000655471057573,0.00332915
5.057001027006081,-1.479710181177249,2.706209597360159,0.0266911
5.057001027006081,3.5589490346119437,-0.5949809233293122,0.0154815
5.230747896516053,-0.9584695726473331,-0.768727792839285,-0.00479063
5.230747896516053,-0.6109758336273883,-0.942474662349257,-0.00400273
5.230747896516053,3.2114552955919997,0.2737534242205486,0.000748881
5.230747896516053,3.3852021651019726,-0.5949809233293122,0.00918952
5.404494766026026,0.08401164441249964,2.706209597360159,-0.00117752
5.404494766026026,1.4739866004922781,-1.6374621403891458,-0.0106898
5.404494766026026,1.647733470002251,-1.6374621403891458,-0.0121968
5.404494766026026,2.3427209480421407,-1.4637152708791739,-0.0107816
5.404494766026026,2.8639615565720558,0.7949940327504645,-0.00301755
5.75198850504597,-1.479710181177249,-0.24748718430936822,0.00768965
5.75198850504597,-1.479710181177249,2.011222119320271,0.0353129
5.75198850504597,-1.305963311667277,-0.4212340538193402,0.00592634
5.75198850504597,0.4315053834324454,2.532462727850188,0.000239906
5.75198850504597,1.647733470002251,1.837475249810299,0.00396389
5.925735374555941,-1.827203920197194,0.4475002937305206,0.0227216
5.925735374555941,-0.4372289641174163,2.532462727850188,0.0135965
6.099482244065914,-0.4372289641174163,-0.768727792839285,0.0179101
6.099482244065914,1.647733470002251,1.6637283803003262,0.0108054
6.099482244065914,1.995227209022195,1.4899815107903542,0.00536871
6.273229113575885,2.3427209480421407,-1.8112090098991183,-0.0394543
6.44697598308586,-1.827203920197194,0.7949940327504645,0.0382622
6.44697598308586,-1.827203920197194,1.1424877717704094,0.0420897
6.44697598308586,-1.132216442157305,-0.24748718430936822,0.0251232
6.44697598308586,-0.7847227031373611,-0.4212340538193402,0.0269998
6.44697598308586,3.2114552955919997,-0.942474662349257,-0.0405112
6.620722852595831,0.4315053834324454,2.011222119320271,0.0228124
6.794469722105804,-1.653457050687222,1.3162346412803823,0.0480004
6.794469722105804,0.6052522529424174,1.6637283803003262,0.0355808
6.968216591615775,-0.6109758336273883,-0.07374031479939624,0.0516435
6.968216591615775,2.516467817552112,-1.6374621403891458,-0.0376659
7.141963461125748,1.647733470002251,-1.8112090098991183,-0.0222698
7.141963461125748,3.2114552955919997,-0.4212340538193402,-0.0368908
7.315710330635719,-1.132216442157305,1.1424877717704094,0.0556192
7.315710330635719,-0.08973522509747234,0.2737534242205486,0.0875351
7.315710330635719,3.0377084260820286,0.2737534242205486,-0.0282137
7.663204069655665,0.6052522529424174,0.7949940327504645,0.1021
7.663204069655665,1.1264928614723342,-1.289968401369201,0.032063
7.836950939165638,0.4315053834324454,0.4475002937305206,0.114035
7.836950939165638,2.3427209480421407,-0.768727792839285,0.00347559
7.836950939165638,2.516467817552112,-0.4212340538193402,0.000679351
8.01069780867561,1.995227209022195,-0.5949809233293122,0.0355979
8.01069780867561,2.168974078532168,-0.07374031479939624,0.0329116
