-6.406039363428978,-1.248674587096719,0.22007315903338753,0.0304452
-6.406039363428978,-0.9273465443183762,1.0233932659792444,0.0258631
-6.245375342039807,-0.7666825229292051,0.22007315903338753,0.0253964
-6.245375342039807,-0.6060185015400332,0.5414012018117305,0.0215258
-6.245375342039807,-0.12402643737252017,-1.5472310762474968,0.0339661
-6.084711320650635,-1.891330672653405,1.6660493515359303,0.0339185
-6.084711320650635,-1.570002629875062,-0.2619189051341264,0.024893
-6.084711320650635,-1.088010565707548,-0.2619189051341264,0.0261528
-6.084711320650635,-0.7666825229292051,-1.0652390120799833,0.0254809
-6.084711320650635,-0.7666825229292051,-0.2619189051341264,0.0262322
-6.084711320650635,-0.2846904587616921,0.059409137644216514,0.0207125
-6.084711320650635,0.8399576909625077,-1.3865670548583253,0.0325327
-5.924047299261464,-2.53398675821009,0.38073718042255944,0.028223
-5.924047299261464,-1.570002629875062,-0.42258292652329743,0.0212301
-5.924047299261464,-1.088010565707548,-0.5832469479124693,0.023331
-5.924047299261464,-0.6060185015400332,-1.7078950976366682,0.025708
-5.924047299261464,-0.12402643737252017,0.8627292445900734,0.00771579
-5.924047299261464,0.3579656267949938,0.22007315903338753,0.0087784
-5.763383277872293,-0.6060185015400332,-1.8685591190258397,0.0231698
-5.763383277872293,0.3579656267949938,0.5414012018117305,0.00261626
-5.602719256483121,-2.694650779599261,0.38073718042255944,0.0221612
-5.602719256483121,-1.570002629875062,-0.7439109693016404,0.0134605
-5.602719256483121,-0.12402643737252017,1.5053853301467583,-0.000388353
-5.602719256483121,0.3579656267949938,0.8627292445900734,-0.00286904
-5.602719256483121,1.3219497551300217,-0.9045749906908123,0.0165225
-5.44205523509395,-2.53398675821009,-0.10125488374495539,0.0128674
-5.44205523509395,-2.53398675821009,1.5053853301467583,0.030135
-5.44205523509395,-2.212658715431747,1.8267133729251013,0.0295085
-5.44205523509395,-2.051994694042576,-0.5832469479124693,0.00879172
-5.44205523509395,-0.2846904587616921,-2.189887161804182,0.0221313
-5.44205523509395,-0.12402643737252017,1.6660493515359303,-0.00267082
-5.44205523509395,0.03663758401664996,1.5053853301467583,-0.00419331
-5.44205523509395,0.8399576909625077,0.5414012018117305,-0.00560207
-5.1207271923156075,-2.53398675821009,-0.2619189051341264,0.00532864
-5.1207271923156075,-2.051994694042576,1.9873773943142723,0.0259828
-4.960063170926436,-1.570002629875062,-1.3865670548583253,-0.0014325
-4.960063170926436,-0.12402643737252017,1.9873773943142723,-0.00823641
-4.799399149537265,-2.855314800988433,0.5414012018117305,0.00932096
-4.799399149537265,-2.855314800988433,0.7020652232009015,0.0116637
-4.799399149537265,-2.694650779599261,1.3447213087575873,0.0220798
-4.799399149537265,1.1612857337408498,0.7020652232009015,-0.0149588
-4.6387351281480935,-2.855314800988433,0.38073718042255944,0.00475163
-4.6387351281480935,-2.855314800988433,0.8627292445900734,0.0119646
-4.6387351281480935,-0.9273465443183762,2.469369458481787,0.00115268
-4.478071106758922,-1.248674587096719,-1.8685591190258397,-0.00531196
-4.478071106758922,-0.2846904587616921,2.308705437092615,-0.0104276
-4.478071106758922,1.6432777979083637,0.059409137644216514,-0.0134311
-4.317407085369751,-0.7666825229292051,2.630033479870958,-0.00274142
-4.317407085369751,1.8039418192975356,-0.9045749906908123,0.00163854
-4.15674306398058,-2.373322736820919,2.9513615226493,0.0309947
-4.15674306398058,-1.891330672653405,-1.2259030334691539,-0.0122867
-4.15674306398058,0.19730160540582187,1.9873773943142723,-0.0163376
-4.15674306398058,1.1612857337408498,0.8627292445900734,-0.0188742
-4.15674306398058,1.4826137765191936,-2.0292231404150107,0.0207969
-4.15674306398058,1.4826137765191936,0.5414012018117305,-0.0191538
-3.9960790425914086,-2.212658715431747,3.1120255440384703,0.0295365
-3.9960790425914086,-1.730666651264233,3.1120255440384703,0.0194548
-3.9960790425914086,1.1612857337408498,-2.3505511831933537,0.0207712
-3.8354150212022375,-3.1766428437667757,1.3447213087575873,0.0123946
-3.8354150212022375,-1.40933860848589,3.1120255440384703,0.0121071
-3.8354150212022375,-0.6060185015400332,2.7906975012601283,-0.00501264
-3.8354150212022375,1.8039418192975356,0.22007315903338753,-0.0183654
-3.6747509998130656,-3.015978822377604,2.7906975012601283,0.0375038
-3.6747509998130656,-1.248674587096719,3.1120255440384703,0.00862978
-3.6747509998130656,0.3579656267949938,-2.511215204582525,0.00765814
-3.6747509998130656,1.9646058406867075,-2.189887161804182,0.0225307
-3.5140869784238946,-3.3373068651559468,1.8267133729251013,0.0219927
-3.5140869784238946,-3.3373068651559468,1.9873773943142723,0.0256382
-3.5140869784238946,-0.7666825229292051,2.9513615226493,-0.0013205
-3.5140869784238946,1.1612857337408498,-2.671879225971696,0.0210094
-3.5140869784238946,1.4826137765191936,0.7020652232009015,-0.0200773
-3.3534229570347227,-3.3373068651559468,1.6660493515359303,0.0176507
-3.3534229570347227,-3.3373068651559468,2.148041415703444,0.0285489
-3.3534229570347227,-2.53398675821009,-0.2619189051341264,-0.0129908
-3.3534229570347227,-1.570002629875062,-1.2259030334691539,-0.0126329
-3.3534229570347227,0.03663758401664996,-2.511215204582525,0.0010145
-3.3534229570347227,1.8039418192975356,-2.511215204582525,0.0248385
-3.3534229570347227,2.2859338834650496,-0.7439109693016404,-0.0127226
-3.1927589356455517,-3.1766428437667757,2.630033479870958,0.0356016
-3.1927589356455517,-1.40933860848589,-1.3865670548583253,-0.0125772
-3.1927589356455517,0.03663758401664996,2.469369458481787,-0.0138226
-3.0320949142563807,-3.1766428437667757,1.0233932659792444,0.00247344
-3.0320949142563807,-2.855314800988433,0.22007315903338753,-0.00927042
-3.0320949142563807,-1.891330672653405,-0.5832469479124693,-0.00907293
-3.0320949142563807,-1.891330672653405,3.2726895654276422,0.0256701
-3.0320949142563807,2.2859338834650496,-2.0292231404150107,0.0125201
-2.8714308928672088,-2.373322736820919,-0.2619189051341264,-0.0120407
-2.8714308928672088,0.5186296481841657,1.9873773943142723,-0.0156566
-2.8714308928672088,1.1612857337408498,1.1840572873684154,-0.0172721
-2.8714308928672088,1.9646058406867075,0.22007315903338753,-0.0246297
-2.7107668714780377,-1.570002629875062,3.1120255440384703,0.0188858
-2.7107668714780377,-1.40933860848589,-1.0652390120799833,-0.00754625
-2.7107668714780377,-1.088010565707548,-1.7078950976366682,-0.0103023
-2.7107668714780377,-0.9273465443183762,2.9513615226493,0.00507501
-2.7107668714780377,-0.2846904587616921,-2.3505511831933537,-0.00350697
-2.7107668714780377,1.4826137765191936,-2.671879225971696,0.0196898
-2.7107668714780377,2.1252698620758776,-0.10125488374495539,-0.0302567
-2.550102850088866,-2.051994694042576,-0.42258292652329743,-0.00907842
-2.550102850088866,1.3219497551300217,1.1840572873684154,-0.0172908
-2.550102850088866,1.8039418192975356,0.5414012018117305,-0.0233411
-2.550102850088866,2.2859338834650496,-0.2619189051341264,-0.040486
-2.389438828699695,-3.015978822377604,1.6660493515359303,0.0139643
-2.389438828699695,-2.051994694042576,-0.42258292652329743,-0.00814247
-2.389438828699695,-1.248674587096719,-1.3865670548583253,-0.00740824
-2.389438828699695,2.7679259476325635,-0.5832469479124693,-0.056147
-2.228774807310524,0.8399576909625077,1.8267133729251013,-0.0128489
-2.228774807310524,1.0006217123516796,-2.511215204582525,0.00969523
-2.228774807310524,1.1612857337408498,-2.511215204582525,0.0100252
-2.068110785921352,-2.694650779599261,1.8267133729251013,0.0180584
-2.068110785921352,-1.891330672653405,-0.5832469479124693,-0.0035029
-2.068110785921352,-1.891330672653405,2.630033479870958,0.0269885
-2.068110785921352,-1.730666651264233,-0.7439109693016404,-0.00266827
-2.068110785921352,1.8039418192975356,0.7020652232009015,-0.0205039
-1.9074467645321809,-2.051994694042576,-0.42258292652329743,-0.00166325
-1.9074467645321809,0.8399576909625077,1.8267133729251013,-0.00884293
-1.9074467645321809,2.2859338834650496,-2.189887161804182,-0.0314238
-1.9074467645321809,2.6072619262433934,0.38073718042255944,-0.0473439
-1.9074467645321809,3.2499180118000774,-1.3865670548583253,-0.0518087
-1.7467827431430099,-2.051994694042576,-0.42258292652329743,0.00218762
-1.7467827431430099,-0.7666825229292051,-1.7078950976366682,0.00286889
-1.7467827431430099,0.5186296481841657,2.148041415703444,-0.00404577
-1.7467827431430099,1.8039418192975356,0.8627292445900734,-0.0170162
-1.586118721753838,-2.212658715431747,2.148041415703444,0.0262242
-1.586118721753838,-2.051994694042576,-0.42258292652329743,0.00722686
-1.586118721753838,-1.248674587096719,2.7906975012601283,0.0225072
-1.586118721753838,-0.2846904587616921,-1.8685591190258397,0.00712211
-1.586118721753838,2.7679259476325635,0.5414012018117305,-0.0429883
-1.425454700364667,-0.12402643737252017,-1.8685591190258397,0.0108693
-1.425454700364667,1.3219497551300217,-2.3505511831933537,-0.014358
-1.425454700364667,1.4826137765191936,1.1840572873684154,-0.00367962
-1.425454700364667,2.6072619262433934,0.7020652232009015,-0.0360814
-1.104126657586324,-2.373322736820919,-1.2259030334691539,0.0382751
-1.104126657586324,-2.373322736820919,0.7020652232009015,0.00810477
-1.104126657586324,-2.051994694042576,2.308705437092615,0.0306592
-1.104126657586324,-1.891330672653405,2.469369458481787,0.0319384
-1.104126657586324,0.5186296481841657,1.8267133729251013,0.00839077
-1.104126657586324,3.0892539904109073,-2.189887161804182,-0.0143644
-1.104126657586324,3.7319100759675914,-1.2259030334691539,-0.0193135
-0.943462636197153,-2.212658715431747,1.9873773943142723,0.0280152
-0.943462636197153,3.0892539904109073,0.5414012018117305,-0.0254509
-0.7827986148079811,-2.051994694042576,-1.8685591190258397,0.0384299
-0.7827986148079811,2.6072619262433934,0.8627292445900734,-0.0165409
-0.7827986148079811,4.053238118745935,-1.0652390120799833,-0.00459754
-0.6221345934188101,-2.855314800988433,-0.5832469479124693,0.0282377
-0.6221345934188101,-2.212658715431747,0.8627292445900734,0.0139062
-0.6221345934188101,-2.212658715431747,1.0233932659792444,0.0155985
-0.6221345934188101,-1.088010565707548,2.630033479870958,0.0335099
-0.6221345934188101,-0.9273465443183762,2.630033479870958,0.0317748
-0.6221345934188101,1.1612857337408498,1.3447213087575873,0.0156857
-0.6221345934188101,2.9285899690217354,0.7020652232009015,-0.00913609
-0.46147057202963815,-0.12402643737252017,-1.8685591190258397,0.02349
-0.46147057202963815,2.2859338834650496,1.0233932659792444,-0.00436525
-0.30080655064046713,-2.051994694042576,1.1840572873684154,0.0185014
-0.30080655064046713,-0.6060185015400332,-1.8685591190258397,0.024782
-0.30080655064046713,1.1612857337408498,1.3447213087575873,0.0179451
-0.30080655064046713,3.2499180118000774,0.7020652232009015,0.00913272
-0.30080655064046713,3.4105820331892494,-2.8325432473608676,0.0164448
-0.30080655064046713,4.053238118745935,-0.2619189051341264,-0.00649058
-0.30080655064046713,4.535230182913449,-2.189887161804182,0.0212033
-0.140142529251297,-3.015978822377604,-1.2259030334691539,0.0246708
-0.140142529251297,-2.855314800988433,0.059409137644216514,0.0174033
-0.140142529251297,-1.248674587096719,2.148041415703444,0.0351922
-0.140142529251297,0.6792936695733358,1.5053853301467583,0.0199277
-0.140142529251297,4.374566161524277,-0.42258292652329743,-0.0186743
-0.140142529251297,4.695894204302621,0.5414012018117305,-0.0465708
0.020521492137874908,-3.9799629507126326,-0.7439109693016404,-0.00691195
0.020521492137874908,-3.3373068651559468,-1.0652390120799833,0.00890195
0.020521492137874908,-2.373322736820919,0.8627292445900734,0.0113977
0.020521492137874908,-0.6060185015400332,1.8267133729251013,0.0257888
0.020521492137874908,0.5186296481841657,-2.0292231404150107,0.0177091
0.020521492137874908,3.2499180118000774,1.1840572873684154,0.00697356
0.020521492137874908,3.5712460545784213,1.1840572873684154,-0.00501465
0.18118551352704504,-3.9799629507126326,-1.3865670548583253,-0.00762663
0.18118551352704504,-2.051994694042576,1.1840572873684154,0.0117556
0.18118551352704504,-1.40933860848589,1.5053853301467583,0.0208073
0.18118551352704504,-0.9273465443183762,1.6660493515359303,0.0232128
0.18118551352704504,0.6792936695733358,-2.0292231404150107,0.01944
0.18118551352704504,2.1252698620758776,-2.8325432473608676,0.0175717
0.18118551352704504,2.6072619262433934,1.6660493515359303,-0.00710607
0.18118551352704504,4.053238118745935,-2.8325432473608676,0.0240166
0.34184953491621695,-0.6060185015400332,1.6660493515359303,0.0172412
0.34184953491621695,1.0006217123516796,-2.189887161804182,0.0227895
0.34184953491621695,1.1612857337408498,-2.3505511831933537,0.0229959
0.34184953491621695,1.3219497551300217,-2.511215204582525,0.0226871
0.34184953491621695,1.8039418192975356,1.9873773943142723,-0.00747156
0.34184953491621695,4.695894204302621,1.5053853301467583,-0.0505104
0.34184953491621695,5.338550289859305,-0.2619189051341264,-0.0602093
0.5025135563053889,-4.301290993490975,0.5414012018117305,-0.0107883
0.5025135563053889,-0.6060185015400332,1.6660493515359303,0.0150789
0.5025135563053889,1.8039418192975356,2.148041415703444,-0.00586352
0.5025135563053889,2.2859338834650496,2.148041415703444,-0.00858431
0.5025135563053889,3.2499180118000774,1.6660493515359303,-0.00214119
0.6631775776945608,-4.9439470790476605,0.059409137644216514,-0.00800686
0.6631775776945608,-2.694650779599261,-1.8685591190258397,0.0141293
0.6631775776945608,-2.212658715431747,-2.0292231404150107,0.0176486
0.6631775776945608,-0.9273465443183762,-2.189887161804182,0.0114649
0.6631775776945608,-0.6060185015400332,1.6660493515359303,0.0141474
0.6631775776945608,1.1612857337408498,-2.511215204582525,0.0276777
0.6631775776945608,1.3219497551300217,-2.671879225971696,0.027278
0.8238415990837309,-3.8192989293234607,-2.189887161804182,-0.00989108
0.8238415990837309,-3.497970886545118,-2.189887161804182,-0.00778292
0.8238415990837309,0.19730160540582187,1.9873773943142723,0.0144404
0.9845056204729028,-5.2652751218260025,-0.5832469479124693,0.00561166
0.9845056204729028,-5.2652751218260025,-0.42258292652329743,0.00373521
0.9845056204729028,-5.104611100436831,0.22007315903338753,-0.00581721
0.9845056204729028,-2.855314800988433,1.1840572873684154,0.00839664
0.9845056204729028,-1.40933860848589,-2.189887161804182,0.010153
0.9845056204729028,-0.2846904587616921,-2.0292231404150107,0.00848648
0.9845056204729028,4.053238118745935,1.9873773943142723,-0.0354534
0.9845056204729028,4.695894204302621,-1.3865670548583253,-0.0148702
0.9845056204729028,5.659878332637649,1.0233932659792444,-0.0657096
1.1451696418620747,-5.104611100436831,0.38073718042255944,-0.00645721
1.1451696418620747,-4.9439470790476605,-1.7078950976366682,0.00496243
1.1451696418620747,-2.694650779599261,1.3447213087575873,0.00757265
1.1451696418620747,-2.53398675821009,-2.0292231404150107,0.00955494
1.1451696418620747,-1.088010565707548,1.5053853301467583,0.0161739
1.1451696418620747,2.6072619262433934,-2.993207268750039,0.0224177
1.1451696418620747,4.856558225691791,-1.2259030334691539,-0.0339139
1.3058336632512448,-3.9799629507126326,1.1840572873684154,-0.00688009
1.3058336632512448,-2.373322736820919,-2.0292231404150107,0.0104844
1.3058336632512448,-0.6060185015400332,-2.0292231404150107,0.0061935
1.3058336632512448,0.03663758401664996,2.148041415703444,0.0141067
1.4664976846404167,-5.4259391432151745,-0.5832469479124693,0.0156726
1.4664976846404167,-5.4259391432151745,-0.42258292652329743,0.0130756
1.4664976846404167,2.7679259476325635,2.469369458481787,0.029577
1.6271617060295887,-3.8192989293234607,-2.511215204582525,-0.0117105
1.6271617060295887,1.0006217123516796,-2.189887161804182,0.0324679
1.6271617060295887,5.338550289859305,-0.9045749906908123,-0.0569428
1.6271617060295887,5.820542354026819,0.7020652232009015,-0.0668573
1.7878257274187588,-5.4259391432151745,-0.9045749906908123,0.023759
1.7878257274187588,-3.3373068651559468,-2.511215204582525,-0.0109415
1.7878257274187588,-2.051994694042576,-2.0292231404150107,0.00790885
1.7878257274187588,0.8399576909625077,-1.7078950976366682,0.0242064
1.7878257274187588,0.8399576909625077,2.308705437092615,0.0332491
1.7878257274187588,5.820542354026819,0.5414012018117305,-0.0666176
1.9484897488079307,-5.4259391432151745,-0.9045749906908123,0.0249831
1.9484897488079307,-3.9799629507126326,-2.511215204582525,-0.0110875
1.9484897488079307,-2.855314800988433,-2.3505511831933537,-0.00504701
1.9484897488079307,0.8399576909625077,-1.5472310762474968,0.0217267
1.9484897488079307,2.7679259476325635,-2.511215204582525,0.0272785
2.1091537701971026,-5.104611100436831,-1.7078950976366682,0.0159226
2.1091537701971026,-1.248674587096719,-1.8685591190258397,0.0035914
2.1091537701971026,4.053238118745935,1.9873773943142723,-0.0267572
2.1091537701971026,4.213902140135105,1.9873773943142723,-0.0357221
2.2698177915862727,-3.8192989293234607,-2.511215204582525,-0.0121933
2.2698177915862727,-3.497970886545118,-2.511215204582525,-0.0124356
2.2698177915862727,-0.2846904587616921,-1.2259030334691539,0.0150555
2.2698177915862727,1.0006217123516796,2.308705437092615,0.0488319
2.2698177915862727,1.4826137765191936,-1.7078950976366682,0.0329972
2.2698177915862727,1.4826137765191936,2.469369458481787,0.0634688
2.2698177915862727,2.7679259476325635,-1.8685591190258397,0.0308372
2.2698177915862727,2.9285899690217354,-1.5472310762474968,0.033916
2.2698177915862727,3.0892539904109073,-1.3865670548583253,0.0353028
2.2698177915862727,5.177886268470135,1.5053853301467583,-0.0617407
2.2698177915862727,5.338550289859305,-0.5832469479124693,-0.0570212
2.4304818129754446,-3.015978822377604,-2.3505511831933537,-0.0084414
2.4304818129754446,-0.4453544801508622,-1.2259030334691539,0.0131117
2.4304818129754446,5.017222247080963,-0.7439109693016404,-0.0491469
2.5911458343646165,-3.9799629507126326,1.1840572873684154,-0.00376669
2.5911458343646165,-3.015978822377604,1.3447213087575873,0.0167003
2.5911458343646165,-2.212658715431747,-1.8685591190258397,0.00654084
2.5911458343646165,1.3219497551300217,2.308705437092615,0.0678255
2.5911458343646165,1.6432777979083637,2.469369458481787,0.0773203
2.5911458343646165,2.1252698620758776,2.630033479870958,0.0844215
2.5911458343646165,5.338550289859305,-0.10125488374495539,-0.0575806
2.5911458343646165,5.338550289859305,0.8627292445900734,-0.0612443
2.7518098557537884,-5.2652751218260025,-0.9045749906908123,0.0159721
2.7518098557537884,-5.2652751218260025,-0.10125488374495539,0.00537502
2.7518098557537884,-5.104611100436831,-1.3865670548583253,0.0134078
2.7518098557537884,-4.783283057658489,-1.8685591190258397,0.00311301
2.7518098557537884,-2.855314800988433,1.5053853301467583,0.0177539
2.7518098557537884,-2.694650779599261,1.6660493515359303,0.0165956
2.7518098557537884,-1.730666651264233,-1.7078950976366682,0.00599108
2.7518098557537884,-0.7666825229292051,2.469369458481787,0.0107218
2.7518098557537884,1.0006217123516796,2.308705437092615,0.0530532
2.9124738771429586,1.3219497551300217,-0.7439109693016404,0.0198762
3.0731378985321305,-3.3373068651559468,1.0233932659792444,0.0164643
3.0731378985321305,-2.212658715431747,-1.5472310762474968,0.00893141
3.0731378985321305,-0.6060185015400332,-1.2259030334691539,0.00478794
3.0731378985321305,0.8399576909625077,-0.9045749906908123,0.0113189
3.0731378985321305,1.4826137765191936,2.148041415703444,0.0760354
3.0731378985321305,1.6432777979083637,-0.42258292652329743,0.0208122
3.0731378985321305,1.9646058406867075,2.308705437092615,0.0894718
3.0731378985321305,3.2499180118000774,0.5414012018117305,0.0147213
3.0731378985321305,4.535230182913449,0.059409137644216514,-0.0410973
3.2338019199213024,-4.783283057658489,-1.3865670548583253,0.000703152
3.2338019199213024,-4.301290993490975,-1.8685591190258397,-0.00783739
3.2338019199213024,-3.015978822377604,-1.8685591190258397,-0.00590652
3.2338019199213024,-3.015978822377604,1.3447213087575873,0.024463
3.2338019199213024,2.7679259476325635,1.9873773943142723,0.083036
3.2338019199213024,2.9285899690217354,0.5414012018117305,0.0219454
3.3944659413104725,-4.783283057658489,-1.0652390120799833,-0.000980013
3.3944659413104725,-4.622619036269317,0.22007315903338753,-0.00665009
3.3944659413104725,-3.6586349079342897,0.7020652232009015,0.00770483
3.3944659413104725,-3.497970886545118,-1.8685591190258397,-0.0105871
3.3944659413104725,-0.4453544801508622,2.469369458481787,0.0231178
3.3944659413104725,2.1252698620758776,0.22007315903338753,0.0215309
3.3944659413104725,2.4465979048542215,0.38073718042255944,0.0218344
3.5551299626996444,-4.140626972101804,-1.5472310762474968,-0.00937326
3.5551299626996444,-3.3373068651559468,0.7020652232009015,0.0223373
3.5551299626996444,-1.248674587096719,-1.2259030334691539,0.00631615
3.5551299626996444,-0.2846904587616921,2.469369458481787,0.0279426
3.5551299626996444,0.19730160540582187,-0.9045749906908123,0.00470871
3.5551299626996444,1.4826137765191936,0.059409137644216514,0.0264668
3.5551299626996444,1.8039418192975356,0.5414012018117305,0.0355363
3.5551299626996444,1.9646058406867075,1.3447213087575873,0.0632753
3.7157939840888163,-3.6586349079342897,0.22007315903338753,0.00611135
3.7157939840888163,-3.1766428437667757,1.0233932659792444,0.0318003
3.7157939840888163,-1.891330672653405,-1.0652390120799833,0.0131545
3.7157939840888163,-0.12402643737252017,2.469369458481787,0.0331159
3.7157939840888163,1.6432777979083637,0.5414012018117305,0.0376802
3.7157939840888163,1.6432777979083637,1.6660493515359303,0.0662019
3.8764580054779865,-3.8192989293234607,-0.5832469479124693,-0.00451123
3.8764580054779865,-3.6586349079342897,-0.42258292652329743,-0.000599742
3.8764580054779865,-3.1766428437667757,-0.10125488374495539,0.0194207
3.8764580054779865,-2.051994694042576,-0.9045749906908123,0.0165256
3.8764580054779865,-2.051994694042576,1.9873773943142723,0.031543
3.8764580054779865,0.5186296481841657,-0.5832469479124693,0.0101396
3.8764580054779865,1.6432777979083637,1.5053853301467583,0.061788
4.037122026867158,-2.694650779599261,-0.42258292652329743,0.0251688
4.037122026867158,-1.570002629875062,-0.9045749906908123,0.0137628
4.037122026867158,-0.4453544801508622,-0.7439109693016404,0.00690443
4.037122026867158,1.0006217123516796,-0.10125488374495539,0.0211645
4.037122026867158,1.1612857337408498,2.148041415703444,0.059245
4.19778604825633,-2.212658715431747,1.8267133729251013,0.0399788
4.19778604825633,0.03663758401664996,2.308705437092615,0.0447556
4.19778604825633,1.0006217123516796,0.059409137644216514,0.0250397
4.3584500696455,-0.12402643737252017,-0.2619189051341264,0.0155569
4.3584500696455,0.8399576909625077,2.148041415703444,0.0570364
4.519114091034672,-2.373322736820919,-0.2619189051341264,0.0330378
4.519114091034672,-1.891330672653405,1.6660493515359303,0.045577
4.519114091034672,-1.40933860848589,-0.42258292652329743,0.0220867
4.519114091034672,-0.2846904587616921,0.059409137644216514,0.0238332
4.519114091034672,-0.12402643737252017,0.059409137644216514,0.0234778
4.519114091034672,0.03663758401664996,0.059409137644216514,0.0233892
4.519114091034672,0.6792936695733358,0.22007315903338753,0.0289977
4.679778112423844,-1.891330672653405,1.5053853301467583,0.0484261
4.679778112423844,-1.248674587096719,-0.10125488374495539,0.0276892
4.679778112423844,0.19730160540582187,0.38073718042255944,0.0322168
4.679778112423844,0.3579656267949938,0.38073718042255944,0.0326685
4.840442133813016,-1.248674587096719,0.7020652232009015,0.0432706
4.840442133813016,0.19730160540582187,1.5053853301467583,0.0521077
