-5.1831796280847575,-0.8835730056478024,0.11503042483142067,0.0576582
-5.1831796280847575,-0.5019446908064662,0.3694493013923119,0.0602551
-5.1831796280847575,-0.2475258142455754,0.24223986311186607,0.0626089
-5.055970189804312,-0.6291541290869107,-0.6482262048512508,0.0551403
-5.055970189804312,-0.12031637596513,-0.5210167665708054,0.0600366
-4.928760751523867,-1.2652013204891377,0.3694493013923119,0.0482238
-4.928760751523867,0.00689306231531539,-0.6482262048512508,0.058276
-4.928760751523867,0.2613119388762062,-0.2665978900099151,0.0637789
-4.801551313243421,-1.392410758769583,-0.39380732829036047,0.0438358
-4.801551313243421,-0.8835730056478024,-0.9026450814121416,0.0447587
-4.674341874962977,-1.1379918822086923,0.8782870545140931,0.0394332
-4.674341874962977,0.515730815437097,0.24223986311186607,0.0660071
-4.5471324366825305,-1.6468296353304739,-0.012179013449024279,0.0355346
-4.5471324366825305,-1.392410758769583,0.7510776162336477,0.0343788
-4.5471324366825305,-0.7563635673673561,-1.157063957973032,0.0364342
-4.5471324366825305,0.2613119388762062,0.8782870545140931,0.0535135
-4.419922998402086,-0.6291541290869107,1.2599153693554292,0.0335588
-4.419922998402086,-0.3747352525260208,1.2599153693554292,0.0366905
-4.292713560121641,-1.1379918822086923,-1.157063957973032,0.0254452
-4.165504121841195,-1.7740390736109193,0.3694493013923119,0.0202629
-4.03829468356075,-0.8835730056478024,-1.4114828345339228,0.0194393
-4.03829468356075,0.8973591302784323,0.6238681779532023,0.0721479
-4.03829468356075,1.151778006839323,-0.13938845172946968,0.090156
-3.9110852452803044,-1.7740390736109193,0.7510776162336477,0.00570016
-3.9110852452803044,0.3885213771566507,1.2599153693554292,0.0420448
-3.9110852452803044,1.6606157599611047,-0.39380732829036047,0.102609
-3.9110852452803044,1.7878251982415492,-0.2665978900099151,0.108842
-3.783875806999859,-2.0284579501718096,0.49665873967275687,-0.00867473
-3.783875806999859,-0.12031637596513,-1.538692272814368,0.0267284
-3.783875806999859,0.7701496919979869,1.1327059310749839,0.050802
-3.783875806999859,1.7878251982415492,0.6238681779532023,0.101091
-3.783875806999859,1.9150346365219955,-0.5210167665708054,0.10825
-3.6566663687194136,-2.2828768267327004,0.3694493013923119,-0.0270941
-3.6566663687194136,-2.155667388452255,0.6238681779532023,-0.0219797
-3.6566663687194136,-1.519620197050028,-1.2842733962534774,-0.00274456
-3.6566663687194136,0.1341025005957608,1.5143342459163192,0.0299082
-3.6566663687194136,1.4061968834002139,1.0054964927945376,0.0715035
-3.6566663687194136,2.1694535130828854,0.49665873967275687,0.116237
-3.6566663687194136,2.2966629513633317,0.24223986311186607,0.123609
-3.5294569304389682,-2.2828768267327004,0.7510776162336477,-0.0330311
-3.5294569304389682,-2.0284579501718096,1.0054964927945376,-0.0236061
-3.5294569304389682,-0.6291541290869107,-1.6659017110948136,0.012795
-3.5294569304389682,-0.5019446908064662,-1.6659017110948136,0.0154931
-3.5294569304389682,-0.3747352525260208,-1.6659017110948136,0.0178487
-3.5294569304389682,1.151778006839323,1.2599153693554292,0.0512113
-3.5294569304389682,1.4061968834002139,-1.157063957973032,0.0633415
-3.5294569304389682,2.423872389643776,-0.2665978900099151,0.12572
-3.4022474921585233,-2.5372957032935908,-0.6482262048512508,-0.0463272
-3.4022474921585233,-1.392410758769583,1.5143342459163192,-0.0080594
-3.4022474921585233,-1.010782443928247,1.6415436841967646,0.00209066
-3.4022474921585233,-0.12031637596513,-1.6659017110948136,0.0209759
-3.4022474921585233,0.00689306231531539,1.6415436841967646,0.0231718
-3.4022474921585233,1.0245685685588777,-1.4114828345339228,0.0408778
-3.4022474921585233,1.6606157599611047,-1.157063957973032,0.0715574
-3.4022474921585233,2.5510818279242216,0.11503042483142067,0.129226
-3.275038053878078,-2.7917145798544816,0.3694493013923119,-0.0576672
-3.275038053878078,-2.0284579501718096,-1.2842733962534774,-0.032117
-3.1478286155976325,-2.918924018134927,-0.2665978900099151,-0.0638184
-3.1478286155976325,-2.7917145798544816,-0.6482262048512508,-0.0596165
-3.1478286155976325,-2.5372957032935908,1.0054964927945376,-0.0514987
-3.1478286155976325,0.2613119388762062,-1.6659017110948136,0.0220659
-3.1478286155976325,1.7878251982415492,1.2599153693554292,0.0686093
-3.1478286155976325,2.678291266204667,-0.13938845172946968,0.129599
-3.1478286155976325,2.678291266204667,0.11503042483142067,0.130212
-3.020619177317187,-1.9012485118913642,1.5143342459163192,-0.0329236
-3.020619177317187,-1.392410758769583,-1.6659017110948136,-0.0165328
-3.020619177317187,1.0245685685588777,1.6415436841967646,0.0292817
-3.020619177317187,2.5510818279242216,0.6238681779532023,0.118494
-2.893409739036742,-3.046133456415372,-0.39380732829036047,-0.0703746
-2.893409739036742,1.9150346365219955,-1.2842733962534774,0.0687237
-2.7662003007562967,-2.664505141574036,-1.157063957973032,-0.0595368
-2.7662003007562967,-2.155667388452255,1.5143342459163192,-0.0437362
-2.7662003007562967,2.2966629513633317,1.0054964927945376,0.0941665
-2.638990862475851,2.1694535130828854,1.1327059310749839,0.0817074
-2.638990862475851,2.678291266204667,-0.5210167665708054,0.115914
-2.638990862475851,2.8055007044851124,-0.13938845172946968,0.121058
-2.638990862475851,2.8055007044851124,0.11503042483142067,0.121506
-2.511781424195406,-3.1733428946958173,0.3694493013923119,-0.0773379
-2.3845719859149606,-3.046133456415372,-0.7754356431316962,-0.0737005
-2.3845719859149606,-2.2828768267327004,-1.538692272814368,-0.0491089
-2.3845719859149606,-0.5019446908064662,-1.6659017110948136,0.0104516
-2.3845719859149606,-0.2475258142455754,1.6415436841967646,0.0167372
-2.3845719859149606,1.0245685685588777,1.76875312247721,0.0225458
-2.3845719859149606,2.1694535130828854,1.1327059310749839,0.0770504
-2.3845719859149606,2.5510818279242216,0.7510776162336477,0.101093
-2.3845719859149606,2.9327101427655577,0.3694493013923119,0.10381
-2.3845719859149606,3.059919581046003,-0.2665978900099151,0.100515
-2.3845719859149606,3.059919581046003,0.24223986311186607,0.100941
-2.3845719859149606,3.1871290193264468,-0.012179013449024279,0.0971649
-2.257362547634515,-2.918924018134927,1.0054964927945376,-0.0695463
-2.257362547634515,0.515730815437097,1.76875312247721,0.0172017
-2.257362547634515,2.2966629513633317,1.0054964927945376,0.0837978
-2.257362547634515,3.568757334167783,-0.012179013449024279,0.0828202
-2.1301531093540698,-2.7917145798544816,-1.157063957973032,-0.0654964
-2.1301531093540698,-2.664505141574036,-1.2842733962534774,-0.0611347
-2.1301531093540698,-2.5372957032935908,1.3871248076358738,-0.056907
-2.1301531093540698,-0.7563635673673561,-1.6659017110948136,0.00264501
-2.1301531093540698,0.8973591302784323,1.76875312247721,0.0213003
-2.1301531093540698,1.4061968834002139,1.6415436841967646,0.0333192
-2.1301531093540698,3.4415478958873393,-0.6482262048512508,0.0775761
-2.0029436710736253,-2.0284579501718096,1.6415436841967646,-0.0400284
-1.875734232793179,-2.2828768267327004,1.5143342459163192,-0.0472294
-1.875734232793179,-1.9012485118913642,-1.6659017110948136,-0.0350459
-1.875734232793179,1.9150346365219955,1.2599153693554292,0.0594979
-1.875734232793179,3.1871290193264468,-1.029854519692587,0.0684123
-1.7485247945127336,-3.1733428946958173,-0.13938845172946968,-0.0816993
-1.7485247945127336,-3.1733428946958173,0.11503042483142067,-0.0818303
-1.7485247945127336,-3.046133456415372,-0.6482262048512508,-0.0758528
-1.7485247945127336,-1.9012485118913642,1.6415436841967646,-0.0337105
-1.7485247945127336,-0.6291541290869107,1.6415436841967646,0.00718568
-1.7485247945127336,1.151778006839323,-1.6659017110948136,0.0307679
-1.7485247945127336,2.9327101427655577,1.1327059310749839,0.0653
-1.7485247945127336,3.059919581046003,1.1327059310749839,0.0640321
-1.7485247945127336,3.950385649009119,-0.6482262048512508,0.0629855
-1.7485247945127336,4.077595087289566,-0.39380732829036047,0.06383
-1.621315356232289,-2.5372957032935908,1.2599153693554292,-0.0542407
-1.621315356232289,-0.3747352525260208,1.6415436841967646,0.0129989
-1.621315356232289,-0.12031637596513,1.6415436841967646,0.0181615
-1.621315356232289,1.151778006839323,1.6415436841967646,0.0330283
-1.621315356232289,3.4415478958873393,1.1327059310749839,0.0579658
-1.621315356232289,3.8231762107286755,-0.9026450814121416,0.0590342
-1.4941059179518437,-3.046133456415372,-0.39380732829036047,-0.0774909
-1.4941059179518437,-1.6468296353304739,-1.6659017110948136,-0.0226046
-1.4941059179518437,2.678291266204667,1.2599153693554292,0.058903
-1.4941059179518437,3.1871290193264468,-1.2842733962534774,0.0547763
-1.3668964796713983,1.7878251982415492,-1.2842733962534774,0.0573922
-1.3668964796713983,2.423872389643776,1.2599153693554292,0.059013
-1.3668964796713983,3.4415478958873393,-1.2842733962534774,0.0508744
-1.3668964796713983,3.69596677244823,-1.157063957973032,0.051478
-1.2396870413909529,-2.7917145798544816,0.7510776162336477,-0.063145
-1.2396870413909529,-1.1379918822086923,1.76875312247721,-0.0079333
-1.2396870413909529,2.1694535130828854,1.2599153693554292,0.0589764
-1.2396870413909529,3.314338457606894,1.3871248076358738,0.047587
-1.2396870413909529,4.204804525570012,0.6238681779532023,0.0530844
-1.1124776031105075,-3.046133456415372,-0.39380732829036047,-0.0761247
-1.1124776031105075,-0.2475258142455754,-1.7931111493752587,0.00886969
-1.1124776031105075,0.2613119388762062,1.76875312247721,0.019864
-0.9852681648300621,-3.1733428946958173,0.49665873967275687,-0.0785184
-0.9852681648300621,-3.046133456415372,0.6238681779532023,-0.0731704
-0.9852681648300621,0.2613119388762062,1.76875312247721,0.0197584
-0.9852681648300621,4.204804525570012,-0.7754356431316962,0.0488549
-0.8580587265496167,-3.5549712095371535,-0.13938845172946968,-0.0866775
-0.8580587265496167,-2.155667388452255,-1.2842733962534774,-0.0219294
-0.8580587265496167,0.2613119388762062,1.76875312247721,0.0196665
-0.8580587265496167,2.9327101427655577,1.6415436841967646,0.0428558
-0.8580587265496167,4.332013963850455,-0.5210167665708054,0.0496796
-0.7308492882691722,-2.0284579501718096,1.3871248076358738,-0.0148227
-0.7308492882691722,2.678291266204667,-1.6659017110948136,0.0428173
-0.7308492882691722,3.69596677244823,-1.538692272814368,0.0420431
-0.6036398499887259,-3.809390086098044,0.3694493013923119,-0.085661
-0.6036398499887259,-2.0284579501718096,-1.4114828345339228,-0.0125616
-0.6036398499887259,-1.519620197050028,-1.6659017110948136,-0.00366511
-0.6036398499887259,-1.010782443928247,-1.7931111493752587,0.000623225
-0.6036398499887259,2.8055007044851124,1.76875312247721,0.041298
-0.6036398499887259,3.059919581046003,-1.7931111493752587,0.0410165
-0.6036398499887259,3.8231762107286755,-1.538692272814368,0.0425431
-0.4764304117082805,-1.010782443928247,1.76875312247721,0.00331873
-0.4764304117082805,-0.5019446908064662,1.76875312247721,0.00866584
-0.4764304117082805,2.678291266204667,-1.7931111493752587,0.0406896
-0.4764304117082805,3.8231762107286755,1.6415436841967646,0.043323
-0.4764304117082805,4.332013963850455,0.8782870545140931,0.044812
-0.349220973427836,-2.7917145798544816,1.3871248076358738,-0.0501064
-0.349220973427836,-2.5372957032935908,-1.4114828345339228,-0.0374407
-0.349220973427836,0.3885213771566507,-1.6659017110948136,0.0249055
-0.349220973427836,3.059919581046003,-1.9203205876557041,0.0415271
-0.349220973427836,3.4415478958873393,1.8959625607576553,0.0432178
-0.22201153514739058,-3.046133456415372,-1.4114828345339228,-0.0588399
-0.22201153514739058,-0.3747352525260208,-1.6659017110948136,0.0164503
-0.22201153514739058,2.423872389643776,-1.7931111493752587,0.0389662
-0.22201153514739058,4.459223402130901,-0.39380732829036047,0.0466534
-0.22201153514739058,4.459223402130901,0.49665873967275687,0.045793
-0.09480209686694518,-3.3005523329762627,1.3871248076358738,-0.0650648
-0.09480209686694518,-2.5372957032935908,-1.538692272814368,-0.0361839
-0.09480209686694518,-0.5019446908064662,1.6415436841967646,0.0179871
-0.09480209686694518,1.151778006839323,1.76875312247721,0.0212163
-0.09480209686694518,1.4061968834002139,1.76875312247721,0.0220716
-0.09480209686694518,3.059919581046003,2.0231719990381007,0.0427678
-0.09480209686694518,4.459223402130901,0.7510776162336477,0.0440299
0.03240734141350021,-1.6468296353304739,1.6415436841967646,0.00787675
0.03240734141350021,-1.392410758769583,-1.6659017110948136,0.0127847
0.03240734141350021,-0.2475258142455754,-1.538692272814368,0.0260925
0.03240734141350021,-0.12031637596513,1.5143342459163192,0.0287454
0.03240734141350021,1.151778006839323,1.76875312247721,0.0208467
0.03240734141350021,3.1871290193264468,-2.0475300259361493,0.0439498
0.03240734141350021,4.459223402130901,-0.9026450814121416,0.0434643
0.1596167796939456,-3.809390086098044,1.1327059310749839,-0.0737371
0.1596167796939456,-1.7740390736109193,1.6415436841967646,0.00461009
0.1596167796939456,-1.2652013204891377,-1.6659017110948136,0.0164732
0.1596167796939456,-0.8835730056478024,1.6415436841967646,0.0195819
0.1596167796939456,-0.3747352525260208,-1.538692272814368,0.0258831
0.1596167796939456,0.6429402537175424,1.6415436841967646,0.026984
0.1596167796939456,1.2789874451197685,1.76875312247721,0.0209027
0.1596167796939456,1.4061968834002139,1.76875312247721,0.0213071
0.1596167796939456,2.2966629513633317,-1.7931111493752587,0.0366571
0.1596167796939456,2.5510818279242216,-1.9203205876557041,0.0393475
0.1596167796939456,2.8055007044851124,2.0231719990381007,0.041633
0.1596167796939456,2.9327101427655577,-2.0475300259361493,0.0423824
0.286826217974391,-3.9365995243784893,-1.029854519692587,-0.0745872
0.286826217974391,-3.6821806478175985,-1.2842733962534774,-0.0701292
0.286826217974391,-2.0284579501718096,1.6415436841967646,-0.00751925
0.286826217974391,2.5510818279242216,-1.9203205876557041,0.0394064
0.286826217974391,3.4415478958873393,-2.0475300259361493,0.0463451
0.286826217974391,3.568757334167783,2.0231719990381007,0.0469193
0.286826217974391,4.459223402130901,1.0054964927945376,0.0431579
0.4140356562548364,-2.918924018134927,1.6415436841967646,-0.0498854
0.4140356562548364,-2.664505141574036,-1.6659017110948136,-0.0406285
0.4140356562548364,-2.4100862650131454,-1.6659017110948136,-0.0289677
0.4140356562548364,-0.8835730056478024,1.6415436841967646,0.0198292
0.4140356562548364,2.9327101427655577,-2.0475300259361493,0.0425768
0.4140356562548364,3.4415478958873393,-2.0475300259361493,0.0462082
0.4140356562548364,4.459223402130901,-0.012179013449024279,0.0393925
0.5412450945352818,-4.19101840093938,0.6238681779532023,-0.0761771
0.5412450945352818,-4.063808962658935,0.8782870545140931,-0.0745224
0.5412450945352818,-3.3005523329762627,-1.538692272814368,-0.0602609
0.5412450945352818,-2.7917145798544816,-1.6659017110948136,-0.0452672
0.5412450945352818,-2.2828768267327004,-1.6659017110948136,-0.0224996
0.5412450945352818,0.1341025005957608,1.5143342459163192,0.0334588
0.5412450945352818,2.04224407480244,1.6415436841967646,0.0316639
0.5412450945352818,2.5510818279242216,1.8959625607576553,0.0385209
0.5412450945352818,3.059919581046003,-2.0475300259361493,0.0435113
0.5412450945352818,3.314338457606894,-2.0475300259361493,0.0455076
0.5412450945352818,4.459223402130901,0.49665873967275687,0.0384762
0.6684545328157263,-4.063808962658935,0.8782870545140931,-0.0734678
0.6684545328157263,-3.3005523329762627,-1.538692272814368,-0.0596644
0.6684545328157263,-2.7917145798544816,-1.6659017110948136,-0.0450309
0.6684545328157263,-2.0284579501718096,1.6415436841967646,-0.00854095
0.6684545328157263,2.678291266204667,-1.9203205876557041,0.0388183
0.6684545328157263,3.059919581046003,2.0231719990381007,0.0427187
0.6684545328157263,3.314338457606894,2.0231719990381007,0.0448427
0.6684545328157263,4.077595087289566,1.6415436841967646,0.0466278
0.7956639710961726,-2.664505141574036,-1.6659017110948136,-0.0402283
0.7956639710961726,-2.5372957032935908,-1.6659017110948136,-0.0351119
0.7956639710961726,1.9150346365219955,-1.538692272814368,0.029223
0.7956639710961726,2.8055007044851124,-1.9203205876557041,0.0389691
0.7956639710961726,3.568757334167783,-1.9203205876557041,0.0455322
0.9228734093766171,-4.19101840093938,-0.5210167665708054,-0.0735743
0.9228734093766171,-3.809390086098044,-1.157063957973032,-0.0683705
0.9228734093766171,-2.5372957032935908,1.6415436841967646,-0.0351543
0.9228734093766171,1.0245685685588777,1.6415436841967646,0.0330607
0.9228734093766171,1.7878251982415492,1.5143342459163192,0.0277349
0.9228734093766171,2.423872389643776,-1.6659017110948136,0.0319361
0.9228734093766171,2.9327101427655577,1.8959625607576553,0.0384103
0.9228734093766171,3.059919581046003,-1.9203205876557041,0.039809
0.9228734093766171,3.314338457606894,-1.9203205876557041,0.0422696
0.9228734093766171,3.4415478958873393,1.8959625607576553,0.0432667
0.9228734093766171,4.204804525570012,-1.2842733962534774,0.0418938
0.9228734093766171,4.332013963850455,-0.7754356431316962,0.0362096
0.9228734093766171,4.332013963850455,-0.6482262048512508,0.0348099
1.0500828476570625,-4.063808962658935,0.7510776162336477,-0.0713937
1.0500828476570625,0.1341025005957608,-1.6659017110948136,0.0228476
1.0500828476570625,3.950385649009119,1.5143342459163192,0.0418462
1.0500828476570625,4.204804525570012,-0.012179013449024279,0.0268301
1.0500828476570625,4.204804525570012,0.11503042483142067,0.0270527
1.1772922859375088,-1.7740390736109193,1.5143342459163192,0.00190307
1.1772922859375088,-0.7563635673673561,1.76875312247721,0.00418199
1.1772922859375088,0.2613119388762062,-1.6659017110948136,0.0251112
1.3045017242179533,-2.4100862650131454,1.5143342459163192,-0.029471
1.3045017242179533,-1.519620197050028,-1.538692272814368,0.00577433
1.3045017242179533,-1.2652013204891377,1.6415436841967646,0.00474814
1.3045017242179533,-0.5019446908064662,-1.7931111493752587,0.00439134
1.3045017242179533,-0.2475258142455754,1.76875312247721,0.0083332
1.3045017242179533,0.515730815437097,1.6415436841967646,0.0307898
1.3045017242179533,2.2966629513633317,-1.4114828345339228,0.0129262
1.3045017242179533,2.678291266204667,1.5143342459163192,0.0199934
1.4317111624983987,-2.0284579501718096,-1.4114828345339228,-0.00967315
1.4317111624983987,-0.2475258142455754,1.76875312247721,0.00745203
1.4317111624983987,2.2966629513633317,-1.4114828345339228,0.00448036
1.4317111624983987,2.5510818279242216,1.3871248076358738,0.00752316
1.4317111624983987,3.4415478958873393,1.3871248076358738,0.0271604
1.4317111624983987,3.8231762107286755,-0.2665978900099151,0.013793
1.558920600778844,-3.9365995243784893,0.49665873967275687,-0.0671536
1.558920600778844,-3.809390086098044,0.7510776162336477,-0.0654594
1.558920600778844,-3.4277617712567077,-1.157063957973032,-0.0587584
1.558920600778844,-1.7740390736109193,1.3871248076358738,0.00175344
1.558920600778844,-0.7563635673673561,1.76875312247721,0.00205982
1.558920600778844,2.423872389643776,1.3871248076358738,-0.00357497
1.558920600778844,2.9327101427655577,-1.2842733962534774,0.0075416
1.558920600778844,3.059919581046003,1.2599153693554292,0.0101773
1.6861300390592895,-3.9365995243784893,-0.012179013449024279,-0.0661815
1.6861300390592895,-3.3005523329762627,1.1327059310749839,-0.055009
1.6861300390592895,1.151778006839323,1.6415436841967646,0.0131713
1.6861300390592895,1.2789874451197685,1.6415436841967646,0.00937792
1.6861300390592895,1.4061968834002139,1.6415436841967646,0.00550387
1.6861300390592895,2.04224407480244,-1.538692272814368,-0.00863605
1.6861300390592895,2.9327101427655577,-1.157063957973032,-0.00489159
1.8133394773397349,-3.809390086098044,0.24223986311186607,-0.0627502
1.8133394773397349,-2.155667388452255,1.2599153693554292,-0.0114798
1.8133394773397349,3.1871290193264468,0.7510776162336477,-0.0163647
1.9405489156201803,-3.6821806478175985,-0.2665978900099151,-0.0579316
1.9405489156201803,-3.4277617712567077,0.7510776162336477,-0.0528003
1.9405489156201803,-2.7917145798544816,1.1327059310749839,-0.0348219
1.9405489156201803,-2.0284579501718096,-1.2842733962534774,-0.0042018
1.9405489156201803,1.2789874451197685,-1.6659017110948136,-0.00313169
1.9405489156201803,1.6606157599611047,-1.6659017110948136,-0.0130683
1.9405489156201803,2.678291266204667,-1.2842733962534774,-0.0244512
1.9405489156201803,3.1871290193264468,-0.6482262048512508,-0.0261344
2.067758353900624,-1.7740390736109193,-1.4114828345339228,0.00284305
2.067758353900624,-0.2475258142455754,-1.6659017110948136,0.0105023
2.067758353900624,0.3885213771566507,1.5143342459163192,0.0157719
2.067758353900624,1.9150346365219955,1.6415436841967646,-0.023013
2.067758353900624,2.678291266204667,-1.2842733962534774,-0.0302193
2.194967792181071,-3.3005523329762627,-0.5210167665708054,-0.0367463
2.194967792181071,-1.9012485118913642,-1.4114828345339228,0.000169653
2.194967792181071,2.678291266204667,-1.2842733962534774,-0.0348376
2.3221772304615165,-1.7740390736109193,1.5143342459163192,0.00202652
2.3221772304615165,-1.010782443928247,1.76875312247721,0.00938269
2.3221772304615165,1.2789874451197685,-1.6659017110948136,-0.0190645
2.3221772304615165,1.7878251982415492,-1.6659017110948136,-0.0292974
2.3221772304615165,2.9327101427655577,1.0054964927945376,-0.0408544
2.3221772304615165,3.1871290193264468,0.49665873967275687,-0.0435912
2.44938666874196,-2.155667388452255,1.3871248076358738,-0.00336915
2.44938666874196,-0.12031637596513,-1.6659017110948136,0.014672
2.44938666874196,1.4061968834002139,-1.6659017110948136,-0.0262738
2.5765961070224073,-3.046133456415372,-0.7754356431316962,-0.00626702
2.5765961070224073,-2.664505141574036,1.1327059310749839,-0.0053225
2.5765961070224073,-1.010782443928247,1.8959625607576553,0.0111113
2.5765961070224073,-0.2475258142455754,-1.7931111493752587,0.015544
2.5765961070224073,3.1871290193264468,-0.2665978900099151,-0.0499441
2.7038055453028527,-3.3005523329762627,-0.13938845172946968,-0.00109985
2.7038055453028527,-3.3005523329762627,0.11503042483142067,-0.000924547
2.7038055453028527,-3.046133456415372,-0.7754356431316962,-0.00135443
2.7038055453028527,-2.0284579501718096,1.5143342459163192,-0.00128967
2.7038055453028527,-1.1379918822086923,-1.9203205876557041,0.0105766
2.7038055453028527,0.2613119388762062,1.5143342459163192,0.00787918
2.7038055453028527,0.8973591302784323,1.5143342459163192,-0.0208002
2.8310149835832963,0.1341025005957608,-1.6659017110948136,0.0120237
2.8310149835832963,0.515730815437097,-1.4114828345339228,-0.00602211
2.8310149835832963,0.6429402537175424,-1.4114828345339228,-0.0130947
2.8310149835832963,1.0245685685588777,1.5143342459163192,-0.0280525
2.8310149835832963,2.2966629513633317,1.3871248076358738,-0.0474909
2.8310149835832963,2.9327101427655577,0.7510776162336477,-0.0522817
2.9582244218637435,-2.918924018134927,-0.9026450814121416,0.00383475
2.9582244218637435,-2.0284579501718096,-1.538692272814368,-0.000363315
2.9582244218637435,-0.8835730056478024,-2.0475300259361493,0.0156826
2.9582244218637435,1.2789874451197685,1.5143342459163192,-0.037202
2.9582244218637435,2.1694535130828854,1.3871248076358738,-0.0487398
3.085433860144189,-1.1379918822086923,2.0231719990381007,0.0138974
3.085433860144189,-0.3747352525260208,2.0231719990381007,0.0191943
3.085433860144189,0.515730815437097,1.3871248076358738,-0.00776287
3.085433860144189,1.9150346365219955,-1.4114828345339228,-0.0484149
3.085433860144189,2.9327101427655577,0.3694493013923119,-0.0560708
3.2126432984246325,-2.0284579501718096,1.5143342459163192,0.00107679
3.2126432984246325,-1.6468296353304739,-1.7931111493752587,0.00629364
3.2126432984246325,0.2613119388762062,1.6415436841967646,0.00854753
3.2126432984246325,1.4061968834002139,1.3871248076358738,-0.0446226
3.2126432984246325,1.5334063216806593,1.3871248076358738,-0.0465597
3.339852736705078,-2.2828768267327004,-1.2842733962534774,0.00162476
3.339852736705078,2.2966629513633317,1.0054964927945376,-0.0555574
3.339852736705078,2.678291266204667,0.49665873967275687,-0.0576
3.4670621749855233,-3.046133456415372,-0.2665978900099151,0.0140922
3.4670621749855233,-1.010782443928247,-2.0475300259361493,0.0184696
3.4670621749855233,-0.3747352525260208,2.0231719990381007,0.0215374
3.4670621749855233,0.6429402537175424,1.1327059310749839,-0.0202726
3.4670621749855233,1.2789874451197685,-1.157063957973032,-0.0472917
3.4670621749855233,1.6606157599611047,-1.157063957973032,-0.0524028
3.5942716132659687,-2.918924018134927,0.3694493013923119,0.013314
3.5942716132659687,-2.664505141574036,-0.7754356431316962,0.0089341
3.5942716132659687,-2.5372957032935908,-0.9026450814121416,0.00696785
3.5942716132659687,-0.7563635673673561,-2.0475300259361493,0.0215867
3.5942716132659687,1.2789874451197685,1.0054964927945376,-0.0498949
3.721481051546414,-2.7917145798544816,0.3694493013923119,0.0128129
3.721481051546414,-2.2828768267327004,1.0054964927945376,0.00543547
3.721481051546414,-2.155667388452255,1.1327059310749839,0.00467497
3.721481051546414,-1.2652013204891377,1.8959625607576553,0.0167326
3.721481051546414,0.515730815437097,-1.029854519692587,-0.0117519
3.721481051546414,0.6429402537175424,-0.7754356431316962,-0.0268492
3.721481051546414,1.151778006839323,-0.7754356431316962,-0.050098
3.721481051546414,1.7878251982415492,0.7510776162336477,-0.0577179
3.8486904898268595,-1.010782443928247,-1.9203205876557041,0.0205073
3.8486904898268595,-0.3747352525260208,1.8959625607576553,0.0227336
3.8486904898268595,0.2613119388762062,-1.4114828345339228,0.00818414
3.8486904898268595,0.6429402537175424,-0.012179013449024279,-0.0369522
3.8486904898268595,0.7701496919979869,-0.012179013449024279,-0.0433791
3.8486904898268595,0.8973591302784323,0.24223986311186607,-0.0477117
3.8486904898268595,1.0245685685588777,0.3694493013923119,-0.0507754
3.8486904898268595,1.2789874451197685,0.49665873967275687,-0.0551751
3.8486904898268595,1.4061968834002139,-0.5210167665708054,-0.0565816
3.8486904898268595,1.5334063216806593,-0.5210167665708054,-0.0576785
3.8486904898268595,1.7878251982415492,-0.39380732829036047,-0.0596437
3.8486904898268595,1.9150346365219955,0.24223986311186607,-0.0602
3.975899928107305,-0.2475258142455754,1.76875312247721,0.0213532
4.10310936638775,-1.9012485118913642,-0.9026450814121416,0.00883602
4.10310936638775,-1.2652013204891377,1.6415436841967646,0.0175359
4.10310936638775,0.2613119388762062,-0.13938845172946968,-0.013424
4.10310936638775,0.2613119388762062,-0.012179013449024279,-0.0139527
4.10310936638775,0.2613119388762062,0.11503042483142067,-0.0136284
4.230318804668196,-1.7740390736109193,-0.7754356431316962,0.0106688
4.230318804668196,-0.7563635673673561,-1.6659017110948136,0.0217548
4.230318804668196,-0.2475258142455754,1.5143342459163192,0.0195161
4.230318804668196,-0.12031637596513,-1.4114828345339228,0.0171107
4.230318804668196,0.00689306231531539,1.2599153693554292,0.0128515
4.357528242948641,-1.6468296353304739,-0.2665978900099151,0.0139341
4.357528242948641,-1.6468296353304739,0.24223986311186607,0.0140677
4.357528242948641,-1.6468296353304739,0.3694493013923119,0.0132959
4.357528242948641,-1.519620197050028,-0.9026450814121416,0.0123644
4.357528242948641,-1.392410758769583,1.1327059310749839,0.0141743
4.357528242948641,-1.2652013204891377,-1.2842733962534774,0.0159725
4.357528242948641,-0.12031637596513,-1.157063957973032,0.0135456
4.4847376812290864,-1.2652013204891377,-0.012179013449024279,0.0137339
4.4847376812290864,-0.3747352525260208,-0.13938845172946968,0.00453072
4.4847376812290864,-0.3747352525260208,-0.012179013449024279,0.00411298
4.4847376812290864,-0.3747352525260208,0.11503042483142067,0.0043733
4.4847376812290864,-0.2475258142455754,-0.7754356431316962,0.00968766
4.4847376812290864,-0.2475258142455754,-0.6482262048512508,0.00786678
4.4847376812290864,-0.2475258142455754,0.6238681779532023,0.00736443
4.4847376812290864,-0.2475258142455754,0.7510776162336477,0.00923057
