-7.587375092415107,-0.5377313578721701,-0.21704996964236933,0.0104651
-7.26193957614594,-1.6767556648142543,1.0846920954342991,0.0180632
-7.26193957614594,0.11313967466616415,-0.37976772777695267,0.0109456
-6.936504059876773,-1.8394734229488385,-1.356074276584455,0.0289322
-6.936504059876773,-1.514037906679671,1.7355631279726333,0.0233254
-6.936504059876773,-0.04957808346841919,1.8982808861072176,0.0238488
-6.773786301742189,-2.1649089392180056,0.10838554662679822,0.0136872
-6.6110685436076055,-2.1649089392180056,-1.030638760315287,0.0242316
-6.6110685436076055,-2.002191181083422,1.2474098535688833,0.0158911
-6.6110685436076055,-1.1886023904105034,2.060998644241801,0.0234117
-6.6110685436076055,0.9267284653390835,-0.05433221150778511,0.0121511
-6.448350785473022,-2.4903444554871728,0.4338210628959658,0.0172849
-6.448350785473022,1.0894462234736668,-0.05433221150778511,0.0143578
-6.285633027338438,-2.1649089392180056,-1.1933565184498711,0.0264354
-6.285633027338438,-1.02588463227592,-2.0069453091227887,0.0333255
-6.285633027338438,-0.8631668741413367,-2.0069453091227887,0.0326739
-6.122915269203855,-3.303933246160091,0.7592565791651325,0.0265302
-6.122915269203855,-2.8157799717563403,-0.21704996964236933,0.020729
-6.122915269203855,-1.514037906679671,1.8982808861072176,0.0165786
-6.122915269203855,-0.8631668741413367,-2.0069453091227887,0.0323075
-5.960197511069271,-2.4903444554871728,1.57284536983805,0.0157408
-5.960197511069271,-1.514037906679671,1.8982808861072176,0.0149921
-5.960197511069271,0.4385751909353317,-1.356074276584455,0.0194857
-5.960197511069271,1.4148817397428335,0.10838554662679822,0.0214429
-5.797479752934687,-2.1649089392180056,1.7355631279726333,0.0132944
-5.797479752934687,-0.37501359973758586,-1.8442275509882053,0.0285637
-5.797479752934687,-0.04957808346841919,-1.681509792853622,0.0250903
-5.797479752934687,1.4148817397428335,0.4338210628959658,0.0203547
-5.634761994800104,-0.5377313578721701,-1.8442275509882053,0.0304714
-5.634761994800104,0.7640107072045002,-1.1933565184498711,0.0263108
-5.47204423666552,-3.7920865205638417,0.27110330476138156,0.0293925
-5.47204423666552,-2.978497729890924,-0.7052032440461202,0.0244648
-5.47204423666552,-2.4903444554871728,1.8982808861072176,0.0111604
-5.47204423666552,-2.3276266973525894,-1.5187920347190382,0.0326899
-5.47204423666552,-1.8394734229488385,-1.8442275509882053,0.0345274
-5.47204423666552,-0.8631668741413367,-1.8442275509882053,0.0326597
-5.309326478530936,-3.303933246160091,-0.5424854859115364,0.025072
-5.146608720396353,-2.653062213621756,-2.1696630672573725,0.0386955
-5.146608720396353,-2.3276266973525894,2.060998644241801,0.0075905
-5.146608720396353,-0.8631668741413367,2.060998644241801,0.0106755
-5.146608720396353,0.7640107072045002,1.2474098535688833,0.00986565
-4.9838909622617695,-2.4903444554871728,2.060998644241801,0.00681899
-4.9838909622617695,-2.002191181083422,2.223716402376385,0.00768708
-4.9838909622617695,1.0894462234736668,-0.8679210021807036,0.0404129
-4.821173204127185,-0.8631668741413367,2.223716402376385,0.0118234
-4.821173204127185,-0.21229584160300252,-1.5187920347190382,0.0515993
-4.821173204127185,0.27585743280074837,-1.356074276584455,0.0515012
-4.821173204127185,1.2521639816082502,-0.5424854859115364,0.0390956
-4.658455445992602,-3.303933246160091,-1.5187920347190382,0.030076
-4.658455445992602,-3.303933246160091,-1.356074276584455,0.0293856
-4.658455445992602,-3.303933246160091,-0.8679210021807036,0.0284187
-4.658455445992602,-0.5377313578721701,2.060998644241801,0.0113219
-4.658455445992602,-0.21229584160300252,-1.681509792853622,0.0636652
-4.658455445992602,0.4385751909353317,-1.356074276584455,0.0614398
-4.658455445992602,0.7640107072045002,-1.030638760315287,0.0502921
-4.495737687858019,-3.7920865205638417,0.5965388210305491,0.0234698
-4.495737687858019,-2.1649089392180056,-2.820534099795707,0.0410629
-4.495737687858019,-2.002191181083422,-2.820534099795707,0.041255
-4.495737687858019,0.7640107072045002,-1.030638760315287,0.055594
-4.333019929723434,0.7640107072045002,0.5965388210305491,0.0179971
-4.170302171588851,-3.4666510042946745,-1.356074276584455,0.0255038
-4.170302171588851,0.27585743280074837,0.7592565791651325,0.0114016
-4.007584413454268,-3.4666510042946745,0.7592565791651325,0.0170375
-4.007584413454268,-0.8631668741413367,2.3864341605109693,0.0136279
-4.007584413454268,0.27585743280074837,-2.4950985835265396,0.0904059
-4.007584413454268,1.0894462234736668,-1.356074276584455,0.0820154
-3.8448666553196844,-1.8394734229488385,-2.820534099795707,0.0352006
-3.8448666553196844,-0.21229584160300252,1.57284536983805,0.00812969
-3.8448666553196844,-0.04957808346841919,0.9219743372997158,0.00913107
-3.8448666553196844,1.0894462234736668,-0.8679210021807036,0.0579664
-3.519431139050517,-2.978497729890924,0.9219743372997158,0.0111191
-3.519431139050517,-2.4903444554871728,-2.6578163416611233,0.0284304
-3.519431139050517,-2.002191181083422,2.223716402376385,0.00659168
-3.519431139050517,-0.21229584160300252,1.0846920954342991,0.00743233
-3.3567133809159335,-1.1886023904105034,2.223716402376385,0.00632162
-3.3567133809159335,0.9267284653390835,-2.3323808253919562,0.100323
-3.3567133809159335,1.2521639816082502,-0.8679210021807036,0.0572507
-3.19399562278135,1.2521639816082502,-0.37976772777695267,0.0309484
-3.031277864646767,-0.5377313578721701,-2.820534099795707,0.0273677
-3.031277864646767,-0.37501359973758586,-2.820534099795707,0.0337916
-3.031277864646767,-0.37501359973758586,1.2474098535688833,-0.00505375
-3.031277864646767,0.6012929490699159,0.5965388210305491,0.0228969
-3.031277864646767,1.4148817397428335,-1.356074276584455,0.0772588
-3.031277864646767,1.5775994978774177,-0.37976772777695267,0.0196044
-2.8685601065121826,-2.8157799717563403,0.7592565791651325,0.00512247
-2.8685601065121826,-0.37501359973758586,-2.820534099795707,0.0284194
-2.7058423483775993,-3.4666510042946745,0.27110330476138156,0.0220889
-2.7058423483775993,-3.303933246160091,0.4338210628959658,0.0179723
-2.7058423483775993,-2.3276266973525894,0.9219743372997158,-0.0164065
-2.7058423483775993,-0.37501359973758586,1.57284536983805,-0.0261987
-2.7058423483775993,1.9030350141465844,-1.5187920347190382,0.0710924
-2.543124590243015,-2.3276266973525894,0.9219743372997158,-0.0248767
-2.543124590243015,0.11313967466616415,-2.6578163416611233,0.0443634
-2.543124590243015,0.27585743280074837,1.2474098535688833,-0.00576223
-2.380406832108431,-3.629368762429258,-0.7052032440461202,0.0278508
-2.380406832108431,-3.629368762429258,-0.37976772777695267,0.0276161
-2.380406832108431,-3.303933246160091,0.27110330476138156,0.0177049
-2.380406832108431,2.0657527722811686,0.4338210628959658,-0.00837901
-2.2176890739738475,-0.8631668741413367,2.060998644241801,-0.0502914
-2.2176890739738475,1.9030350141465844,1.7355631279726333,-0.0479042
-2.2176890739738475,2.0657527722811686,1.4101276117034667,-0.0397068
-2.054971315839264,-2.3276266973525894,-1.5187920347190382,0.0140782
-2.054971315839264,-2.3276266973525894,1.2474098535688833,-0.0492972
-2.054971315839264,-1.1886023904105034,-2.4950985835265396,-0.00555745
-2.054971315839264,1.0894462234736668,1.4101276117034667,-0.0304477
-1.8922535577046808,-2.978497729890924,-1.030638760315287,0.0204494
-1.8922535577046808,-2.653062213621756,0.4338210628959658,-0.0241092
-1.8922535577046808,-1.514037906679671,2.060998644241801,-0.0555507
-1.8922535577046808,-0.8631668741413367,-2.4950985835265396,-0.00105798
-1.8922535577046808,-0.37501359973758586,-2.4950985835265396,0.013661
-1.8922535577046808,2.879341562954087,1.2474098535688833,-0.036866
-1.7295357995700975,-0.8631668741413367,2.223716402376385,-0.0563216
-1.7295357995700975,0.4385751909353317,1.7355631279726333,-0.0483176
-1.7295357995700975,2.879341562954087,-0.05433221150778511,0.0124919
-1.5668180414355133,-2.002191181083422,-0.8679210021807036,0.00397288
-1.40410028330093,-0.5377313578721701,2.223716402376385,-0.0572672
-1.40410028330093,0.6012929490699159,2.223716402376385,-0.0594134
-1.40410028330093,2.879341562954087,-1.5187920347190382,0.016999
-1.0786647670317624,-1.1886023904105034,-1.356074276584455,0.0207138
-1.0786647670317624,-0.8631668741413367,2.223716402376385,-0.0532453
-1.0786647670317624,0.11313967466616415,-2.1696630672573725,0.0296222
-0.9159470088971791,-2.4903444554871728,0.4338210628959658,-0.0482182
-0.9159470088971791,2.5539060466849204,3.0373051930493027,-0.0583372
-0.9159470088971791,3.2047770792232537,2.5491519186455527,-0.0598289
-0.9159470088971791,3.5302125954924204,1.0846920954342991,-0.0320128
-0.7532292507625957,-2.3276266973525894,1.0846920954342991,-0.0534616
-0.7532292507625957,-0.21229584160300252,-1.8442275509882053,0.0179542
-0.5905114926280106,-2.3276266973525894,0.7592565791651325,-0.0517019
-0.5905114926280106,-2.002191181083422,-0.37976772777695267,-0.0338315
-0.5905114926280106,-1.8394734229488385,-0.5424854859115364,-0.0275498
-0.5905114926280106,0.27585743280074837,2.223716402376385,-0.0412257
-0.5905114926280106,3.367494837357837,2.3864341605109693,-0.0585122
-0.5905114926280106,4.506519144299922,-0.37976772777695267,-0.0556035
-0.4277937344934273,-2.1649089392180056,0.10838554662679822,-0.0452239
-0.4277937344934273,-1.6767556648142543,-0.5424854859115364,-0.026977
-0.4277937344934273,-1.02588463227592,-0.8679210021807036,0.0015404
-0.4277937344934273,3.367494837357837,2.3864341605109693,-0.0578083
-0.4277937344934273,4.506519144299922,-0.05433221150778511,-0.0567285
-0.26507597635884395,-0.04957808346841919,-1.681509792853622,0.00787394
-0.26507597635884395,0.27585743280074837,2.3864341605109693,-0.0217152
-0.26507597635884395,0.4385751909353317,-2.0069453091227887,0.0147664
-0.26507597635884395,1.740317256012001,3.200022951183887,-0.0549985
-0.26507597635884395,2.0657527722811686,3.200022951183887,-0.0561447
-0.26507597635884395,2.5539060466849204,-2.1696630672573725,-0.00474084
-0.26507597635884395,4.018365869896172,0.7592565791651325,-0.0456717
-0.10235821822426061,0.4385751909353317,2.5491519186455527,-0.0225791
-0.10235821822426061,3.5302125954924204,1.7355631279726333,-0.0446762
-0.10235821822426061,3.855648111761589,0.9219743372997158,-0.0392173
0.060359539910322724,-1.514037906679671,-0.05433221150778511,-0.0374824
0.060359539910322724,-0.7004491160067534,-0.5424854859115364,-0.00725001
0.060359539910322724,-0.37501359973758586,-0.8679210021807036,0.00540229
0.060359539910322724,3.367494837357837,-2.1696630672573725,-0.0336458
0.22307729804490606,-1.514037906679671,0.27110330476138156,-0.0373134
0.22307729804490606,-0.8631668741413367,-0.37976772777695267,-0.0154222
0.22307729804490606,1.5775994978774177,3.0373051930493027,-0.051191
0.22307729804490606,2.879341562954087,2.711869676780136,-0.0558633
0.22307729804490606,3.855648111761589,0.9219743372997158,-0.0388104
0.3857950561794894,-1.1886023904105034,-0.05433221150778511,-0.0240761
0.5485128143140745,-1.6767556648142543,1.2474098535688833,-0.0113324
0.5485128143140745,0.4385751909353317,-1.681509792853622,0.0156025
0.5485128143140745,1.4148817397428335,-1.8442275509882053,0.030103
0.5485128143140745,2.879341562954087,-2.1696630672573725,-0.0232252
0.7112305724486578,-1.02588463227592,-0.37976772777695267,-0.0106529
0.7112305724486578,-0.37501359973758586,-1.1933565184498711,0.00110267
0.7112305724486578,-0.04957808346841919,3.0373051930493027,0.0185357
0.7112305724486578,1.5775994978774177,-2.0069453091227887,0.0265266
0.7112305724486578,1.740317256012001,-2.0069453091227887,0.0237589
0.7112305724486578,2.0657527722811686,2.711869676780136,-0.0479476
0.7112305724486578,2.7166238048195037,2.3864341605109693,-0.0456754
0.7112305724486578,4.343801386165339,-1.1933565184498711,-0.0491976
0.7112305724486578,4.506519144299922,-0.37976772777695267,-0.0556517
0.8739483305832412,-1.6767556648142543,0.27110330476138156,-0.0150021
0.8739483305832412,-0.7004491160067534,-0.8679210021807036,-0.0026437
1.0366660887178245,-1.1886023904105034,-0.37976772777695267,-0.006853
1.0366660887178245,-0.8631668741413367,-0.7052032440461202,-0.00251566
1.0366660887178245,-0.5377313578721701,-1.1933565184498711,3.6813e-05
1.0366660887178245,0.6012929490699159,-2.1696630672573725,0.0168204
1.0366660887178245,2.3911882885503353,2.060998644241801,-0.0269325
1.0366660887178245,2.7166238048195037,1.57284536983805,-0.00263025
1.1993838468524078,-1.6767556648142543,-0.05433221150778511,-0.0103062
1.3621016049869912,-2.1649089392180056,1.4101276117034667,0.00817933
1.3621016049869912,3.2047770792232537,-1.681509792853622,-0.0210171
1.5248193631215745,-0.04957808346841919,-2.1696630672573725,0.00668491
1.5248193631215745,2.5539060466849204,0.9219743372997158,0.022621
1.5248193631215745,3.6929303536270055,-1.030638760315287,-0.0406281
1.6875371212561578,-2.4903444554871728,1.0846920954342991,0.00598093
1.6875371212561578,-2.4903444554871728,1.2474098535688833,0.00892513
1.6875371212561578,-1.3513201485450876,2.5491519186455527,0.0314578
1.6875371212561578,-1.02588463227592,2.711869676780136,0.0281409
1.6875371212561578,-0.7004491160067534,-1.5187920347190382,0.000849173
1.6875371212561578,0.4385751909353317,-2.4950985835265396,0.0147682
1.6875371212561578,2.228470530415752,1.2474098535688833,0.0110908
1.6875371212561578,2.7166238048195037,0.4338210628959658,0.00922113
1.8502548793907412,-1.6767556648142543,2.5491519186455527,0.0326286
1.8502548793907412,-0.21229584160300252,2.8745874349147194,0.0131557
2.0129726375253263,-2.653062213621756,1.8982808861072176,0.0269707
2.0129726375253263,1.0894462234736668,2.223716402376385,-0.00359551
2.0129726375253263,2.5539060466849204,-2.4950985835265396,0.0408049
2.0129726375253263,2.879341562954087,-0.5424854859115364,-0.00623738
2.1756903956599096,-2.4903444554871728,2.3864341605109693,0.0365483
2.1756903956599096,-2.002191181083422,-0.5424854859115364,-0.00186038
2.1756903956599096,-1.6767556648142543,-0.8679210021807036,-0.000228705
2.1756903956599096,-1.02588463227592,-1.681509792853622,-0.000561527
2.1756903956599096,2.228470530415752,0.9219743372997158,0.000403258
2.338408153794493,-2.3276266973525894,-0.21704996964236933,0.000207861
2.338408153794493,0.6012929490699159,-2.6578163416611233,0.0211389
2.338408153794493,0.9267284653390835,2.223716402376385,-0.00347851
2.338408153794493,1.0894462234736668,2.060998644241801,-0.00431386
2.5011259119290763,-2.8157799717563403,0.9219743372997158,0.0134445
2.5011259119290763,1.2521639816082502,1.7355631279726333,-0.00481674
2.6638436700636596,-1.6767556648142543,-1.356074276584455,0.00192454
2.6638436700636596,0.9267284653390835,-2.6578163416611233,0.0303267
2.6638436700636596,1.0894462234736668,-2.6578163416611233,0.0328328
2.9892791863328263,-2.4903444554871728,-0.37976772777695267,0.00699286
2.9892791863328263,-0.04957808346841919,2.5491519186455527,0.000957508
2.9892791863328263,1.0894462234736668,1.0846920954342991,0.00431258
3.1519969444674096,-2.653062213621756,-0.05433221150778511,0.00821911
3.1519969444674096,-2.3276266973525894,2.711869676780136,0.041478
3.1519969444674096,0.9267284653390835,1.0846920954342991,0.00574723
3.3147147026019947,0.9267284653390835,0.9219743372997158,0.00667663
3.3147147026019947,1.4148817397428335,0.5965388210305491,0.000712324
3.3147147026019947,1.9030350141465844,0.27110330476138156,-0.0028106
3.477432460736578,-2.3276266973525894,2.5491519186455527,0.0390704
3.477432460736578,-0.21229584160300252,-2.820534099795707,0.0231273
3.477432460736578,1.0894462234736668,-2.6578163416611233,0.0394721
3.6401502188711614,-3.1412154880255074,-0.21704996964236933,-0.00576604
3.6401502188711614,-3.1412154880255074,-0.05433221150778511,-0.00487539
3.6401502188711614,-2.8157799717563403,-1.030638760315287,-0.00498996
3.6401502188711614,-2.653062213621756,-1.1933565184498711,-0.00330849
3.6401502188711614,-2.653062213621756,1.8982808861072176,0.0317877
3.6401502188711614,-0.8631668741413367,2.5491519186455527,0.0114666
3.6401502188711614,0.11313967466616415,2.060998644241801,-0.00211197
3.6401502188711614,0.27585743280074837,1.8982808861072176,-0.00318461
3.8028679770057447,-2.8157799717563403,1.0846920954342991,0.00936462
3.8028679770057447,0.27585743280074837,1.7355631279726333,-0.00258348
3.96558573514033,-3.303933246160091,-0.7052032440461202,-0.0115047
3.96558573514033,-3.1412154880255074,-1.030638760315287,-0.0110633
3.96558573514033,-1.1886023904105034,-2.0069453091227887,0.015693
3.96558573514033,-1.02588463227592,-2.1696630672573725,0.0174366
3.96558573514033,1.5775994978774177,-2.1696630672573725,0.0368332
3.96558573514033,1.5775994978774177,0.10838554662679822,-0.00291186
4.128303493274913,-3.1412154880255074,-1.1933565184498711,-0.0120366
4.128303493274913,-0.7004491160067534,-2.4950985835265396,0.0244352
4.128303493274913,0.4385751909353317,1.2474098535688833,-0.000479085
4.128303493274913,1.740317256012001,-1.681509792853622,0.0259859
4.2910212514094965,-2.4903444554871728,1.57284536983805,0.00620725
4.2910212514094965,0.6012929490699159,0.9219743372997158,0.00036278
4.453739009544082,-3.4666510042946745,-0.8679210021807036,-0.0124372
4.453739009544082,1.5775994978774177,-1.8442275509882053,0.030673
4.616456767678665,-3.629368762429258,-0.37976772777695267,-0.010896
4.616456767678665,-1.02588463227592,-2.0069453091227887,0.0146092
4.616456767678665,-0.7004491160067534,1.57284536983805,0.00780373
4.616456767678665,-0.21229584160300252,-2.6578163416611233,0.0383887
4.616456767678665,-0.04957808346841919,1.2474098535688833,0.00520783
4.779174525813248,-2.653062213621756,-1.8442275509882053,-0.0114662
4.779174525813248,-1.1886023904105034,-2.0069453091227887,0.00662501
4.779174525813248,1.0894462234736668,-0.37976772777695267,0.00632153
4.779174525813248,1.4148817397428335,-1.5187920347190382,0.0250945
4.941892283947832,-0.8631668741413367,1.57284536983805,0.00130583
4.941892283947832,0.9267284653390835,-2.3323808253919562,0.0439276
4.941892283947832,1.0894462234736668,-0.8679210021807036,0.0136034
4.941892283947832,1.2521639816082502,-1.5187920347190382,0.026561
5.104610042082415,-3.629368762429258,-0.37976772777695267,-0.00445502
5.104610042082415,-3.629368762429258,0.10838554662679822,-0.0048518
5.104610042082415,-2.653062213621756,1.57284536983805,-0.00919898
5.267327800216998,-3.4666510042946745,-0.8679210021807036,-0.00250147
5.267327800216998,-2.1649089392180056,-2.0069453091227887,-0.00979528
5.267327800216998,-2.1649089392180056,1.7355631279726333,-0.00976005
5.267327800216998,0.27585743280074837,-1.1933565184498711,0.0214085
5.267327800216998,0.4385751909353317,-1.8442275509882053,0.0348957
5.430045558351582,-3.1412154880255074,1.0846920954342991,-0.00577185
5.755481074620748,-2.1649089392180056,1.57284536983805,-0.0105637
5.755481074620748,-0.8631668741413367,-1.681509792853622,-0.00427623
5.755481074620748,-0.21229584160300252,-1.030638760315287,0.000100611
5.755481074620748,-0.04957808346841919,0.27110330476138156,-0.00542103
5.918198832755333,-2.8157799717563403,1.0846920954342991,-0.00100528
6.080916590889917,-3.1412154880255074,-0.37976772777695267,0.0198325
6.2436343490245,-1.3513201485450876,-1.5187920347190382,-0.00713568
6.406352107159083,-2.653062213621756,-0.7052032440461202,0.0211152
6.406352107159083,-1.02588463227592,-1.1933565184498711,-0.00821694
6.406352107159083,-1.02588463227592,0.9219743372997158,-0.0127546
6.569069865293667,-2.002191181083422,-1.030638760315287,0.00699575
6.569069865293667,-1.1886023904105034,0.7592565791651325,-0.010329
6.569069865293667,-0.7004491160067534,-0.37976772777695267,-0.010812
6.569069865293667,-0.7004491160067534,0.10838554662679822,-0.0119656
6.73178762342825,-2.002191181083422,-0.5424854859115364,0.0121166
6.73178762342825,-1.8394734229488385,0.4338210628959658,0.00369124
6.73178762342825,-1.3513201485450876,0.4338210628959658,-0.00553027
6.73178762342825,-1.02588463227592,-0.21704996964236933,-0.00771501
6.73178762342825,-1.02588463227592,-0.05433221150778511,-0.00810919
