-7.4635867847863215,-1.3647067443834526,-0.3387501440072045,-0.24168
-7.4635867847863215,-0.7092509205124076,-1.8135257477170574,-0.224476
-7.4635867847863215,-0.5453869645446456,-1.6496617917492955,-0.22455
-7.4635867847863215,-0.5453869645446456,-0.6664780559427275,-0.227968
-7.29972282881856,-2.1840265242222596,1.4637533716381714,-0.230652
-7.29972282881856,-1.6924346563189756,-0.011022232071681515,-0.246821
-7.29972282881856,-1.2008427884156925,-0.011022232071681515,-0.240289
-7.29972282881856,-0.5453869645446456,-0.3387501440072045,-0.227245
-7.29972282881856,-0.3815230085768846,-0.5026140999749655,-0.224745
-7.135858872850799,-2.1840265242222596,-0.17488618803944256,-0.247178
-7.135858872850799,-0.8731148764801686,0.3167056798638406,-0.230226
-6.971994916883037,-0.5453869645446456,0.15284172389608042,-0.218902
-6.808130960915276,-3.0033463040610675,0.4805696358316025,-0.232474
-6.808130960915276,-2.6756183921255445,-0.99420596787825,-0.232621
-6.808130960915276,0.27393281529416136,-1.485797835781534,-0.21488
-6.644267004947514,-3.1672102600288286,1.1360254597026476,-0.226406
-6.644267004947514,-2.6756183921255445,-0.3387501440072045,-0.236259
-6.480403048979753,-2.5117544361577826,-2.14125365965258,-0.220138
-6.480403048979753,0.4377967712619224,-1.485797835781534,-0.210464
-6.316539093011992,-2.8394823480933056,-1.485797835781534,-0.220547
-6.316539093011992,-2.8394823480933056,-0.8303420119104885,-0.223398
-6.316539093011992,-2.5117544361577826,2.2830731514769784,-0.219748
-6.1526751370442305,-3.33107421599659,0.4805696358316025,-0.22141
-6.1526751370442305,-3.0033463040610675,-0.17488618803944256,-0.220541
-6.1526751370442305,-3.0033463040610675,1.9553452395414554,-0.219139
-6.1526751370442305,-2.8394823480933056,2.1192091955092165,-0.218923
-6.1526751370442305,-0.05379509664136162,1.1360254597026476,-0.194449
-6.1526751370442305,0.4377967712619224,-1.8135257477170574,-0.208453
-5.988811181076469,-3.33107421599659,1.4637533716381714,-0.218684
-5.988811181076469,-3.1672102600288286,1.7914812835736944,-0.218473
-5.988811181076469,-1.6924346563189756,2.6108010634125014,-0.215746
-5.988811181076469,-0.5453869645446456,-2.7967094835236255,-0.212228
-5.8249472251087075,-3.33107421599659,0.3167056798638406,-0.214634
-5.8249472251087075,-3.1672102600288286,-0.011022232071681515,-0.211971
-5.8249472251087075,-2.8394823480933056,-1.6496617917492955,-0.211384
-5.8249472251087075,-1.3647067443834526,2.6108010634125014,-0.213884
-5.8249472251087075,0.11006885932640031,0.8082975477671255,-0.1706
-5.8249472251087075,0.4377967712619224,-0.3387501440072045,-0.170918
-5.8249472251087075,0.6016607272296834,-1.321933879813773,-0.193838
-5.661083269140946,0.11006885932640031,0.9721615037348874,-0.170478
-5.497219313173185,-3.1672102600288286,-0.011022232071681515,-0.201821
-5.497219313173185,-1.6924346563189756,-2.7967094835236255,-0.209665
-5.497219313173185,-0.5453869645446456,-2.7967094835236255,-0.2026
-5.497219313173185,0.6016607272296834,-0.5026140999749655,-0.159038
-5.3333553572054235,-3.33107421599659,1.4637533716381714,-0.211969
-5.3333553572054235,-2.8394823480933056,-0.99420596787825,-0.188452
-5.3333553572054235,-1.3647067443834526,2.6108010634125014,-0.208151
-5.3333553572054235,-0.8731148764801686,2.4469371074447404,-0.204278
-5.3333553572054235,0.7655246831974454,-1.8135257477170574,-0.16502
-5.3333553572054235,1.0932525951329675,-1.6496617917492955,-0.147592
-5.169491401237661,-2.6756183921255445,-1.6496617917492955,-0.196437
-5.169491401237661,-0.7092509205124076,-2.7967094835236255,-0.190611
-5.169491401237661,0.11006885932640031,-2.632845527555864,-0.164607
-5.169491401237661,0.4377967712619224,0.8082975477671255,-0.141579
-5.169491401237661,0.4377967712619224,1.7914812835736944,-0.143043
-5.169491401237661,0.7655246831974454,-2.14125365965258,-0.155293
-5.169491401237661,0.7655246831974454,1.4637533716381714,-0.131864
-5.0056274452699,-2.6756183921255445,-1.321933879813773,-0.184019
-5.0056274452699,-0.7092509205124076,-2.7967094835236255,-0.178259
-5.0056274452699,-0.05379509664136162,2.1192091955092165,-0.160392
-5.0056274452699,1.0932525951329675,1.1360254597026476,-0.123017
-5.0056274452699,1.2571165511007303,-0.011022232071681515,-0.125386
-5.0056274452699,2.0764363309395373,-1.158069923846011,-0.110329
-4.841763489302139,-2.6756183921255445,-0.99420596787825,-0.166728
-4.841763489302139,-2.1840265242222596,-2.14125365965258,-0.195972
-4.841763489302139,0.9293886391652064,0.3167056798638406,-0.127588
-4.841763489302139,0.9293886391652064,0.4805696358316025,-0.127337
-4.841763489302139,1.2571165511007303,0.15284172389608042,-0.123927
-4.677899533334378,-2.3478904801900216,-1.6496617917492955,-0.181915
-4.514035577366616,-2.8394823480933056,1.6276173276059325,-0.200919
-4.514035577366616,-1.8562986122867375,2.4469371074447404,-0.176691
-4.514035577366616,-1.5285707003512146,-2.305117615620341,-0.181579
-4.514035577366616,-1.5285707003512146,2.6108010634125014,-0.162225
-4.514035577366616,1.5848444630362524,0.9721615037348874,-0.116781
-4.350171621398855,-2.6756183921255445,1.6276173276059325,-0.195249
-4.350171621398855,-0.21765905260912355,2.7746650193802624,-0.134581
-4.350171621398855,1.2571165511007303,-2.632845527555864,-0.119667
-4.350171621398855,2.4041642428750594,-1.158069923846011,-0.106962
-4.186307665431093,0.6016607272296834,2.7746650193802624,-0.116116
-4.186307665431093,1.0932525951329675,2.6108010634125014,-0.108124
-4.186307665431093,2.5680281988428204,0.4805696358316025,-0.134307
-4.186307665431093,2.5680281988428204,0.6444335917993644,-0.135197
-4.186307665431093,3.2234840227138664,-0.011022232071681515,-0.138383
-4.186307665431093,3.3873479786816274,-0.011022232071681515,-0.13973
-4.022443709463332,-2.6756183921255445,-0.8303420119104885,-0.135606
-4.022443709463332,0.7655246831974454,2.7746650193802624,-0.111918
-4.022443709463332,2.4041642428750594,-1.321933879813773,-0.106987
-3.8585797534955697,-1.8562986122867375,2.7746650193802624,-0.119469
-3.8585797534955697,-1.2008427884156925,3.1023929313157854,-0.113598
-3.8585797534955697,1.9125723749717745,1.6276173276059325,-0.115538
-3.8585797534955697,2.2403002869072983,1.4637533716381714,-0.12698
-3.8585797534955697,4.206667758520436,-0.17488618803944256,-0.142006
-3.6947157975278095,-2.6756183921255445,0.3167056798638406,-0.138932
-3.6947157975278095,1.7487084190040134,-2.305117615620341,-0.10719
-3.6947157975278095,2.2403002869072983,-1.6496617917492955,-0.105496
-3.6947157975278095,3.3873479786816274,-0.6664780559427275,-0.131329
-3.5308518415600476,-2.8394823480933056,-0.011022232071681515,-0.126492
-3.5308518415600476,0.4377967712619224,-3.28830135142691,-0.100146
-3.5308518415600476,0.7655246831974454,2.7746650193802624,-0.108713
-3.5308518415600476,1.4209805070684913,-2.632845527555864,-0.105057
-3.5308518415600476,2.4041642428750594,-1.158069923846011,-0.106825
-3.5308518415600476,2.8957561107783443,-0.8303420119104885,-0.12057
-3.3669878855922857,-0.21765905260912355,-3.28830135142691,-0.0985148
-3.3669878855922857,2.4041642428750594,-1.158069923846011,-0.10475
-3.3669878855922857,4.370531714488197,-0.5026140999749655,-0.137021
-3.3669878855922857,4.86212358239148,1.2998894156704095,-0.148415
-3.2031239296245246,-1.6924346563189756,-1.8135257477170574,-0.118238
-3.2031239296245246,0.6016607272296834,-3.1244373954591484,-0.0998354
-3.2031239296245246,0.6016607272296834,2.7746650193802624,-0.106296
-3.2031239296245246,1.5848444630362524,-2.632845527555864,-0.0971057
-3.2031239296245246,3.2234840227138664,-0.99420596787825,-0.120572
-3.2031239296245246,4.86212358239148,-0.011022232071681515,-0.141871
-3.2031239296245246,4.86212358239148,1.4637533716381714,-0.14712
-3.2031239296245246,5.025987538359241,0.4805696358316025,-0.145244
-3.2031239296245246,5.025987538359241,0.9721615037348874,-0.147048
-3.0392599736567627,-2.6756183921255445,0.3167056798638406,-0.116083
-3.0392599736567627,-2.1840265242222596,0.9721615037348874,-0.121951
-3.0392599736567627,-1.0369788324479305,3.1023929313157854,-0.100473
-3.0392599736567627,4.534395670455958,1.9553452395414554,-0.143599
-3.0392599736567627,4.6982596264237175,1.7914812835736944,-0.144692
-2.8753960176890025,-2.3478904801900216,0.6444335917993644,-0.115736
-2.8753960176890025,-1.6924346563189756,2.7746650193802624,-0.0977105
-2.8753960176890025,1.4209805070684913,-2.9605734394913865,-0.0896823
-2.8753960176890025,4.86212358239148,-0.17488618803944256,-0.137683
-2.7115320617212406,-2.1840265242222596,-1.485797835781534,-0.103182
-2.7115320617212406,-2.0201625682544995,2.1192091955092165,-0.103266
-2.7115320617212406,-1.5285707003512146,2.7746650193802624,-0.0971656
-2.7115320617212406,-1.3647067443834526,-1.8135257477170574,-0.105521
-2.7115320617212406,-1.2008427884156925,-1.9773897036848185,-0.104142
-2.7115320617212406,-0.8731148764801686,-2.4689815715881025,-0.101421
-2.7115320617212406,-0.21765905260912355,2.9385289753480235,-0.100222
-2.7115320617212406,2.4041642428750594,-2.305117615620341,-0.0849378
-2.5476681057534787,-1.2008427884156925,-1.9773897036848185,-0.099886
-2.5476681057534787,-0.21765905260912355,2.9385289753480235,-0.0969298
-2.5476681057534787,0.9293886391652064,2.7746650193802624,-0.0924866
-2.5476681057534787,1.9125723749717745,2.1192091955092165,-0.100316
-2.5476681057534787,2.5680281988428204,-1.9773897036848185,-0.0861128
-2.3838041497857176,-1.8562986122867375,1.7914812835736944,-0.101686
-2.3838041497857176,-1.0369788324479305,-2.305117615620341,-0.0939533
-2.3838041497857176,1.4209805070684913,2.4469371074447404,-0.0916445
-2.3838041497857176,4.370531714488197,2.1192091955092165,-0.135007
-2.3838041497857176,4.86212358239148,-0.17488618803944256,-0.132042
-2.2199401938179557,2.5680281988428204,-2.4689815715881025,-0.0757955
-2.2199401938179557,4.370531714488197,-0.6664780559427275,-0.123834
-2.2199401938179557,4.534395670455958,1.9553452395414554,-0.133923
-2.0560762378501947,-1.3647067443834526,2.2830731514769784,-0.0940293
-2.0560762378501947,0.9293886391652064,3.1023929313157854,-0.0794621
-2.0560762378501947,2.5680281988428204,2.2830731514769784,-0.108971
-2.0560762378501947,4.042803802552673,-0.8303420119104885,-0.117542
-2.0560762378501947,4.86212358239148,-0.011022232071681515,-0.128303
-1.8922122818824336,-1.5285707003512146,-1.321933879813773,-0.0886918
-1.8922122818824336,2.7318921548105832,-1.485797835781534,-0.0818277
-1.8922122818824336,4.86212358239148,0.15284172389608042,-0.126345
-1.7283483259146717,-0.7092509205124076,-2.7967094835236255,-0.0808176
-1.7283483259146717,0.7655246831974454,3.2662568872835465,-0.0731007
-1.7283483259146717,1.2571165511007303,-3.28830135142691,-0.0772744
-1.7283483259146717,1.4209805070684913,-3.28830135142691,-0.0750898
-1.7283483259146717,2.2403002869072983,-2.9605734394913865,-0.0690731
-1.7283483259146717,3.0596200667461035,-1.158069923846011,-0.0874945
-1.5644843699469098,-1.5285707003512146,-0.3387501440072045,-0.0846702
-1.5644843699469098,-0.21765905260912355,-2.9605734394913865,-0.0832323
-1.5644843699469098,4.534395670455958,1.4637533716381714,-0.122099
-1.5644843699469098,4.6982596264237175,1.1360254597026476,-0.122105
-1.4006204139791487,-2.0201625682544995,0.4805696358316025,-0.0769938
-1.4006204139791487,-1.3647067443834526,-0.5026140999749655,-0.0793905
-1.4006204139791487,4.370531714488197,1.4637533716381714,-0.116706
-1.2367564580113877,-1.3647067443834526,-0.99420596787825,-0.0723037
-1.2367564580113877,4.370531714488197,0.15284172389608042,-0.105161
-1.0728925020436266,-1.8562986122867375,1.6276173276059325,-0.0752572
-1.0728925020436266,0.9293886391652064,-2.9605734394913865,-0.0835062
-1.0728925020436266,3.7150758906171513,-0.5026140999749655,-0.0912617
-0.9090285460758647,-2.0201625682544995,0.9721615037348874,-0.0678854
-0.9090285460758647,-0.8731148764801686,2.4469371074447404,-0.0837094
-0.9090285460758647,1.7487084190040134,1.9553452395414554,-0.0763533
-0.9090285460758647,2.0764363309395373,-2.4689815715881025,-0.0763057
-0.9090285460758647,2.2403002869072983,-2.14125365965258,-0.0784652
-0.9090285460758647,2.4041642428750594,-1.485797835781534,-0.0794734
-0.9090285460758647,4.042803802552673,-0.17488618803944256,-0.0854305
-0.7451645901081037,-1.3647067443834526,-0.99420596787825,-0.0574302
-0.7451645901081037,-1.0369788324479305,-2.14125365965258,-0.0646845
-0.7451645901081037,-0.7092509205124076,-2.4689815715881025,-0.0696773
-0.7451645901081037,-0.3815230085768846,2.7746650193802624,-0.0778187
-0.7451645901081037,0.6016607272296834,-2.632845527555864,-0.0870339
-0.7451645901081037,0.7655246831974454,-2.632845527555864,-0.0871356
-0.7451645901081037,1.4209805070684913,-2.632845527555864,-0.0821198
-0.7451645901081037,1.4209805070684913,2.4469371074447404,-0.075508
-0.7451645901081037,3.3873479786816274,1.6276173276059325,-0.0845966
-0.5813006341403426,-1.5285707003512146,-0.8303420119104885,-0.0528899
-0.5813006341403426,-0.8731148764801686,-2.14125365965258,-0.0654759
-0.5813006341403426,0.27393281529416136,2.9385289753480235,-0.0709894
-0.5813006341403426,0.4377967712619224,-2.4689815715881025,-0.0861016
-0.5813006341403426,3.5512119346493884,1.6276173276059325,-0.0779512
-0.5813006341403426,3.7150758906171513,-0.6664780559427275,-0.08078
-0.5813006341403426,4.370531714488197,0.8082975477671255,-0.0663836
-0.4174366781725798,2.2403002869072983,-1.6496617917492955,-0.0878358
-0.4174366781725798,3.3873479786816274,-0.99420596787825,-0.0843769
-0.4174366781725798,3.7150758906171513,1.6276173276059325,-0.0718161
-0.4174366781725798,4.042803802552673,-0.5026140999749655,-0.0747713
-0.25357272220481875,-1.6924346563189756,-0.011022232071681515,-0.0532402
-0.25357272220481875,0.27393281529416136,2.4469371074447404,-0.0779823
-0.25357272220481875,1.2571165511007303,1.9553452395414554,-0.0836116
-0.25357272220481875,1.9125723749717745,-1.8135257477170574,-0.0896486
-0.25357272220481875,4.534395670455958,0.4805696358316025,-0.0568073
-0.0897087662370577,-1.0369788324479305,-1.8135257477170574,-0.0613438
-0.0897087662370577,0.7655246831974454,1.9553452395414554,-0.0846281
-0.0897087662370577,1.2571165511007303,-1.9773897036848185,-0.091068
-0.0897087662370577,1.9125723749717745,-1.8135257477170574,-0.0914263
0.07415518973070334,-1.5285707003512146,0.4805696358316025,-0.0604339
0.07415518973070334,-0.5453869645446456,1.4637533716381714,-0.0812709
0.07415518973070334,1.2571165511007303,-1.9773897036848185,-0.0921952
0.07415518973070334,1.9125723749717745,-1.8135257477170574,-0.0927045
0.07415518973070334,2.7318921548105832,1.9553452395414554,-0.0834432
0.23801914569846438,-3.1672102600288286,1.1360254597026476,-0.0634524
0.23801914569846438,-0.21765905260912355,1.4637533716381714,-0.0847032
0.23801914569846438,0.9293886391652064,1.7914812835736944,-0.0891271
0.4018831016662272,-3.658802127932113,-0.5026140999749655,-0.0552638
0.4018831016662272,-2.0201625682544995,-0.5026140999749655,-0.0485265
0.4018831016662272,-0.8731148764801686,1.1360254597026476,-0.0748084
0.4018831016662272,0.4377967712619224,1.6276173276059325,-0.0887918
0.4018831016662272,1.0932525951329675,1.7914812835736944,-0.0906437
0.4018831016662272,4.534395670455958,0.6444335917993644,-0.049041
0.5657470576339882,-2.8394823480933056,1.4637533716381714,-0.0652967
0.5657470576339882,4.042803802552673,1.4637533716381714,-0.0566883
0.7296110136017493,-4.1503939958353975,-0.3387501440072045,-0.0599803
0.7296110136017493,-3.9865300398676355,1.6276173276059325,-0.0641071
0.7296110136017493,-3.822666083899874,-0.6664780559427275,-0.0576244
0.7296110136017493,-2.1840265242222596,1.2998894156704095,-0.0641796
0.7296110136017493,-2.0201625682544995,-0.6664780559427275,-0.0541625
0.7296110136017493,-2.0201625682544995,1.1360254597026476,-0.0637684
0.7296110136017493,-1.8562986122867375,0.8082975477671255,-0.0629617
0.7296110136017493,-1.2008427884156925,1.2998894156704095,-0.0645989
0.7296110136017493,-0.21765905260912355,-2.14125365965258,-0.0827534
0.8934749695695103,-2.1840265242222596,-0.6664780559427275,-0.0587889
0.8934749695695103,-2.0201625682544995,-0.6664780559427275,-0.0584384
0.8934749695695103,-0.7092509205124076,-1.9773897036848185,-0.0778547
0.8934749695695103,-0.21765905260912355,-2.14125365965258,-0.0835373
0.8934749695695103,1.9125723749717745,-1.6496617917492955,-0.0898078
0.8934749695695103,4.370531714488197,0.15284172389608042,-0.0521258
1.0573389255372732,-0.7092509205124076,2.1192091955092165,-0.0555379
1.0573389255372732,3.2234840227138664,-1.485797835781534,-0.0891365
1.0573389255372732,3.3873479786816274,1.7914812835736944,-0.0712676
1.0573389255372732,3.8789398465849123,-0.99420596787825,-0.0774889
1.2212028815050342,-4.8058498197064425,0.4805696358316025,-0.0613759
1.2212028815050342,-3.658802127932113,2.2830731514769784,-0.0577479
1.2212028815050342,-2.3478904801900216,-0.8303420119104885,-0.0673054
1.2212028815050342,-2.0201625682544995,2.4469371074447404,-0.0601797
1.2212028815050342,-1.8562986122867375,-0.8303420119104885,-0.0724188
1.2212028815050342,-1.2008427884156925,-1.6496617917492955,-0.0813349
1.3850668374727935,-3.9865300398676355,-1.158069923846011,-0.0594555
1.3850668374727935,-3.658802127932113,-1.485797835781534,-0.056738
1.3850668374727935,-3.494938171964351,-1.485797835781534,-0.0571633
1.3850668374727935,-3.1672102600288286,-1.321933879813773,-0.0609122
1.3850668374727935,-3.1672102600288286,2.2830731514769784,-0.0598959
1.3850668374727935,-0.5453869645446456,-1.9773897036848185,-0.0840509
1.3850668374727935,1.4209805070684913,1.6276173276059325,-0.0871821
1.3850668374727935,4.206667758520436,0.9721615037348874,-0.0448187
1.5489307934405563,-3.9865300398676355,-1.8135257477170574,-0.0529721
1.5489307934405563,-3.0033463040610675,-1.6496617917492955,-0.0605247
1.5489307934405563,-2.6756183921255445,-1.158069923846011,-0.0697033
1.5489307934405563,-0.3815230085768846,2.2830731514769784,-0.0543157
1.5489307934405563,2.0764363309395373,1.9553452395414554,-0.0880635
1.5489307934405563,2.4041642428750594,-1.6496617917492955,-0.0878173
1.5489307934405563,2.7318921548105832,-1.6496617917492955,-0.0885732
1.5489307934405563,3.3873479786816274,1.7914812835736944,-0.0686447
1.7127947494083173,-2.8394823480933056,-1.8135257477170574,-0.0624741
1.7127947494083173,1.5848444630362524,-1.8135257477170574,-0.0842088
1.7127947494083173,2.0764363309395373,1.9553452395414554,-0.0868064
1.7127947494083173,2.8957561107783443,-1.6496617917492955,-0.0865586
1.7127947494083173,3.3873479786816274,-1.485797835781534,-0.08226
1.8766587053760784,-5.297441687609727,1.1360254597026476,-0.0471735
1.8766587053760784,-5.297441687609727,1.4637533716381714,-0.0429258
1.8766587053760784,-4.8058498197064425,-0.8303420119104885,-0.0594996
1.8766587053760784,-1.3647067443834526,2.9385289753480235,-0.0567399
1.8766587053760784,1.7487084190040134,-1.8135257477170574,-0.0834115
1.8766587053760784,2.0764363309395373,1.9553452395414554,-0.0852379
1.8766587053760784,3.8789398465849123,-1.158069923846011,-0.0711011
1.8766587053760784,4.042803802552673,-0.99420596787825,-0.0665486
2.040522661343841,-1.6924346563189756,-1.9773897036848185,-0.110034
2.040522661343841,-1.3647067443834526,-2.14125365965258,-0.111126
2.040522661343841,0.9293886391652064,-2.14125365965258,-0.0838327
2.040522661343841,3.8789398465849123,1.6276173276059325,-0.0504415
2.040522661343841,4.6982596264237175,0.6444335917993644,-0.0304636
2.2043866173116022,-4.9697137756742045,-1.321933879813773,-0.059577
2.2043866173116022,-4.641985863738681,-1.9773897036848185,-0.0544792
2.2043866173116022,-1.0369788324479305,-2.305117615620341,-0.110792
2.2043866173116022,-0.7092509205124076,-2.305117615620341,-0.105746
2.2043866173116022,2.2403002869072983,-1.8135257477170574,-0.0814764
2.2043866173116022,3.3873479786816274,-1.485797835781534,-0.0748124
2.2043866173116022,3.5512119346493884,1.7914812835736944,-0.0575962
2.2043866173116022,3.8789398465849123,-1.158069923846011,-0.0657422
2.2043866173116022,4.370531714488197,-0.6664780559427275,-0.0500721
2.3682505732793633,-5.297441687609727,1.1360254597026476,-0.0453519
2.3682505732793633,-5.1335777316419655,1.9553452395414554,-0.0370624
2.3682505732793633,-4.641985863738681,2.4469371074447404,-0.0376543
2.3682505732793633,-4.1503939958353975,2.6108010634125014,-0.0425074
2.3682505732793633,0.7655246831974454,-2.14125365965258,-0.0809832
2.3682505732793633,1.5848444630362524,-1.9773897036848185,-0.0802315
2.532114529247126,-5.4613056435774885,-0.8303420119104885,-0.0528136
2.532114529247126,-4.9697137756742045,2.1192091955092165,-0.0369059
2.532114529247126,-4.8058498197064425,2.2830731514769784,-0.037083
2.532114529247126,-4.641985863738681,-2.14125365965258,-0.0539452
2.532114529247126,-4.47812190777092,-2.305117615620341,-0.0514251
2.532114529247126,-3.822666083899874,-2.632845527555864,-0.046867
2.532114529247126,-3.33107421599659,-2.632845527555864,-0.0492345
2.532114529247126,-3.1672102600288286,2.7746650193802624,-0.0502848
2.532114529247126,-1.5285707003512146,3.1023929313157854,-0.0568815
2.532114529247126,-0.21765905260912355,2.1192091955092165,-0.05902
2.532114529247126,0.4377967712619224,-2.14125365965258,-0.0822537
2.532114529247126,1.5848444630362524,-1.9773897036848185,-0.0783913
2.532114529247126,4.370531714488197,-0.6664780559427275,-0.0439749
2.695978485214887,-5.62516959954525,-0.17488618803944256,-0.0467874
2.695978485214887,-4.8058498197064425,-1.9773897036848185,-0.0567328
2.695978485214887,-2.0201625682544995,3.2662568872835465,-0.0510531
2.695978485214887,-0.8731148764801686,-2.4689815715881025,-0.113807
2.695978485214887,0.4377967712619224,1.4637533716381714,-0.0687896
2.695978485214887,3.8789398465849123,1.6276173276059325,-0.0404228
2.695978485214887,4.370531714488197,1.2998894156704095,-0.0276075
2.859842441182648,-2.1840265242222596,-1.9773897036848185,-0.0912336
2.859842441182648,-1.8562986122867375,-2.14125365965258,-0.105932
2.859842441182648,-0.05379509664136162,-2.305117615620341,-0.102197
2.859842441182648,0.6016607272296834,1.4637533716381714,-0.0679556
2.859842441182648,1.0932525951329675,-1.9773897036848185,-0.0772423
2.859842441182648,2.2403002869072983,1.7914812835736944,-0.0678533
2.859842441182648,4.534395670455958,-0.3387501440072045,-0.0304296
3.0237063971504075,-4.9697137756742045,1.4637533716381714,-0.0437614
3.0237063971504075,-3.658802127932113,2.4469371074447404,-0.0463034
3.0237063971504075,-2.1840265242222596,-1.9773897036848185,-0.0889138
3.0237063971504075,-0.5453869645446456,-2.4689815715881025,-0.113209
3.0237063971504075,-0.05379509664136162,-2.305117615620341,-0.105283
3.0237063971504075,0.7655246831974454,1.4637533716381714,-0.0664147
3.0237063971504075,2.8957561107783443,-1.485797835781534,-0.0580109
3.1875703531181703,-4.8058498197064425,-1.9773897036848185,-0.0572368
3.1875703531181703,-2.1840265242222596,-1.9773897036848185,-0.0857505
3.1875703531181703,-1.5285707003512146,-2.305117615620341,-0.109711
3.1875703531181703,2.2403002869072983,1.6276173276059325,-0.0577876
3.1875703531181703,3.3873479786816274,-1.321933879813773,-0.0459768
3.1875703531181703,4.534395670455958,-0.011022232071681515,-0.0228067
3.3514343090859313,-0.5453869645446456,2.1192091955092165,-0.0554474
3.3514343090859313,0.6016607272296834,1.2998894156704095,-0.0612575
3.3514343090859313,2.7318921548105832,-1.485797835781534,-0.0500703
3.3514343090859313,3.2234840227138664,1.6276173276059325,-0.0392411
3.3514343090859313,4.370531714488197,0.8082975477671255,-0.0199178
3.5152982650536924,-5.1335777316419655,0.8082975477671255,-0.044415
3.5152982650536924,-1.2008427884156925,2.9385289753480235,-0.0483898
3.5152982650536924,1.5848444630362524,1.4637533716381714,-0.0573976
3.5152982650536924,1.7487084190040134,1.4637533716381714,-0.0546274
3.5152982650536924,2.0764363309395373,1.4637533716381714,-0.0485687
3.679162221021455,-4.1503939958353975,1.2998894156704095,-0.0460711
3.679162221021455,-3.1672102600288286,-2.305117615620341,-0.057609
3.679162221021455,-1.0369788324479305,-2.305117615620341,-0.11083
3.679162221021455,-0.05379509664136162,-2.14125365965258,-0.113013
3.679162221021455,0.11006885932640031,1.4637533716381714,-0.0557802
3.679162221021455,2.8957561107783443,1.7914812835736944,-0.0345634
3.679162221021455,3.7150758906171513,1.6276173276059325,-0.02649
3.8430261769892162,-5.7890335555130115,-0.8303420119104885,-0.0353837
3.8430261769892162,-5.62516959954525,-1.158069923846011,-0.0395151
3.8430261769892162,-4.1503939958353975,1.1360254597026476,-0.0453575
3.8430261769892162,-3.9865300398676355,-2.14125365965258,-0.0557435
3.8430261769892162,-1.2008427884156925,2.7746650193802624,-0.0456049
3.8430261769892162,-0.5453869645446456,1.9553452395414554,-0.0515774
3.8430261769892162,2.0764363309395373,1.4637533716381714,-0.0429018
3.8430261769892162,4.370531714488197,0.4805696358316025,-0.0252513
4.006890132956977,-4.8058498197064425,0.8082975477671255,-0.0444038
4.006890132956977,0.4377967712619224,-1.6496617917492955,-0.109693
4.006890132956977,3.5512119346493884,1.9553452395414554,-0.0227093
4.006890132956977,4.6982596264237175,-0.8303420119104885,-0.0210531
4.006890132956977,4.6982596264237175,-0.5026140999749655,-0.0223165
4.17075408892474,0.4377967712619224,1.2998894156704095,-0.0606424
4.17075408892474,2.2403002869072983,-1.8135257477170574,-0.0671325
4.17075408892474,2.8957561107783443,-1.8135257477170574,-0.0416604
4.334618044892501,-3.9865300398676355,-1.8135257477170574,-0.0537252
4.334618044892501,-2.1840265242222596,2.9385289753480235,-0.0315479
4.334618044892501,0.4377967712619224,1.2998894156704095,-0.0601539
4.334618044892501,0.6016607272296834,-1.6496617917492955,-0.110115
4.334618044892501,4.6982596264237175,-1.158069923846011,-0.0187434
4.498482000860262,-3.0033463040610675,1.7914812835736944,-0.0385754
4.498482000860262,-2.8394823480933056,2.2830731514769784,-0.0345969
4.498482000860262,-1.6924346563189756,2.4469371074447404,-0.0380596
4.498482000860262,-0.05379509664136162,-1.158069923846011,-0.106052
4.498482000860262,0.9293886391652064,1.2998894156704095,-0.0719221
4.498482000860262,3.5512119346493884,2.1192091955092165,-0.0186889
4.498482000860262,3.8789398465849123,1.9553452395414554,-0.0179802
4.498482000860262,4.370531714488197,-1.6496617917492955,-0.0200228
4.662345956828023,-5.1335777316419655,-0.6664780559427275,-0.039422
4.662345956828023,-1.2008427884156925,-1.8135257477170574,-0.0702051
4.662345956828023,-0.21765905260912355,-0.8303420119104885,-0.0903434
4.662345956828023,1.0932525951329675,-1.8135257477170574,-0.100441
4.662345956828023,1.0932525951329675,1.2998894156704095,-0.0701193
4.662345956828023,3.3873479786816274,-1.9773897036848185,-0.0326421
4.662345956828023,3.5512119346493884,-1.9773897036848185,-0.0301209
4.662345956828023,4.206667758520436,1.6276173276059325,-0.0181734
4.662345956828023,4.6982596264237175,-1.158069923846011,-0.018512
4.826209912795784,-3.9865300398676355,-1.485797835781534,-0.0513087
4.826209912795784,-2.6756183921255445,1.6276173276059325,-0.037407
4.826209912795784,-2.5117544361577826,1.6276173276059325,-0.0375907
4.826209912795784,-0.05379509664136162,-0.6664780559427275,-0.0909639
4.826209912795784,0.7655246831974454,1.1360254597026476,-0.0717211
4.826209912795784,1.4209805070684913,-1.8135257477170574,-0.0906723
4.826209912795784,2.7318921548105832,-1.8135257477170574,-0.0430356
4.826209912795784,2.7318921548105832,2.1192091955092165,-0.0252779
4.990073868763545,-1.3647067443834526,-1.9773897036848185,-0.0553849
4.990073868763545,0.27393281529416136,1.1360254597026476,-0.051928
4.990073868763545,4.6982596264237175,-0.8303420119104885,-0.019657
4.990073868763545,4.6982596264237175,-0.5026140999749655,-0.0201164
5.153937824731308,-0.8731148764801686,-0.6664780559427275,-0.0615858
5.153937824731308,0.11006885932640031,-0.3387501440072045,-0.0849184
5.153937824731308,0.9293886391652064,0.9721615037348874,-0.0706518
5.153937824731308,1.4209805070684913,1.1360254597026476,-0.0562926
5.317801780699069,-1.2008427884156925,-1.158069923846011,-0.0582371
5.317801780699069,0.27393281529416136,-0.011022232071681515,-0.079451
5.317801780699069,0.27393281529416136,0.15284172389608042,-0.0748957
5.317801780699069,0.7655246831974454,-1.158069923846011,-0.0937736
5.317801780699069,1.5848444630362524,-1.485797835781534,-0.0717877
5.317801780699069,2.4041642428750594,1.7914812835736944,-0.0315231
5.317801780699069,2.7318921548105832,1.9553452395414554,-0.0268589
5.317801780699069,4.534395670455958,-0.6664780559427275,-0.0204131
5.317801780699069,4.534395670455958,-0.5026140999749655,-0.0201247
5.48166573666683,-3.494938171964351,-1.6496617917492955,-0.0472439
5.48166573666683,-2.6756183921255445,-2.305117615620341,-0.0365384
5.48166573666683,0.6016607272296834,0.15284172389608042,-0.0778241
5.48166573666683,1.7487084190040134,1.1360254597026476,-0.0402751
5.48166573666683,2.0764363309395373,-1.485797835781534,-0.0475259
5.809393648602354,-3.822666083899874,-0.5026140999749655,-0.0439444
5.809393648602354,-3.494938171964351,-0.99420596787825,-0.0489394
5.973257604570115,-3.494938171964351,-0.6664780559427275,-0.0461293
5.973257604570115,2.0764363309395373,1.1360254597026476,-0.0334907
5.973257604570115,2.4041642428750594,1.2998894156704095,-0.0321821
5.973257604570115,3.8789398465849123,0.6444335917993644,-0.0182992
6.137121560537874,-3.658802127932113,0.15284172389608042,-0.0331363
6.137121560537874,-3.33107421599659,0.8082975477671255,-0.0272041
6.300985516505637,-3.0033463040610675,-0.17488618803944256,-0.0402234
6.300985516505637,-2.8394823480933056,-0.17488618803944256,-0.0413582
6.300985516505637,1.5848444630362524,-0.6664780559427275,-0.0306117
6.300985516505637,1.7487084190040134,0.6444335917993644,-0.0294275
6.300985516505637,1.9125723749717745,0.8082975477671255,-0.0289749
6.464849472473398,2.5680281988428204,0.9721615037348874,-0.0246276
6.464849472473398,2.7318921548105832,0.9721615037348874,-0.0239415
6.628713428441159,1.7487084190040134,-0.5026140999749655,-0.0210493
6.628713428441159,1.9125723749717745,0.4805696358316025,-0.0217605
6.628713428441159,3.5512119346493884,-0.5026140999749655,-0.0157853
6.956441340376683,2.2403002869072983,0.15284172389608042,-0.0130512
6.956441340376683,2.5680281988428204,-0.6664780559427275,-0.011549
6.956441340376683,2.7318921548105832,-0.6664780559427275,-0.0114232
