-6.344931566946119,-1.159968082492182,-1.6498073154815773,0.114448
-5.83928051897272,-2.002719829114514,-1.8183576648060433,0.108824
-5.502179820323788,-3.0140219250613107,-1.144156267508179,0.0908267
-5.3336294709993215,-3.6882233223591756,-2.998210110077307,0.115945
-5.3336294709993215,-2.339820527763445,-0.4699548702103131,0.0854502
-5.3336294709993215,-1.665619130465581,-2.829659760752841,0.10674
-5.1650791216748555,-4.0253240210081085,-1.6498073154815773,0.100816
-5.1650791216748555,-0.6543170345187832,0.03569617776308487,0.0995264
-5.1650791216748555,0.18843471210354767,-0.63850521953478,0.113539
-4.9965287723503895,-3.519672973034709,-3.335310808726239,0.112445
-4.8279784230259235,-4.1938743703325745,-1.6498073154815773,0.100538
-4.8279784230259235,-3.0140219250613107,-3.5038611580507055,0.103769
-4.8279784230259235,0.6940857600769466,-0.9756059181837129,0.116955
-4.6594280737014575,-4.1938743703325745,-2.829659760752841,0.113373
-4.6594280737014575,-3.1825722743857767,-0.301404520885848,0.0792939
-4.6594280737014575,-2.002719829114514,-3.335310808726239,0.0927747
-4.6594280737014575,-0.9914177331677161,-3.1667604594017735,0.0928932
-4.6594280737014575,0.18843471210354767,0.37279687641201775,0.110328
-4.6594280737014575,0.3569850614280137,-2.324008712779442,0.102392
-4.6594280737014575,1.0311864587258786,-0.9756059181837129,0.116604
-4.490877724376991,-3.351122623710243,-0.301404520885848,0.0791826
-4.490877724376991,-3.0140219250613107,-0.13285417156138113,0.0791232
-4.490877724376991,-2.002719829114514,0.20424652708755175,0.0881762
-4.490877724376991,1.0311864587258786,0.20424652708755175,0.117901
-4.322327375052525,-4.1938743703325745,-2.829659760752841,0.111111
-4.322327375052525,-3.6882233223591756,-0.4699548702103131,0.081
-4.322327375052525,-3.1825722743857767,-0.13285417156138113,0.0790019
-4.322327375052525,-0.9914177331677161,1.8897500203322144,0.156011
-4.322327375052525,-0.3172163358698512,2.0583003696566795,0.156509
-4.322327375052525,0.18843471210354767,0.7098975750609497,0.120091
-4.153777025728058,-3.6882233223591756,-3.335310808726239,0.104087
-4.153777025728058,-2.8454715757368443,0.03569617776308487,0.0815181
-4.153777025728058,-0.9914177331677161,1.0469982737098826,0.143243
-4.153777025728058,-0.14866598654538432,1.0469982737098826,0.147424
-4.153777025728058,1.0311864587258786,-1.6498073154815773,0.106072
-4.153777025728058,1.3682871573748114,-1.312706616832644,0.111853
-3.985226676403592,-3.0140219250613107,0.03569617776308487,0.0814426
-3.985226676403592,0.019884362779081677,2.732501766954546,0.122562
-3.985226676403592,1.7053878560237452,-0.807055568859246,0.117013
-3.8166763270791257,-3.519672973034709,-3.335310808726239,0.0980463
-3.8166763270791257,-1.834169479790047,2.2268507189811464,0.113281
-3.8166763270791257,-0.6543170345187832,3.4067031642524084,0.134034
-3.648125977754659,-4.3624247196570405,-1.9869080141305098,0.109489
-3.648125977754659,-2.17127017843898,0.20424652708755175,0.0977546
-3.648125977754659,-1.665619130465581,0.7098975750609497,0.108508
-3.648125977754659,-1.497068781141114,-3.335310808726239,0.0803289
-3.648125977754659,-0.9914177331677161,-3.1667604594017735,0.0826121
-3.648125977754659,-0.8228673838432492,3.743803862901342,0.143654
-3.648125977754659,0.5255354107524806,-2.324008712779442,0.0912385
-3.648125977754659,0.5255354107524806,2.732501766954546,0.0983875
-3.4795756284301937,-4.5309750689815065,-1.144156267508179,0.0974086
-3.4795756284301937,-4.0253240210081085,-0.301404520885848,0.0854928
-3.4795756284301937,-2.8454715757368443,0.20424652708755175,0.0871142
-3.4795756284301937,-2.6769212264123783,-3.5038611580507055,0.0843162
-3.4795756284301937,-2.508370877087912,0.20424652708755175,0.0932534
-3.4795756284301937,-2.339820527763445,-3.5038611580507055,0.0818832
-3.4795756284301937,1.7053878560237452,-1.144156267508179,0.106965
-3.3110252791057277,1.1997368080503454,0.7098975750609497,0.109945
-3.3110252791057277,1.8739382053482094,-0.807055568859246,0.103368
-3.3110252791057277,1.8739382053482094,-0.301404520885848,0.105861
-3.142474929781261,-4.868075767630439,-1.6498073154815773,0.105813
-3.142474929781261,-4.868075767630439,-1.4812569661571109,0.10395
-3.142474929781261,-4.3624247196570405,-0.4699548702103131,0.0891925
-3.142474929781261,-4.1938743703325745,-2.6611094114283746,0.107283
-3.142474929781261,-0.6543170345187832,-2.829659760752841,0.0844793
-3.142474929781261,0.3569850614280137,3.575253513576876,0.0935793
-3.142474929781261,1.8739382053482094,0.03569617776308487,0.0984053
-2.973924580456795,-2.002719829114514,3.743803862901342,0.145374
-2.973924580456795,-1.328518431816649,4.249454910874742,0.16443
-2.973924580456795,1.0311864587258786,1.7211996710077475,0.0959132
-2.973924580456795,1.1997368080503454,-1.8183576648060433,0.0961099
-2.973924580456795,1.5368375066992783,1.5526493216832815,0.0871055
-2.973924580456795,2.3795892533216074,-0.301404520885848,0.0847147
-2.973924580456795,3.053790650619473,0.8784479243854166,0.0738103
-2.973924580456795,3.390891349268407,0.03569617776308487,0.0733869
-2.973924580456795,3.559441698592873,1.7211996710077475,0.0745022
-2.973924580456795,3.727992047917337,-1.312706616832644,0.0776409
-2.973924580456795,4.570743794539671,0.03569617776308487,0.0741068
-2.973924580456795,4.570743794539671,0.20424652708755175,0.0737708
-2.805374231132328,-0.14866598654538432,4.080904561550274,0.124062
-2.805374231132328,0.019884362779081677,-2.492559062103908,0.0878885
-2.805374231132328,2.885240301295007,0.03569617776308487,0.0812487
-2.636823881807863,-4.6995254183059725,-0.63850521953478,0.0946686
-2.636823881807863,4.065092746566271,2.3954010683056124,0.0852962
-2.636823881807863,4.233643095890737,-1.8183576648060433,0.0876034
-2.636823881807863,4.402193445215203,-1.4812569661571109,0.0850139
-2.468273532483396,-5.036626116954905,-1.144156267508179,0.104873
-2.468273532483396,-2.508370877087912,2.5639514176300793,0.0807005
-2.468273532483396,-1.328518431816649,-2.492559062103908,0.0951631
-2.468273532483396,0.18843471210354767,-2.324008712779442,0.0938155
-2.468273532483396,5.076394842513069,1.0469982737098826,0.0851889
-2.468273532483396,5.582045890486467,0.37279687641201775,0.0904485
-2.29972318315893,-4.5309750689815065,-0.4699548702103131,0.0922764
-2.29972318315893,-3.519672973034709,0.37279687641201775,0.0692231
-2.29972318315893,-2.6769212264123783,0.8784479243854166,0.0714121
-2.29972318315893,-2.508370877087912,2.0583003696566795,0.0739086
-2.29972318315893,1.7053878560237452,3.0696024656034764,0.0978319
-2.29972318315893,2.885240301295007,-2.492559062103908,0.0980734
-2.29972318315893,5.750596239810933,-0.4699548702103131,0.0971641
-2.131172833834463,-2.339820527763445,-2.998210110077307,0.0862766
-2.131172833834463,-0.6543170345187832,4.249454910874742,0.137874
-2.131172833834463,1.8739382053482094,3.2381528149279424,0.102496
-2.131172833834463,2.3795892533216074,-2.492559062103908,0.10289
-2.131172833834463,4.065092746566271,3.0696024656034764,0.101071
-1.962622484509997,-4.6995254183059725,-2.492559062103908,0.109514
-1.962622484509997,-2.339820527763445,2.9010521162790104,0.08914
-1.962622484509997,0.3569850614280137,-2.324008712779442,0.110285
-1.962622484509997,3.053790650619473,-2.829659760752841,0.107303
-1.962622484509997,5.582045890486467,1.0469982737098826,0.0981553
-1.794072135185531,-4.868075767630439,-2.1554583634549758,0.111642
-1.794072135185531,-4.3624247196570405,-2.6611094114283746,0.104772
-1.794072135185531,-2.339820527763445,-2.829659760752841,0.0869603
-1.794072135185531,1.8739382053482094,-2.829659760752841,0.1137
-1.794072135185531,2.548139602646075,-2.6611094114283746,0.10975
-1.794072135185531,3.222340999943941,3.0696024656034764,0.103174
-1.794072135185531,6.0876969384598665,-0.63850521953478,0.107253
-1.794072135185531,6.2562472877843325,0.20424652708755175,0.108153
-1.625521785861065,-2.339820527763445,1.7211996710077475,0.0893563
-1.625521785861065,0.5255354107524806,3.4067031642524084,0.0953192
-1.4569714365365982,-3.351122623710243,-2.6611094114283746,0.0916738
-1.4569714365365982,-3.1825722743857767,0.7098975750609497,0.0514891
-1.4569714365365982,-0.8228673838432492,-2.1554583634549758,0.0990597
-1.4569714365365982,1.1997368080503454,-2.998210110077307,0.12375
-1.4569714365365982,4.065092746566271,-3.1667604594017735,0.117843
-1.2884210872121322,-4.1938743703325745,-0.9756059181837129,0.0932921
-1.2884210872121322,-1.497068781141114,-2.324008712779442,0.0854609
-1.2884210872121322,-0.3172163358698512,-1.9869080141305098,0.112829
-1.2884210872121322,0.18843471210354767,-2.324008712779442,0.123411
-1.2884210872121322,0.6940857600769466,-2.829659760752841,0.127448
-1.2884210872121322,1.3682871573748114,3.575253513576876,0.113126
-1.2884210872121322,2.716689951970541,-2.829659760752841,0.115159
-1.2884210872121322,4.233643095890737,3.4067031642524084,0.112064
-1.1198707378876662,-2.339820527763445,1.0469982737098826,0.0837042
-1.1198707378876662,-2.339820527763445,1.7211996710077475,0.0904048
-1.1198707378876662,-2.339820527763445,2.9010521162790104,0.0626084
-1.1198707378876662,-2.002719829114514,3.575253513576876,0.0578557
-1.1198707378876662,-1.834169479790047,3.743803862901342,0.0583105
-1.1198707378876662,-0.6543170345187832,-1.9869080141305098,0.108025
-1.1198707378876662,1.3682871573748114,3.575253513576876,0.113066
-1.1198707378876662,4.739294143864137,3.2381528149279424,0.113527
-1.1198707378876662,6.0876969384598665,-0.807055568859246,0.110193
-1.1198707378876662,6.2562472877843325,0.5413472257364838,0.109795
-0.9513203885632002,-3.351122623710243,0.37279687641201775,0.0453054
-0.9513203885632002,-3.1825722743857767,0.5413472257364838,0.0470555
-0.9513203885632002,-2.508370877087912,-2.324008712779442,0.0742587
-0.9513203885632002,0.3569850614280137,-2.492559062103908,0.129874
-0.9513203885632002,1.3682871573748114,-2.998210110077307,0.126226
-0.9513203885632002,2.0424885546726754,3.575253513576876,0.112486
-0.9513203885632002,3.559441698592873,-3.1667604594017735,0.117532
-0.9513203885632002,6.2562472877843325,-0.4699548702103131,0.11131
-0.7827700392387333,-1.834169479790047,3.912354212225808,0.0404751
-0.7827700392387333,-1.665619130465581,-2.1554583634549758,0.080279
-0.7827700392387333,0.3569850614280137,3.575253513576876,0.0713589
-0.7827700392387333,0.5255354107524806,3.4067031642524084,0.0819414
-0.7827700392387333,2.3795892533216074,3.4067031642524084,0.109973
-0.7827700392387333,3.559441698592873,3.2381528149279424,0.107514
-0.7827700392387333,4.570743794539671,3.2381528149279424,0.11213
-0.7827700392387333,5.9191465891354005,0.8784479243854166,0.104906
-0.7827700392387333,6.2562472877843325,-0.301404520885848,0.110476
-0.6142196899142673,2.548139602646075,3.2381528149279424,0.107471
-0.6142196899142673,3.390891349268407,-2.998210110077307,0.114266
-0.6142196899142673,5.244945191837535,2.0583003696566795,0.10288
-0.44566934058980046,-2.508370877087912,0.7098975750609497,0.0781562
-0.44566934058980046,-1.159968082492182,-1.9869080141305098,0.105621
-0.44566934058980046,1.7053878560237452,3.4067031642524084,0.108445
-0.44566934058980046,2.0424885546726754,-2.6611094114283746,0.116842
-0.44566934058980046,2.3795892533216074,3.2381528149279424,0.106247
-0.44566934058980046,3.222340999943941,-2.829659760752841,0.11118
-0.44566934058980046,4.570743794539671,-2.492559062103908,0.109127
-0.44566934058980046,4.739294143864137,-2.1554583634549758,0.105233
-0.44566934058980046,5.244945191837535,-1.144156267508179,0.0996647
-0.27711899126533535,-2.6769212264123783,-1.6498073154815773,0.0598977
-0.27711899126533535,-1.834169479790047,-1.8183576648060433,0.0791421
-0.27711899126533535,0.18843471210354767,-2.1554583634549758,0.135515
-0.27711899126533535,0.6940857600769466,3.2381528149279424,0.0763538
-0.27711899126533535,1.0311864587258786,3.0696024656034764,0.0961794
-0.27711899126533535,1.1997368080503454,-2.6611094114283746,0.129444
-0.27711899126533535,4.739294143864137,2.732501766954546,0.103992
-0.27711899126533535,5.076394842513069,-1.144156267508179,0.0964354
-0.10856864194086846,-3.0140219250613107,-0.807055568859246,0.054651
-0.10856864194086846,-2.339820527763445,1.0469982737098826,0.0954647
-0.10856864194086846,-2.339820527763445,1.5526493216832815,0.0764194
-0.10856864194086846,0.6940857600769466,-2.324008712779442,0.13643
-0.10856864194086846,4.065092746566271,-2.492559062103908,0.104804
-0.10856864194086846,4.402193445215203,-2.1554583634549758,0.100729
-0.10856864194086846,4.907844493188603,-1.144156267508179,0.0931021
-0.10856864194086846,4.907844493188603,1.8897500203322144,0.0934143
-0.10856864194086846,5.076394842513069,-0.9756059181837129,0.093188
-0.10856864194086846,5.076394842513069,1.2155486230343486,0.0907182
-0.10856864194086846,5.750596239810933,0.03569617776308487,0.0974359
0.05998170738359754,-2.8454715757368443,-0.301404520885848,0.0740273
0.05998170738359754,-2.8454715757368443,-0.13285417156138113,0.0787401
0.05998170738359754,-2.508370877087912,-1.144156267508179,0.0671522
0.05998170738359754,-2.002719829114514,-1.4812569661571109,0.0819422
0.05998170738359754,-0.14866598654538432,-2.324008712779442,0.138012
0.05998170738359754,0.019884362779081677,3.912354212225808,0.0417443
0.05998170738359754,5.413495541162001,-0.301404520885848,0.0918787
0.05998170738359754,5.413495541162001,0.37279687641201775,0.0905775
0.22853205670806442,-2.6769212264123783,-0.63850521953478,0.0823984
0.22853205670806442,0.18843471210354767,-2.324008712779442,0.142119
0.22853205670806442,3.727992047917337,2.3954010683056124,0.0897079
0.22853205670806442,4.739294143864137,-0.807055568859246,0.0865957
0.3970824060325313,-2.508370877087912,-0.807055568859246,0.0938733
0.3970824060325313,-2.339820527763445,1.7211996710077475,0.0787086
0.3970824060325313,0.3569850614280137,-2.492559062103908,0.142696
0.3970824060325313,2.716689951970541,0.20424652708755175,0.101124
0.3970824060325313,2.716689951970541,2.2268507189811464,0.0896818
0.3970824060325313,2.885240301295007,0.03569617776308487,0.0970346
0.3970824060325313,3.390891349268407,-1.8183576648060433,0.0943707
0.3970824060325313,4.065092746566271,-1.312706616832644,0.0880295
0.3970824060325313,4.065092746566271,1.8897500203322144,0.0853122
0.3970824060325313,4.402193445215203,-0.807055568859246,0.0842032
0.3970824060325313,4.739294143864137,0.5413472257364838,0.0820147
0.5656327553569955,1.1997368080503454,2.0583003696566795,0.110249
0.5656327553569955,1.3682871573748114,-2.998210110077307,0.128281
0.5656327553569955,2.548139602646075,1.8897500203322144,0.0913146
0.5656327553569955,2.716689951970541,-1.6498073154815773,0.0994124
0.5656327553569955,2.885240301295007,-0.4699548702103131,0.096329
0.5656327553569955,3.053790650619473,-0.4699548702103131,0.0932829
0.5656327553569955,3.390891349268407,-0.301404520885848,0.0880646
0.5656327553569955,3.390891349268407,1.7211996710077475,0.0846121
0.5656327553569955,3.559441698592873,0.03569617776308487,0.0854052
0.5656327553569955,3.559441698592873,0.20424652708755175,0.0850076
0.5656327553569955,3.727992047917337,1.5526493216832815,0.0831563
0.5656327553569955,4.065092746566271,-0.4699548702103131,0.0827801
0.5656327553569955,4.233643095890737,0.5413472257364838,0.0799041
0.7341831046814615,-2.6769212264123783,0.7098975750609497,0.119906
0.7341831046814615,-1.159968082492182,-2.1554583634549758,0.12979
0.7341831046814615,0.18843471210354767,-2.6611094114283746,0.139954
0.7341831046814615,2.3795892533216074,1.2155486230343486,0.103944
0.7341831046814615,2.548139602646075,-0.807055568859246,0.105049
0.9027334540059275,-1.497068781141114,3.575253513576876,0.0428706
0.9027334540059275,-0.4857666851943172,-2.324008712779442,0.141757
0.9027334540059275,-0.3172163358698512,3.575253513576876,0.0478066
0.9027334540059275,0.5255354107524806,2.732501766954546,0.0949569
1.0712838033303935,-2.8454715757368443,1.8897500203322144,0.100371
1.0712838033303935,-0.3172163358698512,-2.324008712779442,0.143326
1.0712838033303935,0.019884362779081677,-2.6611094114283746,0.138537
1.0712838033303935,1.0311864587258786,2.3954010683056124,0.117981
1.0712838033303935,1.1997368080503454,-3.335310808726239,0.121793
1.0712838033303935,1.8739382053482094,1.5526493216832815,0.117318
1.0712838033303935,2.2110389039971414,1.2155486230343486,0.11975
1.2398341526548613,-2.6769212264123783,0.37279687641201775,0.132692
1.2398341526548613,-0.9914177331677161,-1.9869080141305098,0.13964
1.2398341526548613,0.5255354107524806,2.732501766954546,0.113128
1.2398341526548613,0.8626361094014134,2.5639514176300793,0.120004
1.2398341526548613,1.5368375066992783,1.8897500203322144,0.120041
1.2398341526548613,1.8739382053482094,1.5526493216832815,0.121036
1.2398341526548613,2.548139602646075,-0.4699548702103131,0.128891
1.4083845019793273,-2.6769212264123783,0.5413472257364838,0.131145
1.4083845019793273,-2.17127017843898,-1.144156267508179,0.139177
1.4083845019793273,1.1997368080503454,-3.5038611580507055,0.119235
1.4083845019793273,1.7053878560237452,1.7211996710077475,0.122886
1.4083845019793273,1.8739382053482094,1.5526493216832815,0.124227
1.5769348513037933,-3.0140219250613107,1.0469982737098826,0.115827
1.5769348513037933,-2.002719829114514,-1.312706616832644,0.143602
1.5769348513037933,-0.8228673838432492,-1.8183576648060433,0.148064
1.7454852006282593,-3.351122623710243,1.3840989723588146,0.108447
1.7454852006282593,-1.497068781141114,3.2381528149279424,0.0899191
1.7454852006282593,-0.4857666851943172,2.732501766954546,0.109835
1.7454852006282593,-0.3172163358698512,2.732501766954546,0.115303
1.914035549952727,-3.519672973034709,1.3840989723588146,0.110171
1.914035549952727,-3.519672973034709,2.2268507189811464,0.102004
1.914035549952727,-2.339820527763445,3.2381528149279424,0.0953057
2.082585899277193,-3.1825722743857767,0.5413472257364838,0.130439
2.251136248601659,-1.159968082492182,3.2381528149279424,0.0995843
2.251136248601659,1.5368375066992783,-4.009512206024104,0.129144
2.4196865979261233,-3.856773671683642,1.2155486230343486,0.120223
2.4196865979261233,-1.834169479790047,3.4067031642524084,0.0993621
2.4196865979261233,-1.665619130465581,3.4067031642524084,0.0993321
2.4196865979261233,-1.328518431816649,-2.324008712779442,0.152613
2.4196865979261233,0.3569850614280137,2.3954010683056124,0.148098
2.4196865979261233,0.6940857600769466,-3.672411507375172,0.129247
2.4196865979261233,2.3795892533216074,0.03569617776308487,0.15311
2.588236947250591,-4.0253240210081085,1.3840989723588146,0.122119
2.588236947250591,-3.856773671683642,2.5639514176300793,0.112852
2.588236947250591,-3.351122623710243,0.20424652708755175,0.138276
2.588236947250591,-2.6769212264123783,-1.4812569661571109,0.145443
2.588236947250591,1.8739382053482094,0.5413472257364838,0.166819
2.588236947250591,3.559441698592873,-1.4812569661571109,0.127982
2.588236947250591,3.559441698592873,-1.312706616832644,0.130419
2.756787296575057,-1.159968082492182,-2.829659760752841,0.151637
2.756787296575057,2.0424885546726754,0.03569617776308487,0.1639
2.925337645899523,-3.0140219250613107,-1.144156267508179,0.141774
2.925337645899523,-2.8454715757368443,-1.312706616832644,0.142794
2.925337645899523,-2.17127017843898,-1.6498073154815773,0.149041
2.925337645899523,2.0424885546726754,-4.009512206024104,0.136195
2.925337645899523,2.3795892533216074,-0.13285417156138113,0.154981
2.925337645899523,3.390891349268407,-1.8183576648060433,0.123326
3.093887995223989,-4.1938743703325745,2.0583003696566795,0.125236
3.093887995223989,-1.328518431816649,3.575253513576876,0.111363
3.093887995223989,-0.3172163358698512,2.9010521162790104,0.131805
3.093887995223989,0.8626361094014134,1.7211996710077475,0.19508
3.093887995223989,1.0311864587258786,-3.8409618566996384,0.137438
3.093887995223989,1.5368375066992783,-4.009512206024104,0.138227
3.262438344548457,-3.351122623710243,-0.4699548702103131,0.139022
3.262438344548457,-2.8454715757368443,3.2381528149279424,0.105357
3.262438344548457,3.222340999943941,-1.6498073154815773,0.126058
3.430988693872923,-3.351122623710243,-0.63850521953478,0.136016
3.430988693872923,-2.508370877087912,-1.4812569661571109,0.141088
3.430988693872923,-2.339820527763445,3.4067031642524084,0.106294
3.430988693872923,0.019884362779081677,2.0583003696566795,0.175116
3.430988693872923,0.18843471210354767,-3.1667604594017735,0.147711
3.430988693872923,1.5368375066992783,-3.8409618566996384,0.140454
3.430988693872923,1.5368375066992783,0.8784479243854166,0.199414
3.430988693872923,3.053790650619473,-1.144156267508179,0.134877
3.599539043197389,-2.8454715757368443,-1.312706616832644,0.135136
3.599539043197389,-0.9914177331677161,-2.998210110077307,0.151293
3.599539043197389,0.5255354107524806,-3.1667604594017735,0.14789
3.599539043197389,1.3682871573748114,1.2155486230343486,0.206413
3.599539043197389,2.885240301295007,-0.9756059181837129,0.138336
3.768089392521855,-3.351122623710243,-0.9756059181837129,0.128874
3.768089392521855,-1.328518431816649,-2.6611094114283746,0.153878
3.768089392521855,-0.8228673838432492,3.4067031642524084,0.128581
3.768089392521855,1.0311864587258786,-3.335310808726239,0.144835
3.768089392521855,1.1997368080503454,1.3840989723588146,0.209863
3.768089392521855,2.2110389039971414,0.20424652708755175,0.160791
3.936639741846321,-2.6769212264123783,3.0696024656034764,0.106909
3.936639741846321,-0.9914177331677161,-2.829659760752841,0.151469
3.936639741846321,0.5255354107524806,1.7211996710077475,0.207426
3.936639741846321,1.5368375066992783,-3.335310808726239,0.143316
3.936639741846321,2.0424885546726754,-3.1667604594017735,0.138566
3.936639741846321,2.2110389039971414,-2.998210110077307,0.135361
3.936639741846321,2.3795892533216074,-2.6611094114283746,0.131102
3.936639741846321,2.548139602646075,-2.1554583634549758,0.127834
4.105190091170787,-2.6769212264123783,-1.8183576648060433,0.130222
4.105190091170787,-0.4857666851943172,2.9010521162790104,0.14125
4.105190091170787,2.716689951970541,0.03569617776308487,0.149529
4.273740440495253,-3.6882233223591756,-0.9756059181837129,0.123636
4.273740440495253,-3.0140219250613107,2.5639514176300793,0.111855
4.273740440495253,-0.3172163358698512,1.5526493216832815,0.18397
4.273740440495253,2.0424885546726754,0.5413472257364838,0.159651
4.273740440495253,2.716689951970541,-1.8183576648060433,0.124667
4.442290789819719,-4.1938743703325745,-0.13285417156138113,0.133091
4.442290789819719,-4.1938743703325745,0.20424652708755175,0.135418
4.442290789819719,-3.351122623710243,1.5526493216832815,0.126924
4.442290789819719,-3.1825722743857767,-1.4812569661571109,0.120045
4.610841139144187,-2.002719829114514,2.732501766954546,0.118229
4.610841139144187,-0.8228673838432492,2.3954010683056124,0.143139
4.779391488468653,-4.0253240210081085,-0.63850521953478,0.126899
4.779391488468653,-1.328518431816649,2.3954010683056124,0.133331
4.779391488468653,0.5255354107524806,0.7098975750609497,0.183615
4.779391488468653,1.7053878560237452,-3.335310808726239,0.14058
4.779391488468653,2.716689951970541,0.20424652708755175,0.144173
4.947941837793119,-4.1938743703325745,0.03569617776308487,0.13233
4.947941837793119,-3.351122623710243,-1.312706616832644,0.116519
4.947941837793119,-3.1825722743857767,-1.4812569661571109,0.117115
4.947941837793119,-2.339820527763445,1.7211996710077475,0.122172
5.116492187117585,-3.0140219250613107,1.3840989723588146,0.119249
5.116492187117585,-2.8454715757368443,-1.8183576648060433,0.122192
5.116492187117585,-0.9914177331677161,1.7211996710077475,0.144609
5.116492187117585,1.7053878560237452,-3.335310808726239,0.139453
5.285042536442051,-4.0253240210081085,0.37279687641201775,0.129488
5.285042536442051,-3.519672973034709,1.0469982737098826,0.123434
5.285042536442051,-1.328518431816649,-2.1554583634549758,0.144711
5.285042536442051,0.3569850614280137,0.5413472257364838,0.155005
5.285042536442051,0.5255354107524806,0.5413472257364838,0.152517
5.453592885766517,-3.0140219250613107,1.2155486230343486,0.116472
5.453592885766517,-1.665619130465581,-2.1554583634549758,0.139884
5.453592885766517,-1.159968082492182,-1.9869080141305098,0.142883
5.453592885766517,-1.159968082492182,1.7211996710077475,0.14023
5.453592885766517,0.019884362779081677,0.5413472257364838,0.15355
5.453592885766517,0.3569850614280137,-2.998210110077307,0.130366
5.622143235090983,-3.351122623710243,0.8784479243854166,0.118851
5.622143235090983,-0.6543170345187832,-1.8183576648060433,0.136446
5.622143235090983,-0.14866598654538432,-2.324008712779442,0.12599
5.790693584415449,-3.519672973034709,-0.301404520885848,0.119215
5.790693584415449,-0.4857666851943172,1.0469982737098826,0.148254
5.790693584415449,0.5255354107524806,0.37279687641201775,0.140944
5.790693584415449,0.6940857600769466,-2.998210110077307,0.129812
5.790693584415449,1.8739382053482094,0.03569617776308487,0.126686
5.790693584415449,2.3795892533216074,-1.4812569661571109,0.11796
5.959243933739915,-3.1825722743857767,-0.301404520885848,0.116307
5.959243933739915,-3.1825722743857767,0.37279687641201775,0.116098
5.959243933739915,-2.6769212264123783,-0.9756059181837129,0.116668
5.959243933739915,-1.665619130465581,1.5526493216832815,0.130562
5.959243933739915,-1.328518431816649,-1.4812569661571109,0.132922
5.959243933739915,2.2110389039971414,-1.144156267508179,0.119394
6.127794283064382,-1.159968082492182,-0.807055568859246,0.130273
6.127794283064382,0.019884362779081677,-1.9869080141305098,0.122512
6.127794283064382,1.7053878560237452,-2.492559062103908,0.12512
6.127794283064382,1.8739382053482094,-0.9756059181837129,0.12056
6.296344632388848,-0.4857666851943172,-1.144156267508179,0.137449
6.296344632388848,-0.14866598654538432,-0.13285417156138113,0.143902
6.296344632388848,1.5368375066992783,-1.4812569661571109,0.119471
6.296344632388848,1.5368375066992783,-1.312706616832644,0.12
6.296344632388848,1.5368375066992783,-1.144156267508179,0.120311
6.464894981713314,-2.002719829114514,0.37279687641201775,0.120467
6.464894981713314,-1.497068781141114,0.8784479243854166,0.130622
6.464894981713314,0.5255354107524806,-1.6498073154815773,0.12045
6.63344533103778,0.3569850614280137,-0.9756059181837129,0.128921
6.63344533103778,0.3569850614280137,-0.807055568859246,0.130506
