-4.618004611012942,-0.6188293525757684,-1.6832904741595516,-0.0594913
-4.618004611012942,-0.6188293525757684,-0.7604160064285179,-0.0446462
-4.354326191661217,-1.4098646106309407,-1.5514512644836898,-0.0648296
-4.354326191661217,-1.4098646106309407,-0.8922552161043797,-0.0558247
-4.354326191661217,-1.1461861912792166,-1.946968893511276,-0.0651398
-4.354326191661217,-1.1461861912792166,-0.49673758707679383,-0.042673
-4.354326191661217,-0.09147251387232114,-0.23305916772506974,-0.0140546
-4.354326191661217,0.3040451151552652,-0.49673758707679383,-0.0203132
-4.222486981985355,-1.6735430299826652,0.953493719357688,-0.0361324
-4.222486981985355,-1.4098646106309407,1.0853329290335507,-0.0299719
-4.222486981985355,-1.1461861912792166,0.4261368806542407,-0.023689
-4.222486981985355,-1.0143469816033548,0.6898153000059644,-0.0195951
-4.222486981985355,-0.6188293525757684,-2.342486522538862,-0.0620582
-4.222486981985355,-0.4869901428999066,0.030619251626654354,-0.00532757
-4.222486981985355,-0.3551509332240448,0.030619251626654354,-0.00232918
-4.090647772309493,-2.069060659010251,0.4261368806542407,-0.0444098
-4.090647772309493,-1.6735430299826652,0.030619251626654354,-0.0385569
-4.090647772309493,-1.541703820306803,-0.49673758707679383,-0.0452684
-4.090647772309493,-0.7506685622516311,1.0853329290335507,-0.0085303
-4.090647772309493,-0.4869901428999066,-2.474325732214724,-0.061065
-4.090647772309493,-0.3551509332240448,-2.474325732214724,-0.0603372
-4.090647772309493,-0.3551509332240448,0.294297670978378,0.0119393
-3.9588085626336316,-2.200899868686113,1.2171721387094125,-0.0375065
-3.9588085626336316,-1.937221449334389,1.4808505580611362,-0.0304714
-3.9588085626336316,-0.4869901428999066,1.0853329290335507,0.00555152
-3.9588085626336316,0.3040451151552652,0.16245846130251618,0.0249649
-3.9588085626336316,0.43588432483112705,0.030619251626654354,0.0191823
-3.9588085626336316,0.5677235345069898,-2.210647312863,-0.0545277
-3.9588085626336316,0.9632411635345761,-1.5514512644836898,-0.0423144
-3.8269693529577693,-1.0143469816033548,1.7445289774128598,-0.00623151
-3.8269693529577693,-0.7506685622516311,1.612689767736999,-0.000544463
-3.8269693529577693,-0.22331172354818207,0.953493719357688,0.0243025
-3.8269693529577693,0.6995627441828507,-0.10121995804920747,0.0184006
-3.8269693529577693,0.9632411635345761,-1.8151296838354138,-0.046706
-3.6951301432819075,-1.0143469816033548,1.8763681870887226,-0.000194242
-3.6951301432819075,0.8314019538587134,-0.10121995804920747,0.023764
-3.6951301432819075,1.095080373210437,-0.7604160064285179,-0.0102639
-3.563290933606045,-2.7282567073895607,0.4261368806542407,-0.0468332
-3.563290933606045,-2.200899868686113,1.7445289774128598,-0.0201836
-3.563290933606045,-1.541703820306803,2.0082073967645853,-0.00370518
-3.563290933606045,-1.1461861912792166,-2.606164941890586,-0.0610564
-3.563290933606045,-0.7506685622516311,-2.738004151566448,-0.0594218
-3.563290933606045,-0.7506685622516311,1.8763681870887226,0.0110886
-3.563290933606045,0.9632411635345761,-2.078808103187138,-0.0491255
-3.563290933606045,0.9632411635345761,-0.10121995804920747,0.0286227
-3.563290933606045,1.095080373210437,-0.49673758707679383,0.00778501
-3.431451723930183,-1.805382239658527,-2.078808103187138,-0.0614723
-3.431451723930183,1.2269195828862998,-1.5514512644836898,-0.0342958
-3.299612514254321,-2.860095917065423,0.294297670978378,-0.0461701
-3.299612514254321,-2.7282567073895607,1.3490113483852744,-0.0293451
-3.299612514254321,-2.332739078361975,-0.49673758707679383,-0.0438292
-3.299612514254321,-2.200899868686113,-0.6285767967526561,-0.0429207
-3.299612514254321,-2.069060659010251,-1.419612054807828,-0.0550793
-3.299612514254321,0.1722059054794034,1.2171721387094125,0.0577706
-3.299612514254321,0.9632411635345761,-2.210647312863,-0.0484645
-3.299612514254321,0.9632411635345761,0.6898153000059644,0.0566611
-3.299612514254321,1.3587587925621616,-0.49673758707679383,0.0210092
-3.1677733045784593,0.3040451151552652,-2.738004151566448,-0.0539367
-3.1677733045784593,1.754276421589748,0.6898153000059644,0.0501709
-3.1677733045784593,2.1497940506173334,0.16245846130251618,0.0461063
-3.035934094902597,-2.9919351267412853,0.4261368806542407,-0.0427454
-3.035934094902597,-1.937221449334389,2.140046606440446,0.0157526
-3.035934094902597,-1.2780254009550789,2.271885816116309,0.0343824
-3.035934094902597,-0.22331172354818207,-2.86984336124231,-0.0534822
-3.035934094902597,-0.22331172354818207,1.8763681870887226,0.0482403
-3.035934094902597,1.095080373210437,-2.078808103187138,-0.0413377
-3.035934094902597,1.2269195828862998,1.0853329290335507,0.0622617
-2.904094885226735,-2.860095917065423,1.3490113483852744,-0.0223311
-2.904094885226735,-0.4869901428999066,-2.86984336124231,-0.0519494
-2.904094885226735,-0.22331172354818207,-2.86984336124231,-0.0518
-2.904094885226735,0.040366695803541575,1.8763681870887226,0.0583219
-2.904094885226735,0.3040451151552652,1.8763681870887226,0.065041
-2.904094885226735,0.43588432483112705,2.140046606440446,0.068274
-2.904094885226735,1.095080373210437,-2.078808103187138,-0.0386859
-2.904094885226735,1.095080373210437,1.4808505580611362,0.0733106
-2.904094885226735,1.095080373210437,1.612689767736999,0.0755398
-2.904094885226735,1.2269195828862998,1.3490113483852744,0.0694586
-2.904094885226735,1.2269195828862998,1.8763681870887226,0.0803666
-2.904094885226735,1.2269195828862998,2.271885816116309,0.0869727
-2.904094885226735,1.754276421589748,-0.8922552161043797,0.0243033
-2.7722556755508734,0.040366695803541575,2.271885816116309,0.0563284
-2.7722556755508734,0.3040451151552652,-2.738004151566448,-0.0485991
-2.7722556755508734,1.754276421589748,1.2171721387094125,0.0611326
-2.7722556755508734,2.0179548409414716,-0.8922552161043797,0.0314642
-2.7722556755508734,2.1497940506173334,0.953493719357688,0.0545577
-2.7722556755508734,2.5453116796449198,0.4261368806542407,0.050842
-2.640416465875011,0.1722059054794034,2.6674034451438944,0.0586498
-2.640416465875011,1.754276421589748,1.8763681870887226,0.0781247
-2.640416465875011,2.2816332602931952,0.953493719357688,0.0539827
-2.640416465875011,2.5453116796449198,-0.49673758707679383,0.0437413
-2.5085772561991493,-2.596417497713699,1.7445289774128598,0.0074894
-2.5085772561991493,1.2269195828862998,-1.6832904741595516,-0.0126125
-2.5085772561991493,1.754276421589748,-1.1559336354561038,0.024725
-2.5085772561991493,1.8861156312656089,1.4808505580611362,0.0653019
-2.5085772561991493,2.2816332602931952,-0.8922552161043797,0.0371769
-2.5085772561991493,2.6771508893207816,-0.36489837740093156,0.0454327
-2.3767380465232875,-2.9919351267412853,0.16245846130251618,-0.0353819
-2.3767380465232875,-0.6188293525757684,2.5355642354680326,0.0526704
-2.3767380465232875,-0.3551509332240448,2.6674034451438944,0.0426946
-2.3767380465232875,0.8314019538587134,3.1947602838473426,0.0813802
-2.3767380465232875,0.9632411635345761,3.1947602838473426,0.0854194
-2.3767380465232875,2.5453116796449198,0.8216545096818271,0.051108
-2.244898836847425,-2.860095917065423,-0.10121995804920747,-0.0331175
-2.244898836847425,-2.069060659010251,-0.8922552161043797,-0.0127263
-2.244898836847425,-1.937221449334389,-1.1559336354561038,-0.0142072
-2.244898836847425,-1.0143469816033548,2.5355642354680326,0.0688452
-2.244898836847425,1.754276421589748,2.931081864495618,0.0902991
-2.244898836847425,2.1497940506173334,1.3490113483852744,0.056203
-2.244898836847425,2.8089900989966443,0.294297670978378,0.0475935
-2.113059627171563,-1.0143469816033548,-2.474325732214724,-0.0332923
-2.113059627171563,-0.7506685622516311,2.6674034451438944,0.0464211
-2.113059627171563,0.8314019538587134,3.3265994935232044,0.0767651
-2.113059627171563,0.9632411635345761,3.3265994935232044,0.0808294
-2.113059627171563,1.754276421589748,-1.2877728451319657,0.0304648
-1.981220417495701,-2.464578288037837,1.7445289774128598,0.0320668
-1.981220417495701,-2.069060659010251,2.140046606440446,0.0656315
-1.981220417495701,-1.805382239658527,-1.1559336354561038,-0.000166999
-1.981220417495701,0.9632411635345761,-2.078808103187138,0.00435302
-1.981220417495701,1.754276421589748,3.0629210741714807,0.0861372
-1.981220417495701,1.8861156312656089,2.931081864495618,0.0842616
-1.981220417495701,2.2816332602931952,-1.024094425780242,0.0377148
-1.8493812078198388,-1.6735430299826652,-1.2877728451319657,0.00349144
-1.8493812078198388,2.0179548409414716,2.799242654819757,0.0781923
-1.8493812078198388,2.2816332602931952,-1.024094425780242,0.0379151
-1.8493812078198388,2.5453116796449198,-0.7604160064285179,0.0394115
-1.8493812078198388,2.8089900989966443,-0.23305916772506974,0.0407317
-1.717541998143977,-2.332739078361975,1.7445289774128598,0.0465545
-1.717541998143977,0.3040451151552652,3.3265994935232044,0.0448342
-1.717541998143977,1.3587587925621616,3.3265994935232044,0.0799731
-1.717541998143977,1.6224372119138852,-1.8151296838354138,0.0309255
-1.717541998143977,1.754276421589748,-1.5514512644836898,0.0338441
-1.717541998143977,2.8089900989966443,-0.10121995804920747,0.0390586
-1.5857027884681152,-1.6735430299826652,-0.8922552161043797,0.0263978
-1.5857027884681152,-0.882507771927493,2.799242654819757,0.0249775
-1.5857027884681152,1.3587587925621616,-2.342486522538862,0.031004
-1.5857027884681152,1.3587587925621616,3.3265994935232044,0.0765916
-1.5857027884681152,1.6224372119138852,-2.078808103187138,0.0326267
-1.4538635787922534,-1.6735430299826652,-0.7604160064285179,0.0316668
-1.4538635787922534,-1.0143469816033548,-1.6832904741595516,0.0145344
-1.4538635787922534,0.6995627441828507,-2.606164941890586,0.0272412
-1.4538635787922534,0.9632411635345761,-2.606164941890586,0.0310609
-1.4538635787922534,2.413472469969058,1.0853329290335507,0.0365528
-1.3220243691163907,-0.4869901428999066,-1.946968893511276,0.0188644
-1.3220243691163907,0.1722059054794034,3.3265994935232044,0.0289602
-1.3220243691163907,1.2269195828862998,3.3265994935232044,0.068454
-1.3220243691163907,1.754276421589748,3.0629210741714807,0.0702825
-1.3220243691163907,2.6771508893207816,-0.10121995804920747,0.031066
-1.1901851594405288,-1.2780254009550789,2.4037250257921707,0.0381227
-1.1901851594405288,-1.1461861912792166,-1.2877728451319657,0.0406786
-1.1901851594405288,-0.882507771927493,-1.5514512644836898,0.0351607
-1.1901851594405288,-0.7506685622516311,-1.6832904741595516,0.0317075
-1.1901851594405288,-0.22331172354818207,-2.210647312863,0.0247822
-1.1901851594405288,-0.09147251387232114,-2.342486522538862,0.025568
-1.1901851594405288,1.095080373210437,3.3265994935232044,0.0626313
-1.1901851594405288,1.4905980022380234,3.1947602838473426,0.067927
-1.1901851594405288,2.1497940506173334,-1.2877728451319657,0.0368771
-1.058345949764667,-2.200899868686113,0.4261368806542407,0.0236199
-1.058345949764667,0.8314019538587134,3.3265994935232044,0.0523601
-1.058345949764667,2.5453116796449198,-0.36489837740093156,0.0257132
-0.9265067400888043,-1.4098646106309407,2.0082073967645853,0.0420716
-0.9265067400888043,-0.7506685622516311,2.931081864495618,0.000454155
-0.9265067400888043,2.0179548409414716,2.6674034451438944,0.0549574
-0.9265067400888043,2.2816332602931952,-1.1559336354561038,0.0318898
-0.7946675304129434,-1.805382239658527,-0.8922552161043797,0.0360859
-0.7946675304129434,-1.6735430299826652,1.0853329290335507,0.0549603
-0.7946675304129434,-1.0143469816033548,-1.8151296838354138,0.0374203
-0.7946675304129434,-0.09147251387232114,-2.474325732214724,0.0374371
-0.7946675304129434,0.9632411635345761,-2.86984336124231,0.0423852
-0.6628283207370806,-1.805382239658527,-1.1559336354561038,0.034866
-0.6628283207370806,-1.6735430299826652,-1.419612054807828,0.0350516
-0.6628283207370806,-0.7506685622516311,-2.078808103187138,0.0390822
-0.6628283207370806,0.6995627441828507,-2.86984336124231,0.0428029
-0.6628283207370806,0.9632411635345761,3.1947602838473426,0.052278
-0.6628283207370806,2.2816332602931952,2.0082073967645853,0.0393789
-0.5309891110612188,-2.332739078361975,0.030619251626654354,0.0421087
-0.5309891110612188,-0.7506685622516311,-2.210647312863,0.0405999
-0.5309891110612188,0.3040451151552652,3.1947602838473426,0.0263697
-0.5309891110612188,0.5677235345069898,3.1947602838473426,0.0380105
-0.5309891110612188,0.9632411635345761,-2.86984336124231,0.0436325
-0.5309891110612188,2.0179548409414716,2.5355642354680326,0.0541477
-0.5309891110612188,2.2816332602931952,1.8763681870887226,0.03781
-0.5309891110612188,2.5453116796449198,0.8216545096818271,0.00058839
-0.5309891110612188,2.940829308672506,0.16245846130251618,-0.0125219
-0.399149901385357,-1.937221449334389,0.953493719357688,0.0550221
-0.399149901385357,2.2816332602931952,1.612689767736999,0.0314807
-0.399149901385357,2.413472469969058,1.0853329290335507,0.00655214
-0.399149901385357,2.940829308672506,0.4261368806542407,-0.0163789
-0.2673106917094952,-2.069060659010251,-1.419612054807828,0.0350369
-0.2673106917094952,2.0179548409414716,-2.078808103187138,0.0261095
-0.13547148203363246,-2.464578288037837,0.294297670978378,0.0482194
-0.13547148203363246,-2.200899868686113,0.8216545096818271,0.0537902
-0.13547148203363246,-1.1461861912792166,1.4808505580611362,0.0263014
-0.13547148203363246,-1.0143469816033548,1.8763681870887226,0.00757155
-0.13547148203363246,-0.4869901428999066,-2.474325732214724,0.0462717
-0.13547148203363246,-0.3551509332240448,2.799242654819757,0.00400475
-0.13547148203363246,0.5677235345069898,-2.738004151566448,0.0448208
-0.13547148203363246,2.413472469969058,-1.6832904741595516,3.79105e-05
-0.13547148203363246,3.20450772802423,0.16245846130251618,-0.0273948
-0.0036322723577715266,-0.09147251387232114,-2.474325732214724,0.0472776
-0.0036322723577715266,2.2816332602931952,-1.8151296838354138,0.00223621
-0.0036322723577715266,3.20450772802423,-0.8922552161043797,-0.0293601
0.12820693731809119,-1.2780254009550789,1.3490113483852744,0.0397868
0.12820693731809119,-0.09147251387232114,-2.474325732214724,0.0478364
0.12820693731809119,0.040366695803541575,-2.474325732214724,0.0475261
0.12820693731809119,1.754276421589748,2.5355642354680326,0.0690159
0.12820693731809119,2.6771508893207816,1.0853329290335507,-0.0133164
0.12820693731809119,3.20450772802423,0.4261368806542407,-0.0302196
0.2600461469939539,2.1497940506173334,1.4808505580611362,0.0244705
0.2600461469939539,2.413472469969058,-1.8151296838354138,-0.0115178
0.39188535666981483,-1.937221449334389,1.0853329290335507,0.0506476
0.39188535666981483,-1.6735430299826652,1.2171721387094125,0.0483792
0.39188535666981483,-0.3551509332240448,-2.606164941890586,0.0487094
0.39188535666981483,0.43588432483112705,2.6674034451438944,0.0495218
0.5237245663456775,-2.464578288037837,-0.49673758707679383,0.0383628
0.5237245663456775,-2.200899868686113,0.8216545096818271,0.0497482
0.5237245663456775,-2.069060659010251,0.953493719357688,0.0499491
0.5237245663456775,-0.09147251387232114,2.0082073967645853,0.0336502
0.5237245663456775,2.2816332602931952,1.3490113483852744,0.0035229
0.6555637760215394,-1.805382239658527,1.0853329290335507,0.0480071
0.6555637760215394,-0.09147251387232114,-2.474325732214724,0.0476951
0.6555637760215394,-0.09147251387232114,1.4808505580611362,0.0449116
0.6555637760215394,0.040366695803541575,1.7445289774128598,0.0451079
0.7874029856974012,-2.332739078361975,0.4261368806542407,0.0450849
0.7874029856974012,-0.3551509332240448,-2.606164941890586,0.0485364
0.7874029856974012,0.3040451151552652,-2.210647312863,0.0487729
0.7874029856974012,1.8861156312656089,1.4808505580611362,0.0232174
0.919242195373263,-1.937221449334389,-2.342486522538862,0.0521492
0.919242195373263,-1.1461861912792166,-2.738004151566448,0.0538638
0.919242195373263,-1.0143469816033548,1.2171721387094125,0.0435577
0.919242195373263,-0.882507771927493,-2.738004151566448,0.0523441
0.919242195373263,0.6995627441828507,-1.946968893511276,0.0505798
0.919242195373263,1.2269195828862998,1.7445289774128598,0.0568197
0.919242195373263,1.4905980022380234,1.612689767736999,0.0424497
1.0510814050491257,0.9632411635345761,-1.8151296838354138,0.0436175
1.1829206147249867,-1.805382239658527,-2.342486522538862,0.0518216
1.1829206147249867,-0.6188293525757684,1.3490113483852744,0.0416783
1.1829206147249867,0.43588432483112705,1.612689767736999,0.0381827
1.1829206147249867,2.5453116796449198,1.0853329290335507,-0.0168977
1.1829206147249867,2.940829308672506,-1.2877728451319657,-0.0350735
1.1829206147249867,3.20450772802423,0.030619251626654354,-0.0330125
1.4465990340767112,-1.937221449334389,0.5579760903301025,0.0358937
1.4465990340767112,-1.1461861912792166,-2.474325732214724,0.0505283
1.4465990340767112,2.413472469969058,-1.5514512644836898,-0.0234012
1.4465990340767112,3.072668518348368,0.030619251626654354,-0.0301631
1.578438243752573,-1.937221449334389,-1.5514512644836898,0.0413176
1.578438243752573,-1.2780254009550789,1.2171721387094125,0.035081
1.578438243752573,-0.7506685622516311,-2.342486522538862,0.0470224
1.578438243752573,0.6995627441828507,-1.8151296838354138,0.0375819
1.578438243752573,1.095080373210437,1.7445289774128598,0.0110504
1.578438243752573,1.2269195828862998,1.7445289774128598,0.00842372
1.578438243752573,1.754276421589748,-1.6832904741595516,-0.000406283
1.7102774534284357,-2.200899868686113,-0.10121995804920747,0.0274437
1.7102774534284357,-2.200899868686113,0.16245846130251618,0.0257591
1.8421166631042976,-2.200899868686113,-0.49673758707679383,0.0257162
1.8421166631042976,-1.6735430299826652,-1.5514512644836898,0.0400379
1.8421166631042976,-1.1461861912792166,1.4808505580611362,0.0256541
1.8421166631042976,0.040366695803541575,-1.946968893511276,0.0408176
1.8421166631042976,2.940829308672506,0.294297670978378,-0.0335803
1.9739558727801594,-1.6735430299826652,-1.419612054807828,0.036396
1.9739558727801594,-1.541703820306803,-1.5514512644836898,0.0388861
1.9739558727801594,-0.882507771927493,1.612689767736999,0.0235636
1.9739558727801594,0.9632411635345761,1.7445289774128598,-0.000417195
2.105795082456022,-2.332739078361975,-0.6285767967526561,0.0168353
2.105795082456022,-2.069060659010251,-1.024094425780242,0.0231791
2.105795082456022,-2.069060659010251,1.2171721387094125,0.0106841
2.105795082456022,-1.805382239658527,-1.2877728451319657,0.0295456
2.105795082456022,0.6995627441828507,-1.8151296838354138,0.021732
2.105795082456022,2.8089900989966443,-0.6285767967526561,-0.0331246
2.105795082456022,2.940829308672506,0.16245846130251618,-0.0387495
2.237634292131884,-2.596417497713699,0.030619251626654354,0.00900987
2.237634292131884,-2.596417497713699,0.16245846130251618,0.00866693
2.237634292131884,-0.4869901428999066,-1.8151296838354138,0.0404625
2.3694735018077457,-2.596417497713699,-0.36489837740093156,0.00830562
2.3694735018077457,-1.805382239658527,1.612689767736999,0.0067071
2.3694735018077457,-0.09147251387232114,-1.8151296838354138,0.0343783
2.3694735018077457,0.040366695803541575,-1.8151296838354138,0.0322763
2.3694735018077457,0.1722059054794034,-1.8151296838354138,0.0295381
2.3694735018077457,0.6995627441828507,1.612689767736999,-0.000285704
2.5013127114836076,-2.200899868686113,-1.1559336354561038,0.0119796
2.5013127114836076,-0.6188293525757684,1.8763681870887226,0.0102971
2.5013127114836076,1.3587587925621616,1.612689767736999,-0.0214315
2.5013127114836076,2.8089900989966443,-0.36489837740093156,-0.0417186
2.6331519211594694,-2.7282567073895607,-0.23305916772506974,0.00545384
2.6331519211594694,-2.7282567073895607,0.4261368806542407,0.00523075
2.6331519211594694,-2.464578288037837,-0.8922552161043797,0.00720385
2.6331519211594694,2.8089900989966443,0.030619251626654354,-0.0466159
2.764991130835331,-2.7282567073895607,-0.36489837740093156,0.00517216
2.764991130835331,-2.200899868686113,1.4808505580611362,0.00390787
2.764991130835331,0.040366695803541575,-1.6832904741595516,0.0254415
2.896830340511193,-1.541703820306803,-1.6832904741595516,0.0120415
2.896830340511193,-0.7506685622516311,2.0082073967645853,0.00258528
2.896830340511193,0.040366695803541575,1.7445289774128598,0.00458752
2.896830340511193,2.1497940506173334,-1.024094425780242,-0.0326011
2.896830340511193,2.413472469969058,0.8216545096818271,-0.048344
2.896830340511193,2.5453116796449198,-0.49673758707679383,-0.0435987
3.028669550187055,-2.464578288037837,1.2171721387094125,0.00616995
3.028669550187055,-1.6735430299826652,1.8763681870887226,0.00231372
3.028669550187055,-0.6188293525757684,2.0082073967645853,0.00121593
3.028669550187055,1.095080373210437,-1.2877728451319657,-0.00583625
3.028669550187055,1.6224372119138852,1.2171721387094125,-0.034821
3.028669550187055,2.5453116796449198,0.030619251626654354,-0.0491785
3.028669550187055,2.5453116796449198,0.16245846130251618,-0.0496549
3.1605087598629185,-2.464578288037837,-1.024094425780242,0.00452055
3.1605087598629185,-2.464578288037837,1.2171721387094125,0.00754846
3.1605087598629185,-1.2780254009550789,2.0082073967645853,0.00095683
3.1605087598629185,0.43588432483112705,1.4808505580611362,-0.00101842
3.1605087598629185,1.6224372119138852,-1.024094425780242,-0.0244114
3.1605087598629185,1.8861156312656089,0.953493719357688,-0.0421822
3.1605087598629185,2.413472469969058,0.030619251626654354,-0.048555
3.2923479695387803,-1.6735430299826652,1.8763681870887226,0.00307441
3.2923479695387803,0.040366695803541575,-1.5514512644836898,0.0130257
3.2923479695387803,0.8314019538587134,1.0853329290335507,-0.00832702
3.2923479695387803,1.095080373210437,0.953493719357688,-0.0176242
3.2923479695387803,1.754276421589748,-0.7604160064285179,-0.0310123
3.4241871792146403,-2.7282567073895607,-0.36489837740093156,0.00964089
3.4241871792146403,-2.332739078361975,-1.1559336354561038,0.00453004
3.4241871792146403,-1.1461861912792166,2.0082073967645853,0.000537939
3.4241871792146403,0.8314019538587134,-0.8922552161043797,0.000112989
3.4241871792146403,1.2269195828862998,0.6898153000059644,-0.0221706
3.4241871792146403,1.3587587925621616,-0.6285767967526561,-0.020531
3.556026388890504,-1.805382239658527,-1.5514512644836898,0.00288676
3.556026388890504,1.095080373210437,-0.36489837740093156,-0.0116379
3.6878655985663658,-2.332739078361975,1.2171721387094125,0.0161652
3.6878655985663658,-0.4869901428999066,-1.6832904741595516,0.00343196
3.6878655985663658,0.1722059054794034,1.612689767736999,-0.00611368
3.6878655985663658,0.9632411635345761,-0.23305916772506974,-0.00855686
3.6878655985663658,0.9632411635345761,0.4261368806542407,-0.0119988
3.8197048082422276,-2.596417497713699,-0.36489837740093156,0.0163962
3.8197048082422276,-1.2780254009550789,1.8763681870887226,0.00429494
3.9515440179180894,0.6995627441828507,0.8216545096818271,-0.0111398
3.9515440179180894,0.8314019538587134,-0.10121995804920747,-0.00949011
4.083383227593953,-2.069060659010251,1.2171721387094125,0.0239331
4.083383227593953,0.040366695803541575,-1.2877728451319657,-0.00261118
4.215222437269813,-1.805382239658527,1.3490113483852744,0.0222522
4.215222437269813,-0.09147251387232114,-1.2877728451319657,-0.00352798
4.215222437269813,0.6995627441828507,0.294297670978378,-0.0115607
4.347061646945675,-2.069060659010251,-0.7604160064285179,0.017735
4.347061646945675,-0.882507771927493,-1.419612054807828,-0.000554785
4.478900856621537,-1.805382239658527,-0.8922552161043797,0.0148103
4.478900856621537,-1.6735430299826652,-1.024094425780242,0.0110945
4.478900856621537,-0.882507771927493,1.4808505580611362,0.00856371
4.478900856621537,-0.7506685622516311,1.4808505580611362,0.00611009
4.478900856621537,0.3040451151552652,-0.6285767967526561,-0.00779224
4.6107400662974,-1.2780254009550789,1.2171721387094125,0.0212121
4.6107400662974,-0.7506685622516311,-1.1559336354561038,0.00018861
4.6107400662974,-0.09147251387232114,1.0853329290335507,-0.00308533
4.6107400662974,0.040366695803541575,-0.7604160064285179,-0.00603916
4.742579275973262,0.040366695803541575,0.6898153000059644,-0.00431479
4.874418485649124,-0.4869901428999066,0.8216545096818271,0.00684087
4.874418485649124,-0.09147251387232114,0.4261368806542407,-0.00150326
5.006257695324986,-1.0143469816033548,0.294297670978378,0.0217034
5.006257695324986,-0.7506685622516311,0.4261368806542407,0.0146551
5.006257695324986,-0.4869901428999066,0.294297670978378,0.00737336
