-6.184568118211262,-2.4337526572999453,-0.4914177686017531,0.051354
-6.184568118211262,-1.8359707990071001,-0.34197230402854206,0.0265901
-6.035122653638051,-1.5370798698606771,-0.4914177686017531,0.0290463
-5.7362317244916285,-2.8820890510195794,-1.2386450914678098,0.0872695
-5.7362317244916285,-1.5370798698606771,-1.0891996268945987,0.0653301
-5.7362317244916285,-1.238188940714255,1.1524823417035712,-0.0300532
-5.586786259918417,-3.0315345155927904,1.3019278062767832,0.0274329
-5.586786259918417,-1.8359707990071001,1.6008187354232053,-0.021364
-5.586786259918417,-0.7898525469946209,0.10636408969109201,-0.00660397
-5.4373407953452055,-1.088743476141043,1.3019278062767832,-0.0285014
-5.287895330771994,-3.0315345155927904,1.6008187354232053,0.0377739
-5.287895330771994,-2.583198121873157,1.7502641999964164,0.0128866
-5.287895330771994,-0.939298011567832,-1.0891996268945987,0.0486458
-5.287895330771994,-0.6404070824214099,-0.34197230402854206,0.0165376
-5.287895330771994,-0.4909616178481979,-1.9858724143338664,0.0475474
-5.287895330771994,-0.34151615327498686,-0.7903086977481757,0.0240949
-5.287895330771994,0.2562657050178583,-1.2386450914678098,0.0229616
-5.138449866198783,-3.778761838458847,0.10636408969109201,0.0634824
-5.138449866198783,-3.629316373885636,-0.4914177686017531,0.0599858
-5.138449866198783,-3.180979980166002,-1.3880905560410213,0.0764816
-5.138449866198783,-2.8820890510195794,1.7502641999964164,0.0347947
-5.138449866198783,-0.4909616178481979,0.5547004834107261,-0.00915906
-5.138449866198783,-0.1920706887017749,-2.284763343480289,0.0462337
-5.138449866198783,-0.04262522412856384,-0.34197230402854206,0.00804451
-5.138449866198783,0.40571116959107023,-0.7903086977481757,0.009342
-4.9890044016255715,-3.9282073030320586,0.405255018837515,0.0713385
-4.9890044016255715,-3.778761838458847,-0.1925268394553301,0.0585069
-4.9890044016255715,-0.4909616178481979,-2.4342088080535005,0.0482119
-4.9890044016255715,-0.1920706887017749,0.2558095542643031,-0.000177848
-4.9890044016255715,-0.04262522412856384,-2.4342088080535005,0.044871
-4.9890044016255715,-0.04262522412856384,0.10636408969109201,0.00034771
-4.9890044016255715,0.5551566341642813,-0.4914177686017531,0.000767405
-4.9890044016255715,0.7046020987374924,-0.9397541623213872,0.00770321
-4.83955893705236,-3.629316373885636,-0.7903086977481757,0.0526264
-4.83955893705236,-1.6865253344338882,-1.6869814851874438,0.0734873
-4.83955893705236,-1.5370798698606771,-1.6869814851874438,0.0686841
-4.83955893705236,-0.34151615327498686,-2.5836542726267115,0.0460974
-4.83955893705236,-0.1920706887017749,-2.5836542726267115,0.0452747
-4.690113472479149,-0.7898525469946209,1.4513732708499942,-0.00931776
-4.690113472479149,0.7046020987374924,-2.135317878907078,0.0329912
-4.690113472479149,0.8540475633107043,-0.1925268394553301,-0.00829896
-4.540668007905937,-3.0315345155927904,1.8997096645696283,0.0631744
-4.391222543332726,-0.6404070824214099,-2.7330997371999235,0.0402123
-4.391222543332726,0.40571116959107023,-2.5836542726267115,0.0378484
-4.241777078759515,-3.0315345155927904,1.8997096645696283,0.0702584
-4.241777078759515,-2.8820890510195794,-1.5375360206142323,0.0432222
-4.241777078759515,0.8540475633107043,0.405255018837515,-0.0142152
-4.092331614186303,-4.07765276760527,0.405255018837515,0.0684348
-4.092331614186303,-3.9282073030320586,-0.1925268394553301,0.0414534
-4.092331614186303,-3.629316373885636,1.6008187354232053,0.0902591
-4.092331614186303,-1.387634405287466,-2.284763343480289,0.03339
-4.092331614186303,-0.34151615327498686,1.7502641999964164,-0.00800982
-3.9428861496130923,-3.9282073030320586,1.1524823417035712,0.088759
-3.9428861496130923,-3.778761838458847,-0.4914177686017531,0.0271083
-3.9428861496130923,-0.7898525469946209,2.1986005937160504,-0.00321627
-3.9428861496130923,0.7046020987374924,0.7041459479839371,-0.0119714
-3.9428861496130923,1.6012748861767605,-1.2386450914678098,0.00748382
-3.7934406850398807,-2.1348617281535227,2.3480460582892624,0.0337764
-3.7934406850398807,0.10682024044464722,1.6008187354232053,-0.0115196
-3.7934406850398807,0.2562657050178583,1.3019278062767832,-0.00917396
-3.6439952204666697,-3.778761838458847,-0.1925268394553301,0.0291323
-3.6439952204666697,-3.0315345155927904,1.7502641999964164,0.0727765
-3.6439952204666697,-2.583198121873157,-1.3880905560410213,0.0194532
-3.6439952204666697,-1.238188940714255,-2.4342088080535005,0.0183976
-3.6439952204666697,0.40571116959107023,-2.5836542726267115,0.0293612
-3.6439952204666697,0.40571116959107023,1.1524823417035712,-0.00765542
-3.6439952204666697,1.1529384924571264,0.5547004834107261,-0.0138291
-3.6439952204666697,1.4518294216035494,-1.9858724143338664,0.0258154
-3.6439952204666697,1.7507203507499716,-0.04308137488211905,-0.0114924
-3.494549755893458,-0.1920706887017749,-2.7330997371999235,0.0213538
-3.494549755893458,-0.04262522412856384,2.1986005937160504,-0.0137055
-3.494549755893458,0.5551566341642813,1.0030368771303602,-0.00562098
-3.494549755893458,2.0496112798963946,-0.4914177686017531,-0.00527365
-3.345104291320247,-3.0315345155927904,1.7502641999964164,0.0633242
-3.345104291320247,-1.8359707990071001,2.9458279165821075,0.0262984
-3.345104291320247,0.5551566341642813,1.1524823417035712,-0.00588325
-3.345104291320247,1.9001658153231835,0.10636408969109201,-0.0119808
-3.345104291320247,2.0496112798963946,-0.1925268394553301,-0.00878024
-3.195658826747035,-3.3304254447392134,1.0030368771303602,0.0614062
-3.195658826747035,-2.8820890510195794,-0.9397541623213872,0.00502763
-3.195658826747035,-2.583198121873157,2.7963824520088965,0.0442129
-3.195658826747035,-1.238188940714255,2.9458279165821075,0.0109224
-3.195658826747035,0.7046020987374924,1.1524823417035712,-0.0065657
-3.195658826747035,2.3485022090428176,-1.6869814851874438,0.0179805
-3.195658826747035,2.3485022090428176,-0.9397541623213872,0.000748126
-3.046213362173824,-1.9854162635803112,3.0952733811553186,0.0325295
-3.046213362173824,-1.6865253344338882,3.0952733811553186,0.0249355
-3.046213362173824,0.10682024044464722,-2.5836542726267115,0.0154158
-3.046213362173824,0.7046020987374924,1.6008187354232053,-0.0123876
-3.046213362173824,1.3023839570303384,1.0030368771303602,-0.0145939
-3.046213362173824,2.3485022090428176,-1.9858724143338664,0.0244158
-2.896767897600613,-2.583198121873157,2.9458279165821075,0.0444064
-2.896767897600613,-1.387634405287466,-2.135317878907078,-0.00255451
-2.896767897600613,-1.387634405287466,3.0952733811553186,0.0178964
-2.896767897600613,2.3485022090428176,-2.135317878907078,0.0273632
-2.747322433027402,-1.9854162635803112,-1.3880905560410213,-0.000736412
-2.747322433027402,-0.7898525469946209,-2.4342088080535005,-0.00369994
-2.747322433027402,-0.7898525469946209,2.9458279165821075,0.00425793
-2.747322433027402,0.40571116959107023,-2.5836542726267115,0.0157641
-2.747322433027402,1.1529384924571264,-2.7330997371999235,0.02798
-2.747322433027402,1.4518294216035494,-2.7330997371999235,0.0316208
-2.59787696845419,-3.0315345155927904,0.8535914125571482,0.0287072
-2.59787696845419,-0.1920706887017749,2.7963824520088965,-0.00463938
-2.59787696845419,0.40571116959107023,2.4974915228624734,-0.010213
-2.448431503880979,0.8540475633107043,-2.7330997371999235,0.0199248
-2.448431503880979,2.3485022090428176,0.2558095542643031,-0.0134004
-2.298986039307768,-3.180979980166002,1.6008187354232053,0.0319684
-2.298986039307768,-3.180979980166002,2.0491551291428394,0.0390974
-2.298986039307768,-3.0315345155927904,2.4974915228624734,0.0436023
-2.298986039307768,-1.6865253344338882,-1.3880905560410213,-0.0125986
-2.298986039307768,0.40571116959107023,2.6469369874356845,-0.00589079
-2.298986039307768,0.8540475633107043,-2.7330997371999235,0.0180434
-2.298986039307768,1.4518294216035494,1.7502641999964164,-0.0143834
-2.298986039307768,2.6473931381892397,-1.6869814851874438,0.0066596
-2.298986039307768,2.7968386027624517,-0.1925268394553301,-0.0317778
-2.298986039307768,3.095729531908874,-0.4914177686017531,-0.0430677
-2.298986039307768,3.095729531908874,-0.34197230402854206,-0.0433848
-2.149540574734557,-2.8820890510195794,0.5547004834107261,0.00715544
-2.149540574734557,-2.4337526572999453,-0.34197230402854206,-0.00516901
-2.149540574734557,-1.5370798698606771,-1.3880905560410213,-0.0158711
-2.149540574734557,0.40571116959107023,-2.5836542726267115,0.00644007
-2.149540574734557,2.6473931381892397,-1.6869814851874438,0.00220318
-2.149540574734557,3.2451749964820857,0.2558095542643031,-0.0455216
-2.149540574734557,3.69351139020172,-0.4914177686017531,-0.0559383
-2.000095110161345,-2.4337526572999453,2.9458279165821075,0.0398349
-2.000095110161345,-1.5370798698606771,-1.0891996268945987,-0.0150407
-2.000095110161345,-0.939298011567832,2.9458279165821075,0.0179821
-2.000095110161345,-0.7898525469946209,2.9458279165821075,0.0151827
-2.000095110161345,-0.6404070824214099,-2.135317878907078,-0.0161915
-2.000095110161345,-0.6404070824214099,2.9458279165821075,0.0125815
-2.000095110161345,-0.34151615327498686,-2.284763343480289,-0.0110131
-2.000095110161345,-0.34151615327498686,2.9458279165821075,0.00768429
-2.000095110161345,2.1990567444696056,1.1524823417035712,-0.00117709
-2.000095110161345,2.6473931381892397,-1.6869814851874438,-0.00370631
-2.000095110161345,3.84295685477493,0.10636408969109201,-0.0584498
-1.8506496455881338,-3.0315345155927904,1.6008187354232053,0.0206437
-1.8506496455881338,-3.0315345155927904,1.8997096645696283,0.0274098
-1.8506496455881338,-1.5370798698606771,-0.7903086977481757,-0.0134724
-1.8506496455881338,-1.387634405287466,-0.9397541623213872,-0.0145968
-1.8506496455881338,-1.387634405287466,2.9458279165821075,0.0271319
-1.8506496455881338,4.141847783921352,-0.1925268394553301,-0.0610368
-1.7012041810149219,-1.387634405287466,-0.6408632331749646,-0.0124822
-1.7012041810149219,-0.7898525469946209,2.9458279165821075,0.0199955
-1.7012041810149219,0.40571116959107023,-2.4342088080535005,-0.000612734
-1.7012041810149219,1.6012748861767605,-2.5836542726267115,0.0209934
-1.7012041810149219,2.6473931381892397,1.0030368771303602,0.00224843
-1.7012041810149219,4.141847783921352,0.2558095542643031,-0.0617223
-1.7012041810149219,4.291293248494564,-0.4914177686017531,-0.0605184
-1.7012041810149219,4.291293248494564,-0.1925268394553301,-0.0617212
-1.5517587164417108,-2.732643586446368,0.8535914125571482,-0.00338258
-1.5517587164417108,-2.2843071927267338,2.6469369874356845,0.0328514
-1.5517587164417108,-1.387634405287466,-0.4914177686017531,-0.0140929
-1.5517587164417108,-0.7898525469946209,-1.5375360206142323,-0.02248
-1.5517587164417108,2.1990567444696056,1.4513732708499942,0.0114997
-1.5517587164417108,2.6473931381892397,-1.8364269497606553,-0.0202479
-1.5517587164417108,2.6473931381892397,1.1524823417035712,0.00753301
-1.5517587164417108,3.2451749964820857,1.0030368771303602,-0.0310774
-1.5517587164417108,3.992402319348142,-1.3880905560410213,-0.0549352
-1.5517587164417108,4.291293248494564,-0.9397541623213872,-0.0581298
-1.4023132518684998,-2.583198121873157,0.7041459479839371,-0.00950954
-1.4023132518684998,-1.5370798698606771,-0.34197230402854206,-0.0187651
-1.4023132518684998,0.10682024044464722,-2.135317878907078,-0.0109932
-1.4023132518684998,0.40571116959107023,2.9458279165821075,0.00532062
-1.4023132518684998,1.7507203507499716,-2.284763343480289,0.0142992
-1.4023132518684998,1.9001658153231835,1.7502641999964164,0.0016117
-1.2528677872952887,-2.4337526572999453,1.8997096645696283,0.0151266
-1.2528677872952887,0.10682024044464722,3.0952733811553186,0.013183
-1.2528677872952887,0.40571116959107023,-2.135317878907078,-0.00899629
-1.2528677872952887,0.8540475633107043,2.6469369874356845,-0.00354986
-1.2528677872952887,1.3023839570303384,2.1986005937160504,-0.010154
-1.2528677872952887,3.992402319348142,0.8535914125571482,-0.0571999
-1.1034223227220767,-1.088743476141043,-0.4914177686017531,-0.0208565
-1.1034223227220767,0.7046020987374924,2.7963824520088965,0.000649879
-1.1034223227220767,1.4518294216035494,2.1986005937160504,-0.0167968
-1.1034223227220767,2.0496112798963946,2.0491551291428394,-0.0196778
-1.1034223227220767,3.992402319348142,-1.6869814851874438,-0.0537243
-0.9539768581488657,-2.1348617281535227,1.6008187354232053,0.0049525
-0.9539768581488657,-0.939298011567832,-0.6408632331749646,-0.0249827
-0.9539768581488657,0.2562657050178583,-1.8364269497606553,-0.0178331
-0.9539768581488657,0.7046020987374924,-1.9858724143338664,-0.012291
-0.9539768581488657,3.84295685477493,-1.8364269497606553,-0.0522686
-0.9539768581488657,4.141847783921352,0.8535914125571482,-0.059452
-0.9539768581488657,4.291293248494564,0.7041459479839371,-0.0620871
-0.9539768581488657,4.440738713067774,-1.2386450914678098,-0.0567099
-0.8045313935756546,0.7046020987374924,2.7963824520088965,0.000235311
-0.8045313935756546,1.1529384924571264,2.4974915228624734,-0.0213118
-0.8045313935756546,3.394620461055296,1.3019278062767832,-0.0300494
-0.8045313935756546,3.992402319348142,1.0030368771303602,-0.0552603
-0.6550859290024427,-1.8359707990071001,1.6008187354232053,0.00532434
-0.6550859290024427,-0.939298011567832,-0.6408632331749646,-0.030954
-0.6550859290024427,-0.6404070824214099,-1.0891996268945987,-0.0319492
-0.6550859290024427,-0.04262522412856384,-1.5375360206142323,-0.0258198
-0.6550859290024427,0.5551566341642813,-1.9858724143338664,-0.0269478
-0.6550859290024427,1.0034930278839154,-2.135317878907078,-0.0227692
-0.6550859290024427,1.3023839570303384,-2.135317878907078,-0.0175937
-0.6550859290024427,1.6012748861767605,2.6469369874356845,-0.0416726
-0.5056404644292316,-1.6865253344338882,1.7502641999964164,0.00959748
-0.5056404644292316,-0.34151615327498686,-1.3880905560410213,-0.030038
-0.5056404644292316,1.1529384924571264,-2.284763343480289,-0.0262748
-0.5056404644292316,2.6473931381892397,2.4974915228624734,-0.0519685
-0.5056404644292316,3.2451749964820857,1.6008187354232053,-0.032313
-0.35619499985602054,-1.8359707990071001,-1.0891996268945987,-0.0463462
-0.35619499985602054,-1.238188940714255,0.10636408969109201,-0.0211613
-0.35619499985602054,3.394620461055296,1.4513732708499942,-0.0345654
-0.35619499985602054,4.440738713067774,0.5547004834107261,-0.0626039
-0.2067495352828086,-1.5370798698606771,-2.135317878907078,-0.0499941
-0.2067495352828086,-1.387634405287466,0.7041459479839371,-0.00978695
-0.2067495352828086,-1.088743476141043,2.6469369874356845,0.0303011
-0.2067495352828086,-0.6404070824214099,-2.135317878907078,-0.0434091
-0.2067495352828086,-0.6404070824214099,2.9458279165821075,0.0320731
-0.2067495352828086,2.1990567444696056,-2.135317878907078,-0.0105197
-0.05730407070959753,0.2562657050178583,2.7963824520088965,0.0110661
-0.05730407070959753,3.394620461055296,1.7502641999964164,-0.0480736
-0.05730407070959753,3.544065925628508,1.3019278062767832,-0.0392721
-0.05730407070959753,4.590184177640986,0.10636408969109201,-0.0619958
0.09214139386361353,-1.9854162635803112,-2.135317878907078,-0.0475463
0.09214139386361353,-1.8359707990071001,-2.284763343480289,-0.0484909
0.09214139386361353,-1.088743476141043,1.0030368771303602,-4.26853e-05
0.09214139386361353,-0.939298011567832,0.405255018837515,-0.00600861
0.09214139386361353,-0.939298011567832,0.5547004834107261,-0.00360923
0.09214139386361353,3.394620461055296,1.8997096645696283,-0.0533062
0.09214139386361353,3.69351139020172,-1.8364269497606553,-0.039725
0.2415868584368246,-2.583198121873157,-0.9397541623213872,-0.0447212
0.2415868584368246,-2.4337526572999453,-1.5375360206142323,-0.0433771
0.2415868584368246,-1.9854162635803112,-2.284763343480289,-0.0470542
0.2415868584368246,-0.939298011567832,1.3019278062767832,0.00555685
0.2415868584368246,1.1529384924571264,-2.7330997371999235,-0.0244047
0.2415868584368246,4.440738713067774,-0.9397541623213872,-0.0543093
0.39103232301003654,-2.583198121873157,-0.1925268394553301,-0.042143
0.39103232301003654,-2.2843071927267338,-0.04308137488211905,-0.0351802
0.39103232301003654,-1.238188940714255,-2.7330997371999235,-0.0471191
0.39103232301003654,-0.6404070824214099,2.0491551291428394,0.0182042
0.39103232301003654,-0.4909616178481979,1.0030368771303602,0.00619908
0.39103232301003654,2.7968386027624517,-1.9858724143338664,0.012949
0.39103232301003654,2.9462840673356636,2.6469369874356845,-0.0611898
0.39103232301003654,3.095729531908874,2.4974915228624734,-0.0612053
0.5404777875832476,-1.8359707990071001,-2.5836542726267115,-0.0465612
0.5404777875832476,0.7046020987374924,-2.7330997371999235,-0.0242068
0.5404777875832476,2.3485022090428176,-2.4342088080535005,0.0256903
0.5404777875832476,3.095729531908874,2.4974915228624734,-0.0615155
0.5404777875832476,3.544065925628508,1.3019278062767832,-0.0446506
0.5404777875832476,3.69351139020172,-1.5375360206142323,-0.0290708
0.6899232521564587,-0.4909616178481979,-2.7330997371999235,-0.0352054
0.6899232521564587,0.40571116959107023,2.3480460582892624,-0.0305822
0.6899232521564587,0.7046020987374924,2.6469369874356845,-0.0394737
0.6899232521564587,2.1990567444696056,-2.5836542726267115,0.0287831
0.8393687167296706,-3.3304254447392134,-1.5375360206142323,-0.0621702
0.8393687167296706,-0.939298011567832,-2.8825452017731346,-0.0408296
0.8393687167296706,-0.939298011567832,0.5547004834107261,0.00380506
0.8393687167296706,0.2562657050178583,-2.5836542726267115,-0.017511
0.8393687167296706,3.992402319348142,-0.6408632331749646,-0.0377858
0.9888141813028826,-3.629316373885636,-1.0891996268945987,-0.0643831
0.9888141813028826,-3.629316373885636,-0.6408632331749646,-0.0611294
0.9888141813028826,-0.7898525469946209,-2.8825452017731346,-0.0368961
0.9888141813028826,0.2562657050178583,-2.5836542726267115,-0.011938
0.9888141813028826,0.40571116959107023,2.1986005937160504,-0.0364001
0.9888141813028826,3.544065925628508,0.2558095542643031,-0.0178145
0.9888141813028826,3.69351139020172,-0.04308137488211905,-0.0243696
1.1382596458760927,-2.4337526572999453,0.7041459479839371,-0.0260731
1.1382596458760927,0.8540475633107043,-2.7330997371999235,0.000364514
1.1382596458760927,3.2451749964820857,-0.9397541623213872,0.0185358
1.1382596458760927,3.2451749964820857,2.0491551291428394,-0.059086
1.2877051104493047,-3.778761838458847,-0.6408632331749646,-0.0604508
1.2877051104493047,-3.3304254447392134,-1.9858724143338664,-0.0634655
1.2877051104493047,-2.8820890510195794,-2.284763343480289,-0.0557583
1.2877051104493047,-0.34151615327498686,-2.7330997371999235,-0.0207488
1.2877051104493047,1.4518294216035494,2.7963824520088965,-0.0497384
1.2877051104493047,2.1990567444696056,2.7963824520088965,-0.0550293
1.2877051104493047,3.095729531908874,-0.04308137488211905,0.018323
1.4371505750225166,-1.238188940714255,1.0030368771303602,-0.00177614
1.4371505750225166,0.40571116959107023,1.7502641999964164,-0.0356758
1.4371505750225166,3.2451749964820857,1.4513732708499942,-0.0492238
1.5865960395957268,-0.7898525469946209,1.3019278062767832,-0.00613744
1.5865960395957268,-0.4909616178481979,-2.7330997371999235,-0.0191574
1.5865960395957268,0.40571116959107023,1.6008187354232053,-0.0311877
1.5865960395957268,2.7968386027624517,-0.1925268394553301,0.0290653
1.5865960395957268,2.7968386027624517,0.2558095542643031,0.0115016
1.7360415041689388,-3.180979980166002,0.5547004834107261,-0.0275553
1.7360415041689388,-2.8820890510195794,-2.4342088080535005,-0.0557685
1.7360415041689388,2.6473931381892397,-0.04308137488211905,0.0232103
1.7360415041689388,2.7968386027624517,-0.4914177686017531,0.0345425
1.885486968742149,-3.778761838458847,-1.5375360206142323,-0.0625492
1.885486968742149,-3.0315345155927904,0.7041459479839371,-0.0183171
1.885486968742149,-2.2843071927267338,-2.5836542726267115,-0.0438645
1.885486968742149,-2.2843071927267338,1.1524823417035712,-0.00316445
1.885486968742149,1.0034930278839154,-2.4342088080535005,0.0354065
1.885486968742149,2.6473931381892397,-2.135317878907078,0.0863589
1.885486968742149,2.7968386027624517,1.0030368771303602,-0.0289057
1.885486968742149,2.7968386027624517,1.6008187354232053,-0.0471134
2.034932433315361,-2.2843071927267338,-2.5836542726267115,-0.043351
2.034932433315361,-1.238188940714255,1.4513732708499942,0.00286649
2.034932433315361,-0.7898525469946209,-2.5836542726267115,-0.0154705
2.034932433315361,2.3485022090428176,1.8997096645696283,-0.0475663
2.034932433315361,2.7968386027624517,-1.5375360206142323,0.0762436
2.184377897888573,0.7046020987374924,1.8997096645696283,-0.015896
2.184377897888573,0.8540475633107043,1.8997096645696283,-0.0198329
2.184377897888573,1.7507203507499716,1.8997096645696283,-0.0392338
2.184377897888573,2.4979476736160295,-0.4914177686017531,0.0320284
2.184377897888573,2.4979476736160295,0.2558095542643031,0.0160781
2.184377897888573,2.6473931381892397,-1.0891996268945987,0.0573512
2.333823362461783,-3.778761838458847,-0.34197230402854206,-0.0270855
2.333823362461783,2.4979476736160295,1.1524823417035712,-0.0113662
2.483268827034995,-3.778761838458847,-1.0891996268945987,-0.0419536
2.483268827034995,-3.778761838458847,-0.04308137488211905,-0.00984497
2.483268827034995,-3.0315345155927904,-2.284763343480289,-0.0523108
2.483268827034995,-1.6865253344338882,-2.4342088080535005,-0.0251704
2.483268827034995,-1.238188940714255,-2.284763343480289,-0.0104019
2.483268827034995,-1.088743476141043,1.6008187354232053,0.0113283
2.483268827034995,1.4518294216035494,-1.8364269497606553,0.0526121
2.483268827034995,2.3485022090428176,1.4513732708499942,-0.0139939
2.632714291608205,-3.9282073030320586,0.405255018837515,0.00475714
2.632714291608205,-3.778761838458847,0.7041459479839371,0.00476332
2.632714291608205,-3.180979980166002,1.3019278062767832,0.00666862
2.632714291608205,-2.2843071927267338,1.7502641999964164,0.0155579
2.632714291608205,-2.1348617281535227,1.7502641999964164,0.0162585
2.632714291608205,2.0496112798963946,1.7502641999964164,-0.01552
2.632714291608205,2.7968386027624517,0.2558095542643031,0.0242478
2.632714291608205,2.7968386027624517,0.8535914125571482,0.0121107
2.782159756181417,-4.07765276760527,-0.1925268394553301,0.00437492
2.782159756181417,-3.778761838458847,1.0030368771303602,0.00716814
2.782159756181417,-2.732643586446368,-2.284763343480289,-0.0441353
2.782159756181417,-0.939298011567832,-1.9858724143338664,0.00412995
2.782159756181417,0.10682024044464722,-2.135317878907078,0.00628594
2.782159756181417,0.40571116959107023,2.6469369874356845,0.01555
2.782159756181417,0.7046020987374924,-1.9858724143338664,0.017056
2.9316052207546273,-3.0315345155927904,1.8997096645696283,0.01424
2.9316052207546273,-2.4337526572999453,-2.284763343480289,-0.0370238
2.9316052207546273,-1.387634405287466,1.7502641999964164,0.0221748
2.9316052207546273,2.9462840673356636,0.405255018837515,0.0245237
2.9316052207546273,2.9462840673356636,0.7041459479839371,0.0202964
3.081050685327839,-4.227098232178482,0.8535914125571482,0.0157914
3.081050685327839,-3.0315345155927904,-1.8364269497606553,-0.036124
3.081050685327839,-1.238188940714255,-1.9858724143338664,-0.00463072
3.081050685327839,0.2562657050178583,2.7963824520088965,0.023508
3.081050685327839,0.8540475633107043,-1.6869814851874438,0.0142042
3.081050685327839,2.6473931381892397,1.4513732708499942,0.00648005
3.081050685327839,2.9462840673356636,0.2558095542643031,0.0268648
3.230496149901053,-4.227098232178482,1.0030368771303602,0.0160516
3.230496149901053,-2.583198121873157,-1.9858724143338664,-0.0300649
3.230496149901053,-1.088743476141043,1.7502641999964164,0.0256209
3.230496149901053,0.40571116959107023,-1.8364269497606553,0.00401042
3.230496149901053,0.7046020987374924,-1.6869814851874438,0.00899186
3.230496149901053,1.6012748861767605,-0.9397541623213872,0.0246964
3.379941614474263,-4.525989161324904,0.5547004834107261,0.0237046
3.379941614474263,-1.9854162635803112,-1.9858724143338664,-0.0176839
3.379941614474263,-1.9854162635803112,2.4974915228624734,0.0320221
3.379941614474263,-0.7898525469946209,1.8997096645696283,0.0253493
3.379941614474263,1.3023839570303384,-1.0891996268945987,0.020103
3.529387079047475,-3.9282073030320586,-0.9397541623213872,0.0081717
3.529387079047475,-2.732643586446368,-1.5375360206142323,-0.0124441
3.529387079047475,-2.1348617281535227,-1.8364269497606553,-0.0139207
3.529387079047475,-1.238188940714255,2.0491551291428394,0.0286378
3.529387079047475,-1.088743476141043,1.8997096645696283,0.0274965
3.529387079047475,0.7046020987374924,2.9458279165821075,0.0249327
3.529387079047475,1.0034930278839154,-1.2386450914678098,0.0144992
3.529387079047475,2.3485022090428176,1.7502641999964164,0.00443715
3.529387079047475,2.6473931381892397,1.4513732708499942,0.0103331
3.529387079047475,2.9462840673356636,0.8535914125571482,0.0200362
3.6788325436206852,-4.525989161324904,-0.34197230402854206,0.024931
3.6788325436206852,-3.180979980166002,-1.2386450914678098,-0.00199368
3.6788325436206852,-3.180979980166002,2.3480460582892624,0.0242494
3.6788325436206852,-2.1348617281535227,2.6469369874356845,0.0350127
3.6788325436206852,0.5551566341642813,2.9458279165821075,0.0275998
3.6788325436206852,1.1529384924571264,-1.0891996268945987,0.0161574
3.6788325436206852,1.7507203507499716,2.3480460582892624,0.00690194
3.828278008193897,-1.9854162635803112,2.6469369874356845,0.0355075
3.828278008193897,-0.4909616178481979,-1.5375360206142323,0.0028517
3.828278008193897,0.7046020987374924,-1.2386450914678098,0.0111759
3.828278008193897,1.4518294216035494,-0.9397541623213872,0.0164147
3.828278008193897,2.4979476736160295,-0.34197230402854206,0.0203783
3.828278008193897,2.7968386027624517,0.10636408969109201,0.0220596
3.977723472767109,-3.0315345155927904,2.4974915228624734,0.0288461
3.977723472767109,-0.7898525469946209,1.8997096645696283,0.0253739
3.977723472767109,-0.34151615327498686,-1.3880905560410213,0.00556126
3.977723472767109,0.10682024044464722,2.7963824520088965,0.0297517
3.977723472767109,2.0496112798963946,1.8997096645696283,0.00658032
4.127168937340319,-1.9854162635803112,2.6469369874356845,0.0360212
4.127168937340319,-1.387634405287466,-1.3880905560410213,0.0109051
4.127168937340319,-0.6404070824214099,-1.2386450914678098,0.0100195
4.127168937340319,0.7046020987374924,-1.0891996268945987,0.0138691
4.127168937340319,1.3023839570303384,-0.9397541623213872,0.0151434
4.127168937340319,1.4518294216035494,2.4974915228624734,0.0147999
4.127168937340319,1.6012748861767605,2.3480460582892624,0.012012
4.276614401913531,-3.4798709093124245,-1.0891996268945987,0.00715676
4.276614401913531,-1.6865253344338882,2.4974915228624734,0.0340361
4.276614401913531,0.10682024044464722,2.6469369874356845,0.0277093
4.276614401913531,2.1990567444696056,-0.34197230402854206,0.0133392
4.276614401913531,2.3485022090428176,1.3019278062767832,0.0107165
4.426059866486741,-4.227098232178482,1.0030368771303602,0.0182607
4.426059866486741,-3.629316373885636,1.7502641999964164,0.0154467
4.426059866486741,-2.8820890510195794,2.4974915228624734,0.0300631
4.426059866486741,-1.238188940714255,-1.0891996268945987,0.0185554
4.426059866486741,-0.4909616178481979,1.8997096645696283,0.0210606
4.426059866486741,0.7046020987374924,2.6469369874356845,0.023506
4.426059866486741,1.1529384924571264,-0.9397541623213872,0.0162827
4.426059866486741,1.1529384924571264,2.4974915228624734,0.018161
4.575505331059953,-4.227098232178482,0.8535914125571482,0.0187678
4.575505331059953,-3.3304254447392134,2.0491551291428394,0.0208563
4.575505331059953,-2.732643586446368,-1.2386450914678098,0.00875722
4.575505331059953,-1.387634405287466,-1.0891996268945987,0.0198966
4.575505331059953,0.40571116959107023,2.4974915228624734,0.0229671
4.575505331059953,1.1529384924571264,2.3480460582892624,0.0164114
4.575505331059953,1.4518294216035494,-0.7903086977481757,0.0162876
4.575505331059953,1.7507203507499716,1.7502641999964164,0.0111388
4.575505331059953,2.1990567444696056,-0.04308137488211905,0.0120882
4.724950795633164,-1.8359707990071001,-1.2386450914678098,0.0177869
4.724950795633164,-1.238188940714255,-0.9397541623213872,0.0234146
4.724950795633164,-0.939298011567832,-0.6408632331749646,0.0263568
4.724950795633164,-0.7898525469946209,1.1524823417035712,0.0208608
4.724950795633164,-0.6404070824214099,-0.34197230402854206,0.0282264
4.724950795633164,-0.04262522412856384,2.0491551291428394,0.0187151
4.724950795633164,0.7046020987374924,-0.9397541623213872,0.020643
4.724950795633164,1.4518294216035494,1.8997096645696283,0.0122562
4.724950795633164,1.6012748861767605,1.7502641999964164,0.0118089
4.724950795633164,2.0496112798963946,1.1524823417035712,0.0116039
4.724950795633164,2.1990567444696056,0.2558095542643031,0.0120241
4.8743962602063755,-2.4337526572999453,2.3480460582892624,0.0292354
5.023841724779586,-3.778761838458847,0.8535914125571482,0.0152978
5.023841724779586,-3.4798709093124245,1.3019278062767832,0.0157659
5.023841724779586,-2.2843071927267338,2.1986005937160504,0.026754
5.023841724779586,-1.387634405287466,1.6008187354232053,0.0193592
5.023841724779586,-1.088743476141043,1.1524823417035712,0.0194447
5.023841724779586,-0.6404070824214099,0.7041459479839371,0.0238167
5.023841724779586,0.40571116959107023,-0.7903086977481757,0.026302
5.173287189352799,-3.778761838458847,0.10636408969109201,0.0140492
5.173287189352799,-0.7898525469946209,0.10636408969109201,0.0294571
5.173287189352799,-0.7898525469946209,0.2558095542643031,0.028505
5.173287189352799,1.9001658153231835,0.2558095542643031,0.0178482
5.322732653926011,0.10682024044464722,1.3019278062767832,0.0190327
5.322732653926011,0.5551566341642813,-0.6408632331749646,0.0303742
5.322732653926011,1.3023839570303384,-0.4914177686017531,0.0266282
5.322732653926011,1.7507203507499716,0.10636408969109201,0.0216278
5.322732653926011,1.7507203507499716,0.7041459479839371,0.0187118
5.4721781184992215,-1.238188940714255,0.8535914125571482,0.0234996
5.4721781184992215,-1.088743476141043,-0.34197230402854206,0.033861
5.4721781184992215,-0.1920706887017749,0.2558095542643031,0.031155
5.4721781184992215,-0.1920706887017749,0.5547004834107261,0.0285104
5.4721781184992215,1.6012748861767605,0.10636408969109201,0.0248766
5.6216235830724335,-1.387634405287466,0.8535914125571482,0.0243706
5.6216235830724335,1.4518294216035494,0.405255018837515,0.02639
5.771069047645644,-2.8820890510195794,-0.4914177686017531,0.0241137
5.771069047645644,-1.238188940714255,0.10636408969109201,0.0341251
5.920514512218856,-2.8820890510195794,-0.04308137488211905,0.025166
5.920514512218856,-2.8820890510195794,0.2558095542643031,0.0238475
5.920514512218856,-2.583198121873157,0.7041459479839371,0.0235272
5.920514512218856,-2.1348617281535227,-0.6408632331749646,0.0339918
6.069959976792068,-2.583198121873157,0.10636408969109201,0.029116
6.069959976792068,-2.4337526572999453,0.405255018837515,0.0285337
6.069959976792068,-2.1348617281535227,-0.34197230402854206,0.0350582
6.069959976792068,-1.8359707990071001,-0.1925268394553301,0.0366356
