-9.150460847000481,-2.5035209679738433,0.18353188526864805,0.0450424
-9.150460847000481,-1.9938550525210723,0.5233091622371617,0.0453328
-9.150460847000481,-1.823966414036816,0.6931978007214177,0.0453114
-9.150460847000481,-0.2949686676785026,-0.665911307152637,0.0467548
-8.980572208516223,-1.4841891370683014,-1.0056885841211507,0.0389222
-8.980572208516223,-1.3143004985840445,1.7125296316269596,0.0460554
-8.810683570031967,-1.6540777755525586,-1.1755772226054084,0.0370943
-8.64079493154771,0.38458588625852475,-0.665911307152637,0.0493881
-8.470906293063454,-2.8432982449423574,-1.1755772226054084,0.0471876
-8.470906293063454,-1.1444118600997886,2.222195547079731,0.0483996
-8.470906293063454,0.04480860929001018,-1.3454658610896644,0.048171
-8.301017654579196,0.5544745247427816,0.013643246784390328,0.0479944
-8.131129016094938,-3.5228527988793847,-0.32613403018412246,0.0496269
-8.131129016094938,-1.9938550525210723,-1.5153544995739212,0.033902
-8.131129016094938,0.04480860929001018,1.5426409931427036,0.0479082
-8.131129016094938,1.064140440195552,0.5233091622371617,0.0524934
-7.961240377610682,-0.6347459446470172,2.222195547079731,0.0468556
-7.961240377610682,1.234029078679809,1.7125296316269596,0.0497262
-7.7913517391264255,-3.3529641603951283,-0.8357999456368939,0.04713
-7.7913517391264255,-2.8432982449423574,1.202863716174189,0.0297794
-7.7913517391264255,-0.46485730616276033,-1.6852431380581785,0.0393582
-7.7913517391264255,0.5544745247427816,-0.8357999456368939,0.0446361
-7.7913517391264255,0.7243631632270375,-0.32613403018412246,0.0431539
-7.621463100642169,-0.804634583131274,-1.6852431380581785,0.0350044
-7.621463100642169,-0.6347459446470172,2.222195547079731,0.043366
-7.451574462157911,0.04480860929001018,2.052306908595474,0.0350155
-7.451574462157911,0.38458588625852475,-1.0056885841211507,0.0415315
-7.451574462157911,0.5544745247427816,2.222195547079731,0.0316833
-7.451574462157911,1.064140440195552,2.222195547079731,0.033819
-7.451574462157911,2.083472271101094,0.8630864392056754,0.0379409
-7.281685823673655,-2.3336323294895864,1.7125296316269596,0.029697
-7.281685823673655,-2.1637436910053296,1.8824182701112164,0.0320993
-7.281685823673655,0.2146972477742679,2.222195547079731,0.0275358
-7.281685823673655,0.5544745247427816,-0.665911307152637,0.0367784
-7.111797185189397,-2.6734096064581,1.202863716174189,0.0249485
-7.111797185189397,0.5544745247427816,-0.665911307152637,0.0332343
-7.111797185189397,1.7436949941325794,-0.1562453916998665,0.0177926
-7.111797185189397,1.9135836326168363,1.8824182701112164,0.0368662
-6.9419085467051405,-1.823966414036816,1.8824182701112164,0.031828
-6.9419085467051405,-1.1444118600997886,-1.5153544995739212,0.0216394
-6.9419085467051405,0.7243631632270375,-0.665911307152637,0.0251191
-6.772019908220884,-3.0131868834266142,0.5233091622371617,0.0135242
-6.772019908220884,-2.5035209679738433,-1.1755772226054084,0.0164392
-6.772019908220884,-0.2949686676785026,2.222195547079731,0.0202338
-6.772019908220884,0.5544745247427816,2.5619728240482456,0.0117759
-6.602131269736628,-0.6347459446470172,2.052306908595474,0.0250999
-6.602131269736628,1.9135836326168363,-0.32613403018412246,0.00529725
-6.602131269736628,2.083472271101094,-0.1562453916998665,0.00676462
-6.43224263125237,3.4425813789751487,1.7125296316269596,0.0336508
-6.262353992768113,-3.0131868834266142,0.6931978007214177,-0.0108
-6.262353992768113,1.5738063556483235,2.7318614625325015,0.0121443
-6.262353992768113,1.9135836326168363,2.7318614625325015,0.0162055
-6.262353992768113,2.4232495480696077,0.013643246784390328,0.00499223
-6.092465354283856,-2.5035209679738433,1.3727523546584468,-0.0100324
-6.092465354283856,-1.1444118600997886,1.8824182701112164,0.0231045
-6.092465354283856,-0.46485730616276033,-1.3454658610896644,0.0149384
-6.092465354283856,0.38458588625852475,2.7318614625325015,-7.08214e-05
-6.092465354283856,3.6124700174594064,1.202863716174189,0.0257051
-5.922576715799599,-3.0131868834266142,0.6931978007214177,-0.0203352
-5.922576715799599,-1.823966414036816,-1.6852431380581785,-0.00167515
-5.922576715799599,-1.4841891370683014,-1.6852431380581785,-0.00316109
-5.922576715799599,-0.804634583131274,-1.5153544995739212,0.00562788
-5.922576715799599,3.4425813789751487,2.5619728240482456,0.0321198
-5.752688077315342,2.932915463522379,0.18353188526864805,0.00409743
-5.752688077315342,3.4425813789751487,0.6931978007214177,0.0125061
-5.582799438831086,-2.8432982449423574,-2.1949090535109494,0.0285352
-5.582799438831086,-2.3336323294895864,-2.1949090535109494,0.0217122
-5.582799438831086,-2.3336323294895864,1.3727523546584468,-0.0143319
-5.582799438831086,-1.9938550525210723,1.5426409931427036,-0.00315297
-5.412910800346829,-3.0131868834266142,0.013643246784390328,-0.0193849
-5.412910800346829,-1.823966414036816,-2.1949090535109494,0.0154707
-5.412910800346829,1.7436949941325794,3.071638739501015,0.0038943
-5.412910800346829,2.253360909585351,3.071638739501015,0.0083573
-5.243022161862571,-1.6540777755525586,-2.3647976919952063,0.0172099
-5.243022161862571,1.5738063556483235,3.071638739501015,0.00114645
-5.073133523378314,-1.3143004985840445,-2.534686330479463,0.0208376
-5.073133523378314,-0.804634583131274,-1.8551317765424358,0.0199608
-5.073133523378314,-0.6347459446470172,2.222195547079731,0.00463983
-5.073133523378314,0.8942518017112953,2.9017501010167592,-0.00293714
-5.073133523378314,3.782358655943664,1.3727523546584468,0.0143929
-4.9032448848940575,-3.862630075847899,-1.1755772226054084,0.0234677
-4.9032448848940575,-2.1637436910053296,1.0329750776899322,-0.00849741
-4.9032448848940575,-0.46485730616276033,2.222195547079731,0.00459894
-4.9032448848940575,0.38458588625852475,2.5619728240482456,0.0001955
-4.9032448848940575,1.5738063556483235,-0.4960226686683802,-0.000641253
-4.9032448848940575,1.5738063556483235,3.071638739501015,-0.00334065
-4.733356246409802,-3.5228527988793847,-2.3647976919952063,0.027333
-4.733356246409802,-2.3336323294895864,0.8630864392056754,-0.0169707
-4.733356246409802,-1.823966414036816,1.3727523546584468,0.00553708
-4.733356246409802,-0.12508002919424666,2.222195547079731,0.00707731
-4.733356246409802,2.5931381865538654,2.9017501010167592,0.000531668
-4.563467607925544,-3.3529641603951283,-2.534686330479463,0.0274218
-4.393578969441287,3.4425813789751487,1.3727523546584468,-0.0101179
-4.393578969441287,3.4425813789751487,1.5426409931427036,-0.00785141
-4.22369033095703,-2.3336323294895864,1.202863716174189,-0.0226469
-4.22369033095703,-0.2949686676785026,2.222195547079731,0.00454826
-3.8839130539885156,-3.862630075847899,-1.0056885841211507,0.0124582
-3.7140244155042597,-0.12508002919424666,2.392084185563988,0.0013285
-3.544135777020003,-3.183075521910871,0.5233091622371617,-0.0316276
-3.544135777020003,-3.0131868834266142,0.8630864392056754,-0.0378192
-3.544135777020003,0.04480860929001018,-1.5153544995739212,0.0237675
-3.544135777020003,0.7243631632270375,-1.1755772226054084,0.0100306
-3.544135777020003,1.064140440195552,-1.0056885841211507,0.00265208
-3.374247138535745,-1.823966414036816,1.5426409931427036,-0.0133272
-3.2043585000514883,-2.6734096064581,1.202863716174189,-0.0391625
-3.2043585000514883,-0.804634583131274,2.052306908595474,0.00650133
-3.2043585000514883,0.04480860929001018,-1.5153544995739212,0.0275485
-3.2043585000514883,1.234029078679809,-1.0056885841211507,0.00542467
-3.0344698615672314,-0.9745232216155308,-3.044352245932234,0.0240309
-3.0344698615672314,-0.12508002919424666,2.392084185563988,0.00616339
-3.0344698615672314,1.064140440195552,-1.3454658610896644,0.0154893
-3.0344698615672314,1.5738063556483235,-1.5153544995739212,-0.0256546
-3.0344698615672314,1.7436949941325794,-1.6852431380581785,-0.0391742
-3.0344698615672314,1.7436949941325794,2.9017501010167592,-0.041347
-3.0344698615672314,1.9135836326168363,-0.665911307152637,-0.0310129
-2.8645812230829737,-2.1637436910053296,1.3727523546584468,-0.030093
-2.8645812230829737,0.8942518017112953,-1.8551317765424358,0.0146868
-2.6946925845987177,-1.823966414036816,1.3727523546584468,-0.0190772
-2.6946925845987177,-0.6347459446470172,2.052306908595474,0.0144148
-2.6946925845987177,0.5544745247427816,-2.1949090535109494,0.0168181
-2.6946925845987177,0.8942518017112953,2.5619728240482456,-0.0103189
-2.6946925845987177,3.102804102006635,1.0329750776899322,-0.0656443
-2.52480394611446,-3.0131868834266142,0.013643246784390328,-0.0206711
-2.52480394611446,-1.4841891370683014,-2.70457496896372,0.014919
-2.52480394611446,-0.804634583131274,-2.3647976919952063,0.0133828
-2.52480394611446,-0.6347459446470172,2.052306908595474,0.0165245
-2.52480394611446,-0.12508002919424666,-2.3647976919952063,0.0130203
-2.52480394611446,2.5931381865538654,-0.32613403018412246,-0.0639631
-2.52480394611446,2.7630268250381214,-2.3647976919952063,-0.0700956
-2.354915307630204,-3.692741437363642,-2.1949090535109494,0.0339195
-2.354915307630204,-3.692741437363642,-1.1755772226054084,0.0231638
-2.354915307630204,-3.183075521910871,-2.70457496896372,0.0324334
-2.354915307630204,-1.823966414036816,1.202863716174189,-0.0186005
-2.354915307630204,0.8942518017112953,-2.534686330479463,-0.00112795
-2.354915307630204,2.4232495480696077,0.3534205237529049,-0.044307
-2.354915307630204,3.272692740490891,-1.6852431380581785,-0.0711294
-2.185026669145948,-2.5035209679738433,-2.70457496896372,0.025371
-2.185026669145948,-1.4841891370683014,-2.1949090535109494,0.010683
-2.185026669145948,0.2146972477742679,2.392084185563988,0.0138158
-2.185026669145948,2.253360909585351,2.052306908595474,-0.0352755
-2.185026669145948,2.4232495480696077,-2.8744636074479772,-0.0666301
-2.185026669145948,2.4232495480696077,1.8824182701112164,-0.0399448
-2.185026669145948,2.5931381865538654,1.0329750776899322,-0.0432209
-2.0151380306616904,-3.5228527988793847,-1.8551317765424358,0.0323801
-2.0151380306616904,-3.5228527988793847,-1.5153544995739212,0.0286263
-2.0151380306616904,-3.183075521910871,-1.0056885841211507,0.0188843
-2.0151380306616904,-2.8432982449423574,-2.534686330479463,0.029808
-2.0151380306616904,0.04480860929001018,2.392084185563988,0.0149433
-2.0151380306616904,1.9135836326168363,-3.044352245932234,-0.056973
-1.8452493921774327,-1.9938550525210723,-1.8551317765424358,0.0146694
-1.8452493921774327,-1.9938550525210723,-0.665911307152637,-0.0109294
-1.8452493921774327,2.083472271101094,2.052306908595474,-0.00520654
-1.8452493921774327,2.7630268250381214,-2.8744636074479772,-0.0671683
-1.8452493921774327,2.7630268250381214,0.013643246784390328,-0.057403
-1.675360753693175,-1.6540777755525586,-0.32613403018412246,-0.0130947
-1.675360753693175,-1.1444118600997886,-2.025020415026692,0.0024607
-1.675360753693175,0.8942518017112953,-2.8744636074479772,-0.00328916
-1.675360753693175,2.4232495480696077,0.6931978007214177,-0.0136394
-1.505472115208919,2.5931381865538654,-3.044352245932234,-0.0641856
-1.335583476724663,3.4425813789751487,-2.1949090535109494,-0.0596615
-1.1656948382404053,-1.3143004985840445,-0.8357999456368939,0.0185196
-1.1656948382404053,-1.3143004985840445,1.8824182701112164,0.0276819
-1.1656948382404053,-0.46485730616276033,-2.70457496896372,0.00900848
-1.1656948382404053,2.4232495480696077,0.3534205237529049,-0.0141441
-0.9958061997561494,-0.6347459446470172,2.222195547079731,0.0215937
-0.9958061997561494,1.4039177171640667,2.392084185563988,0.0220858
-0.9958061997561494,2.4232495480696077,1.0329750776899322,0.0155553
-0.8259175612718916,-1.4841891370683014,1.3727523546584468,0.0229987
-0.8259175612718916,-0.12508002919424666,2.222195547079731,0.0150682
-0.8259175612718916,2.4232495480696077,-3.044352245932234,-0.0540796
-0.6560289227876339,-1.3143004985840445,0.18353188526864805,0.005386
-0.6560289227876339,3.4425813789751487,-0.8357999456368939,-0.0427888
-0.4861402843033762,-1.3143004985840445,-0.8357999456368939,0.00719716
-0.4861402843033762,2.083472271101094,0.6931978007214177,0.0239212
-0.31625164581912024,-1.4841891370683014,-0.8357999456368939,-0.0119442
-0.31625164581912024,1.234029078679809,-2.70457496896372,0.00547405
-0.31625164581912024,3.272692740490891,-0.8357999456368939,-0.0207944
-0.1463630073348643,-0.12508002919424666,1.5426409931427036,0.00818533
-0.1463630073348643,1.7436949941325794,0.8630864392056754,0.0293813
-0.1463630073348643,2.253360909585351,-2.70457496896372,-0.0299251
-0.1463630073348643,3.102804102006635,-0.665911307152637,-0.00247209
-0.1463630073348643,3.272692740490891,-1.5153544995739212,-0.00798663
-0.1463630073348643,3.272692740490891,-1.1755772226054084,-0.00412908
0.023525631149393433,-1.9938550525210723,0.18353188526864805,-0.0490909
0.023525631149393433,-0.2949686676785026,1.3727523546584468,-0.000603321
0.023525631149393433,-0.12508002919424666,1.3727523546584468,0.00227141
0.023525631149393433,2.083472271101094,0.3534205237529049,0.0185863
0.19341426963364938,-2.1637436910053296,-0.32613403018412246,-0.0524499
0.19341426963364938,-0.46485730616276033,-2.1949090535109494,0.0219987
0.19341426963364938,1.7436949941325794,0.6931978007214177,0.0212037
0.3633029081179071,0.04480860929001018,-2.3647976919952063,0.0302945
0.3633029081179071,3.272692740490891,-0.8357999456368939,0.0577401
0.5331915466021648,-2.3336323294895864,-0.1562453916998665,-0.0572192
0.5331915466021648,-0.46485730616276033,-2.1949090535109494,0.0137794
0.5331915466021648,2.932915463522379,-2.025020415026692,0.0586511
0.5331915466021648,3.102804102006635,-1.8551317765424358,0.0672995
0.7030801850864208,-2.3336323294895864,0.18353188526864805,-0.0574678
0.8729688235706785,-1.9938550525210723,-1.3454658610896644,-0.0435479
0.8729688235706785,-1.823966414036816,-1.5153544995739212,-0.0389019
0.8729688235706785,1.064140440195552,-2.534686330479463,0.0117797
1.0428574620549345,-2.1637436910053296,0.6931978007214177,-0.0510436
1.0428574620549345,-0.6347459446470172,1.5426409931427036,-0.0257238
1.2127461005391922,-1.3143004985840445,-1.8551317765424358,-0.0241907
1.2127461005391922,-0.804634583131274,-2.025020415026692,-0.00807475
1.2127461005391922,-0.46485730616276033,1.5426409931427036,-0.0207996
1.2127461005391922,2.932915463522379,0.18353188526864805,0.0257313
1.3826347390234481,-0.6347459446470172,-2.025020415026692,-0.00274806
1.3826347390234481,-0.6347459446470172,1.5426409931427036,-0.0216434
1.3826347390234481,-0.46485730616276033,1.5426409931427036,-0.0186149
1.3826347390234481,2.7630268250381214,-2.1949090535109494,0.0600039
1.552523377507704,-2.3336323294895864,-0.4960226686683802,-0.0428725
1.552523377507704,-0.6347459446470172,1.5426409931427036,-0.0185258
1.8923006544762195,-1.9938550525210723,0.6931978007214177,-0.0179035
1.8923006544762195,3.102804102006635,-0.4960226686683802,0.0568843
2.0621892929604773,-0.6347459446470172,-1.8551317765424358,-0.00012695
2.0621892929604773,0.8942518017112953,-2.3647976919952063,0.00533643
2.0621892929604773,2.932915463522379,-1.5153544995739212,0.0667395
2.232077931444733,-1.1444118600997886,1.5426409931427036,-0.0074111
2.232077931444733,1.064140440195552,-2.3647976919952063,0.00577809
2.232077931444733,2.932915463522379,-0.1562453916998665,0.0414954
2.401966569928991,1.064140440195552,1.3727523546584468,-0.000980962
2.571855208413247,3.102804102006635,-0.1562453916998665,0.0375007
2.741743846897503,-2.3336323294895864,-0.4960226686683802,0.00192179
2.741743846897503,-0.46485730616276033,1.8824182701112164,-0.0107735
2.741743846897503,2.4232495480696077,-1.8551317765424358,0.0366356
2.741743846897503,3.102804102006635,0.18353188526864805,0.0257592
3.0815211238660183,2.7630268250381214,0.8630864392056754,0.00515877
3.251409762350276,-1.3143004985840445,-1.5153544995739212,-0.00881702
3.251409762350276,-0.6347459446470172,2.052306908595474,-0.0107572
3.421298400834532,-1.6540777755525586,-1.3454658610896644,-0.00800471
3.421298400834532,-1.3143004985840445,2.052306908595474,-0.00457014
3.421298400834532,-0.46485730616276033,-1.6852431380581785,-0.00299901
3.421298400834532,0.04480860929001018,1.8824182701112164,-0.0109515
3.421298400834532,2.083472271101094,-2.1949090535109494,0.0135481
3.421298400834532,2.932915463522379,0.8630864392056754,0.00550991
3.591187039318788,-2.6734096064581,-0.4960226686683802,0.00994205
3.591187039318788,-2.3336323294895864,-0.8357999456368939,0.000714059
3.591187039318788,-1.6540777755525586,-1.3454658610896644,-0.00775408
3.591187039318788,0.38458588625852475,1.7125296316269596,-0.00763084
3.591187039318788,1.064140440195552,1.3727523546584468,-0.00245855
3.7610756778030456,-2.6734096064581,1.5426409931427036,0.0239659
3.9309643162873016,1.234029078679809,1.5426409931427036,-0.00892674
3.9309643162873016,3.95224729442792,-0.32613403018412246,0.0427916
4.100852954771561,-3.0131868834266142,0.5233091622371617,0.0255704
4.100852954771561,-2.5035209679738433,1.5426409931427036,0.0173578
4.100852954771561,-1.823966414036816,-1.1755772226054084,-0.00471901
4.100852954771561,0.04480860929001018,-1.5153544995739212,0.00320226
4.100852954771561,0.5544745247427816,-1.8551317765424358,-0.00333695
4.100852954771561,2.932915463522379,-2.025020415026692,0.0272399
4.100852954771561,3.782358655943664,0.013643246784390328,0.0344633
4.270741593255817,0.5544745247427816,1.8824182701112164,-0.0089628
4.270741593255817,1.5738063556483235,-2.1949090535109494,-0.000404393
4.270741593255817,1.9135836326168363,-2.1949090535109494,0.00444103
4.270741593255817,2.253360909585351,1.3727523546584468,-0.00891527
4.270741593255817,3.6124700174594064,0.18353188526864805,0.0288008
4.270741593255817,3.95224729442792,-0.8357999456368939,0.0478471
4.440630231740075,-1.3143004985840445,-1.3454658610896644,-0.00386364
4.440630231740075,3.102804102006635,-1.8551317765424358,0.0312894
4.610518870224331,-2.5035209679738433,1.0329750776899322,0.00747652
4.610518870224331,-0.46485730616276033,-1.5153544995739212,7.69149e-05
4.610518870224331,0.2146972477742679,-1.6852431380581785,-0.00214203
4.610518870224331,3.102804102006635,0.5233091622371617,0.0160345
4.610518870224331,3.4425813789751487,-1.5153544995739212,0.0403185
4.610518870224331,3.782358655943664,-0.8357999456368939,0.0453938
4.780407508708587,1.234029078679809,-2.025020415026692,-0.00455747
4.950296147192844,-1.9938550525210723,1.7125296316269596,-0.0206088
4.950296147192844,-1.3143004985840445,-1.1755772226054084,0.00745249
4.950296147192844,-0.46485730616276033,-1.5153544995739212,0.00505321
4.950296147192844,0.7243631632270375,1.8824182701112164,-0.00640874
4.950296147192844,2.4232495480696077,1.202863716174189,-0.000291151
5.1201847856771,-2.5035209679738433,0.8630864392056754,-0.0191105
5.1201847856771,-1.1444118600997886,2.222195547079731,-0.0252039
5.1201847856771,0.5544745247427816,1.8824182701112164,-0.00379627
5.1201847856771,0.7243631632270375,-1.8551317765424358,-0.00225448
5.1201847856771,1.9135836326168363,1.5426409931427036,-0.00480716
5.1201847856771,3.102804102006635,-1.0056885841211507,0.0354526
5.29007342416136,-0.804634583131274,-1.3454658610896644,0.0182199
5.29007342416136,-0.2949686676785026,-1.5153544995739212,0.0122725
5.29007342416136,2.253360909585351,-1.5153544995739212,0.0154266
5.29007342416136,2.7630268250381214,-1.0056885841211507,0.03112
5.459962062645616,-2.3336323294895864,-0.1562453916998665,-0.00955825
5.459962062645616,-1.3143004985840445,-1.0056885841211507,0.0262451
5.459962062645616,0.8942518017112953,1.7125296316269596,-0.00196982
5.629850701129872,-1.3143004985840445,2.392084185563988,-0.0383615
5.629850701129872,-0.12508002919424666,-1.5153544995739212,0.0218451
5.629850701129872,2.5931381865538654,-0.8357999456368939,0.0312569
5.799739339614128,-1.6540777755525586,-0.8357999456368939,0.0294135
5.799739339614128,-0.46485730616276033,-1.5153544995739212,0.035052
5.799739339614128,2.4232495480696077,1.0329750776899322,0.0151787
5.969627978098387,-1.823966414036816,2.222195547079731,-0.041466
6.139516616582643,0.8942518017112953,1.3727523546584468,0.00527665
6.139516616582643,1.234029078679809,1.3727523546584468,0.00497325
6.139516616582643,2.4232495480696077,-0.8357999456368939,0.0320921
6.479293893551159,-2.3336323294895864,-0.4960226686683802,0.0146373
6.479293893551159,-1.1444118600997886,-1.8551317765424358,0.0461468
6.479293893551159,0.7243631632270375,1.5426409931427036,-0.00945221
6.479293893551159,0.8942518017112953,-1.1755772226054084,0.0301939
6.479293893551159,2.5931381865538654,0.013643246784390328,0.0376545
6.8190711705196705,-1.823966414036816,1.8824182701112164,-0.0250827
6.8190711705196705,-0.9745232216155308,-2.025020415026692,0.04818
6.8190711705196705,2.253360909585351,-0.1562453916998665,0.0371074
6.988959809003926,-3.183075521910871,0.013643246784390328,-0.0262336
6.988959809003926,0.8942518017112953,1.8824182701112164,-0.025246
6.988959809003926,1.4039177171640667,1.3727523546584468,-0.0144882
7.158848447488186,-3.0131868834266142,1.202863716174189,-0.0343154
7.158848447488186,-1.3143004985840445,-1.8551317765424358,0.0450323
7.158848447488186,-0.46485730616276033,2.052306908595474,-0.0172255
7.158848447488186,0.7243631632270375,2.052306908595474,-0.0288595
7.328737085972442,-3.3529641603951283,0.5233091622371617,-0.0307515
7.328737085972442,-0.804634583131274,-2.025020415026692,0.0481272
7.498625724456698,-0.12508002919424666,2.222195547079731,-0.0288091
7.498625724456698,1.7436949941325794,0.6931978007214177,-0.0100666
7.668514362940957,1.7436949941325794,0.5233091622371617,-0.0117174
7.83840300142521,0.5544745247427816,2.222195547079731,-0.032604
7.83840300142521,1.5738063556483235,1.3727523546584468,-0.0207351
8.00829163990947,-3.3529641603951283,0.6931978007214177,-0.027778
8.00829163990947,-0.12508002919424666,2.222195547079731,-0.0323013
8.00829163990947,1.5738063556483235,0.013643246784390328,-0.0140639
8.178180278393725,-3.3529641603951283,0.18353188526864805,-0.0255595
8.178180278393725,-1.9938550525210723,-1.1755772226054084,-0.00189798
8.178180278393725,-1.6540777755525586,-1.1755772226054084,0.0121892
8.178180278393725,-1.1444118600997886,1.7125296316269596,-0.0169237
8.178180278393725,1.5738063556483235,1.202863716174189,-0.0204272
8.348068916877981,-2.6734096064581,1.5426409931427036,-0.0327812
8.51795755536224,-1.9938550525210723,1.7125296316269596,-0.033056
8.51795755536224,-0.12508002919424666,-0.665911307152637,0.0203458
8.687846193846497,1.234029078679809,0.013643246784390328,-0.0216722
8.687846193846497,1.4039177171640667,0.5233091622371617,-0.0224353
9.027623470815008,-2.3336323294895864,-0.4960226686683802,-0.0249094
9.027623470815008,-1.4841891370683014,1.202863716174189,-0.0315058
9.027623470815008,-0.12508002919424666,-0.1562453916998665,-0.0113337
9.027623470815008,0.8942518017112953,1.202863716174189,-0.0271422
9.027623470815008,1.064140440195552,0.6931978007214177,-0.0256851
9.197512109299268,-2.5035209679738433,0.3534205237529049,-0.0277485
