-9.566005187476181,1.6914493283571206,-2.12608479497666,0.0510194
-9.363479544670021,2.2990262567755986,-1.3159822237520231,0.0408031
-9.160953901863863,-0.5363327425106332,-0.10082836691506536,0.0399743
-9.160953901863863,0.4762954715201646,-2.12608479497666,0.034849
-9.160953901863863,0.8813467571324827,-0.5058796525273852,0.0368878
-9.160953901863863,2.5015518995817585,-1.5185078665581822,0.0393695
-8.958428259057703,0.6788211143263227,-2.531136080588979,0.0312879
-8.958428259057703,0.6788211143263227,-0.10082836691506536,0.0344023
-8.755902616251543,0.6788211143263227,0.5067485615034126,0.0261346
-8.553376973445385,0.4762954715201646,0.9117998471157307,0.0232877
-8.553376973445385,2.2990262567755986,-2.531136080588979,0.0412041
-8.553376973445385,2.7040775423879184,-1.923559152170501,0.036929
-8.350851330639223,-0.5363327425106332,-1.5185078665581822,0.0223952
-8.350851330639223,1.0838723999386426,-2.936187366201298,0.0234966
-8.350851330639223,1.4889236855509607,-2.936187366201298,0.029557
-8.148325687833065,-1.3464353137352711,0.7092742043095717,0.0312107
-8.148325687833065,-0.5363327425106332,-1.7210335093643412,0.0176234
-8.148325687833065,2.9066031851940783,-0.9109309381397033,0.0159573
-7.945800045026905,-1.5489609565414293,0.3042229186972527,0.0263149
-7.945800045026905,0.6788211143263227,-2.936187366201298,0.0134247
-7.743274402220746,3.1091288280002365,-2.936187366201298,0.0398412
-7.540748759414587,-1.5489609565414293,0.10169727589109279,0.0157393
-7.540748759414587,2.5015518995817585,-3.341238651813617,0.0347812
-7.338223116608427,0.4762954715201646,-2.936187366201298,0.00679367
-7.338223116608427,1.6914493283571206,0.7092742043095717,0.00653903
-7.338223116608427,3.7167057564187145,-1.923559152170501,0.0272891
-7.135697473802267,0.4762954715201646,-2.936187366201298,0.00612429
-7.135697473802267,0.8813467571324827,-3.138713009007457,0.0106784
-6.730646188189949,-0.5363327425106332,-1.923559152170501,0.00784596
-6.528120545383789,-0.13128145689831427,-2.12608479497666,0.0105968
-6.528120545383789,1.4889236855509607,0.9117998471157307,0.00171239
-6.32559490257763,-1.5489609565414293,-0.7084052953335442,-0.0249088
-6.32559490257763,-0.13128145689831427,1.7219024183403686,-0.0434356
-6.123069259771471,0.8813467571324827,1.5193767755342096,-0.0232466
-6.123069259771471,1.6914493283571206,0.7092742043095717,0.00716143
-6.123069259771471,2.2990262567755986,0.10169727589109279,0.0106154
-6.123069259771471,3.1091288280002365,-3.543764294619776,0.0303654
-5.920543616965311,-1.7514865993475892,0.10169727589109279,-0.0549763
-5.920543616965311,-0.9413840281229513,1.5193767755342096,-0.0639387
-5.920543616965311,1.4889236855509607,-3.341238651813617,0.00924785
-5.515492331352992,-1.1439096709291112,1.3168511327280497,-0.0726335
-5.312966688546833,-1.5489609565414293,-0.5058796525273852,-0.050694
-5.312966688546833,1.0838723999386426,1.3168511327280497,-0.0102845
-5.312966688546833,1.2863980427448025,-3.138713009007457,-0.0103052
-4.907915402934513,-1.5489609565414293,-0.3033540097212253,-0.060314
-4.907915402934513,0.6788211143263227,-2.7336617233951386,-0.0136055
-4.907915402934513,2.9066031851940783,-0.10082836691506536,-0.031637
-4.705389760128355,-2.764114813378387,0.9117998471157307,0.000819885
-4.705389760128355,-1.5489609565414293,1.1143254899218906,-0.0650096
-4.705389760128355,1.0838723999386426,-2.936187366201298,-0.0255263
-4.705389760128355,2.5015518995817585,-2.936187366201298,-0.0385304
-4.502864117322195,-2.156537884959908,1.1143254899218906,-0.0233094
-4.502864117322195,0.8813467571324827,-2.7336617233951386,-0.0242394
-4.300338474516035,-5.396948169858459,-1.3159822237520231,-0.0283299
-4.300338474516035,-4.384319955827662,0.10169727589109279,-0.0427809
-4.300338474516035,-0.7388583853167923,-1.3159822237520231,-0.00216941
-4.300338474516035,0.4762954715201646,1.5193767755342096,-0.00660182
-4.300338474516035,2.9066031851940783,-0.3033540097212253,-0.0544659
-4.097812831709876,-4.789371241439981,-1.7210335093643412,-0.0186287
-3.6927615460975574,-4.384319955827662,-1.923559152170501,-0.00249892
-3.6927615460975574,-3.169166098990705,-1.1134565809458632,-0.00100309
-3.6927615460975574,-2.561589170572227,-0.5058796525273852,-0.0116985
-3.6927615460975574,-1.3464353137352711,1.9244280611465285,-0.0250386
-3.6927615460975574,2.0965006139694387,-2.3286104377828196,-0.0639191
-3.6927615460975574,3.1091288280002365,-0.5058796525273852,-0.0685158
-3.4902359032913983,-2.966640456184546,-1.7210335093643412,0.0103387
-3.4902359032913983,-2.764114813378387,2.3294793467588466,0.00482615
-3.4902359032913983,-2.359063527766067,-0.9109309381397033,-0.00861646
-3.4902359032913983,1.0838723999386426,-1.923559152170501,-0.0210599
-3.4902359032913983,2.2990262567755986,-1.923559152170501,-0.0710887
-3.2877102604852384,-6.409576383889256,-1.3159822237520231,0.03137
-3.2877102604852384,-5.396948169858459,-2.3286104377828196,0.0662067
-3.2877102604852384,-4.789371241439981,1.3168511327280497,-0.00705878
-3.2877102604852384,-1.9540122421537491,-1.1134565809458632,-0.0111683
-3.2877102604852384,1.8939749711632805,-1.923559152170501,-0.0574588
-3.0851846176790794,-5.1944225270523,1.1143254899218906,-0.0300832
-3.0851846176790794,-3.574217384603024,-2.12608479497666,0.0210644
-2.8826589748729194,-6.409576383889256,-1.7210335093643412,0.0692374
-2.8826589748729194,-3.371691741796865,2.7345306323711664,0.00849158
-2.8826589748729194,0.4762954715201646,-1.7210335093643412,0.00317917
-2.8826589748729194,2.0965006139694387,1.5193767755342096,-0.0168683
-2.8826589748729194,3.3116544708063964,0.3042229186972527,-0.0361107
-2.6801333320667613,-3.574217384603024,-2.3286104377828196,0.0273778
-2.4776076892606014,-6.612102026695416,-0.7084052953335442,-0.00384081
-2.4776076892606014,-1.5489609565414293,2.5320049895650065,-0.0131362
-2.4776076892606014,0.07124418590784565,2.1269537039526867,0.00767165
-2.2750820464544415,-6.004525098276938,0.7092742043095717,-0.0474616
-2.2750820464544415,-1.5489609565414293,-1.1134565809458632,0.0124718
-2.2750820464544415,-0.5363327425106332,2.3294793467588466,0.0102261
-2.2750820464544415,0.2737698287140047,2.1269537039526867,0.00515677
-2.2750820464544415,0.8813467571324827,-1.7210335093643412,-0.00540055
-2.2750820464544415,2.2990262567755986,-1.7210335093643412,-0.0303935
-2.2750820464544415,3.3116544708063964,-0.9109309381397033,0.0110733
-2.0725564036482815,-1.1439096709291112,-1.1134565809458632,0.0132614
-2.0725564036482815,2.0965006139694387,-1.7210335093643412,-0.0208376
-2.0725564036482815,3.7167057564187145,-0.7084052953335442,0.0507549
-1.8700307608421234,-4.384319955827662,2.7345306323711664,0.0212469
-1.8700307608421234,-0.9413840281229513,-1.1134565809458632,0.0145241
-1.8700307608421234,0.6788211143263227,-1.5185078665581822,0.00806854
-1.8700307608421234,1.4889236855509607,1.9244280611465285,-0.0010546
-1.6675051180359635,-6.207050741083097,-0.3033540097212253,-0.02187
-1.6675051180359635,-4.99189688424614,1.5193767755342096,0.0103516
-1.6675051180359635,-3.979268670215343,-2.12608479497666,0.0315285
-1.6675051180359635,-2.561589170572227,-2.12608479497666,0.0183979
-1.6675051180359635,-1.7514865993475892,-0.9109309381397033,0.0201408
-1.6675051180359635,0.2737698287140047,2.3294793467588466,-0.00190167
-1.6675051180359635,2.7040775423879184,1.5193767755342096,0.000545323
-1.4649794752298035,-4.99189688424614,0.7092742043095717,0.000681929
-1.4649794752298035,-1.5489609565414293,2.7345306323711664,-0.031418
-1.4649794752298035,-0.5363327425106332,2.3294793467588466,0.0060078
-1.4649794752298035,0.8813467571324827,-1.5185078665581822,0.0125561
-1.4649794752298035,2.5015518995817585,1.7219024183403686,-0.0023157
-1.4649794752298035,3.1091288280002365,1.5193767755342096,0.00217174
-1.4649794752298035,3.9192313992248744,-1.1134565809458632,0.066005
-1.2624538324236454,-5.396948169858459,0.10169727589109279,-0.0100058
-1.2624538324236454,-4.99189688424614,-1.5185078665581822,0.0424654
-1.2624538324236454,-4.586845598633821,1.9244280611465285,0.0145132
-1.2624538324236454,-0.13128145689831427,-1.3159822237520231,0.0124772
-1.2624538324236454,0.4762954715201646,2.3294793467588466,-0.00544941
-1.2624538324236454,2.2990262567755986,2.5320049895650065,-0.0426534
-1.2624538324236454,2.7040775423879184,2.5320049895650065,-0.0428304
-1.2624538324236454,3.3116544708063964,-1.5185078665581822,0.0380973
-1.0599281896174855,-4.181794313021502,1.9244280611465285,0.00911991
-1.0599281896174855,-1.3464353137352711,2.5320049895650065,-0.0291608
-0.8574025468113255,-3.979268670215343,1.1143254899218906,0.00774803
-0.8574025468113255,-3.7767430274091836,1.3168511327280497,0.00438112
-0.8574025468113255,-2.359063527766067,-0.7084052953335442,0.00161832
-0.8574025468113255,-1.5489609565414293,-1.3159822237520231,0.00156583
-0.8574025468113255,-1.1439096709291112,2.3294793467588466,-0.0213319
-0.8574025468113255,2.9066031851940783,3.3421075607896444,-0.0596201
-0.8574025468113255,3.7167057564187145,2.1269537039526867,-0.0159036
-0.8574025468113255,4.7293339704495105,1.3168511327280497,-0.0361512
-0.8574025468113255,4.9318596132556705,0.3042229186972527,-0.0300558
-0.6548769040051656,-2.156537884959908,-1.1134565809458632,-0.00461971
-0.6548769040051656,1.0838723999386426,2.3294793467588466,-0.030219
-0.6548769040051656,2.9066031851940783,3.5446332035958026,-0.0606839
-0.6548769040051656,4.121757042031034,-0.9109309381397033,0.0421888
-0.6548769040051656,5.33691089886799,0.5067485615034126,-0.0486719
-0.6548769040051656,5.33691089886799,0.9117998471157307,-0.0524769
-0.4523512611990057,-2.359063527766067,-1.5185078665581822,-0.00802499
-0.4523512611990057,-0.3338070997044733,2.5320049895650065,-0.0153998
-0.24982561839284756,-4.586845598633821,0.3042229186972527,0.0100165
-0.24982561839284756,-2.764114813378387,-0.9109309381397033,-0.00494867
-0.24982561839284756,-1.1439096709291112,-2.531136080588979,0.0123099
-0.24982561839284756,0.2737698287140047,2.5320049895650065,-0.0225732
-0.04729997558668764,-3.169166098990705,-1.1134565809458632,-0.00308169
-0.04729997558668764,-1.9540122421537491,-2.7336617233951386,0.00421893
-0.04729997558668764,-1.3464353137352711,3.1395819179834845,-0.00866939
-0.04729997558668764,-0.7388583853167923,3.7471588464019625,0.00158205
-0.04729997558668764,-0.13128145689831427,-2.7336617233951386,0.0323103
-0.04729997558668764,0.07124418590784565,2.9370562751773246,-0.00504156
-0.04729997558668764,1.2863980427448025,3.3421075607896444,-0.0492363
-0.04729997558668764,3.9192313992248744,3.1395819179834845,-0.0561988
-0.04729997558668764,4.121757042031034,-0.9109309381397033,0.00215618
0.1552256672194705,-4.384319955827662,-0.5058796525273852,0.010434
0.1552256672194705,-4.384319955827662,-0.3033540097212253,0.00924859
0.1552256672194705,-3.371691741796865,-1.5185078665581822,-0.00734347
0.1552256672194705,-2.764114813378387,-2.7336617233951386,0.000494605
0.1552256672194705,1.6914493283571206,-1.5185078665581822,-0.00116675
0.1552256672194705,2.2990262567755986,-1.7210335093643412,0.00233469
0.1552256672194705,4.526808327643354,-0.9109309381397033,-0.0249833
0.1552256672194705,5.53943654167415,-0.3033540097212253,-0.0517195
0.35775131002563043,-3.979268670215343,0.3042229186972527,-0.0061494
0.35775131002563043,-3.7767430274091836,-1.3159822237520231,-0.0051703
0.35775131002563043,0.07124418590784565,3.9496844892081224,0.0048436
0.35775131002563043,2.2990262567755986,3.9496844892081224,-0.0540178
0.35775131002563043,4.7293339704495105,2.3294793467588466,-0.0495757
0.5602769528317904,-4.181794313021502,-0.7084052953335442,-0.00472818
0.5602769528317904,-4.181794313021502,0.3042229186972527,-0.00724169
0.5602769528317904,-3.574217384603024,-2.3286104377828196,-0.00316433
0.5602769528317904,0.6788211143263227,2.9370562751773246,-0.021326
0.7628025956379503,3.3116544708063964,3.7471588464019625,-0.0580599
0.9653282384441102,-1.7514865993475892,-3.948815580232095,0.0360702
0.9653282384441102,0.8813467571324827,-2.12608479497666,0.023607
0.9653282384441102,0.8813467571324827,2.9370562751773246,-0.0254688
0.9653282384441102,5.94448782728647,0.7092742043095717,-0.060116
1.1678538812502701,-4.586845598633821,-1.5185078665581822,0.0015902
1.1678538812502701,-2.561589170572227,4.75978706043276,0.0184776
1.1678538812502701,-1.5489609565414293,5.164838346045078,0.0210363
1.1678538812502701,2.0965006139694387,3.7471588464019625,-0.0463149
1.3703795240564265,-4.789371241439981,-0.3033540097212253,-0.000484109
1.3703795240564265,-2.156537884959908,5.164838346045078,0.0257353
1.3703795240564265,4.324282684837194,-0.9109309381397033,-0.028079
1.5729051668625864,-3.979268670215343,-2.7336617233951386,0.015431
1.5729051668625864,-2.966640456184546,4.152210132014282,0.00661808
1.5729051668625864,-2.561589170572227,4.9623127032389185,0.0244454
1.5729051668625864,-0.3338070997044733,4.5572614176266,0.015653
1.5729051668625864,1.0838723999386426,-2.3286104377828196,0.0131959
1.5729051668625864,3.7167057564187145,2.7345306323711664,-0.025728
1.5729051668625864,5.33691089886799,1.7219024183403686,-0.0601985
1.7754308096687463,-4.586845598633821,1.5193767755342096,0.00660636
1.7754308096687463,-3.371691741796865,-3.138713009007457,0.023883
1.7754308096687463,3.7167057564187145,-2.3286104377828196,0.0279863
1.7754308096687463,5.13438525606183,-0.3033540097212253,-0.0546146
1.7754308096687463,5.13438525606183,1.7219024183403686,-0.0563183
1.9779564524749063,-4.384319955827662,-2.7336617233951386,0.0248145
1.9779564524749063,-2.966640456184546,4.152210132014282,0.00882794
1.9779564524749063,1.4889236855509607,-2.7336617233951386,0.0231044
2.180482095281066,-3.169166098990705,3.5446332035958026,-0.0171262
2.383007738087226,-2.359063527766067,4.9623127032389185,0.0259502
2.383007738087226,1.0838723999386426,3.3421075607896444,0.028914
2.383007738087226,2.9066031851940783,-2.7336617233951386,0.031588
2.383007738087226,3.1091288280002365,2.1269537039526867,0.0173623
2.383007738087226,4.526808327643354,0.5067485615034126,-0.0425795
2.585533380893386,-4.99189688424614,-1.1134565809458632,0.025193
2.585533380893386,2.7040775423879184,2.7345306323711664,0.00789524
2.585533380893386,3.9192313992248744,0.7092742043095717,-0.0127749
2.788059023699544,-4.99189688424614,1.3168511327280497,0.0313855
2.788059023699544,-4.789371241439981,-0.7084052953335442,0.0257867
2.788059023699544,-4.586845598633821,1.7219024183403686,0.024182
2.788059023699544,2.7040775423879184,2.7345306323711664,0.00968965
2.788059023699544,3.5141801136125546,-2.12608479497666,0.0116871
2.9905846665057023,-4.99189688424614,0.10169727589109279,0.0289614
2.9905846665057023,-2.561589170572227,-2.936187366201298,0.0181297
2.9905846665057023,-1.3464353137352711,-0.3033540097212253,-0.0121975
2.9905846665057023,-1.3464353137352711,4.5572614176266,0.0179578
2.9905846665057023,-1.1439096709291112,-0.7084052953335442,-0.0141105
2.9905846665057023,-0.7388583853167923,-0.7084052953335442,-0.017439
2.9905846665057023,1.0838723999386426,-3.543764294619776,0.0338279
2.9905846665057023,2.2990262567755986,3.1395819179834845,0.0197271
2.9905846665057023,2.7040775423879184,-2.936187366201298,0.0286149
3.1931103093118622,-4.181794313021502,1.7219024183403686,0.0212858
3.1931103093118622,-3.371691741796865,1.7219024183403686,0.00374557
3.1931103093118622,-2.359063527766067,-2.7336617233951386,0.0112807
3.1931103093118622,-1.3464353137352711,0.3042229186972527,-0.0145191
3.1931103093118622,-0.9413840281229513,0.9117998471157307,-0.00790807
3.1931103093118622,-0.7388583853167923,-1.5185078665581822,-0.0124598
3.1931103093118622,-0.7388583853167923,4.152210132014282,0.0197695
3.1931103093118622,-0.5363327425106332,-1.7210335093643412,-0.0102752
3.1931103093118622,-0.3338070997044733,3.9496844892081224,0.023448
3.1931103093118622,1.2863980427448025,3.3421075607896444,0.0353617
3.1931103093118622,3.5141801136125546,0.9117998471157307,-0.0103145
3.1931103093118622,3.7167057564187145,-0.7084052953335442,-0.0110871
3.395635952118022,-3.979268670215343,-2.7336617233951386,0.0344658
3.395635952118022,-1.7514865993475892,2.1269537039526867,0.0151134
3.395635952118022,-1.5489609565414293,-0.10082836691506536,-0.0130464
3.395635952118022,-0.9413840281229513,-0.5058796525273852,-0.0113741
3.395635952118022,-0.9413840281229513,0.5067485615034126,-0.0120546
3.395635952118022,-0.3338070997044733,-2.12608479497666,0.00104529
3.395635952118022,-0.13128145689831427,-2.7336617233951386,0.0132195
3.395635952118022,3.3116544708063964,-2.12608479497666,0.00547213
3.598161594924182,-4.181794313021502,1.3168511327280497,0.0244684
3.598161594924182,-2.764114813378387,-2.3286104377828196,0.0105736
3.598161594924182,-1.1439096709291112,-0.10082836691506536,-0.0104058
3.598161594924182,-0.5363327425106332,-1.923559152170501,0.00266256
3.598161594924182,0.07124418590784565,2.7345306323711664,0.034893
3.598161594924182,0.8813467571324827,2.9370562751773246,0.0350136
3.598161594924182,2.7040775423879184,-3.138713009007457,0.0271651
3.598161594924182,3.3116544708063964,-0.3033540097212253,-0.00993929
3.598161594924182,3.5141801136125546,-1.3159822237520231,-0.00808275
3.800687237730342,-3.7767430274091836,-0.3033540097212253,0.00949561
3.800687237730342,-2.359063527766067,0.5067485615034126,-0.00975547
3.800687237730342,-1.9540122421537491,0.3042229186972527,-0.0109484
3.800687237730342,-1.5489609565414293,3.1395819179834845,0.0203273
3.800687237730342,-1.3464353137352711,-2.12608479497666,0.00731499
3.800687237730342,-1.1439096709291112,-2.7336617233951386,0.0168073
3.800687237730342,-1.1439096709291112,0.3042229186972527,-0.0075923
3.800687237730342,-0.9413840281229513,3.5446332035958026,0.0248191
3.800687237730342,-0.3338070997044733,3.1395819179834845,0.0334061
3.800687237730342,1.4889236855509607,2.9370562751773246,0.0277952
3.800687237730342,3.1091288280002365,0.9117998471157307,-0.00973651
3.800687237730342,3.1091288280002365,1.1143254899218906,-0.00916889
4.0032128805365,-3.169166098990705,-1.7210335093643412,0.0116993
4.0032128805365,-3.169166098990705,-0.3033540097212253,-0.00043316
4.0032128805365,-1.3464353137352711,-3.341238651813617,0.0253528
4.0032128805365,1.2863980427448025,-3.746289937425936,0.0357476
4.0032128805365,1.4889236855509607,-3.746289937425936,0.0381863
4.20573852334266,-1.7514865993475892,0.7092742043095717,0.000311655
4.20573852334266,1.2863980427448025,-3.746289937425936,0.0316521
4.20573852334266,1.4889236855509607,2.5320049895650065,0.0225267
4.40826416614882,-2.561589170572227,-2.12608479497666,0.0141239
4.40826416614882,-1.3464353137352711,1.1143254899218906,0.0137756
4.40826416614882,-0.9413840281229513,1.5193767755342096,0.0222467
4.40826416614882,1.8939749711632805,-3.543764294619776,0.0345308
4.40826416614882,2.7040775423879184,-0.10082836691506536,-0.00657579
4.610789808954978,1.4889236855509607,2.3294793467588466,0.0187494
4.610789808954978,1.8939749711632805,-3.543764294619776,0.0317054
4.610789808954978,1.8939749711632805,2.1269537039526867,0.00875374
4.610789808954978,2.7040775423879184,-0.3033540097212253,-0.00763893
4.813315451761138,-0.7388583853167923,1.9244280611465285,0.0360234
4.813315451761138,0.8813467571324827,2.5320049895650065,0.0310796
4.813315451761138,2.5015518995817585,1.1143254899218906,-0.00783009
5.015841094567298,-2.764114813378387,0.3042229186972527,0.00515836
5.015841094567298,-0.5363327425106332,2.1269537039526867,0.0404603
5.015841094567298,0.6788211143263227,2.5320049895650065,0.034754
5.015841094567298,2.5015518995817585,-1.7210335093643412,0.00505821
5.218366737373458,-1.3464353137352711,-3.948815580232095,0.0136025
5.218366737373458,-1.1439096709291112,-4.151341223038255,0.0138988
5.218366737373458,2.0965006139694387,1.3168511327280497,-0.000241191
5.218366737373458,2.2990262567755986,0.7092742043095717,-0.00518599
5.420892380179616,-0.7388583853167923,-4.353866865844414,0.0121101
5.420892380179616,2.0965006139694387,-1.923559152170501,0.0169227
5.420892380179616,2.2990262567755986,-2.7336617233951386,0.0242658
5.623418022985774,2.0965006139694387,-1.923559152170501,0.018131
5.623418022985774,2.2990262567755986,-1.5185078665581822,0.013998
5.825943665791936,-2.966640456184546,-1.7210335093643412,0.0105256
5.825943665791936,-2.359063527766067,1.1143254899218906,0.0196593
5.825943665791936,1.8939749711632805,0.7092742043095717,0.00441519
6.028469308598094,-1.9540122421537491,-2.531136080588979,0.0133176
6.028469308598094,1.2863980427448025,-4.353866865844414,0.0194026
6.028469308598094,2.2990262567755986,-2.936187366201298,0.0262081
6.028469308598094,2.7040775423879184,-0.5058796525273852,0.00979451
6.230994951404256,-1.3464353137352711,-3.948815580232095,0.0166204
6.230994951404256,0.8813467571324827,-4.353866865844414,0.0137456
6.230994951404256,1.0838723999386426,1.5193767755342096,0.0278238
6.230994951404256,1.4889236855509607,1.3168511327280497,0.0199663
6.230994951404256,2.9066031851940783,-0.9109309381397033,0.017702
6.433520594210414,-2.966640456184546,-1.7210335093643412,0.0201
6.433520594210414,-2.561589170572227,0.3042229186972527,0.00890981
6.433520594210414,-1.7514865993475892,-2.936187366201298,0.0191796
6.433520594210414,1.8939749711632805,-3.746289937425936,0.0250032
6.433520594210414,2.0965006139694387,-2.7336617233951386,0.0218837
6.433520594210414,2.9066031851940783,-0.5058796525273852,0.0151402
6.636046237016576,-0.9413840281229513,0.9117998471157307,0.0187733
6.636046237016576,2.0965006139694387,-2.3286104377828196,0.0191722
6.838571879822734,-2.764114813378387,-0.3033540097212253,0.0148643
6.838571879822734,-2.156537884959908,0.3042229186972527,0.00879148
7.041097522628895,-1.5489609565414293,-2.936187366201298,0.0277705
7.041097522628895,-1.5489609565414293,-2.3286104377828196,0.025807
7.041097522628895,1.2863980427448025,1.5193767755342096,0.0263794
7.24362316543505,-2.156537884959908,-1.923559152170501,0.029022
7.24362316543505,-1.9540122421537491,-0.10082836691506536,0.0123474
7.24362316543505,2.9066031851940783,-0.5058796525273852,0.0183336
7.446148808241208,-1.7514865993475892,-1.7210335093643412,0.0282213
7.446148808241208,-0.9413840281229513,-2.3286104377828196,0.0275583
7.446148808241208,0.2737698287140047,-3.543764294619776,0.0169153
7.446148808241208,2.0965006139694387,0.5067485615034126,0.0074269
7.446148808241208,2.9066031851940783,-0.9109309381397033,0.0218311
7.64867445104737,-1.1439096709291112,-1.1134565809458632,0.0220158
7.64867445104737,-0.7388583853167923,-2.7336617233951386,0.0291266
7.64867445104737,0.07124418590784565,-3.138713009007457,0.020702
7.851200093853528,0.6788211143263227,-2.3286104377828196,0.0143222
8.05372573665969,0.2737698287140047,0.7092742043095717,0.0116732
8.05372573665969,2.2990262567755986,-1.1134565809458632,0.0136249
8.256251379465848,0.07124418590784565,-2.12608479497666,0.0249473
8.256251379465848,1.8939749711632805,-1.1134565809458632,0.00888376
8.256251379465848,1.8939749711632805,-0.7084052953335442,0.00876796
