-4.2925399899973185,-0.18500193955330513,0.34365508755093543,-0.20223
-4.2925399899973185,0.21155076009371498,-0.3172660785274326,-0.202263
-4.1603557567816445,-0.7137388724160001,0.34365508755093543,-0.203452
-4.1603557567816445,-0.3171861727689791,-0.7138187781744536,-0.202158
-4.1603557567816445,0.21155076009371498,0.7402077871979555,-0.201985
-4.1603557567816445,0.7402876929564091,-0.18508184531175864,-0.203862
-4.028171523565971,-0.9781073388473471,-0.3172660785274326,-0.204489
-4.028171523565971,-0.845923105631674,-0.5816345449587796,-0.203565
-4.028171523565971,-0.05281770633763205,1.0045762536293035,-0.201199
-4.028171523565971,0.07936652687804191,1.0045762536293035,-0.201053
-4.028171523565971,0.8724719261720839,0.4758393207666094,-0.204213
-3.8959872903502974,-1.1102915720630206,-0.44945031174310657,-0.204965
-3.8959872903502974,-0.845923105631674,-0.8460030113901276,-0.202772
-3.8959872903502974,-0.3171861727689791,1.1367604868449774,-0.200711
-3.7638030571346235,-1.2424758052786946,0.4758393207666094,-0.205504
-3.7638030571346235,-0.44937040598465305,-1.2425557110371481,-0.199838
-3.63161882391895,0.21155076009371498,1.4011289532763245,-0.197932
-3.63161882391895,0.34373499330938895,-1.3747399442528216,-0.198311
-3.63161882391895,0.8724719261720839,-1.1103714778214742,-0.201199
-3.63161882391895,1.269024625819104,0.6080235539822825,-0.205221
-3.63161882391895,1.401208859034778,-0.05289761209608557,-0.207229
-3.63161882391895,1.401208859034778,0.0792866211195884,-0.207128
-3.4994345907032764,-0.05281770633763205,-1.5069241774684947,-0.196191
-3.4994345907032764,1.004656159387757,-1.1103714778214742,-0.201084
-3.367250357487603,-1.1102915720630206,1.1367604868449774,-0.200604
-3.367250357487603,0.34373499330938895,1.5333131864919984,-0.194812
-3.235066124271929,-1.6390285049257152,0.21147085433526147,-0.207614
-3.235066124271929,0.608103459740736,-1.5069241774684947,-0.194047
-3.235066124271929,1.004656159387757,1.2689447200606505,-0.197946
-3.235066124271929,1.269024625819104,1.0045762536293035,-0.20145
-3.1028818910562554,-1.6390285049257152,-0.44945031174310657,-0.206209
-3.1028818910562554,-1.1102915720630206,1.2689447200606505,-0.196857
-3.1028818910562554,-0.9781073388473471,-1.3747399442528216,-0.195111
-3.1028818910562554,0.07936652687804191,1.6654974197076715,-0.189386
-2.970697657840582,-1.5068442717100412,-0.8460030113901276,-0.201896
-2.970697657840582,1.533393092250452,-0.7138187781744536,-0.203279
-2.8385134246249084,-1.6390285049257152,0.6080235539822825,-0.203758
-2.8385134246249084,-0.44937040598465305,1.6654974197076715,-0.183476
-2.7063291914092344,-0.5815546392003261,-1.6391084106841687,-0.180233
-2.7063291914092344,1.004656159387757,1.4011289532763245,-0.186031
-2.7063291914092344,1.401208859034778,1.0045762536293035,-0.195416
-2.5741449581935614,-1.7712127381413887,-0.05289761209608557,-0.205533
-2.5741449581935614,-1.7712127381413887,0.0792866211195884,-0.205422
-2.5741449581935614,-1.2424758052786946,-1.2425557110371481,-0.187321
-2.5741449581935614,0.4759192265250629,1.6654974197076715,-0.17303
-2.441960724977888,-1.7712127381413887,-0.18508184531175864,-0.203762
-2.441960724977888,-0.5815546392003261,-1.6391084106841687,-0.168098
-2.309776491762214,-1.7712127381413887,-0.3172660785274326,-0.201228
-2.309776491762214,1.004656159387757,1.4011289532763245,-0.168976
-2.309776491762214,1.665577325466125,-0.5816345449587796,-0.196256
-2.1775922585465404,-1.7712127381413887,0.4758393207666094,-0.197888
-2.1775922585465404,-1.6390285049257152,0.7402077871979555,-0.191079
-2.1775922585465404,-0.44937040598465305,1.6654974197076715,-0.148301
-2.1775922585465404,1.004656159387757,1.4011289532763245,-0.161394
-2.0454080253308673,-1.6390285049257152,-0.8460030113901276,-0.187286
-2.0454080253308673,-0.44937040598465305,1.6654974197076715,-0.13792
-2.0454080253308673,1.929945791897473,-0.44945031174310657,-0.200906
-1.9132237921151933,-1.7712127381413887,-0.8460030113901276,-0.190985
-1.9132237921151933,-1.1102915720630206,-1.3747399442528216,-0.152421
-1.9132237921151933,1.797761558681798,0.8723920204136304,-0.191847
-1.9132237921151933,1.929945791897473,0.7402077871979555,-0.197557
-1.7810395588995194,-2.299949671004083,-0.3172660785274326,-0.206583
-1.7810395588995194,-2.1677654377884097,0.6080235539822825,-0.202933
-1.7810395588995194,-1.7712127381413887,1.0045762536293035,-0.188127
-1.7810395588995194,1.136840392603431,1.4011289532763245,-0.149282
-1.7810395588995194,1.665577325466125,-1.1103714778214742,-0.182584
-1.6488553256838463,1.004656159387757,-1.5069241774684947,-0.137396
-1.6488553256838463,1.269024625819104,1.4011289532763245,-0.156627
-1.6488553256838463,2.194314258328819,0.8723920204136304,-0.201088
-1.5166710924681723,-2.5643181374354302,-0.3172660785274326,-0.207636
-1.5166710924681723,-2.0355812045727357,-1.1103714778214742,-0.195323
-1.5166710924681723,-1.1102915720630206,-1.5069241774684947,-0.144165
-1.5166710924681723,-0.7137388724160001,-1.6391084106841687,-0.117663
-1.5166710924681723,1.136840392603431,-1.5069241774684947,-0.146208
-1.5166710924681723,2.062130025113146,1.1367604868449774,-0.195873
-1.3844868592524984,-0.7137388724160001,1.6654974197076715,-0.116566
-1.3844868592524984,1.269024625819104,1.5333131864919984,-0.15794
-1.2523026260368253,-2.299949671004083,-1.1103714778214742,-0.200269
-1.2523026260368253,1.929945791897473,1.4011289532763245,-0.191009
-1.1201183928211513,-2.8286866038667777,-0.05289761209608557,-0.207472
-1.1201183928211513,-1.7712127381413887,-1.5069241774684947,-0.186113
-1.1201183928211513,1.004656159387757,1.6654974197076715,-0.143824
-1.1201183928211513,2.855235424407187,-0.05289761209608557,-0.207541
-1.1201183928211513,2.855235424407187,0.0792866211195884,-0.207482
-0.9879341596054783,-1.9033969713570622,-1.5069241774684947,-0.190829
-0.9879341596054783,1.929945791897473,-1.5069241774684947,-0.191402
-0.9879341596054783,2.326498491544493,1.2689447200606505,-0.199705
-0.8557499263898043,-2.1677654377884097,1.4011289532763245,-0.197029
-0.7235656931741303,2.855235424407187,-0.5816345449587796,-0.204918
-0.5913814599584573,-2.4321339042197567,-1.2425557110371481,-0.201145
-0.5913814599584573,-2.0355812045727357,1.5333131864919984,-0.195252
-0.5913814599584573,1.797761558681798,-1.6391084106841687,-0.190755
-0.5913814599584573,2.062130025113146,1.5333131864919984,-0.196157
-0.4591972267427842,-0.18500193955330513,1.6654974197076715,-0.121093
-0.4591972267427842,0.21155076009371498,1.6654974197076715,-0.121885
-0.32701299352710933,-2.4321339042197567,-1.2425557110371481,-0.201055
-0.32701299352710933,-2.0355812045727357,1.5333131864919984,-0.196817
-0.32701299352710933,-0.5815546392003261,1.6654974197076715,-0.148675
-0.32701299352710933,1.797761558681798,-1.6391084106841687,-0.193147
-0.32701299352710933,2.062130025113146,1.5333131864919984,-0.197206
-0.32701299352710933,2.855235424407187,-0.5816345449587796,-0.203381
-0.19482876031143626,-0.7137388724160001,1.6654974197076715,-0.162736
-0.19482876031143626,-0.5815546392003261,-1.6391084106841687,-0.156165
-0.19482876031143626,0.7402876929564091,1.6654974197076715,-0.164056
-0.19482876031143626,2.062130025113146,-1.5069241774684947,-0.197625
-0.06264452709576229,-2.8286866038667777,0.4758393207666094,-0.202251
-0.06264452709576229,-0.7137388724160001,-1.6391084106841687,-0.168926
-0.06264452709576229,-0.05281770633763205,-1.5069241774684947,-0.143142
-0.06264452709576229,2.194314258328819,1.4011289532763245,-0.199398
-0.06264452709576229,2.59086695797584,1.0045762536293035,-0.201441
0.20172393933558475,-0.05281770633763205,1.4011289532763245,-0.159494
0.20172393933558475,0.07936652687804191,1.4011289532763245,-0.159584
0.3339081725512587,-2.5643181374354302,0.7402077871979555,-0.200064
0.3339081725512587,-2.299949671004083,-1.1103714778214742,-0.200025
0.3339081725512587,-1.9033969713570622,1.4011289532763245,-0.198896
0.3339081725512587,-1.6390285049257152,-1.5069241774684947,-0.197541
0.3339081725512587,-1.5068442717100412,1.5333131864919984,-0.196634
0.3339081725512587,-0.05281770633763205,1.4011289532763245,-0.166005
0.3339081725512587,0.07936652687804191,1.4011289532763245,-0.166052
0.3339081725512587,0.7402876929564091,-1.5069241774684947,-0.18254
0.3339081725512587,0.8724719261720839,1.5333131864919984,-0.186469
0.3339081725512587,1.929945791897473,-1.3747399442528216,-0.199186
0.4660924057669318,-1.2424758052786946,-1.5069241774684947,-0.194905
0.4660924057669318,-0.5815546392003261,-1.5069241774684947,-0.18053
0.4660924057669318,0.34373499330938895,-1.5069241774684947,-0.173711
0.4660924057669318,2.59086695797584,0.4758393207666094,-0.199244
0.5982766389826049,-2.5643181374354302,-0.18508184531175864,-0.197736
0.5982766389826049,-2.1677654377884097,1.0045762536293035,-0.198796
0.5982766389826049,-0.18500193955330513,-1.7712926438998422,-0.172508
0.5982766389826049,0.21155076009371498,-1.7712926438998422,-0.172348
0.5982766389826049,0.7402876929564091,1.5333131864919984,-0.183246
0.7304608721982797,-2.1677654377884097,-0.8460030113901276,-0.197203
0.7304608721982797,-1.6390285049257152,-1.2425557110371481,-0.196976
0.7304608721982797,-0.44937040598465305,-1.9034768771155157,-0.173437
0.7304608721982797,0.608103459740736,1.7976816529233446,-0.176063
0.8626451054139528,-2.1677654377884097,0.6080235539822825,-0.194747
0.8626451054139528,-1.6390285049257152,-1.1103714778214742,-0.194663
0.8626451054139528,-0.7137388724160001,1.9298658861390194,-0.174091
0.8626451054139528,0.21155076009371498,-2.167845343546863,-0.168135
0.8626451054139528,1.797761558681798,-0.9781872446058006,-0.195021
0.8626451054139528,2.062130025113146,0.7402077871979555,-0.194991
0.9948293386296259,-2.1677654377884097,-0.05289761209608557,-0.190457
0.9948293386296259,-2.1677654377884097,0.0792866211195884,-0.190418
0.9948293386296259,-1.9033969713570622,-0.7138187781744536,-0.190739
0.9948293386296259,-1.7712127381413887,-0.8460030113901276,-0.190548
0.9948293386296259,0.608103459740736,-2.167845343546863,-0.168119
0.9948293386296259,1.004656159387757,1.7976816529233446,-0.17545
1.1270135718452998,-1.9033969713570622,0.34365508755093543,-0.183431
1.1270135718452998,-1.3746600384943681,1.2689447200606505,-0.17915
1.1270135718452998,-0.5815546392003261,-2.3000295767625367,-0.165016
1.1270135718452998,-0.05281770633763205,-2.4322138099782102,-0.162521
1.1270135718452998,0.07936652687804191,-2.4322138099782102,-0.16248
1.1270135718452998,1.136840392603431,1.7976816529233446,-0.17282
1.1270135718452998,1.269024625819104,1.5333131864919984,-0.176075
1.1270135718452998,1.533393092250452,0.8723920204136304,-0.179873
1.1270135718452998,1.797761558681798,0.4758393207666094,-0.182234
1.1270135718452998,1.929945791897473,-0.05289761209608557,-0.182943
1.1270135718452998,1.929945791897473,0.0792866211195884,-0.182938
1.259197805060973,-1.6390285049257152,0.4758393207666094,-0.168939
1.259197805060973,-1.2424758052786946,1.7976816529233446,-0.170108
1.259197805060973,1.533393092250452,-0.7138187781744536,-0.167864
1.3913820382766469,-1.5068442717100412,1.1367604868449774,-0.165816
1.3913820382766469,0.608103459740736,2.4586028190017126,-0.159632
1.3913820382766469,1.269024625819104,-1.9034768771155157,-0.165365
1.3913820382766469,1.533393092250452,-0.44945031174310657,-0.150195
1.3913820382766469,1.533393092250452,0.34365508755093543,-0.147739
1.5235662714923208,-1.2424758052786946,-2.0356611103311892,-0.16181
1.5235662714923208,0.7402876929564091,2.4586028190017126,-0.157891
1.5235662714923208,1.136840392603431,-2.167845343546863,-0.160582
1.5235662714923208,1.533393092250452,-0.5816345449587796,-0.142472
1.5235662714923208,1.533393092250452,1.2689447200606505,-0.160749
1.655750504707994,1.533393092250452,-0.3172660785274326,-0.122297
1.655750504707994,1.533393092250452,0.34365508755093543,-0.123092
1.7879347379236679,1.401208859034778,1.9298658861390194,-0.156325
1.920118971139341,-1.6390285049257152,-1.1103714778214742,-0.143306
1.920118971139341,-1.6390285049257152,1.2689447200606505,-0.147442
1.920118971139341,-1.5068442717100412,-1.7712926438998422,-0.1531
1.920118971139341,-1.1102915720630206,2.3264185857860396,-0.153056
1.920118971139341,-0.18500193955330513,2.7229712854330606,-0.149909
1.920118971139341,1.269024625819104,-2.167845343546863,-0.153385
2.316671670786362,-1.6390285049257152,-1.1103714778214742,-0.132336
2.316671670786362,-1.5068442717100412,1.7976816529233446,-0.145334
2.316671670786362,-0.9781073388473471,-2.4322138099782102,-0.146661
2.316671670786362,-0.18500193955330513,2.7229712854330606,-0.145105
2.448855904002037,-1.2424758052786946,-2.167845343546863,-0.144886
2.448855904002037,-1.1102915720630206,-2.3000295767625367,-0.145086
2.448855904002037,1.533393092250452,1.6654974197076715,-0.141346
2.58104013721771,-1.5068442717100412,-1.6391084106841687,-0.138768
2.58104013721771,-1.5068442717100412,-0.44945031174310657,-0.0946847
2.58104013721771,-1.5068442717100412,1.6654974197076715,-0.139345
2.58104013721771,-0.845923105631674,2.4586028190017126,-0.143302
2.58104013721771,1.533393092250452,-0.5816345449587796,-0.103083
2.58104013721771,1.533393092250452,0.6080235539822825,-0.104222
2.713224370433383,-1.5068442717100412,-0.7138187781744536,-0.107455
2.713224370433383,-1.2424758052786946,2.0620501193546925,-0.140911
2.713224370433383,1.004656159387757,-2.3000295767625367,-0.141616
2.713224370433383,1.533393092250452,-1.3747399442528216,-0.132087
2.713224370433383,1.533393092250452,-0.8460030113901276,-0.114636
2.845408603649056,-1.3746600384943681,-0.3172660785274326,-0.0832473
2.845408603649056,-0.05281770633763205,2.5907870522173866,-0.139862
2.845408603649056,0.8724719261720839,2.3264185857860396,-0.140123
2.845408603649056,1.401208859034778,-0.44945031174310657,-0.0911874
2.845408603649056,1.401208859034778,0.4758393207666094,-0.0923268
2.977592836864729,-1.3746600384943681,-0.7138187781744536,-0.103624
2.977592836864729,-1.3746600384943681,1.5333131864919984,-0.131492
2.977592836864729,-0.44937040598465305,2.4586028190017126,-0.138759
2.977592836864729,0.7402876929564091,2.3264185857860396,-0.138736
2.977592836864729,1.269024625819104,-0.05289761209608557,-0.0736737
2.977592836864729,1.269024625819104,0.0792866211195884,-0.073916
2.977592836864729,1.401208859034778,-0.8460030113901276,-0.110705
2.977592836864729,1.401208859034778,0.8723920204136304,-0.111716
3.109777070080404,-0.9781073388473471,-2.0356611103311892,-0.135863
3.241961303296079,-0.3171861727689791,-2.3000295767625367,-0.135892
3.241961303296079,-0.18500193955330513,2.3264185857860396,-0.136085
3.374145536511752,-0.3171861727689791,-2.167845343546863,-0.134095
3.374145536511752,0.21155076009371498,2.1942343525703656,-0.134334
3.374145536511752,0.608103459740736,-2.0356611103311892,-0.133351
3.374145536511752,0.8724719261720839,0.0792866211195884,-0.0706099
3.374145536511752,0.8724719261720839,1.7976816529233446,-0.130966
3.506329769727425,-0.845923105631674,-1.5069241774684947,-0.124973
3.506329769727425,-0.845923105631674,1.5333131864919984,-0.125734
3.506329769727425,0.7402876929564091,-0.44945031174310657,-0.0845874
3.638514002943098,-0.5815546392003261,-1.5069241774684947,-0.12383
3.638514002943098,-0.5815546392003261,1.5333131864919984,-0.124535
3.638514002943098,-0.44937040598465305,1.6654974197076715,-0.12685
3.638514002943098,-0.3171861727689791,0.34365508755093543,-0.0782468
3.638514002943098,-0.18500193955330513,0.21147085433526147,-0.0721796
3.638514002943098,-0.05281770633763205,-0.05289761209608557,-0.0683808
3.638514002943098,-0.05281770633763205,0.0792866211195884,-0.0686753
3.638514002943098,0.07936652687804191,-0.05289761209608557,-0.0685078
3.638514002943098,0.07936652687804191,0.0792866211195884,-0.0687966
3.638514002943098,0.21155076009371498,0.21147085433526147,-0.0724923
3.638514002943098,0.21155076009371498,1.7976816529233446,-0.128563
3.638514002943098,0.4759192265250629,-1.6391084106841687,-0.126282
3.770698236158771,-0.18500193955330513,-0.9781872446058006,-0.108386
3.770698236158771,-0.05281770633763205,-1.3747399442528216,-0.120092
3.770698236158771,-0.05281770633763205,0.8723920204136304,-0.104558
3.770698236158771,-0.05281770633763205,1.4011289532763245,-0.12086
3.770698236158771,0.07936652687804191,-1.3747399442528216,-0.120089
3.770698236158771,0.07936652687804191,0.8723920204136304,-0.104553
3.770698236158771,0.07936652687804191,1.4011289532763245,-0.120821
3.770698236158771,0.21155076009371498,-1.2425557110371481,-0.116881
3.770698236158771,0.21155076009371498,1.0045762536293035,-0.10967
3.770698236158771,0.21155076009371498,1.2689447200606505,-0.117765
