-6.9005173638263315,-0.9079717791908894,0.42093189363340233,0.0363174
-6.732353843041133,-0.9079717791908894,-0.2517221895073938,0.0299434
-6.732353843041133,-0.7398082584056906,-0.2517221895073938,0.0308942
-6.732353843041133,-0.23531769605009423,1.429913018344596,0.0473595
-6.564190322255934,-1.4124623415464868,-0.924376272648189,0.0333345
-6.564190322255934,-0.7398082584056906,-0.924376272648189,0.0316135
-6.564190322255934,-0.5716447376204918,-0.7562127518629902,0.0314296
-6.564190322255934,-0.40348121683529303,-0.5880492310777914,0.0319817
-6.227863280685536,0.4373363870907019,-0.4198857102925926,0.030076
-6.059699759900337,0.6054999078759007,-0.5880492310777914,0.0279578
-6.059699759900337,0.6054999078759007,1.2617494975593964,0.0311372
-5.891536239115139,-1.9169529039020832,0.9254224559889987,0.0357122
-5.723372718329939,0.6054999078759007,-1.0925397934333883,0.0256971
-5.55520919754474,-1.0761352999760883,1.9344035807001925,0.0539327
-5.55520919754474,0.2691728663055022,1.7662400599149928,0.0330852
-5.387045676759541,-2.4214434662576796,-0.5880492310777914,0.0298465
-5.387045676759541,-1.0761352999760883,1.9344035807001925,0.0563243
-5.387045676759541,0.7736634286610995,-1.260703314218587,0.0238944
-5.218882155974342,-2.4214434662576796,-0.4198857102925926,0.02629
-5.218882155974342,-0.23531769605009423,-1.7651938765741835,0.0280662
-5.218882155974342,1.278153991016696,-0.924376272648189,0.0225168
-5.050718635189144,-2.4214434662576796,-0.4198857102925926,0.0241628
-5.050718635189144,-2.253279945472481,-1.260703314218587,0.037706
-4.882555114403944,-1.244298820761288,-1.9333573973593827,0.0409993
-4.882555114403944,0.7736634286610995,-1.4288668350037859,0.0208219
-4.714391593618746,-2.7577705078280776,0.9254224559889987,0.0166852
-4.714391593618746,-2.589606987042879,-0.08355866872219408,0.00917591
-4.714391593618746,-0.23531769605009423,1.9344035807001925,0.0311703
-4.714391593618746,0.2691728663055022,1.598076539129794,0.0206181
-4.5462280728335465,-1.4124623415464868,-1.7651938765741835,0.0425706
-4.378064552048348,-2.9259340286132764,0.9254224559889987,0.0109427
-4.378064552048348,-1.7487893831168844,2.6070576638409877,0.0831311
-4.378064552048348,-0.23531769605009423,-1.9333573973593827,0.0428081
-4.378064552048348,-0.06715417526489453,1.9344035807001925,0.0171999
-4.209901031263149,-2.253279945472481,-0.7562127518629902,0.0232092
-4.04173751047795,-0.23531769605009423,-2.4378479597149796,0.0466877
-4.04173751047795,1.6144810325870944,-1.260703314218587,-0.0426668
-4.04173751047795,1.7826445533722923,-1.0925397934333883,-0.0460449
-3.8735739896927512,-0.23531769605009423,-2.6060114805001784,0.0449329
-3.8735739896927512,0.7736634286610995,0.7572589352037999,0.00197646
-3.8735739896927512,1.950808074157492,-0.2517221895073938,-0.0487442
-3.7054104689075524,0.6054999078759007,0.9254224559889987,-0.0027944
-3.7054104689075524,0.7736634286610995,0.5890954144186011,-0.000409861
-3.7054104689075524,2.1189715949426917,-1.7651938765741835,-0.0582015
-3.7054104689075524,2.2871351157278896,-1.5970303557889851,-0.0586691
-3.7054104689075524,2.4552986365130893,-1.260703314218587,-0.0584423
-3.5372469481223527,-2.589606987042879,2.1025671014853913,0.0502386
-3.5372469481223527,-1.9169529039020832,2.6070576638409877,0.0663085
-3.5372469481223527,0.2691728663055022,-2.6060114805001784,0.0312904
-3.5372469481223527,0.6054999078759007,0.7572589352037999,-0.00287801
-3.5372469481223527,0.7736634286610995,0.42093189363340233,-0.00353956
-3.5372469481223527,0.9418269494462983,-2.1015209181445815,-0.0175569
-3.369083427337155,0.4373363870907019,1.2617494975593964,-0.010307
-3.369083427337155,2.791625678083485,-0.4198857102925926,-0.0624807
-3.200919906551956,-2.9259340286132764,1.2617494975593964,-0.00136973
-3.200919906551956,-2.253279945472481,-1.0925397934333883,0.043729
-3.200919906551956,-1.9169529039020832,-1.7651938765741835,0.045824
-3.200919906551956,0.10100934552030338,1.7662400599149928,-0.00980098
-3.0327563857667563,-1.5806258623316847,-2.4378479597149796,0.0391328
-2.8645928649815575,-2.9259340286132764,1.7662400599149928,-0.0199231
-2.8645928649815575,-2.589606987042879,2.1025671014853913,-0.00965179
-2.8645928649815575,-1.0761352999760883,2.27073062227059,0.0117316
-2.8645928649815575,3.1279527196538846,-1.260703314218587,-0.0606879
-2.6964293441963587,-2.253279945472481,-1.5970303557889851,0.0431836
-2.6964293441963587,-1.244298820761288,-2.774175001285377,0.0350409
-2.6964293441963587,1.7826445533722923,-2.6060114805001784,-0.0503983
-2.6964293441963587,2.959789198868685,0.08460485206300383,-0.0697739
-2.52826582341116,-3.4304245909688733,0.5890954144186011,-0.026912
-2.52826582341116,-3.0940975493984757,-0.2517221895073938,-0.00167548
-2.52826582341116,1.950808074157492,-2.6060114805001784,-0.0516093
-2.52826582341116,2.959789198868685,-1.9333573973593827,-0.0572827
-2.360102302625961,-3.262261070183674,-0.08355866872219408,-0.0123436
-2.360102302625961,-0.7398082584056906,2.1025671014853913,-0.0145519
-2.360102302625961,0.9418269494462983,0.7572589352037999,-0.00947689
-2.1919387818407623,0.4373363870907019,0.9254224559889987,0.00772113
-2.1919387818407623,1.7826445533722923,0.7572589352037999,-0.0433655
-2.0237752610555626,1.6144810325870944,-2.6060114805001784,-0.0365791
-2.0237752610555626,1.7826445533722923,-2.6060114805001784,-0.0404531
-2.0237752610555626,3.2961162404390842,-0.4198857102925926,-0.0656254
-1.8556117402703647,-0.06715417526489453,1.429913018344596,-0.00354985
-1.8556117402703647,0.9418269494462983,0.9254224559889987,-0.00441462
-1.6874482194851659,3.2961162404390842,-0.2517221895073938,-0.0562322
-1.5192846986999662,-3.598588111754072,1.598076539129794,-0.0289796
-1.5192846986999662,-1.7487893831168844,-2.774175001285377,0.0448109
-1.5192846986999662,1.278153991016696,-2.4378479597149796,-0.0116266
-1.5192846986999662,1.4463175118018956,-2.4378479597149796,-0.017778
-1.5192846986999662,1.6144810325870944,-2.4378479597149796,-0.0228343
-1.5192846986999662,3.8006068027946798,-1.4288668350037859,-0.0126907
-1.5192846986999662,3.8006068027946798,-1.0925397934333883,-0.0221334
-1.3511211779147674,-3.766751632539271,0.5890954144186011,-0.0107977
-1.3511211779147674,0.7736634286610995,-2.4378479597149796,0.00910116
-1.3511211779147674,1.6144810325870944,0.9254224559889987,-0.0123466
-1.1829576571295686,-3.0940975493984757,-0.5880492310777914,0.00129772
-1.1829576571295686,-0.06715417526489453,-2.4378479597149796,0.0301454
-1.1829576571295686,1.950808074157492,-2.2696844389297803,-0.0125134
-1.1829576571295686,3.464279761224282,0.42093189363340233,-0.0369639
-1.1829576571295686,3.9687703235798777,0.08460485206300383,-0.0319039
-1.0147941363443698,-4.439405715680067,0.9254224559889987,0.0157773
-0.846630615559171,-4.607569236465266,1.429913018344596,0.0250882
-0.846630615559171,-2.085116424687282,-2.1015209181445815,0.0413332
-0.846630615559171,-1.244298820761288,-2.6060114805001784,0.0418449
-0.846630615559171,-0.06715417526489453,1.429913018344596,0.00171484
-0.846630615559171,1.6144810325870944,-2.1015209181445815,0.0022754
-0.846630615559171,3.8006068027946798,-2.4378479597149796,0.01551
-0.846630615559171,3.9687703235798777,0.5890954144186011,-0.0306924
-0.6784670947739722,-0.5716447376204918,-2.2696844389297803,0.0328324
-0.6784670947739722,1.4463175118018956,1.598076539129794,-0.00906379
-0.6784670947739722,1.7826445533722923,-2.1015209181445815,0.00646659
-0.6784670947739722,3.63244328200948,-2.6060114805001784,0.0161926
-0.6784670947739722,3.9687703235798777,0.7572589352037999,-0.0290822
-0.6784670947739722,5.145914969076272,-0.2517221895073938,-0.0117392
-0.5103035739887725,-3.93491515332447,-0.4198857102925926,-0.00376719
-0.5103035739887725,-0.23531769605009423,-2.1015209181445815,0.0234829
-0.5103035739887725,2.1189715949426917,-2.4378479597149796,0.00859268
-0.34214005320357366,-4.9438962780356634,1.0935859767741976,0.0276061
-0.34214005320357366,-4.775732757250465,1.7662400599149928,0.030769
-0.34214005320357366,1.278153991016696,1.9344035807001925,-0.00580423
-0.17397653241837574,-3.766751632539271,2.438894143055789,0.00937206
-0.17397653241837574,-3.262261070183674,2.438894143055789,-0.00293197
-0.17397653241837574,-1.9169529039020832,-1.5970303557889851,0.0113907
-0.17397653241837574,-1.244298820761288,-1.9333573973593827,0.0179536
-0.17397653241837574,0.10100934552030338,1.598076539129794,0.00470104
-0.17397653241837574,2.1189715949426917,-2.4378479597149796,0.00651532
-0.17397653241837574,4.641424406720675,-1.9333573973593827,0.0156011
-0.17397653241837574,5.31407848986147,0.5890954144186011,-0.0156544
-0.005813011633176046,-4.271242194894867,-0.4198857102925926,-0.0041259
-0.005813011633176046,-4.103078674109669,-0.5880492310777914,-0.00650131
-0.005813011633176046,-3.598588111754072,-0.924376272648189,-0.00899204
-0.005813011633176046,0.6054999078759007,1.9344035807001925,0.00613949
-0.005813011633176046,0.7736634286610995,2.1025671014853913,0.00379996
-0.005813011633176046,1.950808074157492,-2.2696844389297803,0.00474176
-0.005813011633176046,5.818569052217067,-0.08355866872219408,0.000409183
0.16235050915202365,-3.93491515332447,2.438894143055789,0.0119028
0.16235050915202365,-3.262261070183674,-1.0925397934333883,-0.00888632
0.16235050915202365,-2.589606987042879,2.438894143055789,-0.0119581
0.16235050915202365,1.6144810325870944,2.6070576638409877,-0.00647471
0.16235050915202365,1.7826445533722923,-2.1015209181445815,0.00402986
0.16235050915202365,2.1189715949426917,2.6070576638409877,-0.0130426
0.16235050915202365,3.2961162404390842,2.27073062227059,-0.0235937
0.16235050915202365,3.8006068027946798,-2.4378479597149796,0.00794261
0.16235050915202365,3.8006068027946798,1.9344035807001925,-0.024051
0.16235050915202365,5.6504055314318675,0.42093189363340233,-0.00665003
0.33051402993722157,-2.085116424687282,-1.4288668350037859,0.00055169
0.33051402993722157,-0.23531769605009423,1.7662400599149928,0.00267984
0.33051402993722157,2.791625678083485,-2.6060114805001784,0.00096802
0.33051402993722157,2.959789198868685,2.6070576638409877,-0.0200153
0.33051402993722157,3.464279761224282,2.438894143055789,-0.0219716
0.33051402993722157,5.31407848986147,1.2617494975593964,-0.0146058
0.49867755072242126,-4.271242194894867,-0.5880492310777914,-0.00697268
0.49867755072242126,-4.103078674109669,-0.7562127518629902,-0.00953283
0.49867755072242126,-3.766751632539271,2.438894143055789,0.00565544
0.49867755072242126,1.109990470231497,2.7752211846261865,0.00612463
0.49867755072242126,2.1189715949426917,-2.2696844389297803,-0.00204699
0.6668410715076192,-3.598588111754072,2.438894143055789,0.00106447
0.6668410715076192,-1.9169529039020832,-1.5970303557889851,-0.00347519
0.6668410715076192,-1.244298820761288,1.9344035807001925,-0.0080102
0.6668410715076192,0.4373363870907019,2.6070576638409877,0.0173229
0.6668410715076192,1.950808074157492,-2.1015209181445815,-0.00305809
0.6668410715076192,3.464279761224282,2.7752211846261865,-0.016363
0.6668410715076192,4.809587927505873,-2.2696844389297803,0.0139935
0.8350045922928171,-3.93491515332447,2.27073062227059,0.00792404
0.8350045922928171,-2.589606987042879,-1.260703314218587,-0.00353814
0.8350045922928171,1.7826445533722923,-1.9333573973593827,-0.00330137
0.8350045922928171,2.4552986365130893,2.943384705411386,-0.00780857
0.8350045922928171,4.809587927505873,-2.2696844389297803,0.0123814
1.0031681130780168,-3.766751632539271,2.27073062227059,0.00360351
1.0031681130780168,-2.7577705078280776,2.438894143055789,-0.0123881
1.0031681130780168,0.10100934552030338,-1.9333573973593827,0.00874236
1.0031681130780168,0.10100934552030338,2.438894143055789,0.0223157
1.0031681130780168,0.9418269494462983,2.943384705411386,0.0161155
1.0031681130780168,4.809587927505873,2.27073062227059,-0.0108582
1.0031681130780168,5.6504055314318675,1.598076539129794,-0.00188434
1.1713316338632165,-3.93491515332447,2.1025671014853913,0.00778844
1.1713316338632165,-1.244298820761288,-2.1015209181445815,-0.00618782
1.1713316338632165,0.4373363870907019,2.7752211846261865,0.0234015
1.1713316338632165,1.7826445533722923,-1.7651938765741835,-0.00574872
1.1713316338632165,4.136933844365079,2.7752211846261865,-0.00944558
1.1713316338632165,4.641424406720675,2.438894143055789,-0.00918116
1.3394951546484162,-4.775732757250465,0.25276837284820264,0.0165351
1.3394951546484162,-3.0940975493984757,-1.4288668350037859,-0.0105641
1.3394951546484162,-1.4124623415464868,1.598076539129794,-0.0037061
1.3394951546484162,0.4373363870907019,2.7752211846261865,0.0247696
1.3394951546484162,5.986732573002265,-0.2517221895073938,0.0193028
1.3394951546484162,5.986732573002265,0.25276837284820264,0.0163213
1.507658675433614,-4.607569236465266,-0.4198857102925926,0.00487602
1.507658675433614,-3.262261070183674,-1.4288668350037859,-0.0104269
1.507658675433614,-0.23531769605009423,1.7662400599149928,0.012508
1.507658675433614,0.9418269494462983,2.943384705411386,0.0211385
1.507658675433614,1.278153991016696,-1.4288668350037859,0.0088889
1.507658675433614,1.6144810325870944,2.943384705411386,0.0135959
1.507658675433614,1.7826445533722923,2.943384705411386,0.0118894
1.507658675433614,2.791625678083485,-1.9333573973593827,-0.0153516
1.507658675433614,5.986732573002265,-0.5880492310777914,0.0206704
1.675822196218812,-3.0940975493984757,2.27073062227059,-0.00912843
1.675822196218812,-2.9259340286132764,-1.5970303557889851,-0.0102873
1.675822196218812,-2.085116424687282,-1.9333573973593827,-0.0107936
1.675822196218812,-1.9169529039020832,1.9344035807001925,-0.0129984
1.675822196218812,2.1189715949426917,-1.4288668350037859,-0.0120055
1.675822196218812,2.4552986365130893,-1.5970303557889851,-0.0153313
1.675822196218812,2.791625678083485,-1.7651938765741835,-0.0171386
1.675822196218812,5.145914969076272,2.27073062227059,0.00423038
1.675822196218812,6.154896093787465,0.42093189363340233,0.020498
1.8439857170040117,-3.598588111754072,2.1025671014853913,0.00117684
1.8439857170040117,1.950808074157492,2.943384705411386,0.0157735
1.8439857170040117,3.2961162404390842,-1.7651938765741835,-0.0186936
2.0121492377892096,-1.7487893831168844,1.7662400599149928,-0.0114799
2.0121492377892096,0.6054999078759007,2.6070576638409877,0.0241073
2.0121492377892096,1.6144810325870944,2.7752211846261865,0.0191765
2.0121492377892096,2.6234621572982872,-0.924376272648189,-0.0151037
2.0121492377892096,3.9687703235798777,-1.7651938765741835,-0.0142376
2.0121492377892096,4.305097365150277,-1.7651938765741835,-0.0101288
2.0121492377892096,6.3230596145726645,0.9254224559889987,0.0261602
2.180312758574411,-3.93491515332447,-1.0925397934333883,-0.00134276
2.180312758574411,-3.0940975493984757,-1.5970303557889851,-0.007376
2.180312758574411,-2.589606987042879,2.1025671014853913,-0.0109438
2.180312758574411,-1.4124623415464868,-2.1015209181445815,-0.00611677
2.180312758574411,-1.4124623415464868,1.598076539129794,-0.0104234
2.180312758574411,1.7826445533722923,-0.5880492310777914,-0.00646647
2.180312758574411,1.7826445533722923,2.7752211846261865,0.0197426
2.348476279359609,-3.0940975493984757,-1.5970303557889851,-0.00605193
2.348476279359609,-1.4124623415464868,1.598076539129794,-0.011122
2.348476279359609,2.1189715949426917,3.111548226196585,0.0212561
2.348476279359609,2.6234621572982872,3.4478752677669826,0.0228573
2.348476279359609,5.818569052217067,1.9344035807001925,0.0247119
2.516639800144807,-3.766751632539271,1.9344035807001925,0.00891459
2.516639800144807,-3.0940975493984757,-1.5970303557889851,-0.00500454
2.516639800144807,0.2691728663055022,0.9254224559889987,-0.00317401
2.516639800144807,1.6144810325870944,2.438894143055789,0.0174234
2.516639800144807,5.818569052217067,-0.08355866872219408,0.0189296
2.6848033209300066,-3.262261070183674,1.9344035807001925,0.00078756
2.6848033209300066,-3.0940975493984757,1.9344035807001925,-0.0014973
2.6848033209300066,-1.9169529039020832,-2.1015209181445815,-0.00735885
2.6848033209300066,-1.7487893831168844,-2.1015209181445815,-0.00668649
2.6848033209300066,-1.5806258623316847,1.598076539129794,-0.0109546
2.6848033209300066,1.109990470231497,0.42093189363340233,-0.00675338
2.6848033209300066,1.278153991016696,0.25276837284820264,-0.00769886
2.6848033209300066,1.6144810325870944,0.08460485206300383,-0.0116985
2.6848033209300066,3.8006068027946798,-0.924376272648189,-0.019563
2.6848033209300066,4.809587927505873,-0.7562127518629902,-0.00567123
2.8529668417152045,-3.93491515332447,1.7662400599149928,0.0158961
2.8529668417152045,1.278153991016696,1.429913018344596,-0.00257606
2.8529668417152045,2.4552986365130893,3.279711746981783,0.0279287
2.8529668417152045,3.2961162404390842,-0.4198857102925926,-0.0202826
2.8529668417152045,3.2961162404390842,3.4478752677669826,0.029661
2.8529668417152045,4.136933844365079,-0.7562127518629902,-0.0158971
3.0211303625004042,-2.9259340286132764,-1.9333573973593827,-0.0117797
3.0211303625004042,0.7736634286610995,-0.2517221895073938,0.0107201
3.0211303625004042,1.7826445533722923,0.5890954144186011,-0.0155897
3.0211303625004042,4.305097365150277,2.27073062227059,0.0211772
3.0211303625004042,5.48224201064667,1.7662400599149928,0.0280599
3.0211303625004042,5.986732573002265,1.0935859767741976,0.0319321
3.189293883285604,-1.7487893831168844,1.429913018344596,-0.00711788
3.189293883285604,2.959789198868685,3.279711746981783,0.0315598
3.189293883285604,4.136933844365079,2.438894143055789,0.0224593
3.189293883285604,4.473260885935475,-0.2517221895073938,-0.0078501
3.189293883285604,4.977751448291072,-0.08355866872219408,0.00189926
3.357457404070802,-4.439405715680067,0.08460485206300383,0.0245293
3.357457404070802,-1.9169529039020832,-2.4378479597149796,-0.0186889
3.357457404070802,-0.5716447376204918,0.7572589352037999,-0.00588235
3.357457404070802,4.136933844365079,1.598076539129794,0.0116668
3.357457404070802,4.473260885935475,1.429913018344596,0.0127752
3.357457404070802,4.641424406720675,1.429913018344596,0.0150834
3.357457404070802,5.31407848986147,0.42093189363340233,0.0147378
3.5256209248560015,-3.0940975493984757,-2.1015209181445815,-0.0199187
3.5256209248560015,-2.4214434662576796,-2.4378479597149796,-0.0211999
3.5256209248560015,0.10100934552030338,-0.7562127518629902,0.00457114
3.5256209248560015,3.2961162404390842,0.7572589352037999,-0.0118583
3.5256209248560015,3.464279761224282,0.7572589352037999,-0.0106789
3.5256209248560015,3.8006068027946798,1.598076539129794,0.00721393
3.5256209248560015,3.8006068027946798,2.27073062227059,0.0199013
3.6937844456411995,-3.598588111754072,0.7572589352037999,0.0101274
3.6937844456411995,-3.262261070183674,0.9254224559889987,0.00459146
3.6937844456411995,-2.589606987042879,-2.4378479597149796,-0.0225068
3.6937844456411995,-2.253279945472481,1.2617494975593964,-0.0059256
3.6937844456411995,2.791625678083485,1.7662400599149928,0.00385566
3.6937844456411995,2.959789198868685,1.598076539129794,0.000967836
3.6937844456411995,3.1279527196538846,1.598076539129794,0.00197346
3.6937844456411995,3.2961162404390842,2.438894143055789,0.0218079
3.861947966426399,-1.7487893831168844,1.2617494975593964,-0.011168
4.030111487211597,-3.0940975493984757,0.9254224559889987,-0.00722784
4.030111487211597,-0.23531769605009423,0.25276837284820264,-0.0153877
4.198275007996797,-1.7487893831168844,1.2617494975593964,-0.0169452
4.3664385287819965,-3.766751632539271,-1.260703314218587,-0.0202498
4.3664385287819965,-3.262261070183674,0.7572589352037999,-0.0139523
4.3664385287819965,-0.06715417526489453,-0.2517221895073938,-0.0198896
4.534602049567194,-1.244298820761288,1.0935859767741976,-0.021882
4.534602049567194,-0.5716447376204918,-1.9333573973593827,-0.020308
4.534602049567194,-0.06715417526489453,-0.4198857102925926,-0.0211746
4.702765570352392,-3.766751632539271,-0.4198857102925926,-0.0183574
4.702765570352392,-2.7577705078280776,-2.2696844389297803,-0.0183301
4.870929091137592,-2.7577705078280776,0.9254224559889987,-0.0209821
4.870929091137592,-2.253279945472481,1.0935859767741976,-0.0223576
5.03909261192279,-3.598588111754072,-0.7562127518629902,-0.0164218
5.207256132707991,-1.244298820761288,0.7572589352037999,-0.0227831
5.207256132707991,-0.40348121683529303,-0.5880492310777914,-0.0182465
5.375419653493189,-2.085116424687282,-1.9333573973593827,-0.000135625
5.375419653493189,-1.7487893831168844,-1.9333573973593827,-0.000895178
5.375419653493189,-1.7487893831168844,0.7572589352037999,-0.0207059
5.375419653493189,-1.244298820761288,0.5890954144186011,-0.0207267
5.375419653493189,-0.7398082584056906,-1.260703314218587,-0.00955478
5.375419653493189,-0.7398082584056906,0.08460485206300383,-0.0189331
5.375419653493189,-0.5716447376204918,-0.7562127518629902,-0.0138454
5.375419653493189,-0.5716447376204918,-0.4198857102925926,-0.0161662
5.543583174278387,-3.0940975493984757,-0.5880492310777914,-0.00622085
5.543583174278387,-2.4214434662576796,-1.5970303557889851,0.00552356
5.543583174278387,-0.9079717791908894,-1.0925397934333883,-0.00459651
5.711746695063587,-2.7577705078280776,-0.4198857102925926,-0.00148782
