-5.0109192173529005,-0.8506079114567529,0.7741142876425711,0.0210997
-5.0109192173529005,-0.5871422213427655,1.4327785129275403,0.0260792
-4.879186372295907,-0.8506079114567529,0.37891575247159004,0.0179792
-4.879186372295907,-0.0602108411147908,0.37891575247159004,0.0218331
-4.879186372295907,0.20325484899919655,1.3010456678705467,0.0280955
-4.747453527238912,-1.2458064466277339,0.5106485975285837,0.0144939
-4.747453527238912,0.07152200394220287,0.24718290741459636,0.020232
-4.747453527238912,0.20325484899919655,0.37891575247159004,0.0216259
-4.615720682181919,-1.5092721367417217,0.7741142876425711,0.0119208
-4.615720682181919,-1.2458064466277339,0.24718290741459636,0.0133728
-4.615720682181919,-1.1140736015707402,0.11545006235760269,0.0140045
-4.615720682181919,-0.9823407565137465,-1.7288097684403088,0.026352
-4.615720682181919,-0.5871422213427655,-0.14801562775638466,0.0154665
-4.615720682181919,-0.4554093762857718,-0.14801562775638466,0.0158302
-4.615720682181919,0.4667205391131839,1.4327785129275403,0.0264843
-4.483987837124925,-1.1140736015707402,-0.6749470079843594,0.0170838
-4.483987837124925,0.07152200394220287,-0.6749470079843594,0.0144143
-4.483987837124925,0.20325484899919655,-1.3336112332693277,0.0135513
-4.483987837124925,0.20325484899919655,-0.9384126980983467,0.0134581
-4.352254992067932,-1.6410049817987153,1.4327785129275403,0.010182
-4.352254992067932,-1.2458064466277339,-0.411481317870372,0.0150214
-4.352254992067932,-1.2458064466277339,-0.27974847281337833,0.0144205
-4.352254992067932,0.3349876940561902,-1.597076923383315,0.0130801
-4.352254992067932,0.7301862292271712,0.7741142876425711,0.0214424
-4.352254992067932,0.7301862292271712,1.169312822813553,0.0230925
-4.2205221470109375,-0.7188750663997592,-2.3874739937252776,0.0261631
-4.2205221470109375,0.20325484899919655,-1.9922754585542966,0.0151944
-4.2205221470109375,0.3349876940561902,-1.8605426134973029,0.0135161
-4.2205221470109375,0.3349876940561902,1.959709893155515,0.0230613
-4.2205221470109375,0.4667205391131839,-1.7288097684403088,0.0124322
-4.2205221470109375,0.5984533841701776,-1.597076923383315,0.0122801
-4.2205221470109375,0.7301862292271712,-1.4653440783263214,0.0130836
-4.2205221470109375,0.9936519193411586,-1.201878388212334,0.0162859
-4.2205221470109375,0.9936519193411586,-0.5432141629273657,0.0179946
-4.088789301953945,-2.0362035169696964,0.24718290741459636,0.0112475
-4.088789301953945,-1.6410049817987153,-0.27974847281337833,0.0138526
-4.088789301953945,-1.3775392916847276,1.959709893155515,0.0118184
-4.088789301953945,-0.0602108411147908,2.2231755832695024,0.0205852
-4.088789301953945,0.8619190742841649,-0.016282782699390985,0.0177853
-4.088789301953945,1.1253847643981523,-0.27974847281337833,0.0197834
-4.088789301953945,1.3888504545121396,-0.9384126980983467,0.0223973
-4.088789301953945,1.3888504545121396,-0.806679853041353,0.0226295
-3.9570564568969506,-2.2996692070836837,1.0375799777565584,0.0116801
-3.9570564568969506,-2.0362035169696964,-0.016282782699390985,0.0127237
-3.9570564568969506,0.9936519193411586,-1.7288097684403088,0.0155392
-3.9570564568969506,1.5205832995691342,-0.5432141629273657,0.0249485
-3.825323611839957,-1.9044706719127027,1.6962442030415277,0.00882507
-3.825323611839957,-1.3775392916847276,-2.3874739937252776,0.0274464
-3.825323611839957,-0.4554093762857718,2.354908428326496,0.0164486
-3.6935907667829633,-1.6410049817987153,1.959709893155515,0.00955301
-3.6935907667829633,-0.0602108411147908,-2.5192068387822713,0.0176617
-3.6935907667829633,1.7840489896831215,-0.5432141629273657,0.0291846
-3.5618579217259696,0.4667205391131839,2.0914427382125087,0.0168279
-3.5618579217259696,0.7301862292271712,1.8279770480985214,0.0174017
-3.5618579217259696,1.1253847643981523,-1.9922754585542966,0.0176331
-3.5618579217259696,1.6523161446261279,-1.597076923383315,0.0260039
-3.5618579217259696,1.9157818347401152,-0.806679853041353,0.0311877
-3.430125076668976,-2.2996692070836837,1.6962442030415277,0.0133259
-3.430125076668976,-1.6410049817987153,-2.255741148668284,0.0242717
-3.430125076668976,-0.5871422213427655,2.4866412733834897,0.0145777
-3.430125076668976,-0.32367653122877815,-2.650939683839265,0.0190446
-3.430125076668976,0.07152200394220287,-2.5192068387822713,0.0159019
-3.430125076668976,0.7301862292271712,1.959709893155515,0.016796
-3.430125076668976,1.257117609455146,-1.9922754585542966,0.0197098
-3.430125076668976,1.6523161446261279,-0.016282782699390985,0.0277101
-3.298392231611982,-2.2996692070836837,-0.411481317870372,0.0168004
-3.298392231611982,-2.16793636202669,-0.5432141629273657,0.0161156
-3.298392231611982,-2.0362035169696964,-0.806679853041353,0.016292
-3.298392231611982,-1.6410049817987153,-2.255741148668284,0.0230665
-3.298392231611982,-0.5871422213427655,2.6183741184404834,0.0150922
-3.298392231611982,0.20325484899919655,2.4866412733834897,0.0149081
-3.298392231611982,0.7301862292271712,-2.255741148668284,0.0146229
-3.298392231611982,1.1253847643981523,1.6962442030415277,0.0191631
-3.298392231611982,1.7840489896831215,-1.597076923383315,0.028631
-3.166659386554988,-2.0362035169696964,-0.9384126980983467,0.0168093
-3.166659386554988,-2.0362035169696964,1.959709893155515,0.0123104
-3.166659386554988,-0.4554093762857718,2.8818398085544707,0.016754
-3.166659386554988,-0.32367653122877815,2.8818398085544707,0.0164622
-3.166659386554988,0.4667205391131839,-2.3874739937252776,0.0148112
-3.166659386554988,0.9936519193411586,2.2231755832695024,0.0166904
-3.166659386554988,1.3888504545121396,0.37891575247159004,0.02437
-3.166659386554988,1.3888504545121396,1.3010456678705467,0.022711
-3.0349265414979945,-2.9583334323686525,0.5106485975285837,0.0231309
-3.0349265414979945,-1.2458064466277339,-2.5192068387822713,0.0204929
-2.903193696441001,-2.4314020521406774,-0.411481317870372,0.0187811
-2.903193696441001,-2.0362035169696964,-1.0701455431553404,0.0174488
-2.903193696441001,-0.5871422213427655,3.2770383437254527,0.0213242
-2.903193696441001,-0.19194368617178448,3.2770383437254527,0.019374
-2.903193696441001,0.20325484899919655,-2.5192068387822713,0.0165783
-2.903193696441001,0.3349876940561902,3.0135726536114644,0.0144919
-2.903193696441001,1.6523161446261279,1.0375799777565584,0.0272751
-2.903193696441001,2.047514679797109,-1.201878388212334,0.0338559
-2.771460851384007,-2.6948677422546647,-0.14801562775638466,0.020991
-2.771460851384007,-2.2996692070836837,-0.5432141629273657,0.0182214
-2.771460851384007,-0.19194368617178448,3.4087711887824454,0.0209714
-2.771460851384007,0.7301862292271712,2.8818398085544707,0.0128819
-2.6397280063270134,-0.8506079114567529,-2.650939683839265,0.0173864
-2.6397280063270134,1.6523161446261279,0.37891575247159004,0.0294648
-2.5079951612700198,-2.9583334323686525,0.6423814425855774,0.0233745
-2.5079951612700198,-2.9583334323686525,0.7741142876425711,0.0231978
-2.5079951612700198,-2.8266005873116584,0.11545006235760269,0.0221481
-2.5079951612700198,-2.4314020521406774,-0.411481317870372,0.0190952
-2.5079951612700198,-2.2996692070836837,1.8279770480985214,0.0162013
-2.5079951612700198,-0.9823407565137465,-2.650939683839265,0.0168692
-2.5079951612700198,2.047514679797109,-0.016282782699390985,0.0366853
-2.5079951612700198,2.047514679797109,1.169312822813553,0.0338047
-2.5079951612700198,2.047514679797109,1.959709893155515,0.0319501
-2.376262316213026,-2.8266005873116584,1.169312822813553,0.0216359
-2.376262316213026,-2.563134897197671,1.564511357984534,0.018915
-2.376262316213026,-1.5092721367417217,-2.3874739937252776,0.0160413
-2.376262316213026,-1.1140736015707402,-2.650939683839265,0.0163025
-2.376262316213026,0.4667205391131839,-2.650939683839265,0.0201266
-2.376262316213026,1.6523161446261279,-1.7288097684403088,0.0273259
-2.376262316213026,1.7840489896831215,2.4866412733834897,0.0261258
-2.376262316213026,1.9157818347401152,0.37891575247159004,0.0347554
-2.376262316213026,2.1792475248541026,-1.0701455431553404,0.0348706
-2.376262316213026,2.1792475248541026,0.11545006235760269,0.0384502
-2.376262316213026,2.44271321496809,-0.411481317870372,0.0392197
-2.2445294711560324,-2.2996692070836837,-0.6749470079843594,0.0193562
-2.2445294711560324,-2.16793636202669,1.8279770480985214,0.0155584
-2.2445294711560324,-1.2458064466277339,3.4087711887824454,0.0251665
-2.2445294711560324,0.07152200394220287,-3.046138219010246,0.0227166
-2.2445294711560324,0.3349876940561902,-2.9144053739532523,0.0226044
-2.2445294711560324,1.5205832995691342,2.750106963497477,0.0207394
-2.2445294711560324,2.047514679797109,0.5106485975285837,0.0365103
-2.1127966260990387,-2.6948677422546647,1.169312822813553,0.0202726
-2.1127966260990387,-1.772737826855709,2.354908428326496,0.0150044
-2.1127966260990387,-1.5092721367417217,3.145305498668458,0.0222144
-2.1127966260990387,0.07152200394220287,-3.1778710640672396,0.0245422
-2.1127966260990387,0.3349876940561902,3.54050403383944,0.0187413
-2.1127966260990387,0.9936519193411586,-2.255741148668284,0.0213789
-2.1127966260990387,2.1792475248541026,-1.3336112332693277,0.0318124
-2.1127966260990387,2.1792475248541026,1.959709893155515,0.0355983
-1.981063781042045,-1.9044706719127027,1.959709893155515,0.0148019
-1.981063781042045,0.3349876940561902,-3.1778710640672396,0.0264692
-1.981063781042045,1.5205832995691342,-1.7288097684403088,0.0266688
-1.981063781042045,1.7840489896831215,-1.597076923383315,0.0284239
-1.981063781042045,2.1792475248541026,0.9058471326995647,0.0381605
-1.8493309359850514,-2.4314020521406774,-0.016282782699390985,0.017976
-1.8493309359850514,-2.2996692070836837,1.4327785129275403,0.0170391
-1.8493309359850514,0.7301862292271712,3.2770383437254527,0.0143935
-1.8493309359850514,1.1253847643981523,3.0135726536114644,0.0151304
-1.8493309359850514,2.5744460600250836,0.5106485975285837,0.0411203
-1.8493309359850514,2.7061789050820773,-1.201878388212334,0.0323714
-1.7175980909280577,-2.4314020521406774,0.24718290741459636,0.0173405
-1.7175980909280577,-2.2996692070836837,1.3010456678705467,0.0168188
-1.7175980909280577,-1.772737826855709,-2.650939683839265,0.0122755
-1.7175980909280577,-0.4554093762857718,-3.4413367541812274,0.0245834
-1.7175980909280577,1.3888504545121396,-1.8605426134973029,0.0269053
-1.7175980909280577,3.1013774402530583,-0.411481317870372,0.0382118
-1.585865245871064,-2.2996692070836837,0.11545006235760269,0.0166878
-1.585865245871064,-1.9044706719127027,1.8279770480985214,0.0153378
-1.585865245871064,1.6523161446261279,-1.8605426134973029,0.0277425
-1.585865245871064,2.9696445951960646,0.24718290741459636,0.0408346
-1.585865245871064,3.1013774402530583,-0.806679853041353,0.0350205
-1.4541324008140704,-2.2996692070836837,-2.3874739937252776,0.0172498
-1.4541324008140704,-1.9044706719127027,-2.650939683839265,0.0124068
-1.4541324008140704,-1.772737826855709,2.2231755832695024,0.0141224
-1.4541324008140704,-1.6410049817987153,2.750106963497477,0.016311
-1.4541324008140704,-0.9823407565137465,-3.3096039091242337,0.0183982
-1.4541324008140704,0.9936519193411586,3.0135726536114644,0.0156663
-1.4541324008140704,1.1253847643981523,-2.5192068387822713,0.0273515
-1.4541324008140704,2.1792475248541026,-1.8605426134973029,0.0270631
-1.4541324008140704,2.9696445951960646,-1.201878388212334,0.0311827
-1.3223995557570767,-2.8266005873116584,-1.4653440783263214,0.0246535
-1.3223995557570767,-2.8266005873116584,-1.201878388212334,0.0244703
-1.3223995557570767,1.1253847643981523,2.8818398085544707,0.0180563
-1.3223995557570767,2.1792475248541026,1.169312822813553,0.0429185
-1.3223995557570767,2.5744460600250836,0.7741142876425711,0.0420058
-1.3223995557570767,2.837911750139071,-1.4653440783263214,0.0288312
-1.3223995557570767,3.233110285310052,-0.5432141629273657,0.0366217
-1.190666710700083,-2.2996692070836837,1.4327785129275403,0.0170931
-1.190666710700083,0.8619190742841649,-3.046138219010246,0.0313895
-1.190666710700083,1.1253847643981523,-2.650939683839265,0.0296943
-1.190666710700083,2.44271321496809,0.9058471326995647,0.0432288
-1.190666710700083,2.7061789050820773,-1.7288097684403088,0.0280232
-1.190666710700083,3.233110285310052,-0.14801562775638466,0.0383436
-1.0589338656430893,-2.2996692070836837,0.24718290741459636,0.0162603
-1.0589338656430893,-1.772737826855709,2.2231755832695024,0.0129871
-1.0589338656430893,-1.5092721367417217,-2.9144053739532523,0.010781
-1.0589338656430893,0.7301862292271712,-3.1778710640672396,0.0323649
-1.0589338656430893,0.8619190742841649,2.8818398085544707,0.0179047
-1.0589338656430893,2.3109803699110962,1.0375799777565584,0.0456967
-1.0589338656430893,2.7061789050820773,-1.8605426134973029,0.0291632
-1.0589338656430893,2.9696445951960646,-1.4653440783263214,0.0301316
-1.0589338656430893,2.9696445951960646,0.5106485975285837,0.0395521
-1.0589338656430893,3.1013774402530583,-1.201878388212334,0.032305
-0.9272010205860957,-2.6948677422546647,-1.8605426134973029,0.0232576
-0.9272010205860957,-2.563134897197671,-0.5432141629273657,0.0200327
-0.9272010205860957,-2.4314020521406774,-2.255741148668284,0.0193261
-0.9272010205860957,-2.2996692070836837,0.11545006235760269,0.0162981
-0.9272010205860957,0.3349876940561902,3.145305498668458,0.0165996
-0.9272010205860957,1.1253847643981523,2.6183741184404834,0.0230248
-0.9272010205860957,1.9157818347401152,-2.5192068387822713,0.0340611
-0.795468175529102,-2.2996692070836837,-0.14801562775638466,0.0167557
-0.795468175529102,-2.0362035169696964,2.0914427382125087,0.0132653
-0.795468175529102,-1.5092721367417217,2.4866412733834897,0.0117072
-0.795468175529102,-1.3775392916847276,2.6183741184404834,0.0122458
-0.795468175529102,2.5744460600250836,1.169312822813553,0.0508236
-0.6637353304721083,-1.9044706719127027,2.2231755832695024,0.0117382
-0.6637353304721083,0.7301862292271712,-3.046138219010246,0.0325516
-0.6637353304721083,0.8619190742841649,-2.9144053739532523,0.0326144
-0.6637353304721083,0.9936519193411586,-2.7826725288962586,0.0330566
-0.6637353304721083,1.5205832995691342,1.959709893155515,0.0416762
-0.6637353304721083,1.9157818347401152,1.564511357984534,0.0572574
-0.5320024854151146,-2.563134897197671,1.564511357984534,0.0168152
-0.5320024854151146,-1.2458064466277339,-2.9144053739532523,0.0127381
-0.5320024854151146,0.4667205391131839,-3.1778710640672396,0.0317777
-0.5320024854151146,1.5205832995691342,1.8279770480985214,0.0472535
-0.5320024854151146,2.047514679797109,1.6962442030415277,0.0652428
-0.5320024854151146,3.1013774402530583,-1.597076923383315,0.0362388
-0.5320024854151146,3.3648431303670456,-0.6749470079843594,0.0431912
-0.5320024854151146,3.3648431303670456,0.7741142876425711,0.0391447
-0.5320024854151146,3.4965759754240393,-0.14801562775638466,0.0410882
-0.40026964035812007,-2.6948677422546647,0.9058471326995647,0.017036
-0.40026964035812007,-2.16793636202669,2.0914427382125087,0.0119417
-0.40026964035812007,0.7301862292271712,2.6183741184404834,0.0234398
-0.40026964035812007,1.257117609455146,2.0914427382125087,0.0378117
-0.40026964035812007,2.047514679797109,-2.7826725288962586,0.0400707
-0.40026964035812007,2.837911750139071,-2.255741148668284,0.0380051
-0.40026964035812007,3.233110285310052,-1.201878388212334,0.042475
-0.2685367953011264,-2.4314020521406774,1.8279770480985214,0.0136301
-0.2685367953011264,-2.2996692070836837,-1.9922754585542966,0.0205168
-0.2685367953011264,0.3349876940561902,-3.046138219010246,0.0298848
-0.2685367953011264,2.047514679797109,1.959709893155515,0.0731901
-0.2685367953011264,2.1792475248541026,-2.7826725288962586,0.0409592
-0.2685367953011264,3.3648431303670456,-0.9384126980983467,0.0487893
-0.2685367953011264,3.628308820481034,0.7741142876425711,0.0416308
-0.13680395024413272,-2.6948677422546647,0.9058471326995647,0.0144098
-0.13680395024413272,-2.16793636202669,2.0914427382125087,0.00954458
-0.13680395024413272,-0.9823407565137465,-2.7826725288962586,0.0149593
-0.13680395024413272,1.257117609455146,-2.7826725288962586,0.0379838
-0.13680395024413272,1.257117609455146,2.0914427382125087,0.0427971
-0.13680395024413272,1.3888504545121396,1.959709893155515,0.0506775
-0.13680395024413272,3.233110285310052,-1.3336112332693277,0.0465891
-0.13680395024413272,3.628308820481034,-0.6749470079843594,0.0557424
-0.005071105187139047,-2.16793636202669,-0.27974847281337833,0.0137814
-0.005071105187139047,-0.32367653122877815,-2.9144053739532523,0.0220403
-0.005071105187139047,1.257117609455146,-2.7826725288962586,0.0384553
-0.005071105187139047,1.9157818347401152,2.0914427382125087,0.0749365
0.12666173986985463,-0.4554093762857718,-2.7826725288962586,0.0197601
0.2583945849268483,-2.563134897197671,1.3010456678705467,0.00797711
0.2583945849268483,-2.4314020521406774,0.37891575247159004,0.00713057
0.2583945849268483,-1.772737826855709,2.2231755832695024,0.00205399
0.2583945849268483,-1.2458064466277339,2.4866412733834897,0.00245351
0.2583945849268483,-0.8506079114567529,-2.650939683839265,0.0156424
0.2583945849268483,0.3349876940561902,-2.650939683839265,0.0290493
0.2583945849268483,0.9936519193411586,-2.650939683839265,0.036604
0.2583945849268483,2.047514679797109,2.2231755832695024,0.0776776
0.2583945849268483,2.44271321496809,-2.650939683839265,0.0433022
0.2583945849268483,4.155240200709007,-0.016282782699390985,0.067821
0.390127429983842,-2.563134897197671,-1.7288097684403088,0.0221792
0.390127429983842,-2.4314020521406774,-1.9922754585542966,0.0224469
0.390127429983842,-1.6410049817987153,2.2231755832695024,-0.000146241
0.390127429983842,-0.7188750663997592,2.750106963497477,0.00810289
0.390127429983842,-0.32367653122877815,2.8818398085544707,0.0139547
0.390127429983842,1.5205832995691342,-2.7826725288962586,0.0407715
0.390127429983842,2.7061789050820773,-2.3874739937252776,0.0435374
0.390127429983842,3.1013774402530583,-1.597076923383315,0.0508057
0.390127429983842,3.4965759754240393,1.564511357984534,0.0600233
0.390127429983842,3.628308820481034,-1.0701455431553404,0.0697563
0.390127429983842,4.155240200709007,-0.411481317870372,0.0758351
0.390127429983842,4.155240200709007,0.37891575247159004,0.0639345
0.5218602750408357,-2.4314020521406774,1.169312822813553,0.0015773
0.5218602750408357,-1.5092721367417217,2.2231755832695024,-0.00213146
0.5218602750408357,-1.2458064466277339,-2.650939683839265,0.0132065
0.5218602750408357,1.5205832995691342,2.0914427382125087,0.0599044
0.5218602750408357,3.7600416655380267,1.169312822813553,0.0542205
0.5218602750408357,4.155240200709007,-0.5432141629273657,0.0795066
0.6535931200978293,-2.6948677422546647,-1.0701455431553404,0.0115268
0.6535931200978293,-2.563134897197671,-0.6749470079843594,0.00434951
0.6535931200978293,-2.4314020521406774,-2.1240083036112902,0.0211716
0.6535931200978293,-2.16793636202669,-0.016282782699390985,-0.000883702
0.6535931200978293,-2.16793636202669,1.564511357984534,-0.00213421
0.6535931200978293,-1.9044706719127027,-2.5192068387822713,0.0172097
0.6535931200978293,0.4667205391131839,-2.7826725288962586,0.0315092
0.6535931200978293,0.7301862292271712,2.6183741184404834,0.0295076
0.6535931200978293,1.3888504545121396,-2.650939683839265,0.0393704
0.6535931200978293,1.9157818347401152,2.2231755832695024,0.0703298
0.6535931200978293,2.9696445951960646,2.0914427382125087,0.073876
0.6535931200978293,3.1013774402530583,-1.4653440783263214,0.0564137
0.785325965154823,-2.16793636202669,0.5106485975285837,-0.00765864
0.785325965154823,0.8619190742841649,-2.650939683839265,0.0360589
0.785325965154823,3.7600416655380267,1.169312822813553,0.0560833
0.9170588102118167,-1.6410049817987153,-2.650939683839265,0.0128812
0.9170588102118167,-1.3775392916847276,1.959709893155515,-0.00692311
0.9170588102118167,-0.5871422213427655,-2.9144053739532523,0.0168038
0.9170588102118167,-0.5871422213427655,2.6183741184404834,0.00737488
0.9170588102118167,0.9936519193411586,2.2231755832695024,0.0338944
0.9170588102118167,2.44271321496809,2.2231755832695024,0.0704395
0.9170588102118167,2.9696445951960646,-1.4653440783263214,0.0541017
0.9170588102118167,3.233110285310052,1.8279770480985214,0.0638273
0.9170588102118167,4.155240200709007,-0.6749470079843594,0.0848258
1.0487916552688104,-2.563134897197671,-1.9922754585542966,0.0162583
1.0487916552688104,-2.563134897197671,-0.5432141629273657,-0.0130261
1.0487916552688104,-2.2996692070836837,0.11545006235760269,-0.0238546
1.0487916552688104,-1.6410049817987153,-2.650939683839265,0.0119381
1.0487916552688104,-1.1140736015707402,-2.7826725288962586,0.0105848
1.0487916552688104,0.3349876940561902,2.6183741184404834,0.0206524
1.0487916552688104,1.1253847643981523,1.959709893155515,0.0341311
1.0487916552688104,1.7840489896831215,2.0914427382125087,0.0542128
1.0487916552688104,4.023507355652014,0.7741142876425711,0.0639535
1.180524500325804,-2.6948677422546647,-0.9384126980983467,-0.00688286
1.180524500325804,-2.4314020521406774,0.37891575247159004,-0.0374596
1.180524500325804,-1.3775392916847276,1.564511357984534,-0.00931704
1.180524500325804,-1.2458064466277339,1.6962442030415277,-0.0075984
1.180524500325804,-1.1140736015707402,-2.7826725288962586,0.0101847
1.180524500325804,0.20325484899919655,-3.046138219010246,0.0305617
1.180524500325804,1.1253847643981523,-2.5192068387822713,0.0377853
1.180524500325804,3.891774510595021,0.9058471326995647,0.0598543
1.180524500325804,4.286973045766001,-0.14801562775638466,0.0829872
1.180524500325804,4.286973045766001,-0.016282782699390985,0.081566
1.3122573453827977,2.9696445951960646,-1.3336112332693277,0.0498319
1.3122573453827977,2.9696445951960646,1.8279770480985214,0.0548345
1.4439901904397914,-2.8266005873116584,0.24718290741459636,-0.0562616
1.4439901904397914,-2.6948677422546647,-0.5432141629273657,-0.0387623
1.4439901904397914,0.9936519193411586,-2.650939683839265,0.0378071
1.4439901904397914,1.1253847643981523,1.6962442030415277,0.0188286
1.4439901904397914,1.7840489896831215,-1.597076923383315,0.0294455
1.4439901904397914,2.047514679797109,1.959709893155515,0.0410088
1.4439901904397914,2.44271321496809,1.959709893155515,0.0475231
1.4439901904397914,4.155240200709007,0.24718290741459636,0.0743071
1.575723035496785,-2.9583334323686525,-0.016282782699390985,-0.0604795
1.575723035496785,-2.6948677422546647,-0.806679853041353,-0.0350356
1.575723035496785,-0.7188750663997592,-2.9144053739532523,0.0153493
1.575723035496785,0.4667205391131839,1.959709893155515,0.00457066
1.575723035496785,1.3888504545121396,1.6962442030415277,0.0187969
1.575723035496785,2.5744460600250836,1.8279770480985214,0.0410922
1.575723035496785,3.891774510595021,0.6423814425855774,0.0602928
1.7074558805537796,-2.9583334323686525,-0.411481317870372,-0.059414
1.7074558805537796,-2.8266005873116584,-0.6749470079843594,-0.050593
1.7074558805537796,-2.4314020521406774,1.3010456678705467,-0.0553646
1.7074558805537796,-1.3775392916847276,1.564511357984534,-0.0239838
1.7074558805537796,-1.2458064466277339,1.564511357984534,-0.0183534
1.7074558805537796,0.20325484899919655,1.959709893155515,-0.0054415
1.7074558805537796,1.3888504545121396,-1.597076923383315,0.0294165
1.7074558805537796,1.6523161446261279,-1.3336112332693277,0.022908
1.7074558805537796,3.233110285310052,-1.0701455431553404,0.0502991
1.8391887256107724,-2.8266005873116584,-0.806679853041353,-0.0520834
1.8391887256107724,-2.563134897197671,-1.201878388212334,-0.0285139
1.8391887256107724,-2.0362035169696964,-2.1240083036112902,0.00272936
1.8391887256107724,-0.5871422213427655,1.6962442030415277,-0.00929732
1.8391887256107724,0.7301862292271712,-2.7826725288962586,0.0361493
1.8391887256107724,1.257117609455146,-1.9922754585542966,0.0328956
1.8391887256107724,1.3888504545121396,-1.3336112332693277,0.0264741
1.8391887256107724,2.9696445951960646,-1.0701455431553404,0.0348621
1.8391887256107724,3.891774510595021,-0.27974847281337833,0.0680261
1.970921570667767,-2.563134897197671,-1.201878388212334,-0.0362975
1.970921570667767,-1.6410049817987153,-2.255741148668284,0.00307204
1.970921570667767,2.3109803699110962,1.564511357984534,0.0182008
1.970921570667767,3.7600416655380267,-0.14801562775638466,0.0591207
1.970921570667767,3.7600416655380267,0.11545006235760269,0.055479
2.1026544157247598,-3.22179912248264,0.6423814425855774,-0.0734787
2.1026544157247598,-2.4314020521406774,-1.3336112332693277,-0.0337221
2.1026544157247598,-2.4314020521406774,1.564511357984534,-0.0635682
2.1026544157247598,-2.2996692070836837,-1.4653440783263214,-0.024156
2.1026544157247598,-1.1140736015707402,1.6962442030415277,-0.0300688
2.1026544157247598,0.8619190742841649,1.959709893155515,-0.0185912
2.1026544157247598,1.1253847643981523,-1.9922754585542966,0.0310474
2.1026544157247598,1.3888504545121396,1.6962442030415277,0.00172091
2.1026544157247598,1.9157818347401152,-1.0701455431553404,0.0147274
2.1026544157247598,2.047514679797109,-1.0701455431553404,0.0129817
2.1026544157247598,3.4965759754240393,0.37891575247159004,0.0380498
2.2343872607817525,-2.4314020521406774,-1.3336112332693277,-0.0400272
2.2343872607817525,-1.9044706719127027,-1.7288097684403088,-0.0101084
2.2343872607817525,3.233110285310052,-0.411481317870372,0.0301055
2.366120105838747,-3.3535319675396336,-0.14801562775638466,-0.0767927
2.366120105838747,-2.9583334323686525,-0.9384126980983467,-0.0658822
2.366120105838747,-2.8266005873116584,-1.0701455431553404,-0.0612438
2.366120105838747,-0.9823407565137465,-2.255741148668284,0.00913011
2.366120105838747,-0.32367653122877815,-2.650939683839265,0.0203229
2.366120105838747,0.07152200394220287,2.0914427382125087,-0.0407663
2.366120105838747,0.8619190742841649,-2.1240083036112902,0.0293802
2.366120105838747,0.9936519193411586,-1.4653440783263214,0.0248915
2.366120105838747,1.257117609455146,-1.0701455431553404,0.0258853
2.366120105838747,2.9696445951960646,-0.411481317870372,0.016609
2.49785295089574,-3.22179912248264,0.9058471326995647,-0.0768883
2.49785295089574,-2.8266005873116584,1.4327785129275403,-0.0737511
2.49785295089574,-2.6948677422546647,-1.201878388212334,-0.0585064
2.49785295089574,-2.4314020521406774,1.6962442030415277,-0.0708081
2.49785295089574,-2.16793636202669,-1.4653440783263214,-0.0366167
2.49785295089574,0.4667205391131839,-2.3874739937252776,0.0278228
2.6295857959527345,-1.6410049817987153,-1.597076923383315,-0.0139228
2.6295857959527345,0.5984533841701776,-1.8605426134973029,0.0233544
2.6295857959527345,0.7301862292271712,-1.4653440783263214,0.0203834
2.6295857959527345,1.5205832995691342,1.6962442030415277,-0.0122422
2.6295857959527345,2.5744460600250836,0.37891575247159004,0.0111058
2.7613186410097272,-2.16793636202669,1.8279770480985214,-0.0734246
2.7613186410097272,-1.2458064466277339,1.8279770480985214,-0.0606277
2.7613186410097272,-0.9823407565137465,-1.7288097684403088,0.0110927
2.7613186410097272,-0.32367653122877815,-1.9922754585542966,0.0178035
2.7613186410097272,0.07152200394220287,-1.9922754585542966,0.0206639
2.7613186410097272,1.5205832995691342,1.6962442030415277,-0.0168897
2.7613186410097272,2.1792475248541026,0.7741142876425711,0.0213515
2.893051486066722,-2.6948677422546647,-1.201878388212334,-0.0641116
2.893051486066722,-2.6948677422546647,1.564511357984534,-0.0784349
2.893051486066722,-2.16793636202669,1.8279770480985214,-0.0758551
2.893051486066722,-1.1140736015707402,-1.597076923383315,0.00481172
2.893051486066722,0.07152200394220287,-1.597076923383315,0.0205974
2.893051486066722,1.5205832995691342,1.6962442030415277,-0.0214171
2.893051486066722,2.1792475248541026,0.5106485975285837,0.022108
3.0247843311237146,-3.3535319675396336,-0.14801562775638466,-0.0804459
3.0247843311237146,-2.9583334323686525,1.3010456678705467,-0.0805397
3.0247843311237146,0.3349876940561902,-1.3336112332693277,0.0125461
3.0247843311237146,1.7840489896831215,-0.5432141629273657,0.0113488
3.156517176180709,-2.0362035169696964,1.8279770480985214,-0.0797622
3.156517176180709,-1.3775392916847276,-1.4653440783263214,-0.0171621
3.156517176180709,-1.2458064466277339,-1.4653440783263214,-0.0101381
3.156517176180709,-0.32367653122877815,1.959709893155515,-0.0645378
3.156517176180709,1.1253847643981523,1.959709893155515,-0.0445833
3.156517176180709,2.047514679797109,0.37891575247159004,0.0118961
3.2882500212377037,-1.772737826855709,1.8279770480985214,-0.0805057
3.2882500212377037,-1.6410049817987153,1.8279770480985214,-0.0795053
3.2882500212377037,-0.7188750663997592,1.6962442030415277,-0.0684468
3.2882500212377037,-0.5871422213427655,-1.3336112332693277,0.0129739
3.4199828662946965,-3.22179912248264,0.5106485975285837,-0.0828259
3.4199828662946965,-0.4554093762857718,-1.201878388212334,0.00947521
3.4199828662946965,1.1253847643981523,-0.9384126980983467,-0.0169995
3.551715711351691,-2.0362035169696964,1.6962442030415277,-0.0856449
3.551715711351691,-0.7188750663997592,1.564511357984534,-0.0740241
3.551715711351691,0.3349876940561902,-1.0701455431553404,-0.0145079
3.551715711351691,0.9936519193411586,-0.9384126980983467,-0.022509
3.683448556408684,-2.8266005873116584,-0.6749470079843594,-0.0753407
3.683448556408684,-1.6410049817987153,-1.201878388212334,-0.0454357
3.683448556408684,-0.4554093762857718,-0.9384126980983467,-0.00638104
3.683448556408684,-0.19194368617178448,-0.9384126980983467,-0.00952275
3.683448556408684,1.7840489896831215,0.6423814425855774,-0.0247507
3.8151814014656784,-2.6948677422546647,-0.6749470079843594,-0.0745475
3.8151814014656784,-1.1140736015707402,1.4327785129275403,-0.0835559
3.8151814014656784,-0.19194368617178448,-0.806679853041353,-0.0191909
3.8151814014656784,0.5984533841701776,1.8279770480985214,-0.0666111
3.8151814014656784,0.9936519193411586,1.6962442030415277,-0.0590936
3.946914246522671,-2.0362035169696964,-0.9384126980983467,-0.0631024
3.946914246522671,-1.3775392916847276,-0.9384126980983467,-0.0462706
4.078647091579666,-2.563134897197671,-0.411481317870372,-0.0769487
4.078647091579666,-2.4314020521406774,1.0375799777565584,-0.0891306
4.078647091579666,1.257117609455146,1.169312822813553,-0.0544955
4.2103799366366585,-2.4314020521406774,-0.27974847281337833,-0.077979
4.2103799366366585,-1.1140736015707402,-0.411481317870372,-0.0556698
4.2103799366366585,-0.7188750663997592,0.24718290741459636,-0.0640832
4.2103799366366585,-0.7188750663997592,0.37891575247159004,-0.0674841
4.2103799366366585,-0.5871422213427655,0.37891575247159004,-0.0656353
4.2103799366366585,-0.4554093762857718,0.7741142876425711,-0.0726646
4.2103799366366585,0.8619190742841649,1.3010456678705467,-0.0650205
4.342112781693653,-1.772737826855709,0.9058471326995647,-0.0889226
4.342112781693653,-1.6410049817987153,0.9058471326995647,-0.0883329
4.342112781693653,-1.3775392916847276,-0.27974847281337833,-0.066705
4.342112781693653,0.3349876940561902,1.169312822813553,-0.0724887
4.473845626750646,0.20325484899919655,0.37891575247159004,-0.0669998
4.473845626750646,0.20325484899919655,0.5106485975285837,-0.068741
