-5.494458066500275,-0.3051987214693588,-0.5184126855287614,-0.0676916
-5.494458066500275,0.6068540723519407,0.24163130932232058,-0.0577203
-5.342449267530059,0.9108716702923729,-0.36640388655854483,-0.045312
-5.190440468559842,0.4548452733817241,1.0016753041734034,-0.0498413
-5.190440468559842,1.214889268232806,-0.06238628861811257,-0.0388649
-5.038431669589626,-0.6092163194097919,-1.1264478814096277,-0.0608745
-5.038431669589626,0.3028364744115075,-1.2784566803798443,-0.0414813
-5.038431669589626,1.3668980672030226,-0.670421484498978,-0.016304
-5.038431669589626,1.3668980672030226,0.24163130932232058,-0.0363071
-4.886422870619409,-0.0011811235289256317,-1.4304654793500609,-0.045108
-4.886422870619409,1.214889268232806,-1.734483077290494,0.00930944
-4.886422870619409,2.1269420620541055,-1.734483077290494,0.0248458
-4.7344140716491925,-1.369260314260874,0.089622510352104,-0.0447199
-4.7344140716491925,-1.2172515152906582,0.5456489072627537,-0.0358097
-4.7344140716491925,0.3028364744115075,1.4577017010840532,-0.032361
-4.7344140716491925,1.8229244641136724,-2.1905094742011433,0.0277346
-4.7344140716491925,2.4309596599945387,-0.9744390824394111,0.00950476
-4.582405272678976,-1.369260314260874,0.39364010829253715,-0.0317155
-4.582405272678976,-0.9132339173502251,-1.2784566803798443,-0.0534701
-4.582405272678976,0.7588628713221564,-1.8864918762607101,-0.000424565
-4.582405272678976,2.5829684589647552,-1.734483077290494,0.0283177
-4.430396473708759,-1.5212691132310905,-0.21439508758832826,-0.038647
-4.430396473708759,-1.5212691132310905,-0.06238628861811257,-0.0355754
-4.430396473708759,0.15082767544129094,-1.734483077290494,-0.0256465
-4.430396473708759,1.8229244641136724,0.5456489072627537,-0.021317
-4.430396473708759,2.4309596599945387,-0.21439508758832826,-0.00778004
-4.430396473708759,2.5829684589647552,-0.5184126855287614,-0.00150762
-4.278387674738543,-1.2172515152906582,-1.1264478814096277,-0.0461693
-4.278387674738543,0.7588628713221564,1.6097105000542697,-0.019155
-4.278387674738543,1.974933263083889,0.5456489072627537,-0.0181558
-4.278387674738543,2.278950861024322,0.24163130932232058,-0.0142381
-4.278387674738543,2.734977257934972,-1.8864918762607101,0.0307865
-4.126378875768326,-1.5212691132310905,0.6976577062329703,0.0058392
-4.126378875768326,-1.5212691132310905,1.3056929021138366,0.0263571
-4.126378875768326,-1.369260314260874,1.7617192990244863,0.0318647
-4.126378875768326,0.6068540723519407,-2.1905094742011433,-0.00192233
-3.97437007679811,-1.673277912201307,0.8496665052031869,0.0205035
-3.97437007679811,1.8229244641136724,0.8496665052031869,-0.0150723
-3.670352478857677,-1.673277912201307,-0.36640388655854483,-0.0064863
-3.670352478857677,-0.7612251183800085,-1.5824742783202774,-0.0317034
-3.5183436798874603,1.3668980672030226,1.3056929021138366,0.00128448
-3.3663348809172438,-1.369260314260874,-0.9744390824394111,-0.0107033
-3.3663348809172438,-0.9132339173502251,-1.4304654793500609,-0.0231126
-3.3663348809172438,0.3028364744115075,2.3697544949053517,0.0159714
-3.3663348809172438,1.8229244641136724,-2.646535871111793,0.0185237
-3.3663348809172438,2.734977257934972,-2.0385006752309267,0.0268917
-3.214326081947027,-2.129304309111957,1.913728097994702,0.0548833
-3.214326081947027,-0.0011811235289256317,-2.0385006752309267,-0.0166573
-3.214326081947027,-0.0011811235289256317,2.5217632938755683,0.0239108
-3.214326081947027,1.6709156651434558,1.15368410314362,0.00365357
-3.214326081947027,2.734977257934972,0.5456489072627537,-0.0138768
-3.062317282976811,-1.8252867111715236,-0.21439508758832826,0.0435721
-3.062317282976811,-1.8252867111715236,2.3697544949053517,0.0571964
-3.062317282976811,-0.7612251183800085,-1.4304654793500609,-0.0154246
-3.062317282976811,0.4548452733817241,2.3697544949053517,0.0196047
-3.062317282976811,2.278950861024322,1.0016753041734034,-0.00786029
-3.062317282976811,2.8869860569051884,0.39364010829253715,-0.0121145
-2.9103084840065945,-1.9772955101417402,2.217745695935135,0.0574847
-2.9103084840065945,-0.45720752043957535,2.673772092845785,0.0383369
-2.758299685036378,-1.5212691132310905,-0.670421484498978,0.0446898
-2.758299685036378,2.8869860569051884,-1.1264478814096277,0.0186079
-2.6062908860661613,-2.2813131080821734,0.6976577062329703,0.0653663
-2.6062908860661613,0.6068540723519407,2.3697544949053517,0.0252971
-2.6062908860661613,2.1269420620541055,1.3056929021138366,0.00165767
-2.6062908860661613,2.734977257934972,0.8496665052031869,-0.00554788
-2.4542820870959448,0.9108716702923729,-2.34251827317136,-0.0131032
-2.4542820870959448,2.4309596599945387,-1.734483077290494,0.0234039
-2.4542820870959448,3.1910036548456215,-0.21439508758832826,0.00430343
-2.302273288125728,-3.1933659019034724,-0.36640388655854483,0.0832181
-2.302273288125728,-2.8893483039630397,-0.8224302834691946,0.102286
-2.302273288125728,-2.737339504992823,0.8496665052031869,0.048837
-2.302273288125728,2.278950861024322,1.3056929021138366,0.00483748
-2.1502644891555116,-2.5853307060226065,-1.1264478814096277,0.101052
-2.1502644891555116,-1.9772955101417402,-1.1264478814096277,0.100208
-2.1502644891555116,-1.369260314260874,-0.8224302834691946,0.0737549
-2.1502644891555116,-0.9132339173502251,-0.8224302834691946,0.0357554
-2.1502644891555116,0.3028364744115075,2.5217632938755683,0.0427951
-2.1502644891555116,2.8869860569051884,-1.2784566803798443,0.0269731
-1.998255690185295,-3.345374700873689,0.8496665052031869,0.0189746
-1.998255690185295,-3.041357102933256,1.15368410314362,0.0175679
-1.998255690185295,-1.0652427163204417,2.5217632938755683,0.0597516
-1.998255690185295,-0.0011811235289256317,2.673772092845785,0.0499652
-1.998255690185295,1.3668980672030226,-2.1905094742011433,-0.007841
-1.8462468912150785,-0.7612251183800085,-0.8224302834691946,0.0345417
-1.8462468912150785,0.6068540723519407,-2.0385006752309267,-0.0191932
-1.6942380922448619,-1.369260314260874,-1.1264478814096277,0.0593782
-1.6942380922448619,-0.1531899224991422,-1.2784566803798443,-0.0024955
-1.6942380922448619,0.4548452733817241,2.8257808918160014,0.0458823
-1.6942380922448619,0.7588628713221564,-2.0385006752309267,-0.0167099
-1.6942380922448619,1.8229244641136724,1.913728097994702,0.0282465
-1.6942380922448619,2.734977257934972,-1.5824742783202774,0.0281736
-1.5422292932746453,-0.7612251183800085,-1.8864918762607101,-0.0247509
-1.5422292932746453,0.3028364744115075,-1.734483077290494,-0.016713
-1.5422292932746453,1.0628804692625895,-2.0385006752309267,-0.0112537
-1.5422292932746453,1.5189068661732392,-2.0385006752309267,-0.00335244
-1.5422292932746453,2.278950861024322,1.3056929021138366,0.0218656
-1.3902204943044296,-3.649392298814122,-0.8224302834691946,0.0165747
-1.3902204943044296,-0.9132339173502251,-2.4945270721415764,-0.0404641
-1.3902204943044296,0.15082767544129094,-1.5824742783202774,-0.0136408
-1.3902204943044296,0.3028364744115075,3.1297984897564346,0.0451899
-1.3902204943044296,1.974933263083889,1.913728097994702,0.036765
-1.3902204943044296,2.734977257934972,0.8496665052031869,0.0162911
-1.3902204943044296,2.8869860569051884,0.6976577062329703,0.0151853
-1.238211695334213,-0.45720752043957535,-2.4945270721415764,-0.0379233
-1.238211695334213,-0.0011811235289256317,-1.734483077290494,-0.0194249
-1.238211695334213,0.9108716702923729,-1.8864918762607101,-0.00767474
-1.238211695334213,1.5189068661732392,2.8257808918160014,0.0445693
-1.238211695334213,3.1910036548456215,0.24163130932232058,0.0206534
-1.0862028963639965,-3.953409896754555,0.8496665052031869,-0.0172763
-1.0862028963639965,-3.649392298814122,1.3056929021138366,-0.0159898
-1.0862028963639965,-1.8252867111715236,1.913728097994702,0.0293553
-1.0862028963639965,-0.9132339173502251,3.281807288726651,0.056306
-1.0862028963639965,0.9108716702923729,3.1297984897564346,0.0422489
-1.0862028963639965,1.8229244641136724,-1.8864918762607101,0.00345966
-1.0862028963639965,2.1269420620541055,2.217745695935135,0.044532
-1.0862028963639965,2.5829684589647552,0.8496665052031869,0.0221437
-0.9341940973937799,-4.105418695724771,-0.06238628861811257,-0.0154346
-0.9341940973937799,-4.105418695724771,0.39364010829253715,-0.0186773
-0.9341940973937799,-3.8014010977843387,1.15368410314362,-0.0183192
-0.9341940973937799,-2.737339504992823,-1.5824742783202774,0.0266657
-0.9341940973937799,-1.673277912201307,2.3697544949053517,0.0490645
-0.9341940973937799,-1.369260314260874,2.977789690786218,0.0566262
-0.9341940973937799,-1.2172515152906582,3.1297984897564346,0.0564983
-0.9341940973937799,0.4548452733817241,3.281807288726651,0.0414646
-0.9341940973937799,0.7588628713221564,-1.734483077290494,0.000710427
-0.7821852984235633,-3.8014010977843387,-0.8224302834691946,-0.00319069
-0.7821852984235633,-0.45720752043957535,3.4338160876968677,0.0494715
-0.7821852984235633,2.278950861024322,-1.734483077290494,0.00953632
-0.7821852984235633,2.4309596599945387,0.8496665052031869,0.0250157
-0.7821852984235633,2.5829684589647552,-1.5824742783202774,0.0212945
-0.7821852984235633,3.1910036548456215,-0.06238628861811257,0.0258308
-0.6301764994533468,-1.5212691132310905,-3.254571066992659,-0.05073
-0.6301764994533468,-0.9132339173502251,-3.254571066992659,-0.0443692
-0.6301764994533468,-0.3051987214693588,3.4338160876968677,0.0460972
-0.6301764994533468,0.9108716702923729,3.281807288726651,0.0417379
-0.4781677004831302,1.6709156651434558,3.1297984897564346,0.050313
-0.4781677004831302,2.8869860569051884,0.8496665052031869,0.00067688
-0.3261589015129136,-2.737339504992823,-2.34251827317136,-0.0248103
-0.3261589015129136,-2.5853307060226065,-2.646535871111793,-0.0384803
-0.3261589015129136,1.3668980672030226,-2.646535871111793,0.00656265
-0.3261589015129136,1.974933263083889,-2.4945270721415764,-0.0153499
-0.3261589015129136,2.278950861024322,2.5217632938755683,0.0513363
-0.3261589015129136,2.4309596599945387,1.913728097994702,0.0370419
-0.3261589015129136,3.038994855875405,-0.5184126855287614,0.0200087
-0.17415010254269703,-2.2813131080821734,1.7617192990244863,0.019949
-0.17415010254269703,-1.9772955101417402,-3.254571066992659,-0.0527641
-0.17415010254269703,-1.673277912201307,1.913728097994702,0.0446788
-0.17415010254269703,0.3028364744115075,3.281807288726651,0.0365192
-0.17415010254269703,0.6068540723519407,3.281807288726651,0.037641
-0.17415010254269703,0.7588628713221564,3.281807288726651,0.0392122
-0.17415010254269703,1.0628804692625895,3.281807288726651,0.0429464
-0.17415010254269703,1.6709156651434558,3.1297984897564346,0.0510814
-0.17415010254269703,3.3430124538158363,-0.21439508758832826,-0.00480247
-0.17415010254269703,3.4950212527860547,0.8496665052031869,-0.00942535
-0.022141303572480453,-3.345374700873689,-1.1264478814096277,0.0299357
-0.022141303572480453,-2.8893483039630397,-2.0385006752309267,-0.00458421
0.12986749539773612,-2.43332190705239,-2.9505534690522257,-0.0478938
0.12986749539773612,-2.129304309111957,1.6097105000542697,0.0421306
0.12986749539773612,-1.673277912201307,-3.4065798659628754,-0.0521277
0.12986749539773612,1.8229244641136724,-2.9505534690522257,-0.0117941
0.12986749539773612,2.4309596599945387,2.0657368969649186,0.0324649
0.2818762943679527,-2.8893483039630397,-2.0385006752309267,-0.00367416
0.2818762943679527,-0.7612251183800085,-3.4065798659628754,-0.0342361
0.2818762943679527,2.8869860569051884,-1.2784566803798443,-0.0115879
0.2818762943679527,3.1910036548456215,1.7617192990244863,0.00896323
0.43388509333816927,-3.041357102933256,-1.5824742783202774,0.0326654
0.43388509333816927,-2.2813131080821734,1.4577017010840532,0.058859
0.43388509333816927,2.1269420620541055,2.3697544949053517,0.0459168
0.43388509333816927,3.3430124538158363,-0.8224302834691946,-0.0144424
0.585893892308385,-3.1933659019034724,-1.4304654793500609,0.0273788
0.585893892308385,-1.5212691132310905,2.673772092845785,0.00423175
0.585893892308385,-1.369260314260874,-3.4065798659628754,-0.0475664
0.585893892308385,-1.0652427163204417,-3.4065798659628754,-0.0415259
0.585893892308385,0.3028364744115075,2.977789690786218,0.018922
0.585893892308385,3.038994855875405,-1.1264478814096277,-0.0113035
0.585893892308385,3.1910036548456215,1.913728097994702,0.0199708
0.585893892308385,3.6470300517562695,-0.670421484498978,-0.0168276
0.585893892308385,4.103056448666919,0.5456489072627537,0.00152154
0.7379026912786015,-3.649392298814122,0.6976577062329703,0.0113487
0.7379026912786015,-3.345374700873689,1.0016753041734034,0.0318668
0.7379026912786015,-0.9132339173502251,3.1297984897564346,-0.00628628
0.7379026912786015,0.7588628713221564,2.8257808918160014,0.0284808
0.8899114902488181,-2.737339504992823,-2.0385006752309267,-0.0069355
0.8899114902488181,0.9108716702923729,2.673772092845785,0.0305738
0.8899114902488181,3.3430124538158363,1.913728097994702,0.0361378
1.0419202892190347,-4.105418695724771,-0.21439508758832826,-0.0178626
1.0419202892190347,-3.8014010977843387,0.6976577062329703,0.0129999
1.0419202892190347,-3.345374700873689,1.15368410314362,0.0486052
1.0419202892190347,-1.9772955101417402,2.5217632938755683,-8.54702e-05
1.1939290881892513,-3.041357102933256,-1.734483077290494,-0.00515195
1.1939290881892513,1.6709156651434558,2.0657368969649186,0.0431657
1.3459378871594678,-3.4973834998439055,1.15368410314362,0.0555841
1.4979466861296844,-0.9132339173502251,-2.798544670082009,-0.0268891
1.4979466861296844,1.8229244641136724,-3.1025622680224423,-0.0267027
1.649955485099901,-0.3051987214693588,-2.34251827317136,0.0180037
1.649955485099901,-0.0011811235289256317,-2.4945270721415764,0.0295098
1.649955485099901,1.5189068661732392,-3.1025622680224423,-0.0217131
1.649955485099901,2.5829684589647552,-2.4945270721415764,-0.0304344
1.8019642840701176,-3.8014010977843387,-1.2784566803798443,-0.0315892
1.8019642840701176,-3.649392298814122,-1.4304654793500609,-0.0314265
1.8019642840701176,-2.5853307060226065,1.7617192990244863,0.0919824
1.8019642840701176,-0.6092163194097919,-2.0385006752309267,0.00785678
1.8019642840701176,0.9108716702923729,2.5217632938755683,0.0171316
1.8019642840701176,2.278950861024322,2.0657368969649186,0.0609849
1.8019642840701176,2.5829684589647552,-2.34251827317136,-0.0262915
1.8019642840701176,3.1910036548456215,-0.9744390824394111,0.0160893
1.9539730830403341,-4.105418695724771,0.089622510352104,-0.0031475
1.9539730830403341,-0.7612251183800085,-1.4304654793500609,0.0340302
1.9539730830403341,-0.3051987214693588,-1.5824742783202774,0.0421779
1.9539730830403341,-0.0011811235289256317,-2.0385006752309267,0.027864
2.1059818820105507,-3.953409896754555,0.39364010829253715,0.0177491
2.1059818820105507,-3.8014010977843387,0.6976577062329703,0.0424095
2.1059818820105507,-1.5212691132310905,-1.5824742783202774,-0.00244533
2.1059818820105507,-1.5212691132310905,2.977789690786218,-0.00612951
2.1059818820105507,-1.0652427163204417,-1.2784566803798443,0.0244903
2.1059818820105507,-0.6092163194097919,3.281807288726651,-0.00976902
2.1059818820105507,-0.45720752043957535,-1.2784566803798443,0.0429294
2.1059818820105507,-0.3051987214693588,-1.4304654793500609,0.0406528
2.1059818820105507,0.9108716702923729,2.3697544949053517,0.0262607
2.1059818820105507,1.6709156651434558,1.7617192990244863,0.0620411
2.1059818820105507,1.974933263083889,-2.646535871111793,-0.0289155
2.1059818820105507,2.734977257934972,-1.1264478814096277,0.0447443
2.2579906809807673,-3.649392298814122,0.8496665052031869,0.0635778
2.2579906809807673,2.4309596599945387,-1.5824742783202774,0.0201595
2.2579906809807673,3.6470300517562695,-0.21439508758832826,0.0437645
2.409999479950984,-3.8014010977843387,0.39364010829253715,0.0279175
2.409999479950984,-3.649392298814122,0.6976577062329703,0.0556588
2.409999479950984,-3.345374700873689,-1.4304654793500609,-0.0346235
2.409999479950984,-0.7612251183800085,-0.8224302834691946,0.021276
2.409999479950984,2.278950861024322,-1.5824742783202774,0.0208425
2.5620082789212004,-3.8014010977843387,-0.670421484498978,-0.0212499
2.5620082789212004,-3.8014010977843387,0.089622510352104,0.0110406
2.5620082789212004,-3.041357102933256,1.3056929021138366,0.116136
2.5620082789212004,-2.737339504992823,-1.5824742783202774,-0.0345347
2.5620082789212004,1.6709156651434558,-2.0385006752309267,-0.0106412
2.5620082789212004,2.278950861024322,1.6097105000542697,0.0866762
2.714017077891417,-3.1933659019034724,-1.2784566803798443,-0.033003
2.714017077891417,-3.1933659019034724,1.0016753041734034,0.0967993
2.714017077891417,-1.2172515152906582,-0.670421484498978,-0.00499112
2.714017077891417,-0.1531899224991422,2.8257808918160014,0.0253011
2.714017077891417,0.7588628713221564,2.0657368969649186,0.0497709
2.714017077891417,1.5189068661732392,1.6097105000542697,0.0388965
2.714017077891417,1.974933263083889,-1.5824742783202774,0.00984658
2.714017077891417,1.974933263083889,1.4577017010840532,0.0587432
2.714017077891417,2.278950861024322,-1.2784566803798443,0.0254105
2.8660258768616336,-3.4973834998439055,-0.670421484498978,-0.0182268
2.8660258768616336,-1.8252867111715236,1.15368410314362,0.0765394
2.8660258768616336,-1.369260314260874,2.3697544949053517,0.0327739
2.8660258768616336,2.734977257934972,-0.36640388655854483,0.0390427
3.01803467583185,-2.2813131080821734,-1.1264478814096277,-0.0295512
3.01803467583185,-2.2813131080821734,0.8496665052031869,0.0871199
3.01803467583185,-1.369260314260874,2.0657368969649186,0.047744
3.01803467583185,-0.9132339173502251,0.089622510352104,0.00924306
3.170043474802065,-2.5853307060226065,-0.8224302834691946,-0.0222058
3.170043474802065,-2.129304309111957,0.24163130932232058,0.0336838
3.170043474802065,-1.0652427163204417,0.8496665052031869,0.0613898
3.170043474802065,-0.1531899224991422,-1.4304654793500609,-0.0342756
3.170043474802065,1.974933263083889,1.3056929021138366,0.0228307
3.170043474802065,2.278950861024322,-1.1264478814096277,-0.00666794
3.170043474802065,2.4309596599945387,0.8496665052031869,0.0439478
3.170043474802065,2.5829684589647552,0.5456489072627537,0.0437266
3.3220522737722833,-1.0652427163204417,1.4577017010840532,0.0762276
3.3220522737722833,0.15082767544129094,-1.5824742783202774,-0.0400113
3.3220522737722833,0.4548452733817241,1.7617192990244863,0.0539247
3.3220522737722833,1.214889268232806,1.6097105000542697,0.00657165
3.3220522737722833,2.4309596599945387,-0.8224302834691946,-0.00985421
3.3220522737722833,2.5829684589647552,-0.36640388655854483,0.00084499
3.474061072742498,1.8229244641136724,1.3056929021138366,-0.000880228
3.6260698717127164,-0.6092163194097919,0.5456489072627537,0.00435118
3.6260698717127164,1.3668980672030226,1.4577017010840532,-0.00983239
3.7780786706829312,-0.6092163194097919,-0.21439508758832826,-0.0351541
3.7780786706829312,2.4309596599945387,-0.06238628861811257,-0.0218831
4.082096268623364,-0.3051987214693588,0.39364010829253715,-0.0272318
4.082096268623364,-0.1531899224991422,-0.8224302834691946,-0.0523779
4.082096268623364,0.15082767544129094,-1.1264478814096277,-0.0553472
4.082096268623364,0.15082767544129094,1.0016753041734034,-0.0143136
4.082096268623364,0.4548452733817241,1.15368410314362,-0.0172654
4.082096268623364,2.1269420620541055,0.39364010829253715,-0.0320837
4.234105067593581,0.4548452733817241,-1.1264478814096277,-0.0570725
4.3861138665637975,0.6068540723519407,-0.9744390824394111,-0.0574445
4.3861138665637975,0.7588628713221564,0.8496665052031869,-0.036318
4.3861138665637975,1.0628804692625895,0.8496665052031869,-0.038415
4.3861138665637975,1.8229244641136724,-0.36640388655854483,-0.0498557
4.538122665534014,0.3028364744115075,0.089622510352104,-0.0470502
4.538122665534014,0.4548452733817241,-0.5184126855287614,-0.0549554
4.538122665534014,0.7588628713221564,0.5456489072627537,-0.0431246
4.538122665534014,1.0628804692625895,0.5456489072627537,-0.044546
4.538122665534014,1.214889268232806,-0.670421484498978,-0.0562312
4.538122665534014,1.3668980672030226,0.39364010829253715,-0.0464558
4.538122665534014,1.5189068661732392,-0.36640388655854483,-0.0531592
