-7.3951445921964245,-2.7142858999132335,1.211475546062064,-0.0260612
-7.3951445921964245,-2.7142858999132335,1.3822648441548466,-0.0260607
-7.224355294103641,-2.372707303727667,0.8698969498764964,-0.0308509
-7.224355294103641,-2.201918005634883,1.3822648441548466,-0.0327889
-6.882776697918074,-3.739021688469935,0.6991076517837129,-0.0338483
-6.882776697918074,1.384657254313571,1.3822648441548466,-0.0243604
-6.711987399825291,-3.9098109865627184,1.8946327384331978,-0.0289116
-6.711987399825291,-2.372707303727667,2.407000632711547,-0.0412094
-6.711987399825291,-1.6895501113565325,1.211475546062064,-0.0520457
-6.541198101732507,-2.372707303727667,0.18673975750536265,-0.0452086
-6.541198101732507,1.043078658128004,0.6991076517837129,-0.0472983
-6.370408803639723,-4.080600284655501,2.0654220365259803,-0.0269311
-6.370408803639723,-3.568232390377151,2.5777899308043306,-0.0282428
-6.370408803639723,-2.8850751980060174,0.015950459412578333,-0.0468075
-6.370408803639723,1.2138679562207866,2.2362113346187646,-0.0238334
-6.370408803639723,3.092550235241406,0.3575290555981461,-0.0526035
-6.19961950554694,-3.568232390377151,2.748579228897116,-0.0283934
-6.19961950554694,-2.372707303727667,2.9193685269898992,-0.0427151
-6.19961950554694,-1.860339409449316,0.3575290555981461,-0.0582641
-6.19961950554694,-0.8356036208926154,0.18673975750536265,-0.0877246
-6.19961950554694,-0.8356036208926154,1.7238434403404144,-0.095718
-6.19961950554694,-0.15244642852148083,1.211475546062064,-0.0932836
-6.19961950554694,2.9217609371486226,1.8946327384331978,-0.031412
-6.19961950554694,3.7757074276125397,0.18673975750536265,-0.0496549
-6.19961950554694,3.7757074276125397,1.0406862479692798,-0.0339494
-6.028830207454156,-2.372707303727667,0.015950459412578333,-0.0577569
-6.028830207454156,-0.15244642852148083,0.18673975750536265,-0.0863386
-6.028830207454156,0.18913216766408603,1.211475546062064,-0.0819568
-6.028830207454156,1.5554465524063534,-0.49641743486577194,-0.074751
-6.028830207454156,1.7262358504991369,2.5777899308043306,-0.0285514
-6.028830207454156,3.604918129519758,-0.32562813677298763,-0.0618108
-6.028830207454156,4.80044321616924,0.5283183536909286,-0.0234688
-5.858040909361373,-4.422178880841069,2.2362113346187646,-0.0263872
-5.858040909361373,1.5554465524063534,-0.6672067329585554,-0.0775642
-5.858040909361373,3.7757074276125397,1.7238434403404144,-0.0309026
-5.858040909361373,4.28807532189089,1.7238434403404144,-0.0226099
-5.858040909361373,4.4588646199836734,-0.1548388386802051,-0.0458304
-5.687251611268589,-3.739021688469935,0.015950459412578333,-0.0499573
-5.687251611268589,0.18913216766408603,-0.1548388386802051,-0.0743364
-5.687251611268589,0.7015000619424363,-0.32562813677298763,-0.0714191
-5.687251611268589,0.7015000619424363,2.0654220365259803,-0.053832
-5.687251611268589,0.8722893600352206,-0.49641743486577194,-0.0743686
-5.687251611268589,1.7262358504991369,-0.8379960310513388,-0.0788496
-5.687251611268589,2.0678144466847055,-0.8379960310513388,-0.0776002
-5.687251611268589,3.604918129519758,1.8946327384331978,-0.0347799
-5.687251611268589,3.7757074276125397,1.8946327384331978,-0.0329897
-5.687251611268589,3.946496725705323,-0.6672067329585554,-0.0643057
-5.687251611268589,5.142021812354809,0.3575290555981461,-0.0208279
-5.516462313175806,-1.3479715151709657,-0.49641743486577194,-0.0811609
-5.516462313175806,2.4093930428702723,2.5777899308043306,-0.0442754
-5.3456730150830225,-4.422178880841069,2.5777899308043306,-0.0306873
-5.3456730150830225,-4.251389582748285,2.748579228897116,-0.0315483
-5.3456730150830225,-2.0311287075420994,3.4317364212682495,-0.0379313
-5.3456730150830225,0.0183428695713026,2.2362113346187646,-0.0958505
-5.3456730150830225,1.384657254313571,2.5777899308043306,-0.0499087
-5.174883716990239,-0.15244642852148083,2.407000632711547,-0.0985597
-5.174883716990239,4.629653918076459,2.0654220365259803,-0.025825
-5.004094418897456,-5.105336073212203,1.8946327384331978,-0.0247122
-5.004094418897456,-0.4940250247070477,2.5777899308043306,-0.0980838
-5.004094418897456,0.18913216766408603,2.2362113346187646,-0.0914824
-5.004094418897456,5.483600408540376,0.5283183536909286,-0.0169578
-4.833305120804672,-5.105336073212203,1.8946327384331978,-0.0252703
-4.833305120804672,0.5307107638496529,2.0654220365259803,-0.0771586
-4.833305120804672,3.7757074276125397,-1.350363925329689,-0.0733478
-4.833305120804672,5.142021812354809,-0.1548388386802051,-0.0347511
-4.662515822711889,-1.1771822170781814,-2.2043104157936066,-0.127203
-4.662515822711889,-0.15244642852148083,-2.0335211177008237,-0.121168
-4.662515822711889,0.35992146575687034,-1.350363925329689,-0.0782645
-4.662515822711889,1.2138679562207866,2.407000632711547,-0.0681621
-4.662515822711889,1.5554465524063534,-1.350363925329689,-0.0724322
-4.662515822711889,3.2633395333341895,2.407000632711547,-0.0600643
-4.491726524619105,-5.105336073212203,1.7238434403404144,-0.0265416
-4.491726524619105,-3.2266537941915843,3.602525719361033,-0.0318734
-4.491726524619105,-2.0311287075420994,-1.0087853291441222,-0.103691
-4.491726524619105,0.5307107638496529,2.0654220365259803,-0.0768465
-4.491726524619105,1.897025148591922,2.5777899308043306,-0.0684501
-4.320937226526321,-2.0311287075420994,3.260947123175466,-0.0410035
-4.320937226526321,4.629653918076459,-1.0087853291441222,-0.0537698
-4.150147928433538,-3.2266537941915843,-0.6672067329585554,-0.103854
-4.150147928433538,-1.0063929189853988,2.5777899308043306,-0.0825671
-4.150147928433538,4.9712325142620255,-0.32562813677298763,-0.0350933
-4.150147928433538,5.312811110447591,0.6991076517837129,-0.0273295
-3.979358630340754,-1.6895501113565325,2.407000632711547,-0.0617823
-3.979358630340754,1.897025148591922,2.407000632711547,-0.0754875
-3.979358630340754,2.238603744777487,2.407000632711547,-0.0748123
-3.979358630340754,4.629653918076459,1.8946327384331978,-0.0509365
-3.808569332247971,-4.592968178933853,1.55305414224763,-0.0408716
-3.808569332247971,-2.201918005634883,2.5777899308043306,-0.0521632
-3.808569332247971,-1.0063929189853988,-3.3998355024430915,-0.135131
-3.808569332247971,0.8722893600352206,2.0654220365259803,-0.0733179
-3.808569332247971,1.2138679562207866,-1.6919425215152564,-0.0922042
-3.808569332247971,1.384657254313571,2.2362113346187646,-0.076674
-3.6377800341551874,-4.251389582748285,1.3822648441548466,-0.0491864
-3.6377800341551874,-3.9098109865627184,1.8946327384331978,-0.053151
-3.6377800341551874,-3.568232390377151,0.015950459412578333,-0.0909998
-3.6377800341551874,-2.8850751980060174,2.5777899308043306,-0.0525491
-3.6377800341551874,-0.15244642852148083,-3.3998355024430915,-0.136504
-3.6377800341551874,0.18913216766408603,-3.229046204350308,-0.136033
-3.6377800341551874,1.043078658128004,2.0654220365259803,-0.0738279
-3.6377800341551874,1.5554465524063534,-1.8627318196080398,-0.0994237
-3.6377800341551874,4.9712325142620255,1.0406862479692798,-0.0422479
-3.466990736062404,1.043078658128004,-1.8627318196080398,-0.107273
-3.466990736062404,1.384657254313571,2.0654220365259803,-0.0751765
-3.2962014379696196,-2.372707303727667,-1.6919425215152564,-0.106372
-3.2962014379696196,-2.201918005634883,-2.7166783100719574,-0.125532
-3.2962014379696196,-1.5187608132637491,-3.3998355024430915,-0.133039
-3.2962014379696196,-1.0063929189853988,-3.5706248005358754,-0.13478
-3.2962014379696196,2.750971639055839,1.8946327384331978,-0.0750389
-3.125412139876837,0.5307107638496529,-3.0582569062575247,-0.134389
-3.125412139876837,2.750971639055839,1.7238434403404144,-0.0724978
-3.125412139876837,3.434128831426973,1.8946327384331978,-0.0778785
-3.125412139876837,5.142021812354809,-0.8379960310513388,-0.0227695
-2.9546228417840537,0.5307107638496529,-3.0582569062575247,-0.134199
-2.9546228417840537,3.092550235241406,1.7238434403404144,-0.0761832
-2.9546228417840537,4.629653918076459,1.0406862479692798,-0.0554389
-2.9546228417840537,4.9712325142620255,0.3575290555981461,-0.03366
-2.7838335436912693,-2.8850751980060174,1.0406862479692798,-0.104218
-2.7838335436912693,-1.860339409449316,1.3822648441548466,-0.0730698
-2.7838335436912693,0.35992146575687034,1.55305414224763,-0.0519756
-2.7838335436912693,2.750971639055839,-1.8627318196080398,-0.0768299
-2.7838335436912693,3.946496725705323,1.55305414224763,-0.0742106
-2.613044245598486,-2.372707303727667,-2.2043104157936066,-0.106906
-2.613044245598486,-2.201918005634883,-2.7166783100719574,-0.119384
-2.613044245598486,2.5801823409630558,-1.8627318196080398,-0.0861857
-2.4422549475057034,-2.54349660182045,0.5283183536909286,-0.102299
-2.4422549475057034,0.18913216766408603,-3.229046204350308,-0.134933
-2.4422549475057034,0.35992146575687034,1.211475546062064,-0.0415751
-2.4422549475057034,3.2633395333341895,1.3822648441548466,-0.0733006
-2.4422549475057034,4.629653918076459,0.6991076517837129,-0.0494779
-2.271465649412919,-2.7142858999132335,-0.1548388386802051,-0.0980792
-2.271465649412919,-1.6895501113565325,1.3822648441548466,-0.0384243
-2.271465649412919,4.629653918076459,-1.5211532234224734,-0.0203167
-2.271465649412919,4.80044321616924,0.3575290555981461,-0.0382265
-2.1006763513201356,-2.7142858999132335,0.18673975750536265,-0.0997528
-2.1006763513201356,-2.54349660182045,-2.0335211177008237,-0.0736018
-2.1006763513201356,1.043078658128004,0.6991076517837129,-0.0701994
-2.1006763513201356,4.4588646199836734,-1.5211532234224734,-0.0218742
-1.9298870532273522,-2.7142858999132335,-2.2043104157936066,-0.0644284
-1.9298870532273522,0.7015000619424363,0.5283183536909286,-0.0661259
-1.9298870532273522,3.946496725705323,-1.5211532234224734,-0.0325182
-1.9298870532273522,4.28807532189089,0.5283183536909286,-0.0517748
-1.759097755134568,-2.54349660182045,0.6991076517837129,-0.0900776
-1.759097755134568,0.5307107638496529,0.6991076517837129,-0.063938
-1.759097755134568,3.7757074276125397,0.5283183536909286,-0.0599946
-1.759097755134568,3.946496725705323,-1.350363925329689,-0.0325643
-1.5883084570417854,-2.7142858999132335,0.3575290555981461,-0.0948615
-1.5883084570417854,0.5307107638496529,0.6991076517837129,-0.0700349
-1.5883084570417854,2.4093930428702723,0.3575290555981461,-0.0929963
-1.5883084570417854,2.750971639055839,-0.6672067329585554,-0.079574
-1.5883084570417854,2.9217609371486226,-0.32562813677298763,-0.0704606
-1.5883084570417854,2.9217609371486226,-0.1548388386802051,-0.0714966
-1.417519158949002,-2.7142858999132335,0.3575290555981461,-0.0938179
-1.417519158949002,-2.372707303727667,-2.8874676081647412,-0.0600713
-1.417519158949002,0.5307107638496529,0.6991076517837129,-0.0755824
-1.417519158949002,2.0678144466847055,-1.5211532234224734,-0.114009
-1.417519158949002,2.4093930428702723,-0.1548388386802051,-0.0975014
-1.2467298608562176,0.35992146575687034,-2.0335211177008237,-0.0928212
-1.2467298608562176,2.238603744777487,-0.32562813677298763,-0.103147
-1.0759405627634342,-3.2266537941915843,-2.3750997138863905,-0.0477753
-1.0759405627634342,-3.0558644960988004,-0.49641743486577194,-0.0770668
-1.0759405627634342,-2.8850751980060174,0.3575290555981461,-0.103164
-1.0759405627634342,-2.8850751980060174,0.5283183536909286,-0.108564
-1.0759405627634342,-1.0063929189853988,1.7238434403404144,-0.00578221
-1.0759405627634342,-0.15244642852148083,1.3822648441548466,-0.0277949
-1.0759405627634342,1.2138679562207866,-2.5458890119791744,-0.117821
-1.0759405627634342,1.384657254313571,-2.5458890119791744,-0.119752
-1.0759405627634342,2.4093930428702723,-0.49641743486577194,-0.0986947
-0.9051512646706517,-2.7142858999132335,-2.8874676081647412,-0.0476831
-0.9051512646706517,-2.372707303727667,1.211475546062064,-0.0950142
-0.9051512646706517,-2.201918005634883,1.211475546062064,-0.0803239
-0.9051512646706517,1.384657254313571,-2.7166783100719574,-0.118894
-0.7343619665778673,-0.4940250247070477,-2.8874676081647412,-0.0790218
-0.7343619665778673,0.5307107638496529,-2.7166783100719574,-0.0989803
-0.7343619665778673,2.4093930428702723,-2.3750997138863905,-0.116306
-0.5635726684850848,-3.739021688469935,1.3822648441548466,-0.146086
-0.5635726684850848,-2.54349660182045,1.7238434403404144,-0.122477
-0.5635726684850848,-1.0063929189853988,-3.0582569062575247,-0.0701345
-0.5635726684850848,0.0183428695713026,0.8698969498764964,-0.0708402
-0.5635726684850848,1.7262358504991369,-2.8874676081647412,-0.118271
-0.5635726684850848,2.9217609371486226,-1.0087853291441222,-0.0905025
-0.3927833703923014,-1.1771822170781814,1.211475546062064,-0.0357232
-0.3927833703923014,2.9217609371486226,-0.6672067329585554,-0.0869156
-0.22199407229951618,-0.15244642852148083,-3.3998355024430915,-0.0677904
-0.22199407229951618,0.0183428695713026,0.6991076517837129,-0.0858895
-0.22199407229951618,0.5307107638496529,-3.0582569062575247,-0.0877389
-0.22199407229951618,1.5554465524063534,-3.0582569062575247,-0.112082
-0.22199407229951618,2.4093930428702723,0.3575290555981461,-0.105504
-0.05120477420673275,-3.397443092284368,-1.1795746272369056,-0.0733184
-0.05120477420673275,-3.0558644960988004,-2.2043104157936066,-0.0558289
-0.05120477420673275,1.7262358504991369,-3.0582569062575247,-0.110782
-0.05120477420673275,2.750971639055839,-2.3750997138863905,-0.10578
-0.05120477420673275,3.092550235241406,-1.350363925329689,-0.0871693
-0.05120477420673275,3.092550235241406,-1.1795746272369056,-0.084802
0.1195845238860489,-1.1771822170781814,-3.5706248005358754,-0.0562658
0.1195845238860489,-0.8356036208926154,0.8698969498764964,-0.0564507
0.1195845238860489,0.0183428695713026,-3.5706248005358754,-0.0620011
0.2903738219788341,0.0183428695713026,0.6991076517837129,-0.102104
0.4611631200716175,-4.080600284655501,1.7238434403404144,-0.156827
0.4611631200716175,-2.8850751980060174,-1.8627318196080398,-0.0588444
0.4611631200716175,-0.4940250247070477,0.6991076517837129,-0.0809306
0.4611631200716175,3.092550235241406,-1.5211532234224734,-0.0808893
0.4611631200716175,3.092550235241406,-1.0087853291441222,-0.0744478
0.631952418164401,-2.0311287075420994,2.0654220365259803,-0.141624
0.631952418164401,2.750971639055839,-2.3750997138863905,-0.0925063
0.631952418164401,3.092550235241406,-1.350363925329689,-0.0752704
0.631952418164401,3.092550235241406,-1.1795746272369056,-0.073206
0.8027417162571844,-2.0311287075420994,2.0654220365259803,-0.146862
0.9735310143499678,-3.9098109865627184,-0.6672067329585554,-0.120791
0.9735310143499678,-3.0558644960988004,-1.5211532234224734,-0.071972
0.9735310143499678,-2.8850751980060174,-1.6919425215152564,-0.0711036
0.9735310143499678,-2.54349660182045,2.2362113346187646,-0.160958
0.9735310143499678,-1.3479715151709657,-3.5706248005358754,-0.0561706
0.9735310143499678,0.0183428695713026,0.6991076517837129,-0.117552
0.9735310143499678,1.5554465524063534,0.8698969498764964,-0.13411
0.9735310143499678,3.092550235241406,-1.0087853291441222,-0.070106
1.1443203124427512,1.043078658128004,0.8698969498764964,-0.135912
1.1443203124427512,2.4093930428702723,-2.8874676081647412,-0.0797005
1.3151096105355347,-4.080600284655501,-0.32562813677298763,-0.14104
1.3151096105355347,-3.739021688469935,1.8946327384331978,-0.171869
1.3151096105355347,-3.568232390377151,-0.8379960310513388,-0.110094
1.3151096105355347,-3.397443092284368,-1.0087853291441222,-0.0981947
1.3151096105355347,-2.54349660182045,-2.0335211177008237,-0.0906334
1.3151096105355347,-1.0063929189853988,1.0406862479692798,-0.110418
1.3151096105355347,2.4093930428702723,-3.0582569062575247,-0.0733982
1.3151096105355347,3.092550235241406,-0.49641743486577194,-0.0774541
1.4858989086283199,-1.1771822170781814,-3.3998355024430915,-0.0627818
1.4858989086283199,0.7015000619424363,0.6991076517837129,-0.13292
1.4858989086283199,1.2138679562207866,0.6991076517837129,-0.134166
1.4858989086283199,2.4093930428702723,0.18673975750536265,-0.108762
1.6566882067211015,-4.080600284655501,0.015950459412578333,-0.156287
1.6566882067211015,-3.397443092284368,1.8946327384331978,-0.183121
1.6566882067211015,2.0678144466847055,0.3575290555981461,-0.121359
1.827477504813885,-1.860339409449316,1.55305414224763,-0.17645
1.827477504813885,-1.5187608132637491,1.211475546062064,-0.149096
1.827477504813885,-1.0063929189853988,1.0406862479692798,-0.128027
1.827477504813885,-0.6648143227998311,-3.229046204350308,-0.0677961
1.827477504813885,3.092550235241406,-2.3750997138863905,-0.0755941
1.9982668029066701,-2.7142858999132335,-1.6919425215152564,-0.123844
1.9982668029066701,-1.1771822170781814,1.211475546062064,-0.148055
1.9982668029066701,1.2138679562207866,2.2362113346187646,-0.100879
1.9982668029066701,3.434128831426973,1.55305414224763,-0.15667
2.169056100999452,-3.0558644960988004,-0.32562813677298763,-0.132291
2.169056100999452,-0.6648143227998311,1.211475546062064,-0.143381
2.169056100999452,0.0183428695713026,1.0406862479692798,-0.133373
2.169056100999452,0.18913216766408603,-2.8874676081647412,-0.0765632
2.169056100999452,0.18913216766408603,3.090157825082681,-0.0813698
2.169056100999452,0.5307107638496529,1.7238434403404144,-0.126363
2.169056100999452,0.7015000619424363,-3.3998355024430915,-0.0660012
2.169056100999452,1.384657254313571,0.6991076517837129,-0.128463
2.169056100999452,1.5554465524063534,0.8698969498764964,-0.132079
2.169056100999452,3.604918129519758,0.8698969498764964,-0.152119
2.339845399092235,-3.2266537941915843,1.0406862479692798,-0.194098
2.339845399092235,-2.8850751980060174,-0.32562813677298763,-0.127372
2.339845399092235,-0.4940250247070477,1.3822648441548466,-0.149818
2.339845399092235,0.7015000619424363,3.9441043155466,-0.0389325
2.339845399092235,1.384657254313571,-3.741414098628659,-0.0566167
2.339845399092235,1.897025148591922,-3.741414098628659,-0.0547494
2.339845399092235,2.0678144466847055,3.260947123175466,-0.0533008
2.339845399092235,3.2633395333341895,-2.2043104157936066,-0.0746423
2.339845399092235,3.7757074276125397,1.8946327384331978,-0.157224
2.5106346971850204,-2.8850751980060174,-0.49641743486577194,-0.13337
2.5106346971850204,-0.4940250247070477,2.407000632711547,-0.129156
2.5106346971850204,0.0183428695713026,-2.7166783100719574,-0.0902273
2.5106346971850204,1.5554465524063534,-3.741414098628659,-0.0561917
2.5106346971850204,1.7262358504991369,-3.741414098628659,-0.05546
2.5106346971850204,2.5801823409630558,2.748579228897116,-0.11956
2.5106346971850204,3.434128831426973,0.015950459412578333,-0.125905
2.681423995277802,-3.0558644960988004,-0.32562813677298763,-0.147573
2.681423995277802,-3.0558644960988004,1.0406862479692798,-0.193161
2.681423995277802,-3.0558644960988004,1.211475546062064,-0.199335
2.681423995277802,-0.4940250247070477,-2.5458890119791744,-0.104743
2.681423995277802,-0.4940250247070477,2.9193685269898992,-0.105054
2.681423995277802,-0.15244642852148083,3.4317364212682495,-0.0814998
2.681423995277802,1.897025148591922,3.9441043155466,-0.0379664
2.681423995277802,2.9217609371486226,-2.7166783100719574,-0.0716515
2.681423995277802,3.092550235241406,-2.3750997138863905,-0.0748981
2.8522132933705873,-1.860339409449316,2.748579228897116,-0.182929
2.8522132933705873,-1.0063929189853988,-2.3750997138863905,-0.117279
2.8522132933705873,0.0183428695713026,3.7733150174538164,-0.0723845
2.8522132933705873,0.35992146575687034,-2.8874676081647412,-0.0896444
3.0230025914633707,-3.397443092284368,-0.1548388386802051,-0.17224
3.0230025914633707,-3.2266537941915843,1.55305414224763,-0.205211
3.0230025914633707,2.9217609371486226,-2.3750997138863905,-0.0747487
3.0230025914633707,3.434128831426973,-1.5211532234224734,-0.072922
3.0230025914633707,4.117286023798108,2.0654220365259803,-0.156271
3.1937918895561523,-2.7142858999132335,2.5777899308043306,-0.199389
3.1937918895561523,0.0183428695713026,-2.7166783100719574,-0.107171
3.1937918895561523,3.434128831426973,-0.32562813677298763,-0.125035
3.3645811876489375,2.238603744777487,-2.8874676081647412,-0.0685849
3.3645811876489375,3.092550235241406,-1.6919425215152564,-0.0749477
3.3645811876489375,3.2633395333341895,-1.0087853291441222,-0.0848317
3.3645811876489375,3.2633395333341895,2.9193685269898992,-0.1397
3.3645811876489375,3.434128831426973,-0.32562813677298763,-0.130357
3.535370485741721,-3.739021688469935,-1.350363925329689,-0.19094
3.535370485741721,-3.739021688469935,0.015950459412578333,-0.192442
3.535370485741721,-3.397443092284368,1.55305414224763,-0.206488
3.535370485741721,-2.201918005634883,-2.2043104157936066,-0.179697
3.535370485741721,-1.1771822170781814,-2.2043104157936066,-0.144751
3.535370485741721,3.2633395333341895,2.9193685269898992,-0.138876
3.535370485741721,3.604918129519758,2.748579228897116,-0.147039
3.7061597838345026,-3.2266537941915843,-2.0335211177008237,-0.190612
3.7061597838345026,-0.15244642852148083,3.9441043155466,-0.0998714
3.7061597838345026,1.7262358504991369,-2.5458890119791744,-0.0717967
3.7061597838345026,2.4093930428702723,-2.2043104157936066,-0.0712539
3.7061597838345026,3.092550235241406,-1.1795746272369056,-0.0827605
3.7061597838345026,3.092550235241406,-0.8379960310513388,-0.096079
3.876949081927288,-3.9098109865627184,0.015950459412578333,-0.199736
3.876949081927288,-3.397443092284368,1.7238434403404144,-0.208912
3.876949081927288,0.8722893600352206,-2.5458890119791744,-0.0849631
3.876949081927288,1.897025148591922,-2.3750997138863905,-0.0707578
3.876949081927288,3.092550235241406,-1.350363925329689,-0.0780936
3.876949081927288,3.092550235241406,2.9193685269898992,-0.132056
3.876949081927288,3.604918129519758,-0.1548388386802051,-0.144564
3.876949081927288,4.28807532189089,0.8698969498764964,-0.155482
4.047738380020071,-2.8850751980060174,2.5777899308043306,-0.202192
4.047738380020071,-2.201918005634883,-2.3750997138863905,-0.187291
4.047738380020071,1.384657254313571,4.285682911732167,-0.107628
4.047738380020071,2.9217609371486226,2.9193685269898992,-0.124794
4.047738380020071,4.28807532189089,1.3822648441548466,-0.154792
4.218527678112855,-4.080600284655501,-1.0087853291441222,-0.197904
4.218527678112855,-3.9098109865627184,0.18673975750536265,-0.205165
4.218527678112855,-3.397443092284368,1.0406862479692798,-0.209849
4.218527678112855,-3.397443092284368,1.211475546062064,-0.210783
4.218527678112855,-3.397443092284368,1.3822648441548466,-0.211163
4.218527678112855,2.750971639055839,2.9193685269898992,-0.117076
4.218527678112855,3.434128831426973,-0.1548388386802051,-0.140916
4.389316976205638,-1.860339409449316,2.9193685269898992,-0.180652
4.389316976205638,-1.3479715151709657,2.9193685269898992,-0.154687
4.389316976205638,4.117286023798108,1.55305414224763,-0.152523
4.5601062742984215,-3.739021688469935,-1.6919425215152564,-0.195777
4.5601062742984215,-2.54349660182045,-2.3750997138863905,-0.192132
4.5601062742984215,-0.15244642852148083,-2.2043104157936066,-0.107189
4.5601062742984215,0.35992146575687034,4.114893613639383,-0.129321
4.5601062742984215,3.092550235241406,2.5777899308043306,-0.126792
4.730895572391205,-4.080600284655501,-0.32562813677298763,-0.205232
4.730895572391205,-3.2266537941915843,1.0406862479692798,-0.215347
4.730895572391205,-2.7142858999132335,2.407000632711547,-0.204459
4.730895572391205,0.18913216766408603,3.9441043155466,-0.133613
4.901684870483988,-3.739021688469935,0.3575290555981461,-0.211632
4.901684870483988,-3.397443092284368,0.6991076517837129,-0.215084
4.901684870483988,-2.7142858999132335,2.2362113346187646,-0.206516
4.901684870483988,-1.0063929189853988,-1.6919425215152564,-0.154933
4.901684870483988,0.18913216766408603,-2.3750997138863905,-0.090006
4.901684870483988,2.9217609371486226,0.015950459412578333,-0.122991
4.901684870483988,3.092550235241406,-1.6919425215152564,-0.0684298
5.072474168576774,-2.8850751980060174,1.55305414224763,-0.213032
5.072474168576774,-1.3479715151709657,-1.8627318196080398,-0.17384
5.072474168576774,1.384657254313571,3.7733150174538164,-0.139219
5.243263466669555,-3.9098109865627184,-0.6672067329585554,-0.204
5.243263466669555,-3.9098109865627184,-0.49641743486577194,-0.205443
5.243263466669555,-1.5187608132637491,2.2362113346187646,-0.189578
5.243263466669555,0.5307107638496529,3.602525719361033,-0.145317
5.243263466669555,1.043078658128004,-2.3750997138863905,-0.0795504
5.243263466669555,1.897025148591922,2.9193685269898992,-0.122858
5.243263466669555,2.238603744777487,-2.2043104157936066,-0.0725185
5.243263466669555,2.9217609371486226,1.0406862479692798,-0.131559
5.414052764762339,-3.397443092284368,0.3575290555981461,-0.212417
5.414052764762339,-1.860339409449316,1.8946327384331978,-0.199714
5.414052764762339,-1.3479715151709657,0.8698969498764964,-0.183514
5.414052764762339,-1.1771822170781814,1.3822648441548466,-0.190773
5.414052764762339,1.7262358504991369,2.5777899308043306,-0.116451
5.584842062855124,-0.4940250247070477,0.5283183536909286,-0.165839
5.584842062855124,0.8722893600352206,2.407000632711547,-0.13909
5.584842062855124,2.5801823409630558,1.0406862479692798,-0.128535
5.7556313609479055,-2.7142858999132335,0.3575290555981461,-0.207527
5.926420659040689,-2.8850751980060174,-1.1795746272369056,-0.196697
5.926420659040689,-2.372707303727667,-1.350363925329689,-0.19211
5.926420659040689,-0.4940250247070477,-0.6672067329585554,-0.114766
5.926420659040689,-0.15244642852148083,-0.1548388386802051,-0.124376
5.926420659040689,-0.15244642852148083,0.18673975750536265,-0.144162
6.097209957133474,-0.32323572661426514,-0.6672067329585554,-0.108092
6.097209957133474,1.7262358504991369,-1.1795746272369056,-0.0883401
6.097209957133474,1.7262358504991369,-0.6672067329585554,-0.0953093
6.097209957133474,1.7262358504991369,-0.49641743486577194,-0.100338
6.097209957133474,1.897025148591922,-0.1548388386802051,-0.115298
6.267999255226256,1.7262358504991369,0.015950459412578333,-0.124379
6.438788553319041,0.5307107638496529,1.0406862479692798,-0.15752
6.438788553319041,0.8722893600352206,-1.1795746272369056,-0.0871243
6.438788553319041,0.8722893600352206,-1.0087853291441222,-0.090006
