-5.977443925464976,0.8022696901873818,-1.312617185884442,0.0076551
-5.977443925464976,1.277970366525417,-0.9954834016590857,0.0158187
-5.977443925464976,1.277970366525417,-0.36121583320837214,0.00614589
-5.660310141239619,-0.30769855460136686,-0.5197827253210496,-0.00183017
-5.660310141239619,0.009435229623989017,-1.6297509701097987,-0.00577146
-5.660310141239619,0.6437027980747025,-1.946884754335156,0.00213119
-5.660310141239619,0.6437027980747025,0.43161862735502066,-0.00499179
-5.660310141239619,0.8022696901873818,-1.946884754335156,0.00540342
-5.660310141239619,1.1194034744127377,0.43161862735502066,-0.00538749
-5.660310141239619,1.9122379349761305,-0.20264894109569287,0.00772472
-5.501743249126941,0.48513590596202416,-2.1054516464478343,-0.00229985
-5.343176357014262,-0.46626544671404613,-0.04408204898301449,0.010103
-5.184609464901584,-2.051934367840831,0.43161862735502066,0.0522551
-5.184609464901584,-2.051934367840831,0.7487524115803783,0.0547397
-5.184609464901584,0.32656901384934667,0.7487524115803783,0.00208289
-5.184609464901584,2.070804827088808,-1.7883178622224776,0.0218692
-5.026042572788905,-0.9419661230520813,1.2244530879184126,0.0408322
-5.026042572788905,-0.7833992309394029,1.0658861958057342,0.0379467
-5.026042572788905,1.9122379349761305,-2.1054516464478343,0.0142808
-4.867475680676227,-0.9419661230520813,-0.678349617433728,0.0180939
-4.867475680676227,-0.46626544671404613,-1.946884754335156,-0.00694313
-4.867475680676227,0.32656901384934667,0.9073193036930558,0.00726431
-4.867475680676227,0.6437027980747025,-2.5811523227858695,-0.00748413
-4.867475680676227,2.546505503426844,-0.04408204898301449,-0.00230438
-4.708908788563548,-1.5762336915027948,1.7001537642564477,0.0437702
-4.708908788563548,-0.9419661230520813,-0.9954834016590857,0.0132814
-4.708908788563548,0.009435229623989017,-2.422585430673191,-0.0100834
-4.708908788563548,2.7050723955395233,-0.36121583320837214,-0.000540351
-4.55034189645087,0.6437027980747025,1.0658861958057342,0.0061365
-4.55034189645087,2.2293717192014872,-2.1054516464478343,0.00515197
-4.391775004338192,-0.46626544671404613,-2.1054516464478343,-0.00445006
-4.391775004338192,-0.30769855460136686,-2.2640185385605127,-0.00681601
-4.391775004338192,0.1680021217366674,1.0658861958057342,0.0189451
-4.391775004338192,0.32656901384934667,1.0658861958057342,0.015425
-4.391775004338192,1.5951041507507728,-2.5811523227858695,-0.00423019
-4.233208112225514,-0.14913166248868936,1.3830199800310918,0.0217322
-4.233208112225514,2.546505503426844,0.2730517352423423,-0.0088114
-4.233208112225514,2.7050723955395233,-1.4711840779971208,-5.61198e-05
-4.074641220112834,-0.46626544671404613,-2.1054516464478343,-0.000756499
-4.074641220112834,0.009435229623989017,1.3830199800310918,0.019516
-4.074641220112834,2.546505503426844,0.2730517352423423,-0.0088147
-3.916074328000156,-2.369068152066187,-0.678349617433728,0.0196617
-3.7575074358874785,-2.8447688284042227,1.0658861958057342,0.04954
-3.7575074358874785,-2.686201936291544,1.3830199800310918,0.0505247
-3.7575074358874785,-1.7348005836154732,-1.1540502937717636,0.0140197
-3.7575074358874785,-1.1005330151647597,-1.4711840779971208,0.0132798
-3.7575074358874785,0.32656901384934667,-2.5811523227858695,-0.00696056
-3.598940543774799,-2.8447688284042227,-0.20264894109569287,0.0233755
-3.598940543774799,-2.527635044178866,-0.678349617433728,0.0160741
-3.598940543774799,-1.259099907277438,2.175854440594483,0.0209757
-3.598940543774799,0.48513590596202416,-2.5811523227858695,-0.00616238
-3.598940543774799,1.4365372586380953,-2.5811523227858695,-0.00865046
-3.598940543774799,1.5951041507507728,0.9073193036930558,0.00470612
-3.598940543774799,2.7050723955395233,-1.312617185884442,-0.00661916
-3.440373651662121,-2.369068152066187,2.0172875484818045,0.0402922
-3.440373651662121,-0.30769855460136686,-2.1054516464478343,0.00660862
-3.440373651662121,0.32656901384934667,1.5415868721437693,0.0119462
-3.440373651662121,2.7050723955395233,-0.5197827253210496,-0.00665028
-3.2818067595494425,-1.4176667993901173,-1.4711840779971208,0.00883185
-3.2818067595494425,0.9608365823000593,1.2244530879184126,0.0120662
-3.2818067595494425,1.4365372586380953,0.9073193036930558,0.0108899
-3.123239867436764,-2.2105012599535088,2.334421332707162,0.0322973
-3.123239867436764,-1.259099907277438,2.334421332707162,0.0155836
-3.123239867436764,1.5951041507507728,0.7487524115803783,0.0113596
-3.123239867436764,1.9122379349761305,-2.1054516464478343,-0.00336682
-3.123239867436764,2.2293717192014872,-1.7883178622224776,-0.00314991
-2.9646729753240857,-3.1619026126295795,2.334421332707162,0.0518438
-2.9646729753240857,-0.9419661230520813,-1.7883178622224776,0.00820749
-2.9646729753240857,-0.6248323388267245,2.175854440594483,0.0102928
-2.9646729753240857,1.277970366525417,-2.2640185385605127,0.00169454
-2.8061060832114073,-3.4790363968549363,0.1144848431296639,0.0258587
-2.8061060832114073,-2.369068152066187,-0.9954834016590857,0.00665152
-2.8061060832114073,0.8022696901873818,1.3830199800310918,0.0102341
-2.647539191098728,-3.320469504742258,-0.20264894109569287,0.0180834
-2.647539191098728,-2.369068152066187,-0.9954834016590857,0.00624133
-2.647539191098728,-0.6248323388267245,-1.946884754335156,0.00759167
-2.647539191098728,0.1680021217366674,-2.1054516464478343,0.0121725
-2.647539191098728,0.32656901384934667,-2.1054516464478343,0.0132984
-2.647539191098728,0.48513590596202416,-2.1054516464478343,0.0139868
-2.647539191098728,1.9122379349761305,-1.6297509701097987,0.0138126
-2.4889722989860505,-2.369068152066187,-0.9954834016590857,0.0062197
-2.4889722989860505,-0.9419661230520813,-1.7883178622224776,0.00676391
-2.4889722989860505,-0.6248323388267245,2.175854440594483,0.00971822
-2.4889722989860505,0.1680021217366674,-2.1054516464478343,0.0123631
-2.4889722989860505,0.32656901384934667,-2.1054516464478343,0.0137889
-2.4889722989860505,0.8022696901873818,1.3830199800310918,0.0105048
-2.330405406873372,-2.686201936291544,-0.8369165095464073,0.00709972
-2.330405406873372,-2.051934367840831,2.651555116932518,0.0278102
-2.330405406873372,1.9122379349761305,-1.6297509701097987,0.0269638
-2.330405406873372,2.2293717192014872,-0.8369165095464073,0.0257282
-2.171838514760694,-3.7961701810802935,2.175854440594483,0.0632132
-2.171838514760694,-1.8933674757281524,2.651555116932518,0.0258374
-2.171838514760694,-1.4176667993901173,-1.312617185884442,0.0127854
-2.171838514760694,-0.14913166248868936,1.7001537642564477,0.0157655
-2.0132716226480145,-1.8933674757281524,2.651555116932518,0.0272926
-2.0132716226480145,2.2293717192014872,-1.4711840779971208,0.035672
-2.0132716226480145,2.2293717192014872,-0.20264894109569287,0.02342
-1.854704730535337,-2.686201936291544,-0.8369165095464073,0.00938587
-1.854704730535337,-2.369068152066187,2.651555116932518,0.0397465
-1.854704730535337,-2.2105012599535088,-0.9954834016590857,0.0106811
-1.854704730535337,-2.2105012599535088,2.651555116932518,0.0361002
-1.854704730535337,-2.051934367840831,2.651555116932518,0.0324939
-1.854704730535337,1.753671042863452,0.7487524115803783,0.0166505
-1.6961378384226586,-2.686201936291544,-0.8369165095464073,0.0105945
-1.5375709463099794,-3.7961701810802935,1.858720656369127,0.0660545
-1.5375709463099794,1.4365372586380953,1.5415868721437693,0.0304876
-1.5375709463099794,2.070804827088808,0.590185519467699,0.0165804
-1.5375709463099794,2.2293717192014872,1.3830199800310918,0.0251123
-1.3790040541973019,-2.527635044178866,2.4929882248198405,0.057372
-1.3790040541973019,-1.1005330151647597,-1.6297509701097987,0.0107983
-1.3790040541973019,-0.9419661230520813,2.334421332707162,0.0184843
-1.3790040541973019,0.9608365823000593,1.5415868721437693,0.0267329
-1.3790040541973019,1.277970366525417,1.858720656369127,0.0359238
-1.3790040541973019,2.3879386113141647,0.590185519467699,0.0132752
-1.2204371620846235,-3.320469504742258,2.175854440594483,0.0779747
-1.2204371620846235,-3.1619026126295795,-0.36121583320837214,0.0205629
-1.2204371620846235,-0.6248323388267245,-1.946884754335156,0.00900779
-1.2204371620846235,3.02220617976488,1.0658861958057342,0.0116543
-1.0618702699719442,-0.14913166248868936,1.858720656369127,0.0177535
-1.0618702699719442,1.753671042863452,2.4929882248198405,0.0381827
-1.0618702699719442,2.546505503426844,-0.20264894109569287,0.0140671
-1.0618702699719442,2.8636392876522008,0.1144848431296639,0.00427471
-0.9033033778592658,-3.7961701810802935,1.5415868721437693,0.062119
-0.9033033778592658,-3.003335720516901,-0.5197827253210496,0.02383
-0.9033033778592658,-2.686201936291544,-0.8369165095464073,0.0227332
-0.9033033778592658,-2.2105012599535088,2.4929882248198405,0.0635072
-0.9033033778592658,-1.8933674757281524,-1.312617185884442,0.0195892
-0.9033033778592658,3.02220617976488,-0.04408204898301449,0.00050644
-0.9033033778592658,3.815040640328271,2.334421332707162,0.0316135
-0.7447364857465884,-3.1619026126295795,-0.36121583320837214,0.0252065
-0.7447364857465884,-2.527635044178866,-0.9954834016590857,0.0257254
-0.7447364857465884,-1.7348005836154732,-1.4711840779971208,0.0212468
-0.7447364857465884,1.5951041507507728,2.651555116932518,0.0355451
-0.7447364857465884,2.070804827088808,-1.6297509701097987,0.0386534
-0.7447364857465884,4.925008885117021,2.0172875484818045,0.0320024
-0.5861695936339091,-2.2105012599535088,2.651555116932518,0.0661141
-0.5861695936339091,-1.5762336915027948,-1.6297509701097987,0.0231604
-0.5861695936339091,-0.30769855460136686,-1.946884754335156,0.014275
-0.5861695936339091,0.8022696901873818,2.175854440594483,0.0332205
-0.5861695936339091,1.1194034744127377,2.4929882248198405,0.0342781
-0.5861695936339091,3.815040640328271,-0.04408204898301449,-0.00820294
-0.4276027015212307,-3.6376032889676146,-0.04408204898301449,0.0201421
-0.4276027015212307,-3.4790363968549363,-0.20264894109569287,0.0225819
-0.4276027015212307,-1.5762336915027948,-1.7883178622224776,0.0272609
-0.4276027015212307,-0.7833992309394029,2.175854440594483,0.0234761
-0.4276027015212307,4.13217442455363,2.9686889011578756,0.036631
-0.2690358094085532,-4.113303965305651,1.7001537642564477,0.0625861
-0.2690358094085532,-3.003335720516901,-0.678349617433728,0.0348628
-0.2690358094085532,-2.2105012599535088,2.8101220090451973,0.0626586
-0.2690358094085532,3.6564737482155936,-0.36121583320837214,-0.00951963
-0.2690358094085532,3.6564737482155936,2.9686889011578756,0.0302419
-0.11046891729587394,-3.4790363968549363,-0.36121583320837214,0.0287939
-0.11046891729587394,-2.527635044178866,-2.2640185385605127,0.0320217
-0.11046891729587394,1.277970366525417,2.651555116932518,0.0247412
-0.11046891729587394,1.9122379349761305,2.8101220090451973,0.022076
-0.11046891729587394,3.02220617976488,-0.678349617433728,-0.00394554
-0.11046891729587394,5.0835757772297,0.590185519467699,0.00347309
-0.11046891729587394,5.242142669342377,1.0658861958057342,0.0133817
0.04809797481680356,-4.113303965305651,2.0172875484818045,0.0730997
0.04809797481680356,-1.7348005836154732,-2.422585430673191,0.0301084
0.04809797481680356,-0.9419661230520813,2.175854440594483,0.0198864
0.04809797481680356,2.2293717192014872,-1.312617185884442,0.00661805
0.04809797481680356,2.7050723955395233,-0.9954834016590857,-0.00132298
0.04809797481680356,4.449308208778985,-0.36121583320837214,-0.011144
0.04809797481680356,5.0835757772297,0.2730517352423423,-0.00117792
0.04809797481680356,5.400709561455057,2.0172875484818045,0.0318235
0.20666486692948283,-4.113303965305651,2.0172875484818045,0.0696018
0.20666486692948283,-3.7961701810802935,-0.20264894109569287,0.0306785
0.20666486692948283,4.925008885117021,-0.20264894109569287,-0.00717136
0.3652317590421621,1.4365372586380953,2.651555116932518,0.0132088
0.5237986511548396,-4.113303965305651,1.858720656369127,0.0510064
0.5237986511548396,-3.4790363968549363,-0.9954834016590857,0.0358065
0.5237986511548396,-0.6248323388267245,-1.946884754335156,0.0198196
0.5237986511548396,-0.46626544671404613,-1.946884754335156,0.0174451
0.5237986511548396,0.1680021217366674,-1.946884754335156,0.0150876
0.5237986511548396,0.48513590596202416,1.7001537642564477,0.0232611
0.5237986511548396,3.6564737482155936,3.127255793270553,0.0167519
0.5237986511548396,3.9736075324409503,-0.8369165095464073,-0.0108469
0.5237986511548396,5.242142669342377,2.4929882248198405,0.0325175
0.6823655432675189,-4.271870857418328,1.2244530879184126,0.0176728
0.6823655432675189,2.2293717192014872,-1.7883178622224776,-0.00392974
0.6823655432675189,3.4979068561029143,-0.9954834016590857,-0.00739314
0.6823655432675189,3.6564737482155936,-0.9954834016590857,-0.00897114
0.6823655432675189,3.815040640328271,-0.9954834016590857,-0.010334
0.6823655432675189,4.13217442455363,-0.9954834016590857,-0.0119997
0.6823655432675189,4.290741316666307,3.127255793270553,0.0221921
0.8409324353801964,-4.113303965305651,1.858720656369127,0.0262338
0.8409324353801964,-3.7961701810802935,-0.678349617433728,0.0363248
0.8409324353801964,-3.7961701810802935,2.334421332707162,0.0530817
0.8409324353801964,-3.003335720516901,2.8101220090451973,0.0610039
0.8409324353801964,-2.2105012599535088,-2.7397192148985483,0.0157855
0.8409324353801964,0.009435229623989017,1.5415868721437693,0.0244412
0.8409324353801964,2.546505503426844,2.8101220090451973,0.00136878
0.8409324353801964,3.4979068561029143,-1.312617185884442,-0.0108962
0.9994993274928738,-3.1619026126295795,-2.2640185385605127,0.00432183
0.9994993274928738,0.009435229623989017,-2.1054516464478343,0.00120509
0.9994993274928738,3.02220617976488,-1.7883178622224776,-0.0110484
0.9994993274928738,3.339339963990235,-1.6297509701097987,-0.0122386
0.9994993274928738,4.449308208778985,2.9686889011578756,0.017636
1.1580662196055531,-3.320469504742258,2.4929882248198405,0.037682
1.1580662196055531,0.9608365823000593,2.0172875484818045,0.00294608
1.1580662196055531,2.3879386113141647,-2.1054516464478343,-0.00612184
1.1580662196055531,3.815040640328271,-1.6297509701097987,-0.0125904
1.1580662196055531,5.717843345680412,-0.36121583320837214,0.0072218
1.1580662196055531,6.03497712990577,0.1144848431296639,0.0175445
1.3166331117182324,-3.4790363968549363,-2.1054516464478343,-0.01712
1.3166331117182324,-3.1619026126295795,-2.422585430673191,-0.0167957
1.3166331117182324,-2.8447688284042227,-2.5811523227858695,-0.0112155
1.3166331117182324,-2.2105012599535088,2.4929882248198405,0.0143265
1.3166331117182324,0.32656901384934667,1.5415868721437693,0.0123339
1.3166331117182324,4.925008885117021,-1.1540502937717636,-0.00617853
1.4752000038309099,-4.747571533756364,0.1144848431296639,-0.0225109
1.4752000038309099,-4.747571533756364,1.7001537642564477,-0.0342594
1.4752000038309099,-0.30769855460136686,-2.2640185385605127,-0.00980422
1.4752000038309099,0.32656901384934667,-2.1054516464478343,-0.00900329
1.4752000038309099,0.9608365823000593,-1.946884754335156,0.00366174
1.4752000038309099,3.1807730718775575,2.8101220090451973,-0.00505935
1.4752000038309099,3.6564737482155936,-1.946884754335156,-0.0110984
1.4752000038309099,5.559276453567736,-0.678349617433728,0.00574615
1.6337668959435891,-3.6376032889676146,2.4929882248198405,-0.0170292
1.6337668959435891,-0.30769855460136686,1.3830199800310918,0.00421665
1.6337668959435891,-0.14913166248868936,-2.2640185385605127,-0.0153028
1.6337668959435891,2.8636392876522008,2.651555116932518,-0.00973271
1.6337668959435891,5.0835757772297,-1.1540502937717636,-0.00129604
1.6337668959435891,5.876410237793091,1.7001537642564477,0.0310896
1.6337668959435891,6.193544022018448,-0.04408204898301449,0.0240396
1.7923337880562684,-4.271870857418328,2.334421332707162,-0.0377949
1.7923337880562684,-3.003335720516901,-2.8982861070112262,-0.0444048
1.950900680168946,-4.589004641643685,-0.36121583320837214,-0.0276537
1.950900680168946,-4.113303965305651,-0.8369165095464073,-0.0131521
1.950900680168946,-3.9547370731929714,-2.2640185385605127,-0.0477508
1.950900680168946,-3.003335720516901,2.4929882248198405,-0.0200229
1.950900680168946,1.1194034744127377,-2.2640185385605127,0.00449721
1.950900680168946,2.3879386113141647,2.175854440594483,-0.0140058
1.950900680168946,2.7050723955395233,2.334421332707162,-0.0137892
1.950900680168946,4.290741316666307,2.4929882248198405,-3.87998e-05
2.1094675722816234,-2.2105012599535088,-3.056852999123905,-0.0451098
2.1094675722816234,-1.259099907277438,1.2244530879184126,0.0109796
2.1094675722816234,-0.7833992309394029,1.2244530879184126,-0.00643063
2.1094675722816234,-0.14913166248868936,1.2244530879184126,-0.0116149
2.1094675722816234,0.48513590596202416,1.2244530879184126,-0.00728629
2.1094675722816234,0.8022696901873818,1.3830199800310918,-0.0086433
2.1094675722816234,1.1194034744127377,1.5415868721437693,-0.0112327
2.1094675722816234,2.2293717192014872,1.858720656369127,-0.0133033
2.1094675722816234,2.546505503426844,-2.422585430673191,-0.00045857
2.1094675722816234,3.6564737482155936,2.4929882248198405,-0.00935908
2.1094675722816234,3.815040640328271,2.4929882248198405,-0.00782529
2.1094675722816234,4.607875100891664,-1.7883178622224776,0.000378972
2.1094675722816234,4.925008885117021,-1.4711840779971208,0.00307237
2.1094675722816234,4.925008885117021,2.175854440594483,0.0100615
2.2680344643943027,-2.2105012599535088,2.0172875484818045,-0.00984581
2.2680344643943027,0.32656901384934667,-2.1054516464478343,-0.0216994
2.42660135650698,-5.064705317981721,0.43161862735502066,-0.047401
2.42660135650698,-4.113303965305651,-2.2640185385605127,-0.0505538
2.42660135650698,1.9122379349761305,-2.5811523227858695,0.00878447
2.42660135650698,6.03497712990577,-0.20264894109569287,0.0284634
2.5851682486196594,-2.369068152066187,-3.215419891236583,-0.0602259
2.5851682486196594,-1.5762336915027948,-2.8982861070112262,-0.0528273
2.5851682486196594,0.009435229623989017,-2.1054516464478343,-0.0362686
2.5851682486196594,0.8022696901873818,0.9073193036930558,-0.017613
2.5851682486196594,1.4365372586380953,1.2244530879184126,-0.0164866
2.5851682486196594,4.607875100891664,-1.946884754335156,0.00889346
2.5851682486196594,4.925008885117021,2.0172875484818045,0.00705387
2.7437351407323387,-4.271870857418328,-0.678349617433728,-0.0181413
2.7437351407323387,-3.7961701810802935,-2.7397192148985483,-0.0574004
2.7437351407323387,-2.2105012599535088,1.858720656369127,-0.0232725
2.7437351407323387,-0.14913166248868936,0.9073193036930558,-0.0340075
2.902302032845016,-2.369068152066187,-3.215419891236583,-0.0642008
2.902302032845016,0.6437027980747025,-2.1054516464478343,0.000405978
2.902302032845016,3.339339963990235,1.7001537642564477,-0.0149819
2.902302032845016,4.449308208778985,-2.1054516464478343,0.0149565
2.902302032845016,6.03497712990577,1.0658861958057342,0.0336095
3.0608689249576955,-4.906138425869042,0.7487524115803783,-0.0526382
3.0608689249576955,-4.906138425869042,0.9073193036930558,-0.0535005
3.0608689249576955,-4.113303965305651,-2.1054516464478343,-0.0378631
3.0608689249576955,-4.113303965305651,2.175854440594483,-0.056008
3.0608689249576955,-3.4790363968549363,2.334421332707162,-0.0518115
3.0608689249576955,-1.8933674757281524,0.590185519467699,0.00071172
3.0608689249576955,0.9608365823000593,0.43161862735502066,-0.0240893
3.0608689249576955,2.3879386113141647,1.0658861958057342,-0.0164061
3.0608689249576955,3.6564737482155936,1.7001537642564477,-0.0128471
3.0608689249576955,4.766441993004341,1.7001537642564477,0.00341595
3.0608689249576955,5.559276453567736,-0.04408204898301449,0.0283801
3.0608689249576955,5.559276453567736,1.3830199800310918,0.0222224
3.2194358170703747,-4.747571533756364,1.2244530879184126,-0.0549916
3.2194358170703747,-4.271870857418328,-0.36121583320837214,-0.016531
3.2194358170703747,-3.6376032889676146,-2.7397192148985483,-0.0527909
3.2194358170703747,-2.051934367840831,0.590185519467699,-0.00538386
3.2194358170703747,-2.051934367840831,0.7487524115803783,-0.0111743
3.2194358170703747,-1.7348005836154732,0.1144848431296639,0.000977548
3.2194358170703747,-0.6248323388267245,-1.7883178622224776,-0.0618251
3.2194358170703747,-0.6248323388267245,0.590185519467699,-0.0436279
3.2194358170703747,0.009435229623989017,0.43161862735502066,-0.0494794
3.2194358170703747,0.6437027980747025,-1.946884754335156,0.000458834
3.2194358170703747,1.277970366525417,-2.422585430673191,0.0193646
3.2194358170703747,2.070804827088808,-2.422585430673191,0.0186959
3.2194358170703747,3.1807730718775575,-2.1054516464478343,0.0169109
3.2194358170703747,5.242142669342377,-0.36121583320837214,0.0271005
3.3780027091830505,-4.113303965305651,-1.4711840779971208,0.00143751
3.3780027091830505,-4.113303965305651,-0.8369165095464073,0.0220876
3.3780027091830505,-2.2105012599535088,0.9073193036930558,-0.022054
3.3780027091830505,-1.259099907277438,0.1144848431296639,-0.0307472
3.3780027091830505,0.6437027980747025,-1.7883178622224776,-0.00159113
3.3780027091830505,0.8022696901873818,-0.20264894109569287,-0.0295251
3.3780027091830505,1.1194034744127377,-2.2640185385605127,0.0178873
3.3780027091830505,2.2293717192014872,-2.2640185385605127,0.0193785
3.3780027091830505,3.1807730718775575,1.2244530879184126,-0.0159936
3.3780027091830505,4.449308208778985,-2.1054516464478343,0.0253125
3.3780027091830505,5.242142669342377,0.7487524115803783,0.0185621
3.5365696012957297,-4.4304377495310066,1.2244530879184126,-0.054268
3.5365696012957297,-2.369068152066187,0.2730517352423423,0.00517223
3.5365696012957297,-2.369068152066187,0.590185519467699,-0.0147833
3.5365696012957297,-0.6248323388267245,-1.312617185884442,-0.0649679
3.5365696012957297,0.1680021217366674,-0.5197827253210496,-0.055884
3.5365696012957297,0.6437027980747025,-0.8369165095464073,-0.0259736
3.5365696012957297,1.4365372586380953,-2.2640185385605127,0.0212878
3.5365696012957297,4.766441993004341,0.7487524115803783,0.00938792
3.5365696012957297,4.925008885117021,0.2730517352423423,0.0182715
3.695136493408409,-3.9547370731929714,-0.678349617433728,0.0406584
3.695136493408409,-3.7961701810802935,-1.946884754335156,-0.0102861
3.695136493408409,-3.6376032889676146,-2.2640185385605127,-0.0275216
3.695136493408409,-3.003335720516901,1.5415868721437693,-0.046697
3.695136493408409,-2.527635044178866,-2.8982861070112262,-0.0602248
3.695136493408409,0.8022696901873818,-1.312617185884442,-0.00396299
3.695136493408409,0.8022696901873818,-1.1540502937717636,-0.00808991
3.695136493408409,1.277970366525417,-0.20264894109569287,-0.0157617
3.695136493408409,1.4365372586380953,-2.1054516464478343,0.020383
3.695136493408409,2.2293717192014872,-1.946884754335156,0.0201533
3.8537033855210865,-3.9547370731929714,0.7487524115803783,-0.0448086
3.8537033855210865,-3.7961701810802935,-0.5197827253210496,0.0469428
3.8537033855210865,-3.1619026126295795,1.2244530879184126,-0.0450832
3.8537033855210865,-3.003335720516901,1.0658861958057342,-0.0405457
3.8537033855210865,-2.686201936291544,-2.7397192148985483,-0.0535967
3.8537033855210865,-1.4176667993901173,-2.1054516464478343,-0.0640203
3.8537033855210865,2.2293717192014872,0.2730517352423423,-0.0146175
3.8537033855210865,3.1807730718775575,0.7487524115803783,-0.0120815
4.012270277633766,-1.7348005836154732,-0.8369165095464073,-0.0233305
4.012270277633766,1.9122379349761305,-1.312617185884442,0.0115945
4.012270277633766,1.9122379349761305,-0.678349617433728,-0.00102657
4.012270277633766,2.070804827088808,-1.1540502937717636,0.00941792
4.012270277633766,2.070804827088808,-0.5197827253210496,-0.00284048
4.012270277633766,2.2293717192014872,-0.9954834016590857,0.00761282
4.012270277633766,2.3879386113141647,-0.04408204898301449,-0.00918918
4.012270277633766,2.7050723955395233,-1.1540502937717636,0.0146434
4.012270277633766,2.7050723955395233,0.2730517352423423,-0.0111426
4.012270277633766,3.815040640328271,-1.946884754335156,0.0306041
4.170837169746443,-2.2105012599535088,-2.2640185385605127,-0.0483932
4.170837169746443,3.815040640328271,0.2730517352423423,0.00113885
4.3294040618591225,-3.003335720516901,-0.678349617433728,0.0534184
4.3294040618591225,-2.8447688284042227,-1.6297509701097987,0.00435758
4.3294040618591225,-2.527635044178866,-1.7883178622224776,-0.0186794
4.3294040618591225,-2.2105012599535088,-1.6297509701097987,-0.0258036
4.3294040618591225,3.339339963990235,-1.312617185884442,0.0232041
4.3294040618591225,3.4979068561029143,-1.4711840779971208,0.0267012
4.487970953971802,3.6564737482155936,-1.1540502937717636,0.0254579
4.487970953971802,3.6564737482155936,-0.5197827253210496,0.0142919
4.487970953971802,4.290741316666307,-0.9954834016590857,0.0304117
4.487970953971802,4.290741316666307,-0.8369165095464073,0.0282667
