-8.78466868929473,-1.8568547775326607,-0.5730761619689435,-0.128872
-8.78466868929473,-1.4830598729057884,0.7352060042251054,-0.123177
-8.78466868929473,-0.5485726113386118,0.9221034565385411,-0.128509
-8.597771236981295,-2.0437522298460964,0.5483085519116706,-0.11877
-8.597771236981295,-1.2961624205923536,1.2958983611654125,-0.12185
-8.597771236981295,0.012119745601695264,-0.012383805028636452,-0.127615
-8.410873784667858,-0.5485726113386118,1.4827958134788473,-0.120106
-8.410873784667858,0.19901719791513006,0.7352060042251054,-0.122003
-8.223976332354423,-3.3520343960401444,-0.012383805028636452,-0.132342
-8.223976332354423,0.012119745601695264,1.2958983611654125,-0.114104
-8.223976332354423,0.38591465022856664,-0.012383805028636452,-0.120783
-7.850181427727552,-1.109264968278918,-1.6944608758495563,-0.119382
-7.850181427727552,0.012119745601695264,-0.946871066595814,-0.113959
-7.663283975414117,-3.7258293006670153,-0.5730761619689435,-0.133665
-7.663283975414117,-3.7258293006670153,-0.38617870965550694,-0.131701
-7.663283975414117,-3.3520343960401444,0.5483085519116706,-0.116853
-7.663283975414117,-2.417547134472967,1.2958983611654125,-0.100847
-7.663283975414117,-0.7354700636520466,-1.5075634235361206,-0.111471
-7.663283975414117,0.7597095548554371,2.0434881704191543,-0.0608338
-7.663283975414117,1.1335044594823085,2.0434881704191543,-0.0531992
-7.663283975414117,1.507299364109179,1.6696932657922838,-0.048476
-7.476386523100681,-1.6699573252192241,1.8565907181057195,-0.0944041
-7.476386523100681,-0.3616751590251761,-1.3206659712226854,-0.106022
-7.476386523100681,0.38591465022856664,2.23038562273259,-0.0671598
-7.476386523100681,1.3204019117957442,0.7352060042251054,-0.061754
-7.289489070787246,-1.109264968278918,-1.8813583281629915,-0.111125
-7.289489070787246,1.6941968164226155,2.23038562273259,-0.0482295
-7.102591618473809,-2.791342039099838,1.1090009088519768,-0.0910376
-7.102591618473809,0.5728121025420023,-0.38617870965550694,-0.0937052
-6.915694166160375,-0.3616751590251761,2.6041805273594614,-0.0649905
-6.728796713846939,-1.4830598729057884,-2.068255780476427,-0.108631
-6.728796713846939,1.8810942687360503,2.4172830750460257,-0.0553182
-6.728796713846939,2.2548891733629217,1.4827958134788473,-0.0593605
-6.541899261533503,-3.912726752980451,-1.1337685189092497,-0.135364
-6.541899261533503,-3.912726752980451,-0.012383805028636452,-0.121164
-6.541899261533503,-0.7354700636520466,2.791077979672896,-0.0584523
-6.541899261533503,0.7597095548554371,3.1648728842997675,-0.0600487
-6.541899261533503,1.1335044594823085,2.9779754319863327,-0.0606302
-6.355001809220068,-2.6044445867864026,-2.255153232789863,-0.127664
-6.355001809220068,2.067991721049485,0.7352060042251054,-0.0772539
-6.168104356906632,-3.912726752980451,-1.5075634235361206,-0.141754
-6.168104356906632,1.3204019117957442,2.9779754319863327,-0.0608881
-5.981206904593197,-3.53893184835358,0.7352060042251054,-0.103395
-5.794309452279761,-1.4830598729057884,-2.068255780476427,-0.10439
-5.794309452279761,-0.3616751590251761,-1.1337685189092497,-0.07073
-5.607411999966326,-4.099624205293886,-0.012383805028636452,-0.127872
-5.607411999966326,-1.8568547775326607,-2.255153232789863,-0.114931
-5.607411999966326,-1.4830598729057884,-2.068255780476427,-0.104157
-5.607411999966326,0.012119745601695264,3.7255652412400737,-0.0441342
-5.607411999966326,0.19901719791513006,3.7255652412400737,-0.0458654
-5.420514547652891,-3.53893184835358,0.7352060042251054,-0.102978
-5.420514547652891,0.7597095548554371,3.538667788926639,-0.0547041
-5.420514547652891,1.3204019117957442,-0.012383805028636452,-0.0884882
-5.420514547652891,1.507299364109179,2.791077979672896,-0.0680048
-5.233617095339455,-3.912726752980451,-1.5075634235361206,-0.146493
-5.233617095339455,-3.3520343960401444,-2.068255780476427,-0.142639
-5.046719643026019,-0.3616751590251761,3.538667788926639,-0.0466859
-4.859822190712583,-3.7258293006670153,0.17451364728479923,-0.116985
-4.859822190712583,-1.4830598729057884,-1.8813583281629915,-0.0939177
-4.859822190712583,-0.17477770671174042,-1.3206659712226854,-0.0719444
-4.859822190712583,0.9466070071688728,3.1648728842997675,-0.0697277
-4.859822190712583,1.1335044594823085,2.9779754319863327,-0.0750493
-4.672924738399148,-0.5485726113386118,-1.6944608758495563,-0.0745897
-4.672924738399148,-0.17477770671174042,3.3517703366132023,-0.056069
-4.672924738399148,0.38591465022856664,3.3517703366132023,-0.0625549
-4.672924738399148,1.1335044594823085,-0.5730761619689435,-0.088189
-4.486027286085712,-3.53893184835358,-1.1337685189092497,-0.136971
-4.486027286085712,-3.53893184835358,-0.012383805028636452,-0.113804
-4.486027286085712,1.8810942687360503,2.0434881704191543,-0.117934
-4.486027286085712,2.4417866256763565,1.6696932657922838,-0.156091
-4.486027286085712,3.1893764349300993,0.9221034565385411,-0.183323
-4.299129833772277,2.815581530303228,1.6696932657922838,-0.174266
-4.299129833772277,3.0024789826166627,-0.38617870965550694,-0.175367
-4.112232381458841,-3.3520343960401444,-0.5730761619689435,-0.120159
-4.112232381458841,3.1893764349300993,-0.38617870965550694,-0.179247
-4.112232381458841,3.5631713395569706,0.7352060042251054,-0.193439
-3.9253349291454063,0.38591465022856664,-2.442050685103298,-0.0773216
-3.7384374768319706,0.012119745601695264,-2.815845589730169,-0.0685301
-3.7384374768319706,1.1335044594823085,2.0434881704191543,-0.139115
-3.7384374768319706,1.3204019117957442,-1.8813583281629915,-0.0836776
-3.7384374768319706,2.067991721049485,-1.1337685189092497,-0.128598
-3.7384374768319706,3.750068791870407,0.5483085519116706,-0.199327
-3.551540024518535,-3.1651369437267087,-0.946871066595814,-0.116534
-3.551540024518535,-2.6044445867864026,1.8565907181057195,-0.0734619
-3.551540024518535,-2.0437522298460964,-1.8813583281629915,-0.0770813
-3.551540024518535,-1.2961624205923536,-3.002743042043605,-0.05379
-3.551540024518535,1.8810942687360503,2.23038562273259,-0.165731
-3.551540024518535,2.2548891733629217,2.23038562273259,-0.171947
-3.551540024518535,3.1893764349300993,-0.7599736142823792,-0.166653
-3.364642572205099,-3.53893184835358,-0.012383805028636452,-0.10968
-3.364642572205099,-0.3616751590251761,2.0434881704191543,-0.124654
-3.364642572205099,0.9466070071688728,-2.255153232789863,-0.0809367
-3.364642572205099,1.6941968164226155,2.23038562273259,-0.166662
-3.364642572205099,2.4417866256763565,2.23038562273259,-0.176379
-3.364642572205099,2.6286840779897913,-1.1337685189092497,-0.137
-3.364642572205099,3.750068791870407,-0.5730761619689435,-0.184431
-3.364642572205099,3.936966244183842,-0.38617870965550694,-0.191371
-3.1777451198916644,-3.53893184835358,-0.012383805028636452,-0.109491
-3.1777451198916644,-0.9223675159654823,-3.1896404943570404,-0.0517939
-3.1777451198916644,-0.5485726113386118,-3.1896404943570404,-0.0553557
-3.1777451198916644,3.0024789826166627,-1.1337685189092497,-0.144635
-3.1777451198916644,4.123863696497277,-0.7599736142823792,-0.187662
-2.990847667578228,-2.9782394914132735,-1.1337685189092497,-0.106786
-2.990847667578228,-0.9223675159654823,2.23038562273259,-0.116462
-2.990847667578228,1.6941968164226155,2.23038562273259,-0.170489
-2.990847667578228,2.4417866256763565,2.23038562273259,-0.176462
-2.990847667578228,4.310761148810713,-0.946871066595814,-0.186991
-2.803950215264792,-2.230649682159531,2.0434881704191543,-0.0903999
-2.803950215264792,0.9466070071688728,1.8565907181057195,-0.16746
-2.803950215264792,1.8810942687360503,2.23038562273259,-0.171426
-2.803950215264792,4.8714535057510195,-0.19928125734207125,-0.19666
-2.6170527629513574,-3.1651369437267087,1.1090009088519768,-0.0917929
-2.4301553106379217,-3.1651369437267087,-0.5730761619689435,-0.101658
-2.4301553106379217,-1.8568547775326607,-2.255153232789863,-0.0583816
-2.4301553106379217,-1.109264968278918,2.0434881704191543,-0.112094
-2.4301553106379217,0.012119745601695264,1.2958983611654125,-0.134327
-2.4301553106379217,0.5728121025420023,1.2958983611654125,-0.15585
-2.4301553106379217,3.5631713395569706,1.4827958134788473,-0.183234
-2.4301553106379217,4.123863696497277,1.2958983611654125,-0.195302
-2.243257858324486,-2.791342039099838,1.2958983611654125,-0.0891944
-2.243257858324486,-2.6044445867864026,1.4827958134788473,-0.0886458
-2.243257858324486,-0.9223675159654823,1.8565907181057195,-0.113247
-2.243257858324486,1.507299364109179,-2.068255780476427,-0.1011
-2.0563604060110503,-0.9223675159654823,1.6696932657922838,-0.10877
-1.8694629536976155,-2.791342039099838,-0.7599736142823792,-0.0710836
-1.8694629536976155,-2.417547134472967,-1.8813583281629915,-0.057497
-1.8694629536976155,-2.230649682159531,-2.068255780476427,-0.0577521
-1.8694629536976155,-0.3616751590251761,1.1090009088519768,-0.111262
-1.8694629536976155,1.507299364109179,-2.255153232789863,-0.103522
-1.682565501384179,-2.791342039099838,-0.5730761619689435,-0.0657384
-1.682565501384179,2.6286840779897913,1.6696932657922838,-0.140367
-1.4956680490707441,-2.6044445867864026,-0.19928125734207125,-0.0642211
-1.4956680490707441,-2.230649682159531,-2.442050685103298,-0.0576413
-1.4956680490707441,-0.5485726113386118,0.9221034565385411,-0.102704
-1.4956680490707441,0.012119745601695264,1.1090009088519768,-0.120152
-1.4956680490707441,4.684556053437583,1.1090009088519768,-0.193994
-1.3087705967573093,-2.6044445867864026,-0.19928125734207125,-0.0582748
-1.3087705967573093,-2.0437522298460964,-2.815845589730169,-0.0564951
-1.3087705967573093,1.8810942687360503,1.4827958134788473,-0.115862
-1.3087705967573093,2.2548891733629217,-1.8813583281629915,-0.112413
-1.1218731444438728,-1.8568547775326607,0.17451364728479923,-0.0632797
-1.1218731444438728,-1.6699573252192241,-3.376537946670476,-0.0480436
-1.1218731444438728,-0.3616751590251761,0.9221034565385411,-0.109506
-1.1218731444438728,0.7597095548554371,-2.628948137416734,-0.0798545
-1.1218731444438728,2.815581530303228,1.4827958134788473,-0.148735
-1.1218731444438728,4.8714535057510195,0.7352060042251054,-0.191979
-0.934975692130438,-1.8568547775326607,0.17451364728479923,-0.0649851
-0.934975692130438,3.1893764349300993,1.4827958134788473,-0.172285
-0.934975692130438,3.750068791870407,-1.6944608758495563,-0.173753
-0.934975692130438,4.684556053437583,-1.1337685189092497,-0.183341
-0.7480782398170032,-1.8568547775326607,0.17451364728479923,-0.0666289
-0.7480782398170032,0.19901719791513006,-3.1896404943570404,-0.0544355
-0.7480782398170032,0.9466070071688728,1.2958983611654125,-0.103202
-0.5611807875035666,4.123863696497277,-1.3206659712226854,-0.179127
-0.18738588287669522,-2.6044445867864026,-0.38617870965550694,-0.0489208
-0.18738588287669522,-2.417547134472967,-0.19928125734207125,-0.0538368
-0.18738588287669522,-2.0437522298460964,-3.002743042043605,-0.0539879
-0.18738588287669522,-0.3616751590251761,0.7352060042251054,-0.105449
-0.18738588287669522,0.5728121025420023,-2.628948137416734,-0.0570975
-0.18738588287669522,0.5728121025420023,1.1090009088519768,-0.0972582
-0.18738588287669522,2.067991721049485,2.6041805273594614,-0.145667
-0.18738588287669522,3.0024789826166627,2.791077979672896,-0.157631
-0.18738588287669522,3.5631713395569706,-1.1337685189092497,-0.167074
-0.0004884305632586461,-2.791342039099838,-1.5075634235361206,-0.0471309
-0.0004884305632586461,-2.0437522298460964,0.17451364728479923,-0.0710249
0.18640902175017615,-0.3616751590251761,0.9221034565385411,-0.109386
0.18640902175017615,0.19901719791513006,0.9221034565385411,-0.0990416
0.18640902175017615,1.8810942687360503,-2.442050685103298,-0.0685845
0.18640902175017615,3.0024789826166627,-1.5075634235361206,-0.125285
0.18640902175017615,3.1893764349300993,2.9779754319863327,-0.151061
0.3733064740636127,-2.6044445867864026,-1.5075634235361206,-0.0488284
0.3733064740636127,-1.6699573252192241,-3.002743042043605,-0.0592832
0.3733064740636127,0.7597095548554371,1.2958983611654125,-0.0837273
0.3733064740636127,1.3204019117957442,-3.002743042043605,-0.0520306
0.5602039263770475,-2.417547134472967,-0.012383805028636452,-0.0641365
0.5602039263770475,-0.5485726113386118,1.1090009088519768,-0.112373
0.5602039263770475,2.815581530303228,3.1648728842997675,-0.141199
0.7471013786904823,-0.7354700636520466,-3.002743042043605,-0.0653361
0.7471013786904823,2.4417866256763565,3.1648728842997675,-0.134551
0.9339988310039189,-0.17477770671174042,1.1090009088519768,-0.102877
0.9339988310039189,0.9466070071688728,1.6696932657922838,-0.0732153
0.9339988310039189,1.1335044594823085,2.0434881704191543,-0.0897191
1.1208962833173537,1.1335044594823085,2.0434881704191543,-0.0831525
1.1208962833173537,2.4417866256763565,3.1648728842997675,-0.128421
1.1208962833173537,3.0024789826166627,-1.5075634235361206,-0.0966198
1.3077937356307885,2.6286840779897913,3.1648728842997675,-0.127802
1.3077937356307885,2.815581530303228,3.1648728842997675,-0.130295
1.3077937356307885,4.497658601124148,0.3614110995982349,-0.081653
1.494691187944225,-2.6044445867864026,-0.19928125734207125,-0.0648818
1.494691187944225,4.8714535057510195,0.5483085519116706,-0.073255
1.6815886402576599,-1.8568547775326607,-2.628948137416734,-0.0961093
1.6815886402576599,0.012119745601695264,-2.815845589730169,-0.0732724
1.6815886402576599,0.19901719791513006,1.2958983611654125,-0.0736638
1.6815886402576599,0.38591465022856664,-3.002743042043605,-0.0594888
1.6815886402576599,0.7597095548554371,1.6696932657922838,-0.0472746
1.6815886402576599,3.750068791870407,-1.6944608758495563,-0.108843
1.6815886402576599,4.123863696497277,2.23038562273259,-0.131329
1.6815886402576599,4.497658601124148,-0.946871066595814,-0.0767788
1.8684860925710964,-2.6044445867864026,-1.5075634235361206,-0.0735022
1.8684860925710964,-1.109264968278918,1.1090009088519768,-0.10617
1.8684860925710964,0.38591465022856664,1.6696932657922838,-0.054751
1.8684860925710964,1.8810942687360503,-3.002743042043605,-0.0616163
2.0553835448845312,-2.6044445867864026,-1.1337685189092497,-0.0665254
2.0553835448845312,-2.6044445867864026,-0.7599736142823792,-0.0617807
2.0553835448845312,-1.8568547775326607,1.1090009088519768,-0.0982728
2.0553835448845312,-0.9223675159654823,1.1090009088519768,-0.100728
2.0553835448845312,1.6941968164226155,2.4172830750460257,-0.0590195
2.0553835448845312,2.4417866256763565,2.791077979672896,-0.106081
2.0553835448845312,4.8714535057510195,1.1090009088519768,-0.0698334
2.242280997197966,-1.8568547775326607,2.4172830750460257,-0.0866243
2.242280997197966,-1.2961624205923536,-2.628948137416734,-0.106087
2.242280997197966,0.7597095548554371,-2.815845589730169,-0.0671217
2.242280997197966,1.8810942687360503,2.4172830750460257,-0.0561762
2.242280997197966,2.6286840779897913,-2.628948137416734,-0.111169
2.242280997197966,2.815581530303228,-2.628948137416734,-0.114518
2.242280997197966,3.936966244183842,1.6696932657922838,-0.109999
2.242280997197966,4.497658601124148,-1.5075634235361206,-0.0744563
2.4291784495114026,-2.791342039099838,0.7352060042251054,-0.0519372
2.4291784495114026,-2.417547134472967,0.17451364728479923,-0.0577584
2.4291784495114026,-1.4830598729057884,2.6041805273594614,-0.0801916
2.4291784495114026,-0.9223675159654823,2.0434881704191543,-0.0818565
2.4291784495114026,-0.3616751590251761,-2.442050685103298,-0.10237
2.4291784495114026,2.815581530303228,2.4172830750460257,-0.102657
2.4291784495114026,3.5631713395569706,-2.442050685103298,-0.111727
2.4291784495114026,4.684556053437583,1.2958983611654125,-0.0707725
2.6160759018248374,0.012119745601695264,2.0434881704191543,-0.034401
2.6160759018248374,5.058350958064454,-1.5075634235361206,-0.0646825
2.802973354138272,-2.417547134472967,-1.5075634235361206,-0.0523567
2.802973354138272,0.19901719791513006,-2.068255780476427,-0.105165
2.9898708064517088,0.5728121025420023,-2.068255780476427,-0.110645
2.9898708064517088,3.5631713395569706,1.4827958134788473,-0.0730934
3.1767682587651436,-3.912726752980451,-1.1337685189092497,-0.0267351
3.1767682587651436,-3.1651369437267087,-1.5075634235361206,-0.037137
3.1767682587651436,2.815581530303228,1.4827958134788473,-0.0557247
3.1767682587651436,3.1893764349300993,-2.628948137416734,-0.112755
3.1767682587651436,3.1893764349300993,1.4827958134788473,-0.0625004
3.36366571107858,-4.847214014547629,-0.38617870965550694,-0.00564503
3.36366571107858,-4.099624205293886,-1.1337685189092497,-0.0235752
3.36366571107858,-1.4830598729057884,-1.6944608758495563,-0.0776829
3.36366571107858,3.0024789826166627,-2.628948137416734,-0.11564
3.550563163392015,-4.286521657607322,1.2958983611654125,-0.0110099
3.550563163392015,-3.1651369437267087,-1.6944608758495563,-0.0351051
3.550563163392015,-2.791342039099838,3.3517703366132023,-0.0587456
3.550563163392015,-1.4830598729057884,3.3517703366132023,-0.040707
3.550563163392015,-0.3616751590251761,2.6041805273594614,-0.0177038
3.550563163392015,5.6190433150047605,-0.19928125734207125,-0.0462471
3.7374606157054497,-2.791342039099838,-1.8813583281629915,-0.0366508
3.7374606157054497,-0.9223675159654823,-2.255153232789863,-0.117779
3.7374606157054497,1.8810942687360503,-2.255153232789863,-0.133076
3.7374606157054497,3.376273887243536,1.6696932657922838,-0.0499725
3.7374606157054497,5.432145862691326,0.17451364728479923,-0.0423145
3.924358068018888,3.1893764349300993,-2.255153232789863,-0.100661
4.111255520332323,-2.791342039099838,-1.8813583281629915,-0.0365872
4.111255520332323,3.376273887243536,1.6696932657922838,-0.0418479
4.298152972645758,-4.473419109920758,-0.946871066595814,-0.0200823
4.298152972645758,-2.6044445867864026,3.538667788926639,-0.0626402
4.298152972645758,-2.417547134472967,-1.8813583281629915,-0.0417897
4.298152972645758,1.1335044594823085,-2.255153232789863,-0.136609
4.298152972645758,1.507299364109179,2.0434881704191543,-0.0126871
4.298152972645758,4.684556053437583,1.1090009088519768,-0.0433895
4.485050424959194,-1.4830598729057884,-1.8813583281629915,-0.0958249
4.485050424959194,-1.2961624205923536,-2.068255780476427,-0.108235
4.485050424959194,0.19901719791513006,-2.628948137416734,-0.130908
4.485050424959194,0.7597095548554371,2.9779754319863327,0.0004755
4.485050424959194,1.8810942687360503,-0.946871066595814,-0.0996325
4.485050424959194,2.067991721049485,-0.7599736142823792,-0.0904598
4.485050424959194,2.2548891733629217,1.2958983611654125,-0.0504044
4.485050424959194,3.750068791870407,-1.8813583281629915,-0.0603822
4.671947877272629,-3.912726752980451,2.0434881704191543,-0.0486002
4.671947877272629,2.067991721049485,-0.012383805028636452,-0.0609827
4.671947877272629,2.2548891733629217,0.17451364728479923,-0.0592233
4.671947877272629,2.2548891733629217,0.9221034565385411,-0.0525012
4.671947877272629,3.5631713395569706,1.4827958134788473,-0.0343805
4.671947877272629,5.245248410377891,-0.38617870965550694,-0.0400268
4.858845329586064,-1.109264968278918,3.1648728842997675,-0.0212498
4.858845329586064,1.6941968164226155,-0.38617870965550694,-0.0615699
4.858845329586064,1.8810942687360503,0.17451364728479923,-0.0511434
4.858845329586064,2.6286840779897913,0.3614110995982349,-0.0490944
4.858845329586064,2.815581530303228,0.9221034565385411,-0.0391574
4.858845329586064,4.123863696497277,-1.6944608758495563,-0.0482508
5.0457427818995,-4.660316562234193,0.5483085519116706,-0.0287712
5.0457427818995,-0.3616751590251761,-2.442050685103298,-0.126757
5.0457427818995,3.750068791870407,-0.946871066595814,-0.0562675
5.0457427818995,3.750068791870407,1.1090009088519768,-0.0343815
5.0457427818995,4.123863696497277,-1.3206659712226854,-0.0490143
5.0457427818995,4.684556053437583,-1.3206659712226854,-0.0390397
5.232640234212935,-1.2961624205923536,-1.6944608758495563,-0.111036
5.232640234212935,3.936966244183842,0.5483085519116706,-0.0404184
5.419537686526372,-1.2961624205923536,2.9779754319863327,-0.0359165
5.419537686526372,0.012119745601695264,-2.255153232789863,-0.126174
5.606435138839807,-2.9782394914132735,2.791077979672896,-0.0807791
5.606435138839807,-2.6044445867864026,-1.8813583281629915,-0.0686645
5.606435138839807,-1.4830598729057884,-0.7599736142823792,-0.0689221
5.606435138839807,-0.9223675159654823,-1.6944608758495563,-0.119819
5.793332591153241,-5.034111466861065,-0.946871066595814,-0.073375
5.793332591153241,-3.1651369437267087,2.23038562273259,-0.0784204
5.793332591153241,-0.9223675159654823,2.791077979672896,-0.0298025
5.793332591153241,-0.5485726113386118,-1.6944608758495563,-0.121623
5.793332591153241,0.7597095548554371,-1.3206659712226854,-0.106862
5.793332591153241,0.7597095548554371,-0.012383805028636452,-0.0408388
5.980230043466678,-2.791342039099838,2.23038562273259,-0.0776305
5.980230043466678,-2.230649682159531,-1.6944608758495563,-0.0816856
5.980230043466678,-2.0437522298460964,-1.5075634235361206,-0.0808407
5.980230043466678,-0.3616751590251761,-1.3206659712226854,-0.113422
5.980230043466678,0.38591465022856664,-1.1337685189092497,-0.103265
5.980230043466678,0.38591465022856664,-0.19928125734207125,-0.0532731
6.167127495780113,-4.847214014547629,-1.5075634235361206,-0.085917
6.167127495780113,-4.099624205293886,-2.068255780476427,-0.0877455
6.167127495780113,-2.6044445867864026,1.4827958134788473,-0.0625119
6.167127495780113,-2.230649682159531,1.6696932657922838,-0.0591225
6.167127495780113,-1.4830598729057884,-0.38617870965550694,-0.0578904
6.167127495780113,0.5728121025420023,0.3614110995982349,-0.0337987
6.167127495780113,0.7597095548554371,1.6696932657922838,-0.026001
6.354024948093548,-2.791342039099838,-2.068255780476427,-0.092194
6.354024948093548,-2.0437522298460964,-1.5075634235361206,-0.090031
6.354024948093548,-1.2961624205923536,2.0434881704191543,-0.0383094
6.354024948093548,-0.9223675159654823,2.23038562273259,-0.0339265
6.354024948093548,0.38591465022856664,2.0434881704191543,-0.0259837
6.540922400406982,-5.2210089191744995,-0.19928125734207125,-0.088432
6.540922400406982,-5.034111466861065,-1.3206659712226854,-0.0925566
6.540922400406982,-2.230649682159531,-1.6944608758495563,-0.0946645
6.540922400406982,-1.4830598729057884,1.6696932657922838,-0.0373158
6.540922400406982,-0.5485726113386118,-0.19928125734207125,-0.0437501
6.727819852720421,-5.2210089191744995,-0.19928125734207125,-0.0919097
6.727819852720421,-2.791342039099838,-2.068255780476427,-0.0985576
6.727819852720421,-0.3616751590251761,1.8565907181057195,-0.0291916
6.9147173050338555,-2.791342039099838,1.1090009088519768,-0.0793097
6.9147173050338555,-2.0437522298460964,0.5483085519116706,-0.0677226
7.10161475734729,-0.7354700636520466,1.1090009088519768,-0.02409
7.288512209660729,-4.286521657607322,0.9221034565385411,-0.0953936
7.288512209660729,-3.3520343960401444,1.1090009088519768,-0.0909391
7.47540966197416,-4.847214014547629,-1.3206659712226854,-0.107796
7.47540966197416,-4.099624205293886,0.9221034565385411,-0.0974935
7.662307114287598,-3.53893184835358,0.9221034565385411,-0.0978549
7.849204566601033,-2.791342039099838,0.5483085519116706,-0.0975925
8.036102018914468,-4.473419109920758,-1.1337685189092497,-0.115272
8.222999471227903,-4.286521657607322,-0.946871066595814,-0.11702
8.409896923541341,-3.912726752980451,-0.38617870965550694,-0.116351
8.409896923541341,-3.1651369437267087,-0.5730761619689435,-0.114583
