-5.707522802586937,-1.5664836014398675,-0.07373078960964641,-0.101034
-5.707522802586937,-1.5664836014398675,1.0708414111842561,-0.103456
-5.707522802586937,-1.280340551241392,-0.07373078960964641,-0.105169
-5.707522802586937,-1.280340551241392,1.0708414111842561,-0.107548
-5.5644512774876995,-0.8511259759436784,-0.07373078960964641,-0.116153
-5.421379752388462,1.15187537544565,-1.218302990403549,-0.210981
-5.421379752388462,1.2949469005448888,-1.0752314653043111,-0.212482
-5.421379752388462,1.5810899507433644,-1.0752314653043111,-0.217485
-5.421379752388462,1.7241614758426023,-1.3613745155027868,-0.220079
-5.421379752388462,1.7241614758426023,-1.218302990403549,-0.219791
-5.278308227289224,-2.2818412269360566,1.213912936283494,-0.105992
-5.278308227289224,-2.138769701836819,1.3569844613827318,-0.107498
-5.278308227289224,-0.5649829257452028,1.213912936283494,-0.134481
-5.278308227289224,0.7226608001479375,-1.6475175657012624,-0.20823
-5.278308227289224,1.7241614758426023,-0.6460168900065977,-0.219653
-5.278308227289224,2.010304526041078,-1.7905890908005002,-0.222588
-5.278308227289224,2.153376051140315,-1.0752314653043111,-0.2266
-5.135236702189986,-2.5679842771345323,0.9277698860850183,-0.10637
-5.135236702189986,-1.137269026142154,-0.6460168900065977,-0.121455
-5.135236702189986,-0.421911400645965,1.213912936283494,-0.142835
-5.135236702189986,1.2949469005448888,0.9277698860850183,-0.211143
-5.135236702189986,1.4380184256441266,0.6416268358865427,-0.212374
-5.135236702189986,1.5810899507433644,0.9277698860850183,-0.216974
-5.135236702189986,1.7241614758426023,-0.35987383980812204,-0.219243
-4.992165177090748,-2.2818412269360566,1.5000559864819687,-0.111363
-4.992165177090748,-0.13576835044749025,0.21241226058882834,-0.145213
-4.992165177090748,-0.13576835044749025,0.7846983609857805,-0.153085
-4.992165177090748,0.2934462248502241,-0.6460168900065977,-0.171778
-4.992165177090748,0.5795892750486997,0.06934073548959141,-0.169357
-4.992165177090748,0.7226608001479375,1.0708414111842561,-0.199626
-4.992165177090748,1.7241614758426023,1.5000559864819687,-0.218808
-4.84909365199151,-2.5679842771345323,-0.21680231470888423,-0.110681
-4.84909365199151,-1.7095551265391054,-0.7890884151058355,-0.118222
-4.84909365199151,-0.8511259759436784,1.929270561779683,-0.134265
-4.84909365199151,-0.7080544508444406,-0.6460168900065977,-0.135896
-4.84909365199151,-0.2788398755467272,-0.35987383980812204,-0.14295
-4.84909365199151,0.15037469975098627,-1.7905890908005002,-0.200647
-4.84909365199151,0.15037469975098627,0.49855531078730486,-0.161785
-4.84909365199151,0.2934462248502241,-2.076732140998976,-0.206659
-4.84909365199151,0.2934462248502241,0.7846983609857805,-0.177627
-4.84909365199151,2.4395191013387905,0.7846983609857805,-0.231584
-4.84909365199151,2.4395191013387905,0.9277698860850183,-0.230191
-4.706022126892273,-2.854127327333008,0.21241226058882834,-0.111217
-4.706022126892273,-2.854127327333008,0.9277698860850183,-0.110686
-4.706022126892273,-0.13576835044749025,-0.9321599402050733,-0.163932
-4.706022126892273,0.7226608001479375,1.7861990366804452,-0.206797
-4.706022126892273,1.0088038503464132,1.929270561779683,-0.210846
-4.706022126892273,2.153376051140315,-2.5059467162966893,-0.221877
-4.706022126892273,2.868733676636505,-1.504446040602025,-0.231892
-4.562950601793035,-1.5664836014398675,-0.9321599402050733,-0.124637
-4.562950601793035,-0.7080544508444406,-0.9321599402050733,-0.142254
-4.562950601793035,-0.5649829257452028,-0.9321599402050733,-0.146654
-4.562950601793035,-0.13576835044749025,-1.6475175657012624,-0.188059
-4.562950601793035,2.725662151537267,0.49855531078730486,-0.238441
-4.419879076693797,0.2934462248502241,-2.5059467162966893,-0.210119
-4.419879076693797,0.4365177499494619,1.929270561779683,-0.200691
-4.419879076693797,2.868733676636505,0.6416268358865427,-0.237937
-4.276807551594559,-1.5664836014398675,2.5015566621766334,-0.115135
-4.276807551594559,-0.13576835044749025,-2.076732140998976,-0.193662
-4.276807551594559,2.868733676636505,1.3569844613827318,-0.230236
-4.276807551594559,3.0118052017357426,-0.7890884151058355,-0.240845
-4.133736026495321,-2.9971988524322457,1.5000559864819687,-0.108866
-4.133736026495321,-2.854127327333008,1.6431275115812074,-0.110818
-4.133736026495321,-1.8526266516383436,-1.0752314653043111,-0.123032
-4.133736026495321,-1.4234120763406297,2.644628187275872,-0.112749
-4.133736026495321,-0.421911400645965,2.5015566621766334,-0.133258
-4.133736026495321,0.007303174651748456,-2.3628751911974515,-0.201692
-4.133736026495321,0.8657323252471754,-2.9351612915944028,-0.217127
-4.133736026495321,1.7241614758426023,2.3584851370773965,-0.215761
-4.133736026495321,2.153376051140315,-2.792089766495165,-0.221381
-4.133736026495321,2.582590626438029,-2.5059467162966893,-0.223859
-4.133736026495321,2.725662151537267,-2.3628751911974515,-0.225244
-4.133736026495321,3.0118052017357426,0.49855531078730486,-0.240007
-3.990664501396084,-2.5679842771345323,-0.6460168900065977,-0.117401
-3.990664501396084,-2.138769701836819,-0.9321599402050733,-0.121003
-3.8475929762968457,-2.71105580223377,1.929270561779683,-0.112754
-3.8475929762968457,1.2949469005448888,2.5015566621766334,-0.211469
-3.704521451197608,-0.13576835044749025,2.5015566621766334,-0.143991
-3.704521451197608,2.725662151537267,1.929270561779683,-0.222977
-3.56144992609837,-3.569484952829197,0.21241226058882834,-0.0958071
-3.56144992609837,-3.426413427729959,-0.07373078960964641,-0.0993939
-3.56144992609837,-2.4249127520352944,2.2154136119781587,-0.115601
-3.56144992609837,-0.2788398755467272,2.644628187275872,-0.131442
-3.56144992609837,0.4365177499494619,2.3584851370773965,-0.19319
-3.56144992609837,2.153376051140315,2.3584851370773965,-0.216473
-3.4183784009991323,-2.5679842771345323,-0.7890884151058355,-0.117106
-3.4183784009991323,-2.2818412269360566,-1.0752314653043111,-0.119495
-3.4183784009991323,-1.8526266516383436,-2.076732140998976,-0.110898
-3.4183784009991323,-1.137269026142154,-2.5059467162966893,-0.121667
-3.4183784009991323,0.4365177499494619,-2.792089766495165,-0.210838
-3.4183784009991323,2.868733676636505,1.7861990366804452,-0.223639
-3.4183784009991323,3.1548767268349804,0.49855531078730486,-0.236339
-3.2753068758998944,-0.421911400645965,-2.5059467162966893,-0.154104
-3.2753068758998944,-0.2788398755467272,2.644628187275872,-0.129385
-3.2753068758998944,2.153376051140315,2.3584851370773965,-0.214971
-3.1322353508006566,0.4365177499494619,2.3584851370773965,-0.186811
-3.1322353508006566,2.868733676636505,-0.5029453649073599,-0.234902
-3.1322353508006566,3.1548767268349804,0.7846983609857805,-0.231298
-3.1322353508006566,3.1548767268349804,0.9277698860850183,-0.229954
-2.989163825701419,0.7226608001479375,-2.792089766495165,-0.212819
-2.989163825701419,1.0088038503464132,2.5015566621766334,-0.198858
-2.989163825701419,2.868733676636505,-0.07373078960964641,-0.232624
-2.846092300602181,-3.426413427729959,1.3569844613827318,-0.0963807
-2.846092300602181,-2.9971988524322457,1.7861990366804452,-0.107271
-2.846092300602181,-2.71105580223377,-0.6460168900065977,-0.113887
-2.846092300602181,-2.2818412269360566,2.2154136119781587,-0.119065
-2.846092300602181,1.7241614758426023,-2.792089766495165,-0.218352
-2.846092300602181,2.725662151537267,-0.5029453649073599,-0.226332
-2.703020775502943,-2.2818412269360566,-1.218302990403549,-0.117694
-2.703020775502943,-1.4234120763406297,2.644628187275872,-0.112644
-2.703020775502943,0.5795892750486997,2.3584851370773965,-0.174764
-2.703020775502943,1.86723300094184,-2.649018241395927,-0.218368
-2.703020775502943,2.153376051140315,-2.5059467162966893,-0.218959
-2.703020775502943,3.0118052017357426,0.7846983609857805,-0.226013
-2.703020775502943,3.0118052017357426,0.9277698860850183,-0.225116
-2.5599492504037054,-3.2833419026307213,1.3569844613827318,-0.0996276
-2.5599492504037054,-3.1402703775314835,-0.21680231470888423,-0.103688
-2.5599492504037054,-2.9971988524322457,1.6431275115812074,-0.107127
-2.5599492504037054,1.5810899507433644,2.3584851370773965,-0.198137
-2.5599492504037054,2.4395191013387905,-2.076732140998976,-0.219448
-2.5599492504037054,2.582590626438029,-0.7890884151058355,-0.217191
-2.4168777253044675,-3.426413427729959,0.6416268358865427,-0.0959901
-2.4168777253044675,-2.5679842771345323,1.7861990366804452,-0.117733
-2.4168777253044675,-2.138769701836819,-1.6475175657012624,-0.111199
-2.4168777253044675,-1.5664836014398675,-2.3628751911974515,-0.10665
-2.4168777253044675,-1.5664836014398675,2.3584851370773965,-0.120297
-2.4168777253044675,-0.9941975010429163,-2.5059467162966893,-0.118499
-2.4168777253044675,1.2949469005448888,2.3584851370773965,-0.182162
-2.4168777253044675,2.4395191013387905,-1.7905890908005002,-0.217576
-2.4168777253044675,2.4395191013387905,-0.7890884151058355,-0.210379
-2.2738062002052306,-2.9971988524322457,-0.07373078960964641,-0.10788
-2.2738062002052306,-2.2818412269360566,1.7861990366804452,-0.123765
-2.2738062002052306,2.2964475762395535,-0.9321599402050733,-0.205494
-2.2738062002052306,2.4395191013387905,1.6431275115812074,-0.21191
-2.2738062002052306,2.725662151537267,0.7846983609857805,-0.218209
-2.2738062002052306,2.725662151537267,0.9277698860850183,-0.217878
-2.130734675105992,-2.4249127520352944,-0.5029453649073599,-0.12015
-2.130734675105992,-2.2818412269360566,-1.0752314653043111,-0.116772
-2.130734675105992,-1.995698176737581,-2.2198036660982137,-0.0976422
-2.130734675105992,-1.7095551265391054,1.929270561779683,-0.128944
-2.130734675105992,-1.4234120763406297,-2.5059467162966893,-0.103213
-2.130734675105992,-1.280340551241392,-2.5059467162966893,-0.10666
-2.130734675105992,-1.137269026142154,2.2154136119781587,-0.125963
-2.130734675105992,0.8657323252471754,-1.933660615899738,-0.194684
-2.130734675105992,1.2949469005448888,2.3584851370773965,-0.157009
-2.130734675105992,2.153376051140315,-0.21680231470888423,-0.193807
-1.987663150006754,-2.854127327333008,0.9277698860850183,-0.112128
-1.987663150006754,-2.71105580223377,0.06934073548959141,-0.117112
-1.987663150006754,-2.4249127520352944,-0.5029453649073599,-0.121227
-1.987663150006754,-1.8526266516383436,1.6431275115812074,-0.131014
-1.987663150006754,-0.9941975010429163,2.2154136119781587,-0.127716
-1.987663150006754,1.15187537544565,-1.6475175657012624,-0.191408
-1.987663150006754,1.2949469005448888,-1.6475175657012624,-0.194974
-1.987663150006754,1.5810899507433644,-1.504446040602025,-0.197232
-1.987663150006754,1.7241614758426023,-1.218302990403549,-0.192019
-1.8445916249075163,-0.9941975010429163,-2.649018241395927,-0.108888
-1.8445916249075163,1.15187537544565,-1.218302990403549,-0.172177
-1.8445916249075163,1.2949469005448888,-1.0752314653043111,-0.171323
-1.8445916249075163,1.5810899507433644,-0.5029453649073599,-0.166736
-1.8445916249075163,2.153376051140315,1.0708414111842561,-0.203925
-1.7015200998082785,-2.138769701836819,1.0708414111842561,-0.130393
-1.7015200998082785,-0.7080544508444406,2.5015566621766334,-0.124667
-1.5584485747090406,-2.4249127520352944,0.35548378568806704,-0.128576
-1.5584485747090406,-0.8511259759436784,-2.792089766495165,-0.108619
-1.5584485747090406,1.0088038503464132,2.787699712375109,-0.111333
-1.5584485747090406,1.4380184256441266,-0.07373078960964641,-0.165185
-1.5584485747090406,1.5810899507433644,2.2154136119781587,-0.13583
-1.5584485747090406,1.7241614758426023,0.6416268358865427,-0.182625
-1.4153770496098028,-2.4249127520352944,0.35548378568806704,-0.130462
-1.4153770496098028,-2.138769701836819,0.9277698860850183,-0.133028
-1.4153770496098028,1.5810899507433644,0.35548378568806704,-0.170881
-1.272305524510565,0.007303174651748456,2.9307712374743478,-0.110994
-1.272305524510565,0.15037469975098627,-2.076732140998976,-0.144877
-1.272305524510565,0.2934462248502241,-1.933660615899738,-0.149056
-1.1292339994113272,-2.2818412269360566,0.6416268358865427,-0.1339
-1.1292339994113272,0.007303174651748456,2.9307712374743478,-0.110825
-1.1292339994113272,1.4380184256441266,-0.07373078960964641,-0.160285
-1.1292339994113272,1.7241614758426023,0.7846983609857805,-0.162052
-0.9861624743120903,-0.9941975010429163,-3.0782328166936406,-0.0978516
-0.9861624743120903,-0.7080544508444406,-2.9351612915944028,-0.108375
-0.9861624743120903,0.4365177499494619,2.9307712374743478,-0.105273
-0.9861624743120903,1.7241614758426023,1.7861990366804452,-0.135618
-0.8430909492128515,-2.71105580223377,-0.07373078960964641,-0.130091
-0.8430909492128515,1.0088038503464132,-0.9321599402050733,-0.153346
-0.8430909492128515,1.15187537544565,-0.6460168900065977,-0.154124
-0.8430909492128515,1.5810899507433644,0.21241226058882834,-0.1565
-0.7000194241136137,-2.854127327333008,-0.35987383980812204,-0.12641
-0.7000194241136137,-1.5664836014398675,2.072342086878921,-0.133055
-0.7000194241136137,-1.137269026142154,2.5015566621766334,-0.127379
-0.7000194241136137,-0.9941975010429163,-3.0782328166936406,-0.0978094
-0.7000194241136137,0.4365177499494619,-1.933660615899738,-0.145716
-0.7000194241136137,1.7241614758426023,0.6416268358865427,-0.151842
-0.5569478990143759,-2.4249127520352944,-2.792089766495165,-0.0777732
-0.5569478990143759,-0.5649829257452028,2.787699712375109,-0.118038
-0.5569478990143759,0.8657323252471754,-1.0752314653043111,-0.1499
-0.5569478990143759,1.15187537544565,2.5015566621766334,-0.107021
-0.5569478990143759,1.4380184256441266,-0.07373078960964641,-0.152129
-0.5569478990143759,1.5810899507433644,1.929270561779683,-0.12345
-0.5569478990143759,1.7241614758426023,0.6416268358865427,-0.149176
-0.5569478990143759,1.7241614758426023,1.5000559864819687,-0.135209
-0.4138763739151381,-2.854127327333008,-1.933660615899738,-0.0955318
-0.4138763739151381,-2.4249127520352944,0.35548378568806704,-0.133714
-0.4138763739151381,-2.2818412269360566,0.49855531078730486,-0.133978
-0.4138763739151381,-2.138769701836819,0.6416268358865427,-0.133776
-0.4138763739151381,1.5810899507433644,0.21241226058882834,-0.149564
-0.4138763739151381,1.7241614758426023,0.6416268358865427,-0.146862
-0.2708048488159003,-2.9971988524322457,-1.0752314653043111,-0.114541
-0.2708048488159003,-2.9971988524322457,-0.9321599402050733,-0.117176
-0.2708048488159003,-2.4249127520352944,0.35548378568806704,-0.133258
-0.2708048488159003,-1.995698176737581,0.7846983609857805,-0.132437
-0.2708048488159003,0.4365177499494619,-1.933660615899738,-0.141625
-0.2708048488159003,0.8657323252471754,-0.7890884151058355,-0.14525
-0.2708048488159003,1.7241614758426023,1.3569844613827318,-0.133858
-0.12773332371666246,-2.9971988524322457,-0.7890884151058355,-0.119273
-0.12773332371666246,-2.854127327333008,-0.21680231470888423,-0.127636
-0.12773332371666246,-2.71105580223377,-2.076732140998976,-0.0920395
-0.12773332371666246,-1.4234120763406297,2.3584851370773965,-0.127783
-0.12773332371666246,0.8657323252471754,-0.6460168900065977,-0.142607
-0.12773332371666246,1.5810899507433644,1.7861990366804452,-0.121205
0.015338201382574468,-2.71105580223377,0.06934073548959141,-0.129952
0.015338201382574468,-1.5664836014398675,2.2154136119781587,-0.128483
0.015338201382574468,-0.8511259759436784,2.787699712375109,-0.11629
0.015338201382574468,-0.421911400645965,2.9307712374743478,-0.108251
0.015338201382574468,0.7226608001479375,-0.7890884151058355,-0.139908
0.15840972648181317,-2.9971988524322457,-1.0752314653043111,-0.112682
0.15840972648181317,-2.9971988524322457,-0.6460168900065977,-0.119881
0.15840972648181317,-1.995698176737581,-2.649018241395927,-0.0836143
0.15840972648181317,-1.995698176737581,0.9277698860850183,-0.130815
0.15840972648181317,-0.9941975010429163,-2.792089766495165,-0.10174
0.15840972648181317,0.007303174651748456,-2.3628751911974515,-0.128479
0.15840972648181317,0.2934462248502241,3.0738427625735856,-0.0928549
0.15840972648181317,1.15187537544565,2.644628187275872,-0.0947207
0.15840972648181317,1.7241614758426023,1.3569844613827318,-0.127431
0.3014812515810501,-2.9971988524322457,-1.0752314653043111,-0.111418
0.3014812515810501,0.7226608001479375,-0.6460168900065977,-0.13554
0.3014812515810501,1.7241614758426023,0.7846983609857805,-0.133713
0.4445527766802888,-2.9971988524322457,-0.5029453649073599,-0.1188
0.4445527766802888,-2.854127327333008,-0.07373078960964641,-0.124284
0.4445527766802888,-2.5679842771345323,-2.076732140998976,-0.0881653
0.4445527766802888,-2.2818412269360566,-2.3628751911974515,-0.083459
0.4445527766802888,0.4365177499494619,-1.7905890908005002,-0.135939
0.4445527766802888,0.4365177499494619,3.2169142876728234,-0.0845523
0.4445527766802888,1.7241614758426023,0.7846983609857805,-0.130775
0.4445527766802888,1.7241614758426023,1.5000559864819687,-0.119868
0.5876243017795266,-2.9971988524322457,-1.218302990403549,-0.105191
0.5876243017795266,-1.995698176737581,1.5000559864819687,-0.128112
0.5876243017795266,1.4380184256441266,0.06934073548959141,-0.131145
0.5876243017795266,1.7241614758426023,0.7846983609857805,-0.127638
0.7306958268787644,0.7226608001479375,-0.9321599402050733,-0.13272
0.7306958268787644,1.5810899507433644,2.3584851370773965,-0.0936478
0.7306958268787644,1.7241614758426023,1.6431275115812074,-0.112153
0.8737673519780023,-2.4249127520352944,0.7846983609857805,-0.124739
0.8737673519780023,0.8657323252471754,3.2169142876728234,-0.0744798
0.8737673519780023,1.2949469005448888,-0.21680231470888423,-0.122464
0.8737673519780023,1.5810899507433644,0.21241226058882834,-0.119934
0.8737673519780023,1.7241614758426023,0.9277698860850183,-0.120228
0.8737673519780023,1.7241614758426023,1.6431275115812074,-0.10983
1.01683887707724,-2.9971988524322457,-1.504446040602025,-0.0925196
1.01683887707724,-2.9971988524322457,-0.5029453649073599,-0.110641
1.01683887707724,-1.5664836014398675,-2.792089766495165,-0.0811594
1.01683887707724,-0.9941975010429163,2.787699712375109,-0.104138
1.01683887707724,-0.421911400645965,-2.5059467162966893,-0.109608
1.01683887707724,1.7241614758426023,0.35548378568806704,-0.112644
1.01683887707724,1.7241614758426023,1.0708414111842561,-0.116255
1.01683887707724,1.7241614758426023,1.213912936283494,-0.114856
1.01683887707724,1.7241614758426023,1.3569844613827318,-0.112909
1.01683887707724,1.7241614758426023,1.5000559864819687,-0.110474
1.159910402176478,-0.5649829257452028,3.0738427625735856,-0.09102
1.159910402176478,1.2949469005448888,-0.6460168900065977,-0.109007
1.3029819272757157,-0.7080544508444406,2.9307712374743478,-0.0932494
1.3029819272757157,2.010304526041078,0.6416268358865427,-0.102131
1.4460534523749535,-2.9971988524322457,-0.9321599402050733,-0.0966516
1.4460534523749535,-2.854127327333008,-2.076732140998976,-0.0728111
1.4460534523749535,-1.7095551265391054,1.929270561779683,-0.11121
1.4460534523749535,-1.5664836014398675,2.072342086878921,-0.109649
1.4460534523749535,-1.4234120763406297,2.2154136119781587,-0.107557
1.4460534523749535,-0.421911400645965,3.0738427625735856,-0.0840453
1.4460534523749535,0.2934462248502241,-1.7905890908005002,-0.117656
1.4460534523749535,1.0088038503464132,3.0738427625735856,-0.069012
1.5891249774741913,-2.9971988524322457,-1.504446040602025,-0.0819725
1.5891249774741913,-2.9971988524322457,-1.218302990403549,-0.0881988
1.5891249774741913,-1.995698176737581,-2.792089766495165,-0.0662328
1.5891249774741913,-0.7080544508444406,2.787699712375109,-0.0904791
1.5891249774741913,0.4365177499494619,3.2169142876728234,-0.0686472
1.5891249774741913,1.0088038503464132,-1.0752314653043111,-0.107199
1.5891249774741913,1.4380184256441266,-1.218302990403549,-0.0969365
1.5891249774741913,1.5810899507433644,1.5000559864819687,-0.101594
1.7321965025734292,-2.854127327333008,-0.6460168900065977,-0.09636
1.7321965025734292,-2.5679842771345323,0.35548378568806704,-0.106172
1.7321965025734292,-1.4234120763406297,2.072342086878921,-0.102138
1.7321965025734292,1.15187537544565,-1.218302990403549,-0.10087
1.875268027672667,-2.5679842771345323,0.21241226058882834,-0.101606
1.875268027672667,0.15037469975098627,-1.7905890908005002,-0.105778
1.875268027672667,2.2964475762395535,1.0708414111842561,-0.0965356
2.018339552771905,-2.2818412269360566,1.0708414111842561,-0.0988514
2.018339552771905,-1.7095551265391054,1.7861990366804452,-0.0973577
2.018339552771905,-0.7080544508444406,2.5015566621766334,-0.0855463
2.018339552771905,0.15037469975098627,-1.7905890908005002,-0.10091
2.018339552771905,1.4380184256441266,1.5000559864819687,-0.0949986
2.018339552771905,1.5810899507433644,-1.504446040602025,-0.0923922
2.018339552771905,3.1548767268349804,0.06934073548959141,-0.0873643
2.1614110778711426,-1.995698176737581,1.5000559864819687,-0.0950203
2.1614110778711426,-1.5664836014398675,1.929270561779683,-0.0929638
2.1614110778711426,1.2949469005448888,-1.504446040602025,-0.0932637
2.1614110778711426,1.7241614758426023,1.5000559864819687,-0.0927162
2.1614110778711426,2.2964475762395535,1.3569844613827318,-0.0920302
2.3044826029703804,-2.5679842771345323,0.49855531078730486,-0.0888552
2.3044826029703804,-2.4249127520352944,0.9277698860850183,-0.0910092
2.3044826029703804,-2.138769701836819,1.3569844613827318,-0.0920517
2.3044826029703804,-1.280340551241392,-2.5059467162966893,-0.0702692
2.3044826029703804,-0.13576835044749025,-2.076732140998976,-0.0873405
2.3044826029703804,0.4365177499494619,-1.933660615899738,-0.0896231
2.4475541280696165,1.2949469005448888,-1.6475175657012624,-0.0891869
2.4475541280696165,1.4380184256441266,-1.6475175657012624,-0.0890325
2.4475541280696165,2.582590626438029,1.5000559864819687,-0.0839354
2.4475541280696165,2.725662151537267,1.3569844613827318,-0.0852023
2.590625653168856,-2.5679842771345323,0.9277698860850183,-0.083235
2.590625653168856,-1.995698176737581,1.6431275115812074,-0.0872711
2.590625653168856,1.2949469005448888,1.7861990366804452,-0.0814382
2.590625653168856,2.868733676636505,1.3569844613827318,-0.0824124
2.733697178268094,-2.2818412269360566,-0.9321599402050733,-0.0737178
2.8767687033673317,0.007303174651748456,2.644628187275872,-0.0659084
2.8767687033673317,0.2934462248502241,-2.5059467162966893,-0.0706784
2.8767687033673317,1.7241614758426023,-1.7905890908005002,-0.0837582
2.8767687033673317,1.86723300094184,2.072342086878921,-0.0704928
3.0198402284665695,-2.854127327333008,0.6416268358865427,-0.070188
3.0198402284665695,1.0088038503464132,-2.2198036660982137,-0.0757374
3.0198402284665695,2.4395191013387905,-1.7905890908005002,-0.0809199
3.1629117535658073,-2.5679842771345323,1.213912936283494,-0.0751906
3.1629117535658073,-2.4249127520352944,-0.7890884151058355,-0.0669406
3.1629117535658073,-2.2818412269360566,1.5000559864819687,-0.0797016
3.1629117535658073,-1.995698176737581,1.7861990366804452,-0.0813617
3.1629117535658073,-1.4234120763406297,-1.3613745155027868,-0.0720648
3.1629117535658073,2.4395191013387905,2.072342086878921,-0.0640748
3.1629117535658073,3.441019777033456,0.35548378568806704,-0.0806555
3.305983278665045,-2.4249127520352944,-0.7890884151058355,-0.0649953
3.305983278665045,-0.9941975010429163,-2.076732140998976,-0.0667898
3.305983278665045,0.2934462248502241,2.5015566621766334,-0.0634034
3.305983278665045,0.7226608001479375,-2.5059467162966893,-0.0682629
3.305983278665045,3.584091302132694,-0.07373078960964641,-0.0777819
3.449054803764283,-2.5679842771345323,-0.6460168900065977,-0.0619904
3.449054803764283,-2.4249127520352944,1.3569844613827318,-0.0744519
3.449054803764283,1.86723300094184,2.2154136119781587,-0.060896
3.449054803764283,3.1548767268349804,-1.6475175657012624,-0.0672017
3.449054803764283,3.2979482519342183,1.0708414111842561,-0.0748313
3.449054803764283,3.441019777033456,0.49855531078730486,-0.0787522
3.449054803764283,3.584091302132694,-1.0752314653043111,-0.0675501
3.592126328863521,-2.138769701836819,-0.9321599402050733,-0.064849
3.592126328863521,-1.280340551241392,-1.504446040602025,-0.069829
3.592126328863521,-0.9941975010429163,-2.076732140998976,-0.0654552
3.592126328863521,1.2949469005448888,2.072342086878921,-0.0645027
3.592126328863521,2.010304526041078,-1.933660615899738,-0.0735282
3.592126328863521,3.441019777033456,0.49855531078730486,-0.077883
3.592126328863521,3.584091302132694,0.06934073548959141,-0.0756268
3.735197853962757,-1.995698176737581,1.6431275115812074,-0.0773253
3.735197853962757,-1.8526266516383436,1.7861990366804452,-0.0773635
3.735197853962757,-1.4234120763406297,-1.218302990403549,-0.0693816
3.735197853962757,-0.8511259759436784,-2.2198036660982137,-0.0637166
3.735197853962757,0.15037469975098627,-2.649018241395927,-0.0619321
3.735197853962757,0.2934462248502241,2.3584851370773965,-0.0619168
3.735197853962757,0.5795892750486997,2.072342086878921,-0.065494
3.735197853962757,2.582590626438029,-1.933660615899738,-0.0659844
3.735197853962757,2.725662151537267,1.929270561779683,-0.0596947
3.735197853962757,3.0118052017357426,-1.7905890908005002,-0.0624859
3.735197853962757,3.584091302132694,0.06934073548959141,-0.0741416
3.8782693790619964,-2.71105580223377,0.7846983609857805,-0.0624074
3.8782693790619964,1.4380184256441266,-1.933660615899738,-0.0717938
3.8782693790619964,2.582590626438029,-1.933660615899738,-0.0636822
4.021340904161234,-2.2818412269360566,-0.6460168900065977,-0.0595856
4.021340904161234,2.2964475762395535,-1.933660615899738,-0.0644409
4.164412429260472,-2.4249127520352944,0.9277698860850183,-0.0650714
4.164412429260472,-2.138769701836819,1.213912936283494,-0.0709271
4.164412429260472,-1.4234120763406297,-1.0752314653043111,-0.0661407
4.164412429260472,-0.9941975010429163,-1.7905890908005002,-0.0667102
4.164412429260472,-0.5649829257452028,2.3584851370773965,-0.0618471
4.164412429260472,0.007303174651748456,2.2154136119781587,-0.0616276
4.164412429260472,3.441019777033456,0.21241226058882834,-0.0724188
4.30748395435971,-2.2818412269360566,-0.35987383980812204,-0.0582643
4.30748395435971,-2.138769701836819,-0.5029453649073599,-0.0594309
4.30748395435971,-1.5664836014398675,-0.9321599402050733,-0.0640506
4.30748395435971,-1.280340551241392,1.7861990366804452,-0.0723634
4.30748395435971,-1.137269026142154,1.929270561779683,-0.0699838
4.30748395435971,0.8657323252471754,1.6431275115812074,-0.0648482
4.30748395435971,1.2949469005448888,1.7861990366804452,-0.0628135
4.450555479458948,-2.2818412269360566,-0.07373078960964641,-0.0586061
4.450555479458948,-1.995698176737581,-0.5029453649073599,-0.0600911
4.450555479458948,-1.280340551241392,1.5000559864819687,-0.0737003
4.450555479458948,-0.9941975010429163,1.7861990366804452,-0.0702044
4.450555479458948,0.007303174651748456,1.929270561779683,-0.063432
4.450555479458948,1.0088038503464132,1.6431275115812074,-0.063941
4.5936270045581855,-2.138769701836819,0.06934073548959141,-0.0603909
4.5936270045581855,-1.995698176737581,0.6416268358865427,-0.0660445
4.5936270045581855,-0.8511259759436784,1.6431275115812074,-0.0701537
4.5936270045581855,0.5795892750486997,1.7861990366804452,-0.0610483
4.5936270045581855,1.5810899507433644,1.6431275115812074,-0.0629499
4.5936270045581855,3.0118052017357426,0.49855531078730486,-0.0740747
4.5936270045581855,3.1548767268349804,-1.3613745155027868,-0.0518436
4.5936270045581855,3.441019777033456,-0.7890884151058355,-0.0553084
4.736698529657423,-1.280340551241392,1.0708414111842561,-0.0722362
4.736698529657423,-1.137269026142154,1.213912936283494,-0.0722539
4.736698529657423,-0.9941975010429163,1.3569844613827318,-0.0715946
4.736698529657423,-0.421911400645965,1.7861990366804452,-0.0652293
4.736698529657423,1.4380184256441266,-1.6475175657012624,-0.0637545
4.736698529657423,1.5810899507433644,1.5000559864819687,-0.0644561
4.736698529657423,2.725662151537267,-1.504446040602025,-0.053391
4.879770054756661,-1.995698176737581,-0.5029453649073599,-0.0553711
4.879770054756661,-0.421911400645965,1.7861990366804452,-0.0637625
4.879770054756661,2.582590626438029,0.49855531078730486,-0.0741398
4.879770054756661,3.0118052017357426,-0.07373078960964641,-0.0664515
5.022841579855897,-1.8526266516383436,0.35548378568806704,-0.0624352
5.022841579855897,-1.137269026142154,-1.6475175657012624,-0.0619945
5.022841579855897,-0.2788398755467272,-1.933660615899738,-0.0668905
5.022841579855897,1.0088038503464132,-1.933660615899738,-0.06241
5.022841579855897,2.725662151537267,-0.07373078960964641,-0.0679563
5.165913104955137,2.2964475762395535,-0.07373078960964641,-0.0698055
5.308984630054375,-1.280340551241392,-1.6475175657012624,-0.0578423
5.308984630054375,-0.2788398755467272,-1.933660615899738,-0.0664168
5.308984630054375,1.2949469005448888,1.6431275115812074,-0.0563065
5.308984630054375,2.153376051140315,-0.9321599402050733,-0.05944
5.308984630054375,2.153376051140315,-0.21680231470888423,-0.0678311
5.452056155153612,-1.7095551265391054,-1.3613745155027868,-0.0500057
5.452056155153612,-0.7080544508444406,1.6431275115812074,-0.0621161
5.452056155153612,-0.2788398755467272,-1.933660615899738,-0.0661104
5.452056155153612,0.2934462248502241,2.072342086878921,-0.049477
5.452056155153612,0.4365177499494619,-2.076732140998976,-0.0621303
5.59512768025285,-1.7095551265391054,-1.3613745155027868,-0.048859
5.59512768025285,-0.2788398755467272,1.929270561779683,-0.0533932
5.59512768025285,2.010304526041078,-0.07373078960964641,-0.0669406
5.881270730451326,1.5810899507433644,-1.7905890908005002,-0.0465378
6.024342255550564,-1.7095551265391054,-1.218302990403549,-0.045989
6.024342255550564,-0.421911400645965,-1.7905890908005002,-0.0641137
6.024342255550564,2.010304526041078,-0.35987383980812204,-0.0586179
6.1674137806498015,-0.13576835044749025,1.7861990366804452,-0.0502478
6.1674137806498015,1.15187537544565,1.5000559864819687,-0.0513996
6.1674137806498015,2.010304526041078,-0.6460168900065977,-0.0527465
6.3104853057490375,-1.7095551265391054,-0.9321599402050733,-0.044922
6.3104853057490375,-1.280340551241392,-1.3613745155027868,-0.0513156
6.3104853057490375,-0.5649829257452028,1.3569844613827318,-0.0586383
6.3104853057490375,0.007303174651748456,-1.7905890908005002,-0.060707
6.3104853057490375,0.4365177499494619,-1.933660615899738,-0.0544439
6.3104853057490375,1.0088038503464132,-1.933660615899738,-0.046819
6.3104853057490375,1.0088038503464132,1.5000559864819687,-0.0504713
6.3104853057490375,1.5810899507433644,0.35548378568806704,-0.0654456
6.3104853057490375,1.7241614758426023,0.06934073548959141,-0.0629848
6.453556830848277,-1.7095551265391054,-0.5029453649073599,-0.0457685
6.453556830848277,-1.5664836014398675,-0.9321599402050733,-0.0465811
6.453556830848277,-1.280340551241392,-1.218302990403549,-0.0507728
6.453556830848277,-0.9941975010429163,-1.3613745155027868,-0.0555898
6.453556830848277,1.2949469005448888,0.7846983609857805,-0.0617576
6.453556830848277,1.4380184256441266,-1.6475175657012624,-0.0427241
6.453556830848277,1.86723300094184,-0.6460168900065977,-0.050533
6.596628355947515,-1.280340551241392,0.21241226058882834,-0.0565003
6.596628355947515,-0.2788398755467272,1.213912936283494,-0.0572785
6.596628355947515,0.8657323252471754,1.213912936283494,-0.0539996
6.596628355947515,1.4380184256441266,-1.504446040602025,-0.0424994
6.739699881046753,-0.9941975010429163,-0.9321599402050733,-0.0549076
6.739699881046753,0.8657323252471754,0.7846983609857805,-0.060025
6.739699881046753,1.0088038503464132,0.49855531078730486,-0.0629919
6.882771406145991,0.007303174651748456,0.49855531078730486,-0.0622028
6.882771406145991,0.15037469975098627,-1.218302990403549,-0.0581782
7.025842931245227,0.4365177499494619,-0.21680231470888423,-0.0612693
7.025842931245227,0.5795892750486997,-1.0752314653043111,-0.0532088
7.025842931245227,0.5795892750486997,-0.21680231470888423,-0.0606612
7.025842931245227,1.0088038503464132,-0.5029453649073599,-0.0546585
