-5.104788374801613,-0.43809205214415403,0.5927589082316604,0.177353
-4.978771701948675,-0.06004203358534266,0.4667422353787236,0.172227
-4.852755029095738,-1.3202087621147136,0.21470888967284907,0.162683
-4.852755029095738,-1.1941920892617763,-0.03732445603302459,0.161648
-4.852755029095738,-1.0681754164088395,-0.1633411288859623,0.161959
-4.852755029095738,-0.816142070702965,-0.28935780173889913,0.161132
-4.852755029095738,-0.6901253978500281,-0.28935780173889913,0.160865
-4.726738356242802,-0.6901253978500281,1.6008922910551577,0.183142
-4.726738356242802,0.1919913121205319,0.08869221681991224,0.157652
-4.726738356242802,0.3180079849734687,0.7187755810845982,0.169754
-4.600721683389864,-1.5722421078205877,-0.4153744745918364,0.161788
-4.600721683389864,0.44402465782640643,0.5927589082316604,0.162253
-4.474705010536927,-1.1941920892617763,1.6008922910551577,0.173067
-4.474705010536927,-1.0681754164088395,-1.1714745117094592,0.172388
-4.34868833768399,0.5700413306793433,-0.4153744745918364,0.134948
-4.34868833768399,0.696058003532281,0.4667422353787236,0.145947
-4.34868833768399,0.8220746763852178,-0.4153744745918364,0.125453
-4.34868833768399,0.9480913492381546,0.08869221681991224,0.126575
-4.2226716648310525,-1.9502921263793986,0.7187755810845982,0.150182
-4.2226716648310525,0.5700413306793433,1.0968255996434095,0.1585
-4.2226716648310525,1.0741080220910924,-0.9194411660035846,0.111527
-4.2226716648310525,1.8302080592087142,-0.5413911474447732,0.101687
-4.096654991978116,-2.076308799232336,-0.5413911474447732,0.160618
-4.096654991978116,0.8220746763852178,0.844792253937535,0.139209
-3.9706383191251784,-1.0681754164088395,1.8529256367610314,0.163476
-3.8446216462722416,-1.6982587806735245,1.474875618202221,0.153328
-3.7186049734193043,-2.076308799232336,-1.0454578388565219,0.168057
-3.592588300566367,2.082241404914588,-1.1714745117094592,0.0916472
-3.4665716277134297,-1.9502921263793986,-1.297491184562396,0.168209
-3.4665716277134297,-1.1941920892617763,1.8529256367610314,0.151639
-3.4665716277134297,0.06597463926759506,-1.4235078574153328,0.135118
-3.4665716277134297,0.1919913121205319,1.7269089639080946,0.144868
-3.4665716277134297,0.3180079849734687,-1.4235078574153328,0.120994
-3.4665716277134297,0.8220746763852178,-1.54952453026827,0.0984771
-3.4665716277134297,1.5781747135028397,1.2228422724963464,0.0882202
-3.4665716277134297,2.082241404914588,0.7187755810845982,0.0802792
-3.4665716277134297,2.3342747506204624,-0.9194411660035846,0.0891846
-3.4665716277134297,2.3342747506204624,0.3407255625257868,0.0816977
-3.340554954860493,-1.9502921263793986,-1.297491184562396,0.164716
-3.340554954860493,1.5781747135028397,-1.54952453026827,0.0871927
-3.2145382820075556,-1.8242754535264618,1.6008922910551577,0.149867
-3.2145382820075556,-0.1860587064382795,1.8529256367610314,0.142774
-3.2145382820075556,0.1919913121205319,-1.54952453026827,0.116477
-3.2145382820075556,0.9480913492381546,-1.675541203121207,0.0881114
-3.2145382820075556,1.2001246949440292,1.7269089639080946,0.0961185
-3.2145382820075556,1.4521580406499028,1.6008922910551577,0.088969
-3.088521609154619,0.44402465782640643,1.8529256367610314,0.11865
-3.088521609154619,1.326141367796966,-1.675541203121207,0.0812378
-3.088521609154619,1.7041913863557765,-1.54952453026827,0.081499
-3.088521609154619,2.082241404914588,0.9708089267904727,0.0743245
-2.962504936301682,-2.4543588177911473,0.5927589082316604,0.14713
-2.962504936301682,-2.3283421449382105,1.0968255996434095,0.151074
-2.962504936301682,-2.076308799232336,-1.0454578388565219,0.145171
-2.962504936301682,-0.9421587435559022,-1.675541203121207,0.14734
-2.962504936301682,-0.816142070702965,-1.675541203121207,0.144252
-2.962504936301682,-0.3120753792912163,1.8529256367610314,0.137427
-2.962504936301682,0.5700413306793433,-1.9275745488270815,0.0832841
-2.962504936301682,0.696058003532281,1.9789423096139682,0.105221
-2.962504936301682,2.4602914234733992,-0.7934244931506478,0.0796627
-2.8364882634487447,-2.4543588177911473,0.7187755810845982,0.148808
-2.8364882634487447,-2.202325472085273,1.348858945349284,0.151173
-2.8364882634487447,-1.9502921263793986,1.6008922910551577,0.149687
-2.8364882634487447,-0.43809205214415403,1.8529256367610314,0.135943
-2.8364882634487447,0.696058003532281,-2.1796078945329556,0.0736141
-2.8364882634487447,1.7041913863557765,1.7269089639080946,0.0812073
-2.8364882634487447,2.082241404914588,-1.297491184562396,0.0774474
-2.8364882634487447,2.2082580777675256,-1.1714745117094592,0.077687
-2.7104715905958074,-2.3283421449382105,-0.28935780173889913,0.133617
-2.7104715905958074,-2.202325472085273,-0.7934244931506478,0.127778
-2.7104715905958074,-0.5641087249970909,1.8529256367610314,0.134196
-2.7104715905958074,0.9480913492381546,-2.305624567385893,0.0667668
-2.7104715905958074,1.0741080220910924,-2.1796078945329556,0.0669964
-2.7104715905958074,1.0741080220910924,2.104958982466906,0.0918771
-2.7104715905958074,1.4521580406499028,1.9789423096139682,0.0854242
-2.5844549177428706,-2.4543588177911473,0.3407255625257868,0.142415
-2.5844549177428706,-2.202325472085273,-1.0454578388565219,0.112699
-2.5844549177428706,-1.4462254349676509,1.8529256367610314,0.139426
-2.5844549177428706,-0.816142070702965,-1.675541203121207,0.113166
-2.5844549177428706,-0.6901253978500281,1.8529256367610314,0.132286
-2.5844549177428706,2.3342747506204624,-0.9194411660035846,0.072224
-2.5844549177428706,2.4602914234733992,0.08869221681991224,0.0707963
-2.4584382448899333,-2.4543588177911473,0.4667422353787236,0.142031
-2.4584382448899333,-2.4543588177911473,0.5927589082316604,0.144215
-2.4584382448899333,-1.0681754164088395,-1.675541203121207,0.104491
-2.4584382448899333,-0.5641087249970909,-2.0535912216800187,0.0820334
-2.4584382448899333,0.06597463926759506,-2.683674585944704,0.0646662
-2.4584382448899333,2.4602914234733992,-0.03732445603302459,0.0691214
-2.332421572036996,-2.4543588177911473,-0.4153744745918364,0.105245
-2.332421572036996,-2.076308799232336,-1.675541203121207,0.0822868
-2.332421572036996,-0.6901253978500281,-2.0535912216800187,0.0769687
-2.332421572036996,-0.1860587064382795,1.8529256367610314,0.111378
-2.332421572036996,0.06597463926759506,1.9789423096139682,0.103105
-2.332421572036996,1.5781747135028397,-2.0535912216800187,0.056068
-2.332421572036996,2.3342747506204624,0.4667422353787236,0.0672128
-2.2064048991840592,0.8220746763852178,2.2309756553198428,0.0863142
-2.2064048991840592,1.0741080220910924,-2.809691258797641,0.0544068
-2.2064048991840592,1.7041913863557765,-1.9275745488270815,0.0534065
-2.2064048991840592,2.2082580777675256,-1.0454578388565219,0.0617921
-2.2064048991840592,2.2082580777675256,1.0968255996434095,0.0660804
-2.2064048991840592,2.4602914234733992,-0.4153744745918364,0.0626132
-2.2064048991840592,2.4602914234733992,-0.28935780173889913,0.0631497
-2.080388226331122,-2.7063921634970214,-1.297491184562396,0.0685207
-2.080388226331122,-2.5803754906440846,-1.54952453026827,0.0661568
-2.080388226331122,-2.3283421449382105,-1.8015578759741442,0.0646433
-2.080388226331122,-0.6901253978500281,-2.305624567385893,0.0606006
-2.080388226331122,2.082241404914588,-1.297491184562396,0.0556567
-2.080388226331122,2.082241404914588,1.474875618202221,0.0669923
-2.080388226331122,2.3342747506204624,0.3407255625257868,0.0634064
-2.080388226331122,2.4602914234733992,-0.03732445603302459,0.0599546
-1.9543715534781851,-2.832408836349959,-1.1714745117094592,0.0635556
-1.9543715534781851,-2.3283421449382105,0.7187755810845982,0.122409
-1.9543715534781851,0.3180079849734687,2.104958982466906,0.0841386
-1.9543715534781851,0.9480913492381546,2.2309756553198428,0.0783559
-1.9543715534781851,1.8302080592087142,-1.9275745488270815,0.0462176
-1.9543715534781851,1.8302080592087142,1.8529256367610314,0.0683574
-1.9543715534781851,2.712324769179274,-0.9194411660035846,0.0474383
-1.8283548806252474,-2.5803754906440846,-0.03732445603302459,0.0810616
-1.8283548806252474,-2.202325472085273,1.348858945349284,0.0975237
-1.8283548806252474,0.8220746763852178,-3.0617246045035156,0.0496101
-1.8283548806252474,1.4521580406499028,-2.683674585944704,0.0456601
-1.8283548806252474,1.8302080592087142,-2.0535912216800187,0.0424955
-1.8283548806252474,2.082241404914588,1.474875618202221,0.0605383
-1.8283548806252474,2.2082580777675256,0.9708089267904727,0.0584385
-1.8283548806252474,2.586308096326337,-1.297491184562396,0.0422137
-1.7023382077723106,-2.958425509202896,-0.7934244931506478,0.0566931
-1.7023382077723106,2.712324769179274,-1.4235078574153328,0.0375097
-1.7023382077723106,3.216391460591022,-0.4153744745918364,0.0406562
-1.5763215349193738,-2.958425509202896,-1.297491184562396,0.0477457
-1.5763215349193738,-2.3283421449382105,1.348858945349284,0.0693544
-1.5763215349193738,-1.4462254349676509,2.4830090010257173,0.056077
-1.5763215349193738,-0.1860587064382795,-2.9357079316505783,0.0452941
-1.5763215349193738,1.8302080592087142,-2.1796078945329556,0.036647
-1.5763215349193738,2.9643581148851483,-1.4235078574153328,0.0345157
-1.450304862066436,-2.202325472085273,-2.1796078945329556,0.0371579
-1.450304862066436,-1.5722421078205877,-2.305624567385893,0.0363158
-1.450304862066436,0.9480913492381546,2.2309756553198428,0.0565813
-1.450304862066436,2.712324769179274,-1.675541203121207,0.0300632
-1.450304862066436,3.090374787738085,0.21470888967284907,0.0343153
-1.450304862066436,3.4684248062968965,-0.7934244931506478,0.0354652
-1.3242881892134992,-2.076308799232336,2.2309756553198428,0.0435531
-1.3242881892134992,-1.9502921263793986,2.3569923281727796,0.043563
-1.3242881892134992,1.326141367796966,-2.809691258797641,0.037895
-1.3242881892134992,1.5781747135028397,-2.5576579130917674,0.0348716
-1.3242881892134992,2.586308096326337,-1.8015578759741442,0.0266136
-1.3242881892134992,3.3424081334439597,-1.297491184562396,0.0312745
-1.1982715163605624,0.3180079849734687,-3.0617246045035156,0.039059
-1.1982715163605624,0.696058003532281,-3.0617246045035156,0.0388241
-1.1982715163605624,2.4602914234733992,1.7269089639080946,0.0288185
-1.1982715163605624,3.4684248062968965,-0.03732445603302459,0.0304979
-1.0722548435076247,-2.832408836349959,-0.1633411288859623,0.0354071
-1.0722548435076247,-2.4543588177911473,-2.0535912216800187,0.0261806
-1.0722548435076247,-1.3202087621147136,2.735042346731591,0.0357537
-1.0722548435076247,-0.9421587435559022,-2.4316412402388297,0.0284612
-1.0722548435076247,-0.9421587435559022,2.735042346731591,0.0366513
-1.0722548435076247,0.5700413306793433,2.2309756553198428,0.0386359
-1.0722548435076247,2.2082580777675256,2.3569923281727796,0.028566
-1.0722548435076247,2.586308096326337,1.0968255996434095,0.0229059
-1.0722548435076247,2.586308096326337,1.2228422724963464,0.0228975
-1.0722548435076247,2.586308096326337,1.6008922910551577,0.0233737
-0.9462381706546878,-2.958425509202896,-1.297491184562396,0.0267053
-0.9462381706546878,-2.832408836349959,-0.1633411288859623,0.0301113
-0.9462381706546878,-2.7063921634970214,1.0968255996434095,0.0272148
-0.9462381706546878,-2.5803754906440846,-1.9275745488270815,0.0230876
-0.9462381706546878,-0.816142070702965,2.735042346731591,0.0326553
-0.9462381706546878,-0.5641087249970909,-2.5576579130917674,0.0286302
-0.9462381706546878,0.44402465782640643,2.2309756553198428,0.0325925
-0.9462381706546878,1.4521580406499028,-2.5576579130917674,0.0280211
-0.9462381706546878,1.956224732061651,2.609025673878654,0.0274867
-0.9462381706546878,2.3342747506204624,2.3569923281727796,0.0241483
-0.9462381706546878,2.712324769179274,-1.9275745488270815,0.0177197
-0.8202214978017501,-2.202325472085273,-2.1796078945329556,0.0171053
-0.8202214978017501,-0.43809205214415403,2.609025673878654,0.028284
-0.8202214978017501,-0.06004203358534266,2.3569923281727796,0.0275047
-0.8202214978017501,0.3180079849734687,2.2309756553198428,0.0271014
-0.8202214978017501,0.696058003532281,2.4830090010257173,0.0273409
-0.8202214978017501,0.9480913492381546,-2.809691258797641,0.0300691
-0.8202214978017501,1.2001246949440292,-2.683674585944704,0.0279168
-0.8202214978017501,3.216391460591022,-1.675541203121207,0.0187377
-0.8202214978017501,3.72045815200277,-0.6674078202977105,0.0254712
-0.8202214978017501,3.72045815200277,-0.5413911474447732,0.0253423
-0.6942048249488133,-2.832408836349959,1.2228422724963464,0.0176271
-0.6942048249488133,-2.7063921634970214,-1.675541203121207,0.0162659
-0.6942048249488133,-1.5722421078205877,-2.4316412402388297,0.0145925
-0.6942048249488133,-0.43809205214415403,2.609025673878654,0.0242143
-0.6942048249488133,-0.06004203358534266,-2.683674585944704,0.02702
-0.6942048249488133,0.44402465782640643,-2.809691258797641,0.0284632
-0.6942048249488133,0.44402465782640643,2.3569923281727796,0.0223008
-0.6942048249488133,0.5700413306793433,-2.809691258797641,0.0283735
-0.6942048249488133,2.586308096326337,2.2309756553198428,0.0155906
-0.6942048249488133,2.712324769179274,1.9789423096139682,0.013543
-0.6942048249488133,3.4684248062968965,-1.4235078574153328,0.0192553
-0.6942048249488133,3.72045815200277,-0.7934244931506478,0.0228862
-0.5681881520958765,-0.816142070702965,2.735042346731591,0.0212662
-0.5681881520958765,1.4521580406499028,-2.4316412402388297,0.0188348
-0.5681881520958765,1.8302080592087142,-2.305624567385893,0.0144894
-0.5681881520958765,3.090374787738085,0.5927589082316604,0.01183
-0.44217147924293876,-1.1941920892617763,-2.5576579130917674,0.0129009
-0.44217147924293876,-0.9421587435559022,2.735042346731591,0.0178907
-0.44217147924293876,0.06597463926759506,2.3569923281727796,0.0135627
-0.44217147924293876,0.1919913121205319,-2.5576579130917674,0.0227858
-0.44217147924293876,3.216391460591022,-1.675541203121207,0.0108959
-0.44217147924293876,3.3424081334439597,-1.54952453026827,0.0126028
-0.44217147924293876,3.5944414791498343,-1.1714745117094592,0.0161407
-0.31615480639000193,2.8383414420322106,-1.9275745488270815,0.00486295
-0.31615480639000193,3.5944414791498343,-0.1633411288859623,0.0142518
-0.1901381335370651,-3.0844421820558328,0.21470888967284907,0.00720596
-0.1901381335370651,-2.958425509202896,-0.03732445603302459,0.00508304
-0.1901381335370651,-2.7063921634970214,-0.7934244931506478,0.00228451
-0.1901381335370651,-0.5641087249970909,2.609025673878654,0.00942385
-0.1901381335370651,-0.1860587064382795,-2.4316412402388297,0.0156405
-0.1901381335370651,2.9643581148851483,1.474875618202221,-0.00126807
-0.1901381335370651,3.5944414791498343,-0.28935780173889913,0.0119083
-0.06412146068412827,-2.832408836349959,-0.28935780173889913,-0.000513917
-0.06412146068412827,-2.7063921634970214,-0.5413911474447732,-0.00166238
-0.06412146068412827,-2.7063921634970214,1.8529256367610314,0.00457963
-0.06412146068412827,-2.076308799232336,-2.1796078945329556,0.000271719
-0.06412146068412827,-1.3202087621147136,2.609025673878654,0.00820884
-0.06412146068412827,0.5700413306793433,2.609025673878654,0.00428296
-0.06412146068412827,2.2082580777675256,-2.305624567385893,0.00357763
-0.06412146068412827,3.090374787738085,-1.675541203121207,0.00196405
-0.06412146068412827,3.216391460591022,-1.54952453026827,0.00332697
-0.06412146068412827,3.4684248062968965,-1.1714745117094592,0.00701575
0.061895212168808555,-2.5803754906440846,-0.9194411660035846,-0.0080235
0.061895212168808555,-0.9421587435559022,2.609025673878654,0.00473384
0.061895212168808555,-0.5641087249970909,2.609025673878654,0.00308863
0.061895212168808555,-0.43809205214415403,2.609025673878654,0.00245526
0.061895212168808555,1.4521580406499028,2.8610590195845287,0.00513345
0.061895212168808555,1.5781747135028397,2.8610590195845287,0.00507062
0.061895212168808555,1.956224732061651,-2.4316412402388297,0.00508534
0.061895212168808555,2.586308096326337,2.3569923281727796,-0.00129788
0.061895212168808555,3.090374787738085,0.844792253937535,-0.00298649
0.18791188502174538,-2.958425509202896,-0.1633411288859623,-0.00683583
0.18791188502174538,-1.8242754535264618,2.3569923281727796,0.000968661
0.18791188502174538,-1.4462254349676509,-2.5576579130917674,0.00403681
0.18791188502174538,-1.4462254349676509,2.4830090010257173,0.00247373
0.18791188502174538,-0.3120753792912163,-2.4316412402388297,0.00846362
0.18791188502174538,0.1919913121205319,-2.1796078945329556,0.00964556
0.18791188502174538,2.4602914234733992,-2.1796078945329556,-0.000845461
0.18791188502174538,3.090374787738085,1.2228422724963464,-0.00701828
0.18791188502174538,3.216391460591022,0.21470888967284907,-0.000441059
0.3139285578746831,-2.202325472085273,-1.9275745488270815,-0.0109254
0.3139285578746831,-1.6982587806735245,2.3569923281727796,-0.00074322
0.3139285578746831,-1.3202087621147136,2.4830090010257173,7.44348e-05
0.3139285578746831,-0.43809205214415403,2.735042346731591,-0.00101819
0.3139285578746831,0.06597463926759506,-2.1796078945329556,0.00632522
0.3139285578746831,0.44402465782640643,-2.1796078945329556,0.00668227
0.3139285578746831,2.4602914234733992,-2.1796078945329556,-0.00171468
0.3139285578746831,2.712324769179274,-1.9275745488270815,-0.00440758
0.3139285578746831,3.090374787738085,-1.4235078574153328,-0.00470679
0.3139285578746831,3.3424081334439597,-0.6674078202977105,-0.000722008
0.3139285578746831,3.3424081334439597,-0.5413911474447732,-0.000558004
0.43994523072761993,-2.4543588177911473,-0.7934244931506478,-0.0278294
0.5659619035805568,-2.832408836349959,-0.28935780173889913,-0.0262301
0.5659619035805568,0.3180079849734687,-2.0535912216800187,-0.000222792
0.5659619035805568,1.956224732061651,2.609025673878654,-0.00781077
0.6919785764334945,-2.4543588177911473,-0.6674078202977105,-0.0468258
0.6919785764334945,-2.3283421449382105,-1.0454578388565219,-0.045437
0.6919785764334945,0.5700413306793433,-2.1796078945329556,-0.00234535
0.6919785764334945,3.216391460591022,1.2228422724963464,-0.00987478
0.8179952492864313,-3.21045885490877,1.0968255996434095,-0.00385091
0.8179952492864313,-1.4462254349676509,2.3569923281727796,-0.00898224
0.8179952492864313,0.3180079849734687,-1.9275745488270815,-0.00847716
0.8179952492864313,0.5700413306793433,2.8610590195845287,-0.00662315
0.8179952492864313,2.3342747506204624,-2.1796078945329556,-0.00458576
0.8179952492864313,3.090374787738085,1.6008922910551577,-0.0112507
0.9440119221393681,-3.21045885490877,0.7187755810845982,-0.0130654
0.9440119221393681,-3.21045885490877,0.844792253937535,-0.0109662
0.9440119221393681,-2.5803754906440846,-0.5413911474447732,-0.0663216
0.9440119221393681,-2.4543588177911473,-0.7934244931506478,-0.0710542
0.9440119221393681,-2.202325472085273,1.9789423096139682,-0.0123778
0.9440119221393681,-1.3202087621147136,-2.305624567385893,-0.0178356
0.9440119221393681,-0.06004203358534266,3.1130923652904023,-0.00169129
0.9440119221393681,1.7041913863557765,-2.4316412402388297,-0.00217357
0.9440119221393681,1.7041913863557765,2.4830090010257173,-0.0137312
0.9440119221393681,2.586308096326337,-1.8015578759741442,-0.0112219
0.9440119221393681,3.216391460591022,1.348858945349284,-0.0100066
1.0700285949923058,-3.0844421820558328,0.3407255625257868,-0.0312283
1.0700285949923058,-2.832408836349959,-0.1633411288859623,-0.0582436
1.0700285949923058,-2.202325472085273,-1.4235078574153328,-0.0699582
1.0700285949923058,-1.6982587806735245,2.104958982466906,-0.0157468
1.0700285949923058,1.326141367796966,2.4830090010257173,-0.0142541
1.0700285949923058,2.712324769179274,-1.1714745117094592,-0.0202559
1.1960452678452427,-2.5803754906440846,-0.9194411660035846,-0.0896554
1.1960452678452427,-0.6901253978500281,-2.0535912216800187,-0.0300935
1.1960452678452427,-0.5641087249970909,3.1130923652904023,-0.00169592
1.1960452678452427,0.9480913492381546,-2.1796078945329556,-0.0148025
1.1960452678452427,1.2001246949440292,2.4830090010257173,-0.0154908
1.1960452678452427,1.326141367796966,-2.305624567385893,-0.0102045
1.1960452678452427,1.8302080592087142,2.3569923281727796,-0.0177271
1.1960452678452427,2.586308096326337,2.104958982466906,-0.0153254
1.1960452678452427,3.216391460591022,1.348858945349284,-0.00982967
1.3220619406981795,-2.832408836349959,-0.28935780173889913,-0.0854921
1.3220619406981795,-2.4543588177911473,-1.297491184562396,-0.0939502
1.3220619406981795,-2.076308799232336,-1.675541203121207,-0.0829058
1.3220619406981795,2.2082580777675256,2.2309756553198428,-0.0181794
1.4480786135511172,3.216391460591022,0.5927589082316604,-0.0149031
1.574095286404054,-2.3283421449382105,1.348858945349284,-0.0415743
1.574095286404054,-2.076308799232336,-1.8015578759741442,-0.097222
1.574095286404054,-2.076308799232336,1.474875618202221,-0.0401658
1.574095286404054,-1.8242754535264618,1.6008922910551577,-0.0370754
1.574095286404054,-1.6982587806735245,1.7269089639080946,-0.0335946
1.574095286404054,-0.5641087249970909,3.1130923652904023,-0.00335964
1.574095286404054,0.9480913492381546,2.609025673878654,-0.0170772
1.574095286404054,2.3342747506204624,-0.5413911474447732,-0.0536234
1.574095286404054,3.216391460591022,0.844792253937535,-0.0139046
1.574095286404054,3.216391460591022,0.9708089267904727,-0.0128959
1.7001119592569909,-2.958425509202896,-0.03732445603302459,-0.0995714
1.7001119592569909,-0.43809205214415403,-1.8015578759741442,-0.0713947
1.7001119592569909,0.696058003532281,-1.675541203121207,-0.0605669
1.8261286321099286,-2.958425509202896,-0.7934244931506478,-0.112261
1.8261286321099286,-2.832408836349959,0.4667422353787236,-0.092835
1.8261286321099286,-1.3202087621147136,2.3569923281727796,-0.022201
1.8261286321099286,-0.06004203358534266,3.1130923652904023,-0.0056543
1.8261286321099286,0.44402465782640643,-1.675541203121207,-0.0706638
1.8261286321099286,0.9480913492381546,2.4830090010257173,-0.0221501
1.8261286321099286,1.7041913863557765,-1.54952453026827,-0.0625918
1.8261286321099286,2.2082580777675256,-0.6674078202977105,-0.0777617
1.9521453049628654,-2.958425509202896,0.21470888967284907,-0.10478
1.9521453049628654,-2.5803754906440846,0.844792253937535,-0.0891498
1.9521453049628654,-1.3202087621147136,2.2309756553198428,-0.0271417
1.9521453049628654,-0.9421587435559022,-2.0535912216800187,-0.0989581
1.9521453049628654,2.586308096326337,1.7269089639080946,-0.0205697
1.9521453049628654,2.9643581148851483,0.5927589082316604,-0.0285214
2.078161977815803,-2.5803754906440846,0.844792253937535,-0.0961512
2.078161977815803,-0.6901253978500281,2.8610590195845287,-0.0112908
2.078161977815803,-0.3120753792912163,2.9870756924374655,-0.0090696
2.078161977815803,2.8383414420322106,1.2228422724963464,-0.0234543
2.204178650668739,-3.0844421820558328,-0.4153744745918364,-0.118098
2.204178650668739,-2.7063921634970214,0.7187755810845982,-0.104115
2.204178650668739,-2.202325472085273,-1.9275745488270815,-0.119807
2.204178650668739,1.2001246949440292,1.7269089639080946,-0.0501861
2.204178650668739,2.2082580777675256,-0.9194411660035846,-0.1008
2.330195323521677,-2.958425509202896,-1.0454578388565219,-0.122568
2.330195323521677,-2.832408836349959,-1.297491184562396,-0.123271
2.330195323521677,-2.7063921634970214,0.7187755810845982,-0.108036
2.330195323521677,-0.06004203358534266,-1.8015578759741442,-0.102379
2.330195323521677,0.06597463926759506,-1.8015578759741442,-0.101936
2.330195323521677,1.2001246949440292,1.6008922910551577,-0.0611729
2.330195323521677,2.4602914234733992,1.2228422724963464,-0.0419058
2.330195323521677,2.586308096326337,0.7187755810845982,-0.0542354
2.330195323521677,2.586308096326337,0.844792253937535,-0.0493349
2.4562119963746145,-3.0844421820558328,-0.4153744745918364,-0.122501
2.4562119963746145,-3.0844421820558328,-0.28935780173889913,-0.121769
2.4562119963746145,-2.832408836349959,-1.297491184562396,-0.125353
2.4562119963746145,-2.5803754906440846,0.844792253937535,-0.108584
2.4562119963746145,-1.3202087621147136,1.474875618202221,-0.0615463
2.4562119963746145,-0.9421587435559022,2.104958982466906,-0.0351075
2.4562119963746145,0.06597463926759506,2.609025673878654,-0.0222491
2.4562119963746145,0.3180079849734687,2.4830090010257173,-0.0271745
2.4562119963746145,1.326141367796966,-1.8015578759741442,-0.109219
2.4562119963746145,2.4602914234733992,0.4667422353787236,-0.0819861
2.5822286692275505,-2.202325472085273,1.0968255996434095,-0.103311
2.5822286692275505,-0.9421587435559022,1.7269089639080946,-0.0468015
2.5822286692275505,0.696058003532281,-1.9275745488270815,-0.115323
2.5822286692275505,0.8220746763852178,-1.9275745488270815,-0.115049
2.5822286692275505,2.3342747506204624,0.7187755810845982,-0.0862043
2.5822286692275505,2.4602914234733992,0.21470888967284907,-0.100658
2.708245342080488,-2.832408836349959,0.4667422353787236,-0.119527
2.708245342080488,-0.816142070702965,-2.0535912216800187,-0.128636
2.708245342080488,-0.1860587064382795,2.104958982466906,-0.037957
2.708245342080488,-0.06004203358534266,2.104958982466906,-0.0390095
2.708245342080488,0.1919913121205319,1.9789423096139682,-0.0455963
2.708245342080488,2.082241404914588,-1.297491184562396,-0.116965
2.708245342080488,2.4602914234733992,-0.4153744745918364,-0.114692
2.834262014933424,-2.958425509202896,0.08869221681991224,-0.124952
2.834262014933424,-1.1941920892617763,1.348858945349284,-0.0700036
2.834262014933424,0.06597463926759506,1.7269089639080946,-0.0538247
2.834262014933424,1.0741080220910924,-1.9275745488270815,-0.122805
2.834262014933424,1.4521580406499028,-1.8015578759741442,-0.121664
2.834262014933424,1.5781747135028397,1.348858945349284,-0.0980954
2.834262014933424,2.4602914234733992,-0.4153744745918364,-0.117738
2.960278687786362,-2.076308799232336,-1.9275745488270815,-0.13568
2.960278687786362,1.0741080220910924,-1.9275745488270815,-0.126465
2.960278687786362,1.4521580406499028,-1.8015578759741442,-0.124909
2.960278687786362,2.082241404914588,-1.297491184562396,-0.122633
3.0862953606392995,-2.202325472085273,-1.8015578759741442,-0.137617
3.0862953606392995,-1.8242754535264618,1.0968255996434095,-0.105567
3.0862953606392995,-1.4462254349676509,-2.0535912216800187,-0.139217
3.0862953606392995,-1.3202087621147136,-2.0535912216800187,-0.139464
3.0862953606392995,-1.1941920892617763,1.2228422724963464,-0.0802048
3.0862953606392995,0.44402465782640643,-1.9275745488270815,-0.133605
3.0862953606392995,1.956224732061651,-1.4235078574153328,-0.125599
3.2123120334922373,-1.8242754535264618,-1.9275745488270815,-0.140855
3.2123120334922373,-0.816142070702965,1.2228422724963464,-0.069486
3.2123120334922373,-0.3120753792912163,1.348858945349284,-0.0655497
3.2123120334922373,0.44402465782640643,1.474875618202221,-0.088201
3.2123120334922373,0.9480913492381546,-1.9275745488270815,-0.133166
3.2123120334922373,0.9480913492381546,1.474875618202221,-0.101521
3.338328706345173,-2.3283421449382105,-1.54952453026827,-0.140525
3.338328706345173,-2.076308799232336,0.844792253937535,-0.11845
3.338328706345173,-0.9421587435559022,1.0968255996434095,-0.0808267
3.338328706345173,-0.43809205214415403,-1.675541203121207,-0.148048
3.338328706345173,1.326141367796966,-1.8015578759741442,-0.133458
3.338328706345173,2.2082580777675256,0.5927589082316604,-0.121886
3.464345379198111,-2.7063921634970214,-0.1633411288859623,-0.133962
3.464345379198111,-2.5803754906440846,0.21470888967284907,-0.130665
3.464345379198111,-1.0681754164088395,0.9708089267904727,-0.0930116
3.464345379198111,-0.6901253978500281,-1.675541203121207,-0.150971
3.464345379198111,1.2001246949440292,1.348858945349284,-0.113491
3.464345379198111,1.8302080592087142,-1.4235078574153328,-0.132494
3.464345379198111,2.082241404914588,0.7187755810845982,-0.123211
3.590362052051047,-2.5803754906440846,-0.7934244931506478,-0.139762
3.590362052051047,-2.202325472085273,-1.4235078574153328,-0.144142
3.590362052051047,-1.0681754164088395,0.844792253937535,-0.100571
3.590362052051047,-0.9421587435559022,-1.675541203121207,-0.151677
3.590362052051047,0.06597463926759506,1.2228422724963464,-0.095706
3.590362052051047,2.2082580777675256,0.3407255625257868,-0.127121
3.7163787249039846,-2.202325472085273,0.3407255625257868,-0.131293
3.7163787249039846,-0.816142070702965,0.7187755810845982,-0.10194
3.7163787249039846,2.082241404914588,0.4667422353787236,-0.128274
3.7163787249039846,2.2082580777675256,-0.4153744745918364,-0.131724
3.8423953977569223,-2.202325472085273,0.08869221681991224,-0.135587
3.8423953977569223,-2.076308799232336,-1.1714745117094592,-0.146745
3.8423953977569223,-1.6982587806735245,0.4667422353787236,-0.128112
3.8423953977569223,-1.0681754164088395,-1.4235078574153328,-0.154715
3.8423953977569223,-0.43809205214415403,0.7187755810845982,-0.106206
3.8423953977569223,0.06597463926759506,-1.54952453026827,-0.152939
3.8423953977569223,0.1919913121205319,1.0968255996434095,-0.11007
3.8423953977569223,1.326141367796966,1.0968255996434095,-0.123727
3.8423953977569223,1.8302080592087142,0.7187755810845982,-0.128119
4.094428743462796,-1.5722421078205877,-0.9194411660035846,-0.150799
4.094428743462796,-1.1941920892617763,-0.9194411660035846,-0.153644
4.094428743462796,-0.816142070702965,-0.5413911474447732,-0.15104
4.094428743462796,-0.816142070702965,-0.28935780173889913,-0.145111
4.094428743462796,-0.6901253978500281,-0.5413911474447732,-0.151168
4.094428743462796,-0.1860587064382795,0.5927589082316604,-0.121939
4.220445416315734,-0.1860587064382795,-0.9194411660035846,-0.155837
4.220445416315734,0.06597463926759506,-1.1714745117094592,-0.155241
4.220445416315734,1.5781747135028397,0.4667422353787236,-0.133652
4.34646208916867,-0.1860587064382795,-0.5413911474447732,-0.151418
4.34646208916867,-0.1860587064382795,-0.03732445603302459,-0.142006
4.34646208916867,0.3180079849734687,0.5927589082316604,-0.131319
4.34646208916867,1.4521580406499028,0.3407255625257868,-0.135884
4.472478762021609,0.1919913121205319,0.21470888967284907,-0.138916
4.472478762021609,0.696058003532281,0.4667422353787236,-0.135915
4.472478762021609,0.8220746763852178,0.4667422353787236,-0.13591
4.472478762021609,1.2001246949440292,-0.7934244931506478,-0.145491
4.598495434874545,0.44402465782640643,-0.03732445603302459,-0.143402
4.598495434874545,0.696058003532281,0.08869221681991224,-0.141486
