-8.893638447559491,-0.8815049811177653,-0.24738981570304208,0.0933612
-8.718556993130186,-1.231667889976376,-0.597552724561651,0.0863285
-8.718556993130186,-0.35626061782985197,0.4529360020141784,0.0936213
-8.543475538700882,-1.7569122532642893,-0.24738981570304208,0.0860273
-8.368394084271577,-1.581830798834985,0.8030989108727873,0.0852778
-8.368394084271577,-0.35626061782985197,-0.9477156334202603,0.0802992
-8.193312629842271,-1.7569122532642893,0.8030989108727873,0.0829924
-8.193312629842271,-1.4067493444056804,-1.1227970878495652,0.0692105
-8.193312629842271,-0.006097708971241289,0.8030989108727873,0.0841457
-8.018231175412968,-2.1070751621229,0.4529360020141784,0.0850558
-8.018231175412968,-0.5313420722591564,-1.2978785422788706,0.0683089
-8.018231175412968,-0.18117916340054663,-1.1227970878495652,0.0741291
-7.8431497209836625,-2.45723807098151,0.27785454758487305,0.0857541
-7.8431497209836625,-0.8815049811177653,-1.472959996708175,0.0609839
-7.8431497209836625,0.16898374545806316,-0.9477156334202603,0.0793087
-7.668068266554357,-3.5077267975573383,-0.07230836127373674,0.0887513
-7.668068266554357,-0.35626061782985197,-1.472959996708175,0.0628714
-7.668068266554357,0.6942281087459774,-0.597552724561651,0.0896202
-7.492986812125053,-1.7569122532642893,-1.472959996708175,0.0542658
-7.492986812125053,-1.7569122532642893,1.3283432741607024,0.0673617
-7.492986812125053,-1.231667889976376,-1.64804145113748,0.0534509
-7.492986812125053,-1.231667889976376,1.5034247285900069,0.0629759
-7.492986812125053,0.6942281087459774,-1.1227970878495652,0.081316
-7.317905357695748,-1.581830798834985,1.5034247285900069,0.0618579
-7.317905357695748,-0.18117916340054663,-1.64804145113748,0.0590266
-7.317905357695748,-0.006097708971241289,1.3283432741607024,0.0649376
-7.317905357695748,0.3440651998873685,-1.472959996708175,0.0690875
-7.317905357695748,0.8693095631752827,0.6280174564434828,0.0829869
-7.142823903266443,-2.6323195254108143,-1.2978785422788706,0.0576068
-7.142823903266443,0.3440651998873685,-1.64804145113748,0.0653547
-7.142823903266443,1.5696353808925014,-1.2978785422788706,0.0933267
-7.142823903266443,1.9197982897511103,-0.9477156334202603,0.102942
-7.142823903266443,1.9197982897511103,0.10277309315556771,0.103707
-6.9677424488371384,-0.7064235266884609,1.6785061830193113,0.0560552
-6.792660994407833,-2.1070751621229,1.6785061830193113,0.0595083
-6.792660994407833,-0.5313420722591564,1.6785061830193113,0.0552389
-6.792660994407833,0.6942281087459774,-1.8231229055667848,0.0673402
-6.617579539978529,-2.6323195254108143,1.6785061830193113,0.064453
-6.617579539978529,-2.45723807098151,-1.64804145113748,0.0496557
-6.617579539978529,-0.18117916340054663,-1.9982043599960893,0.0523232
-6.442498085549223,-3.8578897064159476,1.153261819731397,0.0867334
-6.442498085549223,-1.7569122532642893,-1.8231229055667848,0.0455463
-6.442498085549223,0.5191466543166721,-1.9982043599960893,0.0619551
-6.442498085549223,1.394553926463196,0.9781803653020917,0.0818451
-6.267416631119919,-3.332645343128033,1.5034247285900069,0.0739821
-6.267416631119919,-1.7569122532642893,-1.8231229055667848,0.0461096
-6.267416631119919,-0.5313420722591564,1.6785061830193113,0.053421
-6.092335176690614,-4.0329711608452525,0.8030989108727873,0.0892817
-6.092335176690614,-2.8074009798401187,-1.64804145113748,0.0507957
-6.092335176690614,1.2194724720338925,1.153261819731397,0.0773313
-5.91725372226131,-3.5077267975573383,1.3283432741607024,0.0765497
-5.91725372226131,2.0948797441804157,-1.1227970878495652,0.0932948
-5.742172267832005,-4.0329711608452525,0.27785454758487305,0.0905093
-5.742172267832005,-3.6828082519866427,-0.9477156334202603,0.0697729
-5.742172267832005,0.3440651998873685,1.5034247285900069,0.0630676
-5.5670908134027,-3.6828082519866427,-0.9477156334202603,0.0704394
-5.5670908134027,-3.6828082519866427,0.9781803653020917,0.0830826
-5.5670908134027,-2.1070751621229,-1.8231229055667848,0.0481069
-5.5670908134027,-0.006097708971241289,1.5034247285900069,0.0608451
-5.5670908134027,0.16898374545806316,1.5034247285900069,0.062444
-5.5670908134027,1.744716835321805,0.6280174564434828,0.0934294
-5.392009358973395,-3.5077267975573383,1.153261819731397,0.0780889
-5.392009358973395,-3.332645343128033,1.3283432741607024,0.0728481
-5.392009358973395,-1.9319937076935947,-1.8231229055667848,0.0502366
-5.392009358973395,-0.006097708971241289,-2.1732858144253946,0.0567182
-5.392009358973395,0.16898374545806316,-2.1732858144253946,0.0583406
-5.392009358973395,0.8693095631752827,1.3283432741607024,0.075892
-5.2169279045440895,-4.0329711608452525,-0.24738981570304208,0.0889373
-5.2169279045440895,-4.0329711608452525,0.10277309315556771,0.0925414
-5.2169279045440895,-3.5077267975573383,-1.2978785422788706,0.0632113
-5.2169279045440895,-1.7569122532642893,-1.8231229055667848,0.0531747
-5.2169279045440895,-1.581830798834985,1.6785061830193113,0.0553281
-5.2169279045440895,-1.231667889976376,1.5034247285900069,0.0590821
-5.2169279045440895,-1.0565864355470707,-1.8231229055667848,0.0600708
-5.2169279045440895,-0.8815049811177653,1.3283432741607024,0.064685
-5.2169279045440895,2.269961198609721,-0.24738981570304208,0.0832698
-5.041846450114785,-4.0329711608452525,-0.597552724561651,0.0842884
-4.866764995685481,-4.0329711608452525,-0.7726341789909559,0.0826957
-4.866764995685481,-3.157563888698728,-1.64804145113748,0.0575842
-4.866764995685481,0.3440651998873685,-2.1732858144253946,0.065495
-4.866764995685481,1.5696353808925014,-1.9982043599960893,0.0558083
-4.691683541256176,1.744716835321805,0.8030989108727873,0.112427
-4.691683541256176,2.62012410746833,-0.07230836127373674,0.0994069
-4.516602086826871,-4.0329711608452525,-0.9477156334202603,0.0837913
-4.516602086826871,-0.5313420722591564,-2.1732858144253946,0.0614764
-4.516602086826871,0.6942281087459774,-2.1732858144253946,0.0644109
-4.516602086826871,1.2194724720338925,1.3283432741607024,0.113594
-4.516602086826871,2.0948797441804157,0.9781803653020917,0.126049
-4.3415206323975655,-3.6828082519866427,-1.2978785422788706,0.0754495
-4.3415206323975655,-1.9319937076935947,-1.9982043599960893,0.0580425
-4.3415206323975655,2.269961198609721,1.5034247285900069,0.137374
-4.3415206323975655,2.62012410746833,-1.64804145113748,0.0698324
-4.3415206323975655,2.9702870163269406,-0.9477156334202603,0.104461
-4.166439177968261,-4.383134069703862,0.27785454758487305,0.102861
-4.166439177968261,-2.6323195254108143,1.6785061830193113,0.0738148
-4.166439177968261,-1.7569122532642893,1.6785061830193113,0.0672649
-4.166439177968261,0.3440651998873685,-2.1732858144253946,0.0654785
-4.166439177968261,1.5696353808925014,-2.3483672688546995,0.0483524
-4.166439177968261,2.0948797441804157,-2.1732858144253946,0.0543605
-4.166439177968261,2.62012410746833,1.3283432741607024,0.145365
-4.166439177968261,2.7952055618976352,0.6280174564434828,0.146311
-4.166439177968261,4.195857197332073,0.27785454758487305,0.168088
-3.9913577235389566,-4.383134069703862,-0.24738981570304208,0.103114
-3.9913577235389566,-4.0329711608452525,-0.9477156334202603,0.0919936
-3.9913577235389566,-1.7569122532642893,1.6785061830193113,0.0713843
-3.9913577235389566,0.3440651998873685,-2.1732858144253946,0.0628696
-3.9913577235389566,1.744716835321805,-2.3483672688546995,0.0503409
-3.9913577235389566,2.62012410746833,1.6785061830193113,0.150778
-3.9913577235389566,2.7952055618976352,1.3283432741607024,0.152884
-3.816276269109652,-3.157563888698728,1.5034247285900069,0.0865817
-3.816276269109652,-1.0565864355470707,1.5034247285900069,0.0759576
-3.816276269109652,2.62012410746833,1.8535876374486158,0.155635
-3.641194814680347,-2.45723807098151,2.378832000736531,0.0918273
-3.641194814680347,-0.006097708971241289,-1.9982043599960893,0.0674062
-3.4661133602510414,-3.6828082519866427,0.9781803653020917,0.0981037
-3.4661133602510414,1.0443910176045872,2.2037505463072264,0.132836
-3.4661133602510414,1.9197982897511103,2.378832000736531,0.149672
-3.4661133602510414,2.62012410746833,-1.8231229055667848,0.105412
-3.291031905821737,-3.8578897064159476,0.6280174564434828,0.10424
-3.291031905821737,-3.157563888698728,2.5539134551658362,0.0905821
-3.291031905821737,1.2194724720338925,-2.3483672688546995,0.0522437
-3.291031905821737,1.394553926463196,-2.3483672688546995,0.0551776
-3.291031905821737,2.4450426530390246,2.2037505463072264,0.164984
-3.1159504513924317,-3.6828082519866427,1.6785061830193113,0.0874461
-3.1159504513924317,2.4450426530390246,2.2037505463072264,0.169961
-3.1159504513924317,2.7952055618976352,-1.9982043599960893,0.128932
-3.1159504513924317,3.145368470756246,-1.9982043599960893,0.136726
-2.940868996963128,-3.6828082519866427,0.9781803653020917,0.0931521
-2.940868996963128,0.16898374545806316,-1.8231229055667848,0.0539352
-2.940868996963128,1.0443910176045872,-2.1732858144253946,0.0576595
-2.940868996963128,3.8456942884734637,1.5034247285900069,0.227889
-2.940868996963128,4.896183015049294,-0.597552724561651,0.180477
-2.7657875425338228,-4.208052615274557,-0.24738981570304208,0.101999
-2.7657875425338228,-1.581830798834985,-2.1732858144253946,0.0485692
-2.7657875425338228,0.6942281087459774,1.8535876374486158,0.129562
-2.7657875425338228,1.9197982897511103,-1.9982043599960893,0.103798
-2.5907060881045174,-4.208052615274557,-0.07230836127373674,0.0995468
-2.5907060881045174,-3.8578897064159476,2.028669091877921,0.0787708
-2.5907060881045174,-2.8074009798401187,-1.8231229055667848,0.0840454
-2.5907060881045174,3.145368470756246,-2.3483672688546995,0.147718
-2.5907060881045174,3.145368470756246,2.028669091877921,0.232118
-2.5907060881045174,4.195857197332073,2.028669091877921,0.242095
-2.5907060881045174,4.721101560619989,-0.9477156334202603,0.17976
-2.5907060881045174,4.721101560619989,0.9781803653020917,0.221409
-2.5907060881045174,4.896183015049294,0.10277309315556771,0.209944
-2.415624633675213,-2.45723807098151,3.0791578184537505,0.0828708
-2.415624633675213,-0.7064235266884609,1.6785061830193113,0.0919012
-2.2405431792459076,-2.45723807098151,3.0791578184537505,0.0813123
-2.2405431792459076,0.16898374545806316,-1.64804145113748,0.0544283
-2.2405431792459076,0.3440651998873685,-1.472959996708175,0.0640322
-2.2405431792459076,1.2194724720338925,-1.472959996708175,0.110446
-2.2405431792459076,1.744716835321805,2.028669091877921,0.167395
-2.2405431792459076,2.9702870163269406,2.2037505463072264,0.233648
-2.065461724816604,-3.6828082519866427,2.5539134551658362,0.0749503
-2.065461724816604,-1.9319937076935947,-1.9982043599960893,0.0632966
-2.065461724816604,-1.581830798834985,2.904076364024445,0.08328
-2.065461724816604,1.394553926463196,1.8535876374486158,0.158446
-2.065461724816604,2.269961198609721,1.8535876374486158,0.200804
-1.8903802703872987,-3.5077267975573383,2.72899490959514,0.0751136
-1.8903802703872987,-0.5313420722591564,2.2037505463072264,0.10361
-1.8903802703872987,-0.18117916340054663,-1.8231229055667848,0.0492225
-1.8903802703872987,2.7952055618976352,2.2037505463072264,0.230269
-1.8903802703872987,4.721101560619989,-0.7726341789909559,0.218763
-1.8903802703872987,4.896183015049294,-0.597552724561651,0.226903
-1.7152988159579952,-3.332645343128033,-1.8231229055667848,0.0819797
-1.7152988159579952,-0.7064235266884609,2.5539134551658362,0.101749
-1.5402173615286898,-4.0329711608452525,2.378832000736531,0.0795273
-1.5402173615286898,-3.157563888698728,-1.8231229055667848,0.0795714
-1.5402173615286898,1.2194724720338925,-1.1227970878495652,0.140145
-1.5402173615286898,1.394553926463196,1.6785061830193113,0.171436
-1.5402173615286898,4.896183015049294,1.8535876374486158,0.22967
-1.3651359070993845,-1.4067493444056804,-1.8231229055667848,0.0696875
-1.3651359070993845,0.8693095631752827,-0.9477156334202603,0.131449
-1.1900544526700791,-3.157563888698728,2.904076364024445,0.0779417
-1.1900544526700791,-0.18117916340054663,-0.9477156334202603,0.0813349
-1.1900544526700791,-0.006097708971241289,0.4529360020141784,0.124468
-1.1900544526700791,0.3440651998873685,-0.597552724561651,0.118031
-1.1900544526700791,1.0443910176045872,-0.9477156334202603,0.142169
-1.1900544526700791,1.394553926463196,-1.472959996708175,0.150418
-1.1900544526700791,2.62012410746833,-2.1732858144253946,0.164919
-1.1900544526700791,4.020775742902769,2.5539134551658362,0.228245
-1.1900544526700791,4.370938651761378,2.378832000736531,0.227796
-1.1900544526700791,5.596508832766512,0.27785454758487305,0.245521
-1.0149729982407756,-4.383134069703862,1.8535876374486158,0.0883785
-1.0149729982407756,0.6942281087459774,-0.597552724561651,0.137747
-1.0149729982407756,4.546020106190683,-0.9477156334202603,0.226618
-1.0149729982407756,5.0712644694785975,1.5034247285900069,0.223181
-0.8398915438114702,-2.2821566165522045,2.904076364024445,0.0788636
-0.8398915438114702,-0.5313420722591564,0.8030989108727873,0.112842
-0.8398915438114702,-0.35626061782985197,1.153261819731397,0.12008
-0.8398915438114702,0.8693095631752827,-0.597552724561651,0.145433
-0.8398915438114702,5.421427378337208,-0.24738981570304208,0.24895
-0.6648100893821649,-0.35626061782985197,1.8535876374486158,0.122233
-0.6648100893821649,0.6942281087459774,0.10277309315556771,0.153039
-0.6648100893821649,0.6942281087459774,1.3283432741607024,0.163064
-0.6648100893821649,0.8693095631752827,-0.42247127013234653,0.149325
-0.6648100893821649,4.370938651761378,-0.9477156334202603,0.218255
-0.48972863495285957,-2.6323195254108143,2.72899490959514,0.0767308
-0.48972863495285957,-2.45723807098151,2.72899490959514,0.0763203
-0.48972863495285957,-0.7064235266884609,2.378832000736531,0.111024
-0.48972863495285957,-0.5313420722591564,1.153261819731397,0.115691
-0.48972863495285957,0.6942281087459774,0.4529360020141784,0.15758
-0.48972863495285957,3.145368470756246,3.254239272883055,0.170324
-0.48972863495285957,3.3204499251855495,-1.9982043599960893,0.155418
-0.48972863495285957,5.421427378337208,0.27785454758487305,0.243697
-0.48972863495285957,5.421427378337208,0.4529360020141784,0.240215
-0.3146471805235542,-3.332645343128033,-0.597552724561651,0.0722884
-0.3146471805235542,-3.332645343128033,-0.24738981570304208,0.0709879
-0.3146471805235542,-3.332645343128033,0.10277309315556771,0.0694435
-0.3146471805235542,-1.0565864355470707,-1.1227970878495652,0.103136
-0.3146471805235542,-0.7064235266884609,-0.24738981570304208,0.118551
-0.3146471805235542,-0.006097708971241289,-0.597552724561651,0.130646
-0.3146471805235542,2.7952055618976352,3.0791578184537505,0.164874
-0.3146471805235542,3.145368470756246,-2.1732858144253946,0.147185
-0.3146471805235542,3.8456942884734637,-1.8231229055667848,0.161804
-0.3146471805235542,4.546020106190683,-0.7726341789909559,0.217802
-0.13956572609425066,-4.0329711608452525,1.3283432741607024,0.0831652
-0.13956572609425066,-3.332645343128033,0.27785454758487305,0.0586181
-0.13956572609425066,-1.9319937076935947,-1.64804145113748,0.0913084
-0.13956572609425066,-1.231667889976376,2.378832000736531,0.0938277
-0.13956572609425066,-1.0565864355470707,-0.9477156334202603,0.106246
-0.13956572609425066,-1.0565864355470707,0.27785454758487305,0.0994034
-0.13956572609425066,-0.8815049811177653,0.27785454758487305,0.109471
-0.13956572609425066,4.546020106190683,-0.7726341789909559,0.20878
0.035515728335054675,-2.45723807098151,2.2037505463072264,0.0665655
0.035515728335054675,-1.7569122532642893,2.2037505463072264,0.074598
0.035515728335054675,-1.231667889976376,2.028669091877921,0.0884609
0.035515728335054675,-1.0565864355470707,1.6785061830193113,0.0913193
0.035515728335054675,-0.35626061782985197,0.8030989108727873,0.124017
0.035515728335054675,0.3440651998873685,-1.1227970878495652,0.128171
0.035515728335054675,2.0948797441804157,2.5539134551658362,0.161418
0.035515728335054675,3.6706128340441584,3.779483636170969,0.157408
0.035515728335054675,4.020775742902769,-1.9982043599960893,0.156087
0.035515728335054675,4.721101560619989,-0.24738981570304208,0.222877
0.035515728335054675,5.0712644694785975,2.72899490959514,0.154891
0.21059718276435824,-3.5077267975573383,1.6785061830193113,0.0720923
0.21059718276435824,-1.581830798834985,-1.1227970878495652,0.0934545
0.21059718276435824,-0.18117916340054663,0.9781803653020917,0.124535
0.21059718276435824,0.16898374545806316,-1.2978785422788706,0.119716
0.21059718276435824,0.3440651998873685,-1.2978785422788706,0.123418
0.21059718276435824,2.0948797441804157,2.5539134551658362,0.158252
0.21059718276435824,4.721101560619989,-0.07230836127373674,0.213354
0.3856786371936636,-3.5077267975573383,-0.24738981570304208,0.0338633
0.3856786371936636,-1.9319937076935947,-1.1227970878495652,0.078559
0.3856786371936636,-1.231667889976376,1.3283432741607024,0.0652414
0.3856786371936636,0.5191466543166721,-1.472959996708175,0.122035
0.3856786371936636,0.8693095631752827,1.5034247285900069,0.151479
0.3856786371936636,2.0948797441804157,2.5539134551658362,0.155014
0.3856786371936636,4.546020106190683,-1.64804145113748,0.16544
0.3856786371936636,4.721101560619989,-0.9477156334202603,0.181469
0.3856786371936636,5.421427378337208,2.028669091877921,0.152345
0.5607600916229689,0.6942281087459774,-1.64804145113748,0.119988
0.5607600916229689,1.9197982897511103,2.378832000736531,0.154068
0.5607600916229689,2.62012410746833,3.254239272883055,0.142359
0.5607600916229689,2.7952055618976352,3.4293207273123603,0.142421
0.5607600916229689,4.721101560619989,3.4293207273123603,0.147232
0.7358415460522725,-3.5077267975573383,-0.597552724561651,0.0292346
0.7358415460522725,-3.332645343128033,-0.7726341789909559,0.0316548
0.7358415460522725,-2.6323195254108143,-1.1227970878495652,0.0468152
0.7358415460522725,-0.006097708971241289,-1.64804145113748,0.103819
0.7358415460522725,0.8693095631752827,-1.8231229055667848,0.116477
0.7358415460522725,2.269961198609721,-2.3483672688546995,0.128964
0.7358415460522725,2.62012410746833,3.254239272883055,0.139107
0.7358415460522725,4.721101560619989,-0.597552724561651,0.17773
0.7358415460522725,5.421427378337208,0.4529360020141784,0.177328
0.9109230004815778,-1.7569122532642893,-1.1227970878495652,0.0720869
0.9109230004815778,2.9702870163269406,-2.3483672688546995,0.132888
0.9109230004815778,3.495531379614855,-2.3483672688546995,0.139299
1.0860044549108832,-1.581830798834985,-1.1227970878495652,0.0827893
1.0860044549108832,-0.006097708971241289,-1.8231229055667848,0.0964889
1.0860044549108832,0.8693095631752827,-1.9982043599960893,0.104183
1.0860044549108832,1.394553926463196,1.5034247285900069,0.14147
1.0860044549108832,1.9197982897511103,2.378832000736531,0.144268
1.0860044549108832,4.546020106190683,-1.64804145113748,0.159049
1.2610859093401885,-2.9824824342694236,2.028669091877921,0.0562109
1.2610859093401885,-2.45723807098151,-1.2978785422788706,0.0577527
1.2610859093401885,0.5191466543166721,-1.9982043599960893,0.0958716
1.2610859093401885,2.269961198609721,2.904076364024445,0.136739
1.2610859093401885,3.8456942884734637,-2.1732858144253946,0.144704
1.4361673637694938,-4.0329711608452525,0.10277309315556771,0.0353589
1.4361673637694938,-4.0329711608452525,0.8030989108727873,0.0418522
1.4361673637694938,-3.157563888698728,-1.1227970878495652,0.0418008
1.4361673637694938,2.269961198609721,2.904076364024445,0.136514
1.4361673637694938,2.7952055618976352,3.254239272883055,0.132124
1.4361673637694938,3.495531379614855,-2.1732858144253946,0.138753
1.4361673637694938,4.546020106190683,3.0791578184537505,0.135788
1.4361673637694938,4.721101560619989,2.904076364024445,0.136171
1.6112488181987974,-4.0329711608452525,0.10277309315556771,0.0409437
1.6112488181987974,-1.4067493444056804,-1.2978785422788706,0.106226
1.6112488181987974,1.0443910176045872,1.5034247285900069,0.11382
1.7863302726281027,-2.2821566165522045,-1.64804145113748,0.0634437
1.7863302726281027,-1.7569122532642893,-1.472959996708175,0.0959382
1.7863302726281027,-0.8815049811177653,-1.64804145113748,0.0912418
1.7863302726281027,-0.006097708971241289,-1.9982043599960893,0.0854805
1.7863302726281027,0.8693095631752827,-2.1732858144253946,0.0888919
1.7863302726281027,1.9197982897511103,2.378832000736531,0.140443
1.7863302726281027,3.3204499251855495,-1.9982043599960893,0.134649
1.7863302726281027,3.3204499251855495,3.254239272883055,0.131177
1.961411727057408,-0.7064235266884609,1.5034247285900069,0.0942374
1.961411727057408,-0.5313420722591564,1.5034247285900069,0.0936188
1.961411727057408,0.8693095631752827,-2.1732858144253946,0.0871658
1.961411727057408,1.0443910176045872,1.5034247285900069,0.106448
1.961411727057408,1.744716835321805,-2.3483672688546995,0.0947004
1.961411727057408,1.9197982897511103,-2.3483672688546995,0.0973834
1.961411727057408,4.195857197332073,-0.597552724561651,0.153762
1.961411727057408,5.421427378337208,1.153261819731397,0.150913
2.1364931814867116,-2.2821566165522045,2.378832000736531,0.103108
2.1364931814867116,-1.0565864355470707,1.6785061830193113,0.0936858
2.1364931814867116,3.3204499251855495,3.0791578184537505,0.133543
2.1364931814867116,4.721101560619989,2.2037505463072264,0.134113
2.1364931814867116,4.896183015049294,2.028669091877921,0.135839
2.1364931814867116,5.246345923907903,1.3283432741607024,0.145706
2.311574635916017,-3.157563888698728,2.72899490959514,0.148986
2.311574635916017,-0.8815049811177653,-1.8231229055667848,0.082042
2.311574635916017,4.020775742902769,0.10277309315556771,0.142923
2.311574635916017,4.020775742902769,0.4529360020141784,0.139722
2.311574635916017,4.721101560619989,0.8030989108727873,0.144263
2.4866560903453205,-4.208052615274557,-0.9477156334202603,0.0237034
2.4866560903453205,-4.0329711608452525,-0.07230836127373674,0.0693068
2.4866560903453205,-3.157563888698728,2.904076364024445,0.151733
2.4866560903453205,-0.7064235266884609,1.6785061830193113,0.0905383
2.4866560903453205,2.62012410746833,-2.3483672688546995,0.102657
2.4866560903453205,3.8456942884734637,0.6280174564434828,0.133553
2.4866560903453205,4.370938651761378,1.8535876374486158,0.131574
2.661737544774626,-4.0329711608452525,0.10277309315556771,0.0793907
2.661737544774626,-0.18117916340054663,1.6785061830193113,0.0845361
2.661737544774626,0.8693095631752827,-1.9982043599960893,0.0898647
2.661737544774626,1.2194724720338925,-2.1732858144253946,0.0868165
2.661737544774626,2.7952055618976352,-2.3483672688546995,0.10414
2.661737544774626,3.6706128340441584,0.9781803653020917,0.12973
2.661737544774626,3.8456942884734637,0.4529360020141784,0.131222
2.661737544774626,4.020775742902769,1.5034247285900069,0.131148
2.661737544774626,4.020775742902769,1.8535876374486158,0.131862
2.836818999203931,-1.4067493444056804,-1.9982043599960893,0.0570953
2.836818999203931,3.8456942884734637,0.4529360020141784,0.128274
2.836818999203931,4.020775742902769,0.27785454758487305,0.132068
3.0119004536332366,-4.383134069703862,-1.2978785422788706,0.0112808
3.0119004536332366,-3.332645343128033,-2.523448723284004,0.00827861
3.0119004536332366,1.744716835321805,1.153261819731397,0.104323
3.186981908062542,-4.208052615274557,-0.07230836127373674,0.0547876
3.186981908062542,0.8693095631752827,-1.9982043599960893,0.0900389
3.186981908062542,1.5696353808925014,-2.3483672688546995,0.0839802
3.186981908062542,3.145368470756246,0.9781803653020917,0.114522
3.186981908062542,3.8456942884734637,0.4529360020141784,0.123008
3.3620633624918455,-4.208052615274557,1.153261819731397,0.0948308
3.3620633624918455,-0.18117916340054663,-1.9982043599960893,0.0803312
3.3620633624918455,-0.006097708971241289,-1.9982043599960893,0.082754
3.3620633624918455,4.546020106190683,-0.597552724561651,0.140529
3.537144816921151,-3.6828082519866427,2.904076364024445,0.147102
3.537144816921151,2.7952055618976352,-2.3483672688546995,0.0991053
3.537144816921151,3.8456942884734637,-1.9982043599960893,0.123318
3.537144816921151,4.370938651761378,-0.24738981570304208,0.134552
3.712226271350456,-4.0329711608452525,-1.9982043599960893,0.00768182
3.712226271350456,-4.0329711608452525,0.27785454758487305,0.0717245
3.712226271350456,-2.1070751621229,-2.523448723284004,0.0169204
3.712226271350456,3.8456942884734637,0.27785454758487305,0.119612
3.8873077257797615,-4.0329711608452525,0.10277309315556771,0.0609935
3.8873077257797615,-3.8578897064159476,2.5539134551658362,0.135033
3.8873077257797615,-0.7064235266884609,-1.8231229055667848,0.0792079
3.8873077257797615,-0.006097708971241289,1.5034247285900069,0.0846921
3.8873077257797615,1.2194724720338925,-2.3483672688546995,0.0809129
3.8873077257797615,2.9702870163269406,-2.1732858144253946,0.104242
3.8873077257797615,3.3204499251855495,0.6280174564434828,0.107745
4.062389180209065,-3.6828082519866427,-2.1732858144253946,0.00970161
4.062389180209065,-1.4067493444056804,2.904076364024445,0.048645
4.062389180209065,-1.0565864355470707,-1.64804145113748,0.0702625
4.062389180209065,2.269961198609721,-2.3483672688546995,0.0897572
4.237470634638369,2.269961198609721,1.153261819731397,0.0917694
4.237470634638369,3.495531379614855,-1.64804145113748,0.12162
4.237470634638369,3.6706128340441584,-0.07230836127373674,0.120591
4.412552089067674,-4.0329711608452525,-1.2978785422788706,0.0138145
4.412552089067674,-4.0329711608452525,-0.597552724561651,0.0286907
4.412552089067674,-4.0329711608452525,0.9781803653020917,0.102401
4.412552089067674,0.5191466543166721,-2.1732858144253946,0.0886247
4.587633543496979,-3.6828082519866427,-1.64804145113748,0.0129489
4.587633543496979,-3.6828082519866427,2.2037505463072264,0.126265
4.587633543496979,-0.8815049811177653,1.8535876374486158,0.0517109
4.587633543496979,1.394553926463196,-2.3483672688546995,0.0866261
4.587633543496979,3.3204499251855495,-1.2978785422788706,0.125471
4.762714997926285,-3.6828082519866427,-1.1227970878495652,0.0198119
4.762714997926285,-3.6828082519866427,-0.7726341789909559,0.0284886
4.762714997926285,-2.6323195254108143,2.72899490959514,0.099778
4.762714997926285,-2.2821566165522045,-1.8231229055667848,0.0179277
4.762714997926285,3.145368470756246,-1.472959996708175,0.121505
4.93779645235559,-3.5077267975573383,0.4529360020141784,0.120175
4.93779645235559,-3.332645343128033,-0.7726341789909559,0.0325768
4.93779645235559,-2.2821566165522045,-1.472959996708175,0.0209296
4.93779645235559,-1.581830798834985,2.378832000736531,0.063709
4.93779645235559,1.0443910176045872,1.153261819731397,0.10204
5.1128779067848935,-3.5077267975573383,0.6280174564434828,0.133268
5.1128779067848935,-3.332645343128033,0.4529360020141784,0.129984
5.1128779067848935,-1.4067493444056804,-1.64804145113748,0.0452263
5.1128779067848935,-0.7064235266884609,1.5034247285900069,0.0613735
5.1128779067848935,3.3204499251855495,-0.42247127013234653,0.124293
5.287959361214199,-2.2821566165522045,-0.24738981570304208,0.0630071
5.287959361214199,-2.2821566165522045,-0.07230836127373674,0.0738565
5.287959361214199,-2.1070751621229,-0.9477156334202603,0.0359392
5.287959361214199,-0.7064235266884609,1.5034247285900069,0.0625737
5.287959361214199,0.6942281087459774,-1.9982043599960893,0.108958
5.287959361214199,2.7952055618976352,0.4529360020141784,0.108718
5.463040815643504,-1.4067493444056804,1.3283432741607024,0.0727312
5.6381222700728095,-2.45723807098151,1.5034247285900069,0.141289
5.6381222700728095,-1.9319937076935947,0.8030989108727873,0.0950003
5.6381222700728095,-1.581830798834985,-1.472959996708175,0.0534641
5.6381222700728095,-1.231667889976376,1.3283432741607024,0.0691377
5.6381222700728095,-0.006097708971241289,-2.1732858144253946,0.106302
5.6381222700728095,0.8693095631752827,0.9781803653020917,0.11507
5.813203724502113,-2.1070751621229,-0.42247127013234653,0.0630061
5.813203724502113,1.0443910176045872,-2.1732858144253946,0.11394
5.813203724502113,2.269961198609721,0.4529360020141784,0.115781
5.988285178931417,-1.7569122532642893,-1.1227970878495652,0.0660191
5.988285178931417,-0.35626061782985197,1.3283432741607024,0.0840151
5.988285178931417,2.269961198609721,-1.64804145113748,0.124422
6.163366633360724,0.6942281087459774,1.3283432741607024,0.110406
6.163366633360724,1.5696353808925014,-1.8231229055667848,0.118952
6.163366633360724,1.9197982897511103,0.4529360020141784,0.121128
6.163366633360724,2.7952055618976352,-0.7726341789909559,0.132733
6.338448087790027,-1.4067493444056804,-1.472959996708175,0.0864784
6.338448087790027,1.5696353808925014,-1.8231229055667848,0.118877
6.338448087790027,1.9197982897511103,0.4529360020141784,0.122116
6.5135295422193344,-1.0565864355470707,0.9781803653020917,0.0958572
6.5135295422193344,1.2194724720338925,1.3283432741607024,0.116057
6.5135295422193344,1.5696353808925014,-1.8231229055667848,0.118131
6.6886109966486345,-1.7569122532642893,-1.1227970878495652,0.0921764
6.863692451077942,1.744716835321805,-0.9477156334202603,0.116178
7.038773905507245,-1.7569122532642893,0.4529360020141784,0.107998
7.038773905507245,-0.5313420722591564,1.153261819731397,0.0991411
7.388936814365856,0.8693095631752827,1.3283432741607024,0.110896
7.564018268795159,-1.9319937076935947,-0.7726341789909559,0.107772
7.7390997232244665,-1.9319937076935947,-0.42247127013234653,0.111955
7.91418117765377,0.3440651998873685,-1.64804145113748,0.106218
7.91418117765377,1.2194724720338925,-0.24738981570304208,0.110455
8.089262632083074,-1.4067493444056804,0.27785454758487305,0.11182
8.089262632083074,0.6942281087459774,0.4529360020141784,0.106604
8.089262632083074,0.8693095631752827,0.27785454758487305,0.108132
8.26434408651238,-0.35626061782985197,0.27785454758487305,0.103978
8.439425540941684,-0.7064235266884609,-0.597552724561651,0.107895
8.439425540941684,-0.5313420722591564,-0.24738981570304208,0.107371
