-8.904962839817111,2.289387293926416,-0.5008667568331582,0.032214
-8.904962839817111,2.6412160526367545,-0.324952377477989,0.0366034
-8.729048460461943,1.0579866384402328,-0.324952377477989,0.00776114
-8.729048460461943,1.233901017795402,-0.5008667568331582,0.0129009
-8.729048460461943,1.5857297765057394,-0.6767811361883274,0.0210694
-8.553134081106773,1.4098153971505702,1.0823626573633627,0.00441769
-8.553134081106773,2.6412160526367545,-0.8526955155434965,0.0343012
-8.377219701751605,0.002500362309217685,-1.9081817916745107,0.0195966
-8.377219701751605,0.5302435003747252,0.7305338986530243,-0.00855712
-8.377219701751605,3.3448735700574295,0.20279076058751766,0.038112
-8.201305322396436,0.5302435003747252,1.0823626573633627,-0.0104632
-8.201305322396436,1.7616441558609086,-2.08409617102968,0.0339008
-8.025390943041266,-0.525242775756289,-1.3804386536090036,0.00393585
-8.025390943041266,3.168959190702261,0.9064482780081935,0.0320508
-7.849476563686098,0.17841474166438775,-2.7877536884503558,0.0366356
-7.849476563686098,1.233901017795402,2.137848933494377,0.00196022
-7.849476563686098,2.113472914571246,1.9619345541392077,0.0191478
-7.849476563686098,2.817130431991923,1.2582770367185319,0.0289183
-7.849476563686098,3.5207879494125995,0.02687638123234848,0.0304332
-7.673562184330929,0.35432912101955694,1.7860201747840394,-0.0120227
-7.673562184330929,0.7061578797298944,2.137848933494377,-0.00594953
-7.673562184330929,1.4098153971505702,2.4896776922047152,0.00795858
-7.673562184330929,3.3448735700574295,0.7305338986530243,0.0281833
-7.4976478049757596,-0.1734140170459506,-2.6118393090951866,0.0314194
-7.4976478049757596,3.5207879494125995,0.02687638123234848,0.0229207
-7.32173342562059,3.168959190702261,-0.8526955155434965,0.0144135
-7.145819046265421,-1.404814672532134,-0.6767811361883274,-0.00577361
-7.145819046265421,-1.0529859138217956,0.02687638123234848,-0.0121615
-7.145819046265421,-0.1734140170459506,1.7860201747840394,-0.0153341
-7.145819046265421,0.7061578797298944,2.6655920715598844,-0.00124812
-7.145819046265421,1.4098153971505702,3.017420830270222,0.0151444
-7.145819046265421,2.289387293926416,-1.9081817916745107,0.0139534
-7.145819046265421,2.6412160526367545,-1.3804386536090036,0.0105697
-7.145819046265421,2.817130431991923,-1.2045242742538345,0.0100259
-7.145819046265421,2.993044811347093,-1.0286098948986653,0.00999353
-7.145819046265421,3.3448735700574295,-0.5008667568331582,0.0120017
-6.969904666910253,0.5302435003747252,2.6655920715598844,-0.00324086
-6.969904666910253,2.113472914571246,-2.2600105503848487,0.0140831
-6.969904666910253,2.817130431991923,-1.2045242742538345,0.00630277
-6.969904666910253,3.168959190702261,1.7860201747840394,0.0259195
-6.793990287555083,0.7061578797298944,2.8415064509150527,0.00175816
-6.6180759081999145,-1.7566434312424715,-1.7322674123193416,0.0180764
-6.6180759081999145,-1.7566434312424715,-0.5008667568331582,-0.0019409
-6.6180759081999145,-0.3493283964011198,-2.6118393090951866,0.0340053
-6.6180759081999145,2.289387293926416,-1.9081817916745107,0.00386521
-6.6180759081999145,2.6412160526367545,-1.3804386536090036,-0.000220279
-6.442161528844745,-1.2289002931769648,1.0823626573633627,-0.0125128
-6.442161528844745,0.002500362309217685,2.6655920715598844,-0.0073766
-6.090332770134407,2.4653016732815844,-1.3804386536090036,-0.00820068
-6.090332770134407,3.168959190702261,0.5546195192978551,-0.00299428
-5.914418390779238,-1.2289002931769648,1.7860201747840394,-0.0119131
-5.914418390779238,-0.8770715344666273,-2.963668067805525,0.0408542
-5.914418390779238,-0.7011571551114582,-2.963668067805525,0.0390044
-5.914418390779238,0.002500362309217685,-2.7877536884503558,0.0280112
-5.914418390779238,0.5302435003747252,3.017420830270222,0.00784532
-5.914418390779238,0.7061578797298944,3.017420830270222,0.0108833
-5.914418390779238,0.8820722590850636,3.017420830270222,0.0139298
-5.914418390779238,1.9375585352160778,3.193335209625391,0.0275583
-5.914418390779238,3.168959190702261,1.0823626573633627,0.000833204
-5.7385040114240695,-2.10847218995281,0.02687638123234848,0.0119753
-5.7385040114240695,1.0579866384402328,3.017420830270222,0.0181331
-5.7385040114240695,1.233901017795402,3.017420830270222,0.0202451
-5.5625896320689,-2.284386569307979,0.02687638123234848,0.0145008
-5.5625896320689,-2.284386569307979,0.20279076058751766,0.0152922
-5.5625896320689,2.289387293926416,-0.8526955155434965,-0.0135718
-5.5625896320689,2.993044811347093,0.7305338986530243,-0.00788891
-5.386675252713731,-1.0529859138217956,2.313763312849546,-0.01561
-5.386675252713731,1.9375585352160778,-1.2045242742538345,-0.0125978
-5.210760873358563,-2.812129707373486,-0.14903799812281981,0.0034253
-5.210760873358563,-2.636215328018317,-0.5008667568331582,0.0067449
-5.210760873358563,-1.2289002931769648,2.137848933494377,-0.0178505
-5.210760873358563,0.8820722590850636,3.193335209625391,0.0191068
-5.210760873358563,1.7616441558609086,-0.8526955155434965,-0.010822
-5.210760873358563,1.7616441558609086,-0.6767811361883274,-0.00941065
-5.210760873358563,1.9375585352160778,2.6655920715598844,0.0182778
-5.210760873358563,2.817130431991923,1.6101057954288702,-0.000485759
-5.034846494003394,-2.284386569307979,1.4341914160737002,0.00927944
-5.034846494003394,-2.10847218995281,1.6101057954288702,-0.000654189
-5.034846494003394,-1.9325578105976406,1.7860201747840394,-0.012362
-4.8589321146482245,-2.4603009486631477,1.6101057954288702,-0.00914971
-4.8589321146482245,-1.404814672532134,2.4896776922047152,-0.0443991
-4.8589321146482245,0.5302435003747252,3.3692495889805603,0.0190026
-4.8589321146482245,1.4098153971505702,-1.0286098948986653,-0.0100462
-4.683017735293055,-1.9325578105976406,-1.5563530329641724,0.0365364
-4.683017735293055,-0.8770715344666273,-2.6118393090951866,0.0404654
-4.683017735293055,0.5302435003747252,3.3692495889805603,0.019748
-4.507103355937886,-3.339872845438993,-0.324952377477989,-0.00988414
-4.507103355937886,-3.339872845438993,0.5546195192978551,-0.00385018
-4.507103355937886,-2.812129707373486,1.9619345541392077,-0.0451824
-4.507103355937886,0.35432912101955694,-2.08409617102968,0.0126456
-4.507103355937886,0.35432912101955694,3.3692495889805603,0.0174654
-4.507103355937886,1.7616441558609086,2.313763312849546,0.00643474
-4.331188976582718,-2.988044086728655,1.7860201747840394,-0.0406178
-4.331188976582718,-1.9325578105976406,-1.5563530329641724,0.0368191
-4.331188976582718,1.7616441558609086,2.137848933494377,0.00215853
-4.331188976582718,1.9375585352160778,0.7305338986530243,-0.0139552
-4.155274597227548,-0.8770715344666273,-2.08409617102968,0.0434716
-4.155274597227548,-0.7011571551114582,3.017420830270222,-0.0396019
-4.155274597227548,-0.1734140170459506,-2.08409617102968,0.0312027
-3.9793602178723786,-3.5157872247941624,-0.14903799812281981,-0.00991805
-3.9793602178723786,-3.5157872247941624,0.37870513994268684,-0.00734746
-3.9793602178723786,-3.339872845438993,-0.6767811361883274,-0.00856323
-3.9793602178723786,-2.636215328018317,-1.3804386536090036,0.0108047
-3.9793602178723786,-0.3493283964011198,3.017420830270222,-0.0217643
-3.9793602178723786,0.35432912101955694,-1.7322674123193416,0.0185272
-3.9793602178723786,1.0579866384402328,-0.5008667568331582,-0.00331962
-3.9793602178723786,1.0579866384402328,2.8415064509150527,0.0142144
-3.9793602178723786,1.5857297765057394,0.7305338986530243,-0.0104073
-3.8034458385172103,-0.525242775756289,3.017420830270222,-0.0447315
-3.8034458385172103,0.5302435003747252,-1.5563530329641724,0.0150172
-3.451617079806872,-1.404814672532134,-2.2600105503848487,0.0413931
-3.451617079806872,0.17841474166438775,-2.4359249297400174,0.0369946
-3.451617079806872,0.7061578797298944,1.9619345541392077,-0.00560658
-3.2757027004517028,-3.339872845438993,1.6101057954288702,-0.0515018
-3.2757027004517028,-3.339872845438993,1.7860201747840394,-0.0590142
-3.2757027004517028,-1.9325578105976406,-1.7322674123193416,0.0351556
-3.0997883210965336,-3.339872845438993,0.5546195192978551,0.000376918
-3.0997883210965336,-0.525242775756289,-2.7877536884503558,0.0459134
-3.0997883210965336,0.8820722590850636,-1.5563530329641724,0.0110694
-2.9238739417413653,-2.988044086728655,2.6655920715598844,-0.0786648
-2.9238739417413653,0.002500362309217685,2.313763312849546,-0.0519844
-2.9238739417413653,1.4098153971505702,-0.5008667568331582,0.00728206
-2.747959562386196,-2.988044086728655,-0.6767811361883274,0.0198638
-2.747959562386196,0.002500362309217685,2.137848933494377,-0.0522112
-2.747959562386196,0.7061578797298944,-2.08409617102968,0.0209295
-2.747959562386196,1.4098153971505702,-0.6767811361883274,0.00374469
-2.572045183031027,-2.636215328018317,2.8415064509150527,-0.0780125
-2.572045183031027,0.17841474166438775,-2.6118393090951866,0.0371977
-2.572045183031027,1.0579866384402328,-1.3804386536090036,0.00302976
-2.3961308036758577,-2.988044086728655,-0.8526955155434965,0.0253114
-2.3961308036758577,-0.3493283964011198,2.4896776922047152,-0.0652141
-2.3961308036758577,-0.1734140170459506,2.137848933494377,-0.0577045
-2.3961308036758577,0.35432912101955694,-2.4359249297400174,0.0318056
-2.3961308036758577,0.5302435003747252,-2.2600105503848487,0.0257044
-2.3961308036758577,1.0579866384402328,-1.3804386536090036,0.000791216
-2.2202164243206894,-2.812129707373486,0.9064482780081935,-0.0139804
-2.0443020449655194,-2.812129707373486,1.4341914160737002,-0.0468606
-2.0443020449655194,-0.7011571551114582,-2.6118393090951866,0.0432829
-2.0443020449655194,-0.3493283964011198,1.6101057954288702,-0.0399297
-2.0443020449655194,0.8820722590850636,-1.5563530329641724,0.00335288
-2.0443020449655194,0.8820722590850636,0.9064482780081935,0.00756415
-2.0443020449655194,1.4098153971505702,-1.0286098948986653,-0.023647
-1.868387665610351,-2.636215328018317,1.6101057954288702,-0.0514315
-1.868387665610351,-1.0529859138217956,2.4896776922047152,-0.0667181
-1.868387665610351,-0.7011571551114582,2.137848933494377,-0.0592446
-1.868387665610351,1.0579866384402328,-1.3804386536090036,-0.0105641
-1.692473286255181,-2.4603009486631477,1.2582770367185319,-0.025963
-1.692473286255181,-2.10847218995281,2.137848933494377,-0.0622309
-1.692473286255181,-1.404814672532134,2.313763312849546,-0.0630203
-1.5165589069000127,-1.9325578105976406,1.7860201747840394,-0.0420676
-1.5165589069000127,-0.3493283964011198,1.0823626573633627,0.002175
-1.5165589069000127,2.113472914571246,-1.5563530329641724,-0.0467082
-1.3406445275448426,-2.4603009486631477,-2.2600105503848487,0.0250916
-1.3406445275448426,-0.3493283964011198,1.0823626573633627,0.00587971
-1.3406445275448426,2.817130431991923,-1.0286098948986653,-0.0548589
-1.1647301481896744,-3.5157872247941624,-1.2045242742538345,0.0187526
-1.1647301481896744,-1.9325578105976406,1.6101057954288702,-0.00742073
-1.1647301481896744,-0.525242775756289,1.2582770367185319,0.00579963
-0.9888157688345061,-3.163958466083824,0.02687638123234848,0.00539597
-0.9888157688345061,-1.0529859138217956,1.6101057954288702,0.0036864
-0.9888157688345061,0.5302435003747252,0.7305338986530243,0.00371245
-0.812901389479336,-2.4603009486631477,1.2582770367185319,0.00767864
-0.812901389479336,-0.3493283964011198,1.0823626573633627,0.0172449
-0.812901389479336,1.5857297765057394,-2.08409617102968,-0.0174283
-0.812901389479336,2.4653016732815844,0.9064482780081935,-0.0446459
-0.6369870101241677,-3.339872845438993,-1.3804386536090036,0.00305566
-0.6369870101241677,-2.988044086728655,-1.9081817916745107,0.0015689
-0.6369870101241677,2.993044811347093,-1.3804386536090036,-0.0516725
-0.4610726307689994,-2.988044086728655,-1.9081817916745107,-0.0108804
-0.4610726307689994,2.6412160526367545,0.9064482780081935,-0.0411645
-0.4610726307689994,2.993044811347093,0.5546195192978551,-0.0488001
-0.28515825141382933,0.8820722590850636,1.0823626573633627,0.000465038
0.06667050729650725,0.002500362309217685,0.9064482780081935,0.0355907
0.06667050729650725,0.7061578797298944,1.0823626573633627,0.014971
0.06667050729650725,1.9375585352160778,-2.08409617102968,-0.0105367
0.06667050729650725,2.993044811347093,0.7305338986530243,-0.0282132
0.24258488665167732,-2.284386569307979,0.37870513994268684,0.0206022
0.24258488665167732,3.168959190702261,1.4341914160737002,0.0138866
0.4184992660068456,-3.339872845438993,-0.5008667568331582,-0.0327178
0.4184992660068456,2.993044811347093,-1.2045242742538345,-0.045248
0.4184992660068456,2.993044811347093,1.9619345541392077,0.0269095
0.4184992660068456,3.5207879494125995,1.2582770367185319,0.0100994
0.5944136453620157,-3.8676159835045,-2.2600105503848487,-0.056713
0.5944136453620157,-2.636215328018317,-3.1395824471606937,-0.0367611
0.5944136453620157,-2.4603009486631477,-3.1395824471606937,-0.0314419
0.5944136453620157,-1.7566434312424715,0.37870513994268684,0.0410246
0.5944136453620157,-1.5807290518873023,-2.963668067805525,0.0145163
0.5944136453620157,-0.525242775756289,-3.1395824471606937,0.0432603
0.5944136453620157,-0.3493283964011198,-3.1395824471606937,0.0444254
0.5944136453620157,1.9375585352160778,-1.9081817916745107,0.00246249
0.5944136453620157,3.3448735700574295,1.9619345541392077,0.0262021
0.770328024717184,-4.043530362859669,-1.9081817916745107,-0.0573397
0.770328024717184,-2.988044086728655,-3.1395824471606937,-0.0455001
0.770328024717184,-1.2289002931769648,-2.963668067805525,0.0307153
0.770328024717184,-0.1734140170459506,-2.963668067805525,0.0453302
0.770328024717184,0.17841474166438775,-2.7877536884503558,0.0468927
0.770328024717184,3.5207879494125995,1.9619345541392077,0.0257492
0.770328024717184,3.696702328767768,0.20279076058751766,-0.0192124
0.770328024717184,3.872616708122936,0.7305338986530243,-0.00359141
0.9462424040723523,-1.2289002931769648,-2.963668067805525,0.0295317
0.9462424040723523,1.4098153971505702,1.4341914160737002,0.0162184
0.9462424040723523,3.5207879494125995,-0.324952377477989,-0.0280624
0.9462424040723523,3.696702328767768,-0.14903799812281981,-0.0238292
1.1221567834275223,-2.812129707373486,0.02687638123234848,-0.0125371
1.1221567834275223,-1.404814672532134,0.5546195192978551,0.0374877
1.1221567834275223,-1.2289002931769648,-2.963668067805525,0.0281975
1.1221567834275223,1.0579866384402328,1.4341914160737002,0.00863896
1.1221567834275223,2.817130431991923,-1.0286098948986653,-0.0253324
1.1221567834275223,4.048531087478106,0.02687638123234848,-0.0168621
1.2980711627826906,-3.691701604149331,-2.7877536884503558,-0.0546715
1.2980711627826906,-2.284386569307979,0.20279076058751766,0.0173307
1.2980711627826906,-1.2289002931769648,0.7305338986530243,0.0298846
1.2980711627826906,1.7616441558609086,2.137848933494377,0.0190859
1.2980711627826906,2.4653016732815844,2.4896776922047152,0.0223045
1.4739855421378607,0.17841474166438775,1.6101057954288702,0.0104716
1.4739855421378607,0.35432912101955694,1.6101057954288702,0.0087487
1.4739855421378607,4.400359846188443,1.6101057954288702,0.0215088
1.4739855421378607,4.752188604898781,0.5546195192978551,-0.000585923
1.649899921493029,-1.7566434312424715,0.7305338986530243,0.0180115
1.649899921493029,-1.2289002931769648,1.0823626573633627,0.0187963
1.649899921493029,-0.8770715344666273,1.6101057954288702,0.0145768
1.649899921493029,-0.7011571551114582,1.9619345541392077,0.0159842
1.649899921493029,-0.3493283964011198,2.137848933494377,0.0222961
1.649899921493029,0.5302435003747252,-2.08409617102968,0.0431166
1.649899921493029,4.2244454668332745,-0.5008667568331582,-0.0198187
1.649899921493029,4.752188604898781,0.02687638123234848,-0.00968946
1.649899921493029,5.1040173636091195,0.7305338986530243,0.00647421
1.8258143008481973,-3.8676159835045,-2.4359249297400174,-0.055587
1.8258143008481973,-1.5807290518873023,1.4341914160737002,0.00504154
1.8258143008481973,-1.404814672532134,1.7860201747840394,0.00424758
1.8258143008481973,-1.0529859138217956,-2.7877536884503558,0.0296197
1.8258143008481973,-0.525242775756289,2.4896776922047152,0.020886
1.8258143008481973,0.5302435003747252,-2.08409617102968,0.0360315
1.8258143008481973,1.4098153971505702,-1.9081817916745107,0.0231764
1.8258143008481973,3.5207879494125995,2.313763312849546,0.0193914
1.8258143008481973,5.455846122319458,1.4341914160737002,0.0257301
2.001728680203369,-4.043530362859669,-1.5563530329641724,-0.0583168
2.001728680203369,-1.0529859138217956,2.4896776922047152,0.00913144
2.1776430595585374,-2.812129707373486,0.02687638123234848,-0.0199553
2.1776430595585374,-1.404814672532134,2.4896776922047152,0.00158034
2.1776430595585374,0.002500362309217685,2.8415064509150527,0.0312432
2.1776430595585374,2.993044811347093,2.4896776922047152,0.00827734
2.3535574389137057,-3.8676159835045,-1.5563530329641724,-0.0567333
2.3535574389137057,-2.812129707373486,0.20279076058751766,-0.0175992
2.3535574389137057,-2.636215328018317,-2.963668067805525,-0.0337595
2.3535574389137057,-1.404814672532134,2.6655920715598844,0.001971
2.3535574389137057,2.6412160526367545,2.4896776922047152,0.00308281
2.3535574389137057,2.993044811347093,2.4896776922047152,0.00524092
2.3535574389137057,3.168959190702261,-1.3804386536090036,-0.0113358
2.3535574389137057,3.3448735700574295,-1.2045242742538345,-0.0106711
2.529471818268876,-0.7011571551114582,3.017420830270222,0.0186668
2.529471818268876,-0.1734140170459506,-2.4359249297400174,0.00935052
2.529471818268876,0.002500362309217685,3.017420830270222,0.0307184
2.529471818268876,5.1040173636091195,-0.5008667568331582,-0.0110236
2.705386197624044,-3.339872845438993,-0.5008667568331582,-0.0375872
2.705386197624044,-2.10847218995281,-2.6118393090951866,-0.0110456
2.705386197624044,2.817130431991923,-2.08409617102968,-0.0123198
2.705386197624044,5.631760501674626,2.137848933494377,0.0370156
2.8813005769792124,-2.636215328018317,1.6101057954288702,-0.0162784
2.8813005769792124,2.289387293926416,2.313763312849546,-0.00501178
2.8813005769792124,3.3448735700574295,-1.7322674123193416,-0.0137719
2.8813005769792124,5.631760501674626,2.137848933494377,0.0364478
3.0572149563343824,-1.9325578105976406,-2.4359249297400174,0.0113783
3.0572149563343824,1.4098153971505702,-2.6118393090951866,0.0108429
3.0572149563343824,1.7616441558609086,-2.6118393090951866,0.00460051
3.0572149563343824,2.4653016732815844,2.313763312849546,-0.00757161
3.0572149563343824,4.752188604898781,-1.2045242742538345,-0.0153392
3.2331293356895507,-1.404814672532134,-2.2600105503848487,0.0174973
3.409043715044721,-3.691701604149331,-1.0286098948986653,-0.0191555
3.409043715044721,-3.5157872247941624,-1.7322674123193416,-0.00876589
3.409043715044721,0.002500362309217685,-2.2600105503848487,0.0213977
3.409043715044721,3.3448735700574295,-2.2600105503848487,-0.0129927
3.584958094399889,-3.5157872247941624,-1.9081817916745107,0.00106677
3.584958094399889,-3.163958466083824,1.0823626573633627,-0.0139888
3.584958094399889,-2.636215328018317,3.017420830270222,-0.00855838
3.584958094399889,0.5302435003747252,2.6655920715598844,0.01938
3.584958094399889,4.048531087478106,2.4896776922047152,0.00389054
3.584958094399889,4.2244454668332745,2.4896776922047152,0.00700897
3.7608724737550574,-2.988044086728655,-2.6118393090951866,0.0228588
3.7608724737550574,-0.7011571551114582,-1.9081817916745107,0.0149044
3.7608724737550574,-0.3493283964011198,3.3692495889805603,0.0269295
3.7608724737550574,1.0579866384402328,1.4341914160737002,-0.00533971
3.9367868531102275,-4.043530362859669,-0.324952377477989,-0.0153706
3.9367868531102275,-0.7011571551114582,3.896992727046067,0.0299388
3.9367868531102275,2.817130431991923,-2.6118393090951866,-0.00276863
3.9367868531102275,3.872616708122936,2.313763312849546,-0.00203224
3.9367868531102275,4.048531087478106,2.313763312849546,0.000599524
3.9367868531102275,5.807674881029796,0.02687638123234848,0.0166501
4.112701232465396,-4.043530362859669,0.7305338986530243,-0.0178025
4.112701232465396,-0.525242775756289,-1.7322674123193416,0.0176829
4.112701232465396,0.8820722590850636,1.2582770367185319,-0.0105664
4.112701232465396,2.993044811347093,-2.6118393090951866,-0.00144165
4.112701232465396,4.752188604898781,1.9619345541392077,0.0125353
4.288615611820566,0.17841474166438775,2.8415064509150527,0.0144551
4.288615611820566,4.752188604898781,1.7860201747840394,0.012077
4.464529991175734,-1.0529859138217956,-2.08409617102968,0.0121852
4.464529991175734,-0.8770715344666273,-1.9081817916745107,0.0109342
4.464529991175734,0.7061578797298944,0.7305338986530243,-0.0160932
4.464529991175734,2.113472914571246,0.9064482780081935,-0.0114857
4.464529991175734,2.289387293926416,-2.6118393090951866,0.0123995
4.464529991175734,4.2244454668332745,-2.08409617102968,-0.00139651
4.640444370530902,0.002500362309217685,-1.9081817916745107,0.0309048
4.640444370530902,0.5302435003747252,1.7860201747840394,-0.0103106
4.640444370530902,1.233901017795402,-2.6118393090951866,0.0294021
4.640444370530902,3.3448735700574295,-2.6118393090951866,0.00555219
4.640444370530902,4.576274225543613,-1.7322674123193416,0.00289094
4.8163587498860725,-0.7011571551114582,-1.5563530329641724,0.00396468
4.8163587498860725,-0.525242775756289,4.072907106401237,0.0352119
4.8163587498860725,-0.1734140170459506,-0.8526955155434965,-0.000792651
4.8163587498860725,0.002500362309217685,0.02687638123234848,-0.011825
4.8163587498860725,0.17841474166438775,2.8415064509150527,0.00860339
4.8163587498860725,0.35432912101955694,-0.324952377477989,-0.00688149
4.8163587498860725,1.0579866384402328,0.37870513994268684,-0.0166507
4.8163587498860725,1.4098153971505702,0.5546195192978551,-0.0173806
4.8163587498860725,1.5857297765057394,-2.4359249297400174,0.0267264
4.8163587498860725,5.279931742964288,-1.2045242742538345,0.0133168
4.8163587498860725,5.279931742964288,1.2582770367185319,0.0232588
4.992273129241241,-4.043530362859669,-1.2045242742538345,0.0161937
4.992273129241241,-2.988044086728655,-2.08409617102968,0.0250952
4.992273129241241,-1.0529859138217956,4.248821485756405,0.036976
4.992273129241241,-0.3493283964011198,-0.6767811361883274,-0.00752284
4.992273129241241,-0.1734140170459506,0.37870513994268684,-0.0130935
4.992273129241241,0.17841474166438775,0.9064482780081935,-0.0176204
4.992273129241241,0.35432912101955694,-0.8526955155434965,0.00402826
4.992273129241241,0.35432912101955694,1.6101057954288702,-0.0145734
4.992273129241241,0.35432912101955694,1.7860201747840394,-0.0124431
4.992273129241241,0.5302435003747252,-2.08409617102968,0.0323656
4.992273129241241,0.8820722590850636,0.02687638123234848,-0.0130657
4.992273129241241,5.807674881029796,0.7305338986530243,0.0336309
5.168187508596409,-0.525242775756289,-0.6767811361883274,-0.00986813
5.168187508596409,-0.3493283964011198,0.5546195192978551,-0.012284
5.168187508596409,0.5302435003747252,-1.3804386536090036,0.017539
5.168187508596409,2.4653016732815844,0.9064482780081935,-0.0160423
5.168187508596409,4.576274225543613,1.4341914160737002,0.00805901
5.344101887951579,-4.395359121570007,0.7305338986530243,0.00198378
5.344101887951579,-4.219444742214838,-1.2045242742538345,0.022557
5.344101887951579,-3.339872845438993,3.017420830270222,0.00831421
5.344101887951579,1.7616441558609086,0.37870513994268684,-0.0150078
5.520016267306747,-4.571273500925177,0.20279076058751766,0.0105596
5.520016267306747,-0.525242775756289,0.7305338986530243,-0.0140241
5.520016267306747,0.002500362309217685,1.6101057954288702,-0.0142565
5.520016267306747,1.5857297765057394,-1.7322674123193416,0.0255367
5.520016267306747,1.5857297765057394,0.02687638123234848,-0.0111186
5.520016267306747,1.7616441558609086,0.20279076058751766,-0.0123384
5.520016267306747,3.696702328767768,-2.4359249297400174,0.0233416
5.520016267306747,4.048531087478106,-2.08409617102968,0.0214402
5.520016267306747,4.928102984253951,-1.0286098948986653,0.0253752
5.6959306466619175,-4.571273500925177,0.20279076058751766,0.0142108
5.6959306466619175,-4.219444742214838,1.0823626573633627,0.00772341
5.6959306466619175,-1.7566434312424715,-1.5563530329641724,0.000489197
5.6959306466619175,-1.2289002931769648,-1.2045242742538345,-0.00815533
5.6959306466619175,1.5857297765057394,-0.324952377477989,-0.00443342
5.6959306466619175,5.1040173636091195,0.9064482780081935,0.0259814
5.6959306466619175,5.279931742964288,-0.6767811361883274,0.0320198
5.6959306466619175,5.455846122319458,-0.5008667568331582,0.0345124
5.871845026017088,-1.0529859138217956,3.5451639683357286,0.0250335
5.871845026017088,-0.7011571551114582,0.7305338986530243,-0.0158121
5.871845026017088,3.3448735700574295,0.5546195192978551,-0.00310268
6.047759405372254,-4.395359121570007,-1.0286098948986653,0.033158
6.047759405372254,-4.043530362859669,-1.3804386536090036,0.0333634
6.047759405372254,-2.284386569307979,3.193335209625391,0.026372
6.047759405372254,-2.10847218995281,-1.3804386536090036,0.00353979
6.047759405372254,-1.404814672532134,3.193335209625391,0.020981
6.047759405372254,-1.2289002931769648,3.193335209625391,0.0192822
6.047759405372254,-0.8770715344666273,3.017420830270222,0.0127386
6.047759405372254,-0.7011571551114582,0.9064482780081935,-0.0163848
6.047759405372254,2.4653016732815844,0.02687638123234848,-0.00232381
6.047759405372254,3.696702328767768,0.02687638123234848,0.0105014
6.047759405372254,3.872616708122936,-0.14903799812281981,0.0160187
6.047759405372254,4.2244454668332745,-0.14903799812281981,0.0207467
6.047759405372254,4.400359846188443,0.37870513994268684,0.0175915
6.047759405372254,4.928102984253951,-0.14903799812281981,0.0308169
6.223673784727424,-4.043530362859669,2.313763312849546,0.0217647
6.223673784727424,-3.8676159835045,2.6655920715598844,0.0243069
6.223673784727424,3.872616708122936,-1.5563530329641724,0.0323682
6.399588164082594,-4.043530362859669,1.6101057954288702,0.0221442
6.399588164082594,2.289387293926416,-0.8526955155434965,0.0161036
6.575502543437764,-3.339872845438993,3.017420830270222,0.0326177
6.575502543437764,-1.7566434312424715,-0.5008667568331582,-0.00599887
6.575502543437764,-1.0529859138217956,1.0823626573633627,-0.0123269
6.575502543437764,3.168959190702261,-1.7322674123193416,0.0373307
6.751416922792931,-3.5157872247941624,0.7305338986530243,0.0256197
6.751416922792931,-2.4603009486631477,-0.8526955155434965,0.00781871
6.751416922792931,-1.404814672532134,2.137848933494377,0.00336306
6.927331302148101,-3.8676159835045,-0.14903799812281981,0.0315259
6.927331302148101,-3.163958466083824,0.7305338986530243,0.0215978
6.927331302148101,-2.988044086728655,-0.8526955155434965,0.0201729
6.927331302148101,-2.10847218995281,0.20279076058751766,-0.00136021
7.103245681503271,-3.339872845438993,1.2582770367185319,0.0264832
7.103245681503271,-2.812129707373486,0.9064482780081935,0.0161616
7.103245681503271,-2.10847218995281,0.9064482780081935,0.00240664
7.103245681503271,-1.7566434312424715,1.7860201747840394,0.00566261
7.2791600608584375,-3.339872845438993,2.137848933494377,0.0351235
7.2791600608584375,-2.10847218995281,1.7860201747840394,0.0132601
