-5.805932829660072,-0.9463286599573077,-0.2551369700325541,-0.052311
-5.805932829660072,-0.9463286599573077,-0.10697740607551243,-0.0520346
-5.805932829660072,-0.6500095320432226,-0.2551369700325541,-0.0518927
-5.657773265703029,-1.5389669157854766,-0.2551369700325541,-0.0524684
-5.657773265703029,-1.5389669157854766,-0.10697740607551243,-0.0525259
-5.657773265703029,-1.0944882239143494,-0.8477752258607243,-0.0518513
-5.657773265703029,-1.0944882239143494,0.4856608497526569,-0.050091
-5.657773265703029,-0.20553084017209589,0.18934172183857267,-0.047781
-5.509613701745987,-1.3908073518284345,0.6338204137096994,-0.049765
-5.509613701745987,-0.05737127621505422,-0.8477752258607243,-0.0468218
-5.361454137788945,-1.9834456076566034,-0.40329653398959664,-0.0513506
-5.361454137788945,-0.20553084017209589,0.781979977666742,-0.0408275
-5.213294573831902,-2.131605171613646,-0.40329653398959664,-0.0503476
-5.213294573831902,0.23894785169903088,-0.995934789817766,-0.0362495
-5.06513500987486,-0.9463286599573077,1.2264586695378688,-0.0382219
-5.06513500987486,0.535266979613116,0.18934172183857267,-0.0294119
-4.916975445917817,-1.9834456076566034,-1.1440943537748085,-0.0450268
-4.916975445917817,-1.8352860436995613,-1.2922539177318502,-0.0443375
-4.916975445917817,0.6834265435701576,-0.10697740607551243,-0.0206981
-4.7688158819607755,-2.4279242995277306,0.041182157881530124,-0.0431289
-4.7688158819607755,-2.131605171613646,0.781979977666742,-0.0385407
-4.7688158819607755,-0.20553084017209589,1.2264586695378688,-0.0246866
-4.7688158819607755,0.23894785169903088,0.9301395416237836,-0.0215605
-4.472496754046691,-2.4279242995277306,-0.6996156619036809,-0.038354
-4.472496754046691,-1.6871264797425192,-1.5885730456459353,-0.0349618
-4.472496754046691,0.6834265435701576,0.4856608497526569,-0.00359106
-4.324337190089649,0.535266979613116,0.781979977666742,0.00136384
-4.324337190089649,1.1279052354412844,-0.5514560979466392,0.0454078
-4.324337190089649,1.276064799398327,-0.995934789817766,0.0693708
-4.324337190089649,1.276064799398327,-0.8477752258607243,0.0639798
-4.176177626132606,0.09078828774198922,1.2264586695378688,0.00464691
-4.176177626132606,0.6834265435701576,0.6338204137096994,0.0116857
-4.028018062175564,0.6834265435701576,-1.7367326096029778,0.0596177
-4.028018062175564,1.8687030552264963,-0.6996156619036809,0.0734678
-3.8798584982185216,-1.3908073518284345,-1.7367326096029778,-0.0139209
-3.8798584982185216,0.09078828774198922,-1.7367326096029778,0.0267972
-3.7316989342614795,-2.4279242995277306,0.6338204137096994,0.0271983
-3.7316989342614795,-1.9834456076566034,1.2264586695378688,0.0312242
-3.7316989342614795,1.8687030552264963,-1.7367326096029778,0.0938752
-3.7316989342614795,2.1650221831405805,-0.995934789817766,0.0818738
-3.583539370304437,-1.5389669157854766,1.5227777974519539,0.0300078
-3.583539370304437,1.1279052354412844,0.781979977666742,0.0219579
-3.583539370304437,2.016862619183539,-0.10697740607551243,0.0401685
-3.4353798063473944,-2.4279242995277306,-0.40329653398959664,0.0105855
-3.4353798063473944,-0.20553084017209589,-1.8848921735600195,0.0272096
-3.4353798063473944,0.6834265435701576,-2.1812113014741046,0.0527569
-3.4353798063473944,2.1650221831405805,-0.2551369700325541,0.0445174
-3.2872202423903527,-2.8724029913988574,0.6338204137096994,0.0724054
-3.2872202423903527,-2.2797647355706885,-0.6996156619036809,0.0124894
-3.2872202423903527,-1.8352860436995613,-1.2922539177318502,0.0115718
-3.2872202423903527,-0.5018499680861801,1.6709373614089955,0.0313934
-3.13906067843331,-3.0205625553559,0.781979977666742,0.0835862
-3.13906067843331,-3.0205625553559,0.9301395416237836,0.0870664
-3.13906067843331,-2.8724029913988574,1.3746182334949104,0.0899595
-3.13906067843331,-1.3908073518284345,1.9672564893230806,0.0287136
-3.13906067843331,-0.05737127621505422,1.5227777974519539,0.0443292
-2.9909011144762676,-2.2797647355706885,-0.6996156619036809,0.0241876
-2.9909011144762676,-2.131605171613646,1.9672564893230806,0.0600158
-2.9909011144762676,1.7205434912694537,0.781979977666742,0.0162158
-2.9909011144762676,1.8687030552264963,0.6338204137096994,0.0166637
-2.842741550519225,-2.7242434274418152,-0.2551369700325541,0.0386038
-2.842741550519225,-0.9463286599573077,2.1154160532801223,0.0193283
-2.842741550519225,-0.35369040412913844,-2.033051737517062,0.0247924
-2.842741550519225,0.09078828774198922,1.5227777974519539,0.0458816
-2.842741550519225,0.535266979613116,-2.3293708654311467,0.0305583
-2.842741550519225,0.8315861075272002,-2.3293708654311467,0.0386243
-2.6945819865621834,0.38710741565607343,-2.3293708654311467,0.0248074
-2.6945819865621834,0.8315861075272002,1.2264586695378688,0.0379692
-2.546422422605141,2.1650221831405805,0.33750128579561434,0.0239469
-2.546422422605141,2.4613413110546656,-0.40329653398959664,0.0229285
-2.546422422605141,2.6095008750117072,-1.5885730456459353,-0.00369225
-2.398262858648099,-0.9463286599573077,2.263575617237165,0.018527
-2.398262858648099,0.8315861075272002,-2.3293708654311467,0.0269709
-2.398262858648099,1.7205434912694537,-2.1812113014741046,0.0181334
-2.2501032946910557,-2.5760838634847727,-0.6996156619036809,0.0198715
-2.2501032946910557,-1.5389669157854766,-1.2922539177318502,0.0385485
-2.2501032946910557,0.535266979613116,-2.3293708654311467,0.0225871
-2.101943730734014,-0.7981690960002652,2.263575617237165,0.0216514
-2.101943730734014,-0.35369040412913844,-2.033051737517062,0.0257231
-2.101943730734014,0.8315861075272002,1.5227777974519539,0.0473679
-2.101943730734014,1.1279052354412844,2.263575617237165,0.0402634
-2.101943730734014,1.4242243633553695,1.3746182334949104,0.0404084
-2.101943730734014,1.4242243633553695,2.263575617237165,0.0399444
-1.9537841667769715,-1.3908073518284345,-1.2922539177318502,0.0389553
-1.9537841667769715,-0.7981690960002652,-1.5885730456459353,0.0420907
-1.9537841667769715,-0.7981690960002652,2.263575617237165,0.0242848
-1.9537841667769715,-0.5018499680861801,-1.8848921735600195,0.0312733
-1.9537841667769715,0.9797456714842427,2.559894745151249,0.0382729
-1.9537841667769715,1.1279052354412844,-2.3293708654311467,0.0149214
-1.9537841667769715,1.7205434912694537,1.0782991055808262,0.0407586
-1.9537841667769715,3.350298694796919,-1.5885730456459353,-0.0407504
-1.9537841667769715,3.350298694796919,-0.8477752258607243,-0.0304383
-1.805624602819929,-2.8724029913988574,-0.2551369700325541,0.0270198
-1.805624602819929,-1.242647787871392,-1.2922539177318502,0.0422332
-1.805624602819929,-0.7981690960002652,2.263575617237165,0.027432
-1.805624602819929,0.8315861075272002,2.7080543091082925,0.0358577
-1.805624602819929,2.313181747097624,-2.6256899933452313,-0.0339911
-1.6574650388628873,-1.8352860436995613,-1.1440943537748085,0.0231112
-1.6574650388628873,0.23894785169903088,2.263575617237165,0.0385121
-1.6574650388628873,2.313181747097624,1.8190969253660372,0.0320155
-1.6574650388628873,2.313181747097624,1.9672564893230806,0.0326852
-1.6574650388628873,3.2021391308398774,-2.1812113014741046,-0.0467329
-1.5093054749058448,-0.7981690960002652,-1.4404134816888927,0.0472422
-1.5093054749058448,-0.05737127621505422,-2.1812113014741046,0.0351996
-1.5093054749058448,0.09078828774198922,2.263575617237165,0.0389219
-1.5093054749058448,2.313181747097624,2.4117351811942074,0.0330816
-1.5093054749058448,2.4613413110546656,0.4856608497526569,0.0249451
-1.5093054749058448,3.053979566882835,0.041182157881530124,-0.00826637
-1.5093054749058448,3.2021391308398774,-0.10697740607551243,-0.0152874
-1.3611459109488022,-1.242647787871392,2.4117351811942074,0.0178487
-1.3611459109488022,-0.9463286599573077,-2.1812113014741046,0.0277032
-1.3611459109488022,0.6834265435701576,3.004373437022376,0.02872
-1.3611459109488022,1.276064799398327,3.1525330009794184,0.0315466
-1.3611459109488022,1.7205434912694537,-2.7738495573022734,-0.0253957
-1.2129863469917606,-3.168722119312942,1.2264586695378688,-0.000569413
-1.2129863469917606,-3.168722119312942,1.3746182334949104,-0.00438026
-1.2129863469917606,-0.35369040412913844,2.263575617237165,0.041486
-1.2129863469917606,-0.05737127621505422,-2.922009121259316,0.0312978
-1.2129863469917606,2.9058200029257923,0.33750128579561434,0.00422043
-1.2129863469917606,3.053979566882835,-2.4775304293881892,-0.048132
-1.2129863469917606,3.4984582587539625,-0.40329653398959664,-0.0264724
-1.2129863469917606,3.6466178227110033,-0.8477752258607243,-0.0368066
-1.064826783034718,-3.168722119312942,1.8190969253660372,-0.0233319
-1.064826783034718,-1.6871264797425192,-1.2922539177318502,0.0279814
-1.064826783034718,-1.3908073518284345,-2.6256899933452313,0.0180582
-1.064826783034718,-0.6500095320432226,-3.2183282491734007,0.0274382
-1.064826783034718,2.7576604389687507,0.9301395416237836,0.0190059
-0.9166672190776755,-3.168722119312942,0.6338204137096994,-0.00647835
-0.9166672190776755,-1.9834456076566034,-1.8848921735600195,0.0177461
-0.9166672190776755,-0.9463286599573077,2.559894745151249,0.0116402
-0.9166672190776755,3.350298694796919,-2.1812113014741046,-0.0491187
-0.9166672190776755,3.350298694796919,0.18934172183857267,0.000640907
-0.7685076551206329,-1.3908073518284345,-3.0701686852163586,0.0168407
-0.7685076551206329,-0.7981690960002652,2.559894745151249,0.0130348
-0.7685076551206329,0.09078828774198922,2.8562138730653333,0.0204582
-0.7685076551206329,2.4613413110546656,-2.7738495573022734,-0.0428403
-0.7685076551206329,2.7576604389687507,2.263575617237165,0.022002
-0.6203480911635912,-3.0205625553559,2.4117351811942074,-0.041579
-0.6203480911635912,-0.6500095320432226,2.559894745151249,0.0145545
-0.6203480911635912,1.8687030552264963,3.1525330009794184,0.0261193
-0.6203480911635912,3.6466178227110033,-0.8477752258607243,-0.0354845
-0.4721885272065487,-2.7242434274418152,-0.10697740607551243,0.00641755
-0.32402896324950614,3.9429369506250884,1.5227777974519539,0.00863748
-0.17586939929246448,-0.6500095320432226,2.7080543091082925,0.00431361
-0.17586939929246448,-0.20553084017209589,3.004373437022376,0.0157798
-0.17586939929246448,0.38710741565607343,3.300692564936461,0.0179489
-0.17586939929246448,1.7205434912694537,-2.6256899933452313,-0.0301516
-0.17586939929246448,2.313181747097624,-2.6256899933452313,-0.0413286
-0.02770983533542104,-3.4650412472270267,0.9301395416237836,-0.0383966
-0.02770983533542104,-1.242647787871392,-3.5146473770874853,0.0127404
-0.02770983533542104,-0.20553084017209589,-3.6628069410445274,0.0161357
-0.02770983533542104,0.38710741565607343,-3.3664878131304428,0.0144
-0.02770983533542104,0.535266979613116,-3.2183282491734007,0.0128251
0.12044972862162062,-3.0205625553559,-1.5885730456459353,0.0255526
0.12044972862162062,-2.5760838634847727,-0.40329653398959664,0.0108623
0.12044972862162062,-0.20553084017209589,-3.6628069410445274,0.0139636
0.12044972862162062,2.6095008750117072,-2.3293708654311467,-0.0448789
0.2686092925786623,-3.0205625553559,-1.2922539177318502,0.0251382
0.2686092925786623,-2.5760838634847727,-0.40329653398959664,0.00933576
0.2686092925786623,3.053979566882835,-1.7367326096029778,-0.0467804
0.2686092925786623,3.4984582587539625,-0.5514560979466392,-0.00894838
0.4167688565357057,-3.316881683269984,0.781979977666742,-0.0382927
0.4167688565357057,-0.05737127621505422,3.300692564936461,0.0212819
0.4167688565357057,0.09078828774198922,-3.5146473770874853,0.00989499
0.4167688565357057,0.535266979613116,3.4488521288935035,0.0228123
0.4167688565357057,0.6834265435701576,3.4488521288935035,0.0224506
0.4167688565357057,3.350298694796919,3.300692564936461,0.0293322
0.4167688565357057,4.2392560785391735,1.5227777974519539,0.0068171
0.5649284204927474,-2.5760838634847727,-2.6256899933452313,0.0128358
0.5649284204927474,-2.4279242995277306,-2.7738495573022734,0.0113879
0.5649284204927474,-0.35369040412913844,-3.6628069410445274,0.00941028
0.5649284204927474,-0.05737127621505422,3.300692564936461,0.0227404
0.5649284204927474,0.535266979613116,3.4488521288935035,0.0240694
0.5649284204927474,0.6834265435701576,3.4488521288935035,0.0235568
0.7130879844497899,-3.168722119312942,1.8190969253660372,-0.0488239
0.7130879844497899,-3.0205625553559,-1.4404134816888927,0.0217183
0.7130879844497899,-2.8724029913988574,-2.1812113014741046,0.0172433
0.7130879844497899,-2.7242434274418152,-0.6996156619036809,0.0149862
0.7130879844497899,0.38710741565607343,-3.2183282491734007,0.00662635
0.7130879844497899,2.1650221831405805,3.300692564936461,0.0243015
0.7130879844497899,2.6095008750117072,3.4488521288935035,0.0278086
0.7130879844497899,4.2392560785391735,1.6709373614089955,0.00766354
0.8612475484068325,-3.168722119312942,1.2264586695378688,-0.0440964
0.8612475484068325,-3.168722119312942,1.3746182334949104,-0.0455653
0.8612475484068325,-2.4279242995277306,-0.10697740607551243,-0.00643242
0.8612475484068325,-2.2797647355706885,-2.922009121259316,0.0101157
0.8612475484068325,-1.0944882239143494,2.559894745151249,-0.0250529
0.8612475484068325,-0.35369040412913844,-3.6628069410445274,0.00961204
0.8612475484068325,2.313181747097624,-1.4404134816888927,-0.0207386
0.8612475484068325,2.6095008750117072,-0.6996156619036809,-0.0155991
0.8612475484068325,4.2392560785391735,1.3746182334949104,0.00681613
1.0094071123638741,-1.5389669157854766,2.559894745151249,-0.0397097
1.0094071123638741,2.1650221831405805,-1.5885730456459353,-0.00802392
1.0094071123638741,2.1650221831405805,3.300692564936461,0.0235682
1.0094071123638741,2.4613413110546656,-0.6996156619036809,-0.00819054
1.0094071123638741,3.9429369506250884,0.041182157881530124,0.00697633
1.1575666763209176,-2.8724029913988574,0.9301395416237836,-0.0377053
1.1575666763209176,-1.9834456076566034,2.4117351811942074,-0.0467132
1.1575666763209176,3.053979566882835,3.4488521288935035,0.0303007
1.1575666763209176,3.4984582587539625,3.300692564936461,0.0309909
1.3057262402779584,-2.5760838634847727,0.33750128579561434,-0.0134155
1.3057262402779584,-2.4279242995277306,-0.5514560979466392,0.00875287
1.3057262402779584,-1.6871264797425192,2.263575617237165,-0.0440071
1.3057262402779584,-0.7981690960002652,2.1154160532801223,-0.0102044
1.3057262402779584,0.23894785169903088,3.1525330009794184,0.0284339
1.3057262402779584,2.313181747097624,3.300692564936461,0.0234425
1.3057262402779584,3.350298694796919,-0.2551369700325541,-0.000226217
1.3057262402779584,4.091096514582131,1.0782991055808262,0.00692918
1.453885804235001,-2.5760838634847727,-2.033051737517062,0.00984203
1.453885804235001,-2.5760838634847727,1.0782991055808262,-0.0337432
1.453885804235001,-2.4279242995277306,-0.6996156619036809,0.00995054
1.453885804235001,-1.0944882239143494,1.9672564893230806,-0.0258206
1.453885804235001,-0.35369040412913844,2.559894745151249,0.0183397
1.453885804235001,0.09078828774198922,-3.3664878131304428,0.0124884
1.453885804235001,2.4613413110546656,-0.5514560979466392,0.00382816
1.453885804235001,2.4613413110546656,3.300692564936461,0.0236387
1.453885804235001,3.2021391308398774,-0.2551369700325541,-4.88501e-05
1.453885804235001,4.091096514582131,1.9672564893230806,0.0127992
1.6020453681920435,-1.6871264797425192,-3.5146473770874853,0.0207616
1.6020453681920435,-1.5389669157854766,1.8190969253660372,-0.0370513
1.6020453681920435,-0.6500095320432226,2.1154160532801223,0.00164925
1.6020453681920435,0.23894785169903088,2.8562138730653333,0.0281863
1.6020453681920435,0.8315861075272002,2.8562138730653333,0.0268682
1.6020453681920435,1.4242243633553695,-2.1812113014741046,0.012515
1.750204932149086,-2.5760838634847727,-0.40329653398959664,0.0100101
1.750204932149086,-2.4279242995277306,-0.6996156619036809,0.0102687
1.750204932149086,-2.131605171613646,-2.922009121259316,0.0158527
1.750204932149086,-0.9463286599573077,1.9672564893230806,-0.0106371
1.750204932149086,-0.5018499680861801,-3.6628069410445274,0.0221251
1.750204932149086,0.23894785169903088,-3.0701686852163586,0.0142072
1.750204932149086,1.276064799398327,-2.1812113014741046,0.0136826
1.750204932149086,2.313181747097624,-0.5514560979466392,0.0114685
1.750204932149086,2.6095008750117072,-0.40329653398959664,0.0072825
1.750204932149086,2.6095008750117072,3.1525330009794184,0.0216856
1.750204932149086,3.794777386668046,0.781979977666742,0.00683188
1.8983644961061286,-2.4279242995277306,1.0782991055808262,-0.0120482
1.8983644961061286,-2.131605171613646,-2.7738495573022734,0.0159985
1.8983644961061286,-1.5389669157854766,-3.5146473770874853,0.0251309
1.8983644961061286,1.1279052354412844,2.263575617237165,0.0219634
1.8983644961061286,3.6466178227110033,2.559894745151249,0.0193204
1.8983644961061286,3.794777386668046,1.6709373614089955,0.00972818
1.8983644961061286,3.794777386668046,1.8190969253660372,0.0107059
1.8983644961061286,3.794777386668046,1.9672564893230806,0.0119769
2.0465240600631693,-2.131605171613646,-2.3293708654311467,0.0130524
2.0465240600631693,-1.8352860436995613,1.5227777974519539,-0.0190125
2.0465240600631693,-1.3908073518284345,-3.5146473770874853,0.0273412
2.0465240600631693,-0.7981690960002652,2.1154160532801223,0.000689364
2.0465240600631693,0.6834265435701576,-2.1812113014741046,0.0139786
2.0465240600631693,1.276064799398327,2.1154160532801223,0.0196877
2.0465240600631693,1.7205434912694537,-1.7367326096029778,0.0167909
2.0465240600631693,2.016862619183539,-1.1440943537748085,0.018299
2.0465240600631693,2.7576604389687507,-0.2551369700325541,0.0115223
2.0465240600631693,2.7576604389687507,2.8562138730653333,0.0173443
2.0465240600631693,3.350298694796919,0.18934172183857267,0.00828206
2.0465240600631693,3.6466178227110033,1.9672564893230806,0.0112096
2.194683624020212,-0.7981690960002652,-3.5146473770874853,0.0289032
2.194683624020212,-0.35369040412913844,-3.3664878131304428,0.0256162
2.194683624020212,1.276064799398327,1.9672564893230806,0.019716
2.194683624020212,2.016862619183539,2.4117351811942074,0.0122856
2.194683624020212,2.9058200029257923,-0.10697740607551243,0.0133599
2.194683624020212,3.4984582587539625,0.6338204137096994,0.0101044
2.194683624020212,3.4984582587539625,1.8190969253660372,0.00975576
2.342843187977256,-2.2797647355706885,1.2264586695378688,-0.00429116
2.342843187977256,-0.6500095320432226,-3.3664878131304428,0.0290667
2.342843187977256,0.38710741565607343,2.263575617237165,0.0250356
2.342843187977256,0.6834265435701576,2.1154160532801223,0.0256026
2.342843187977256,1.8687030552264963,-0.40329653398959664,0.020589
2.4910027519342988,-1.242647787871392,1.8190969253660372,-0.00658447
2.4910027519342988,-0.20553084017209589,-2.922009121259316,0.0239519
2.4910027519342988,3.350298694796919,0.9301395416237836,0.0136728
2.4910027519342988,3.350298694796919,1.0782991055808262,0.0131828
2.6391623158913395,-1.6871264797425192,-1.8848921735600195,0.0156365
2.6391623158913395,-0.35369040412913844,2.263575617237165,0.014486
2.6391623158913395,1.276064799398327,-1.7367326096029778,0.0115398
2.6391623158913395,1.572383927312412,1.6709373614089955,0.0199089
2.787321879848382,-1.8352860436995613,1.3746182334949104,-0.00374759
2.787321879848382,1.1279052354412844,-1.8848921735600195,0.00897143
2.787321879848382,1.7205434912694537,1.5227777974519539,0.0216171
2.787321879848382,1.8687030552264963,-0.995934789817766,0.0180458
2.787321879848382,1.8687030552264963,-0.40329653398959664,0.0208246
2.787321879848382,2.6095008750117072,1.6709373614089955,0.0161124
2.9354814438054246,-1.6871264797425192,-2.033051737517062,0.017784
2.9354814438054246,-1.6871264797425192,1.3746182334949104,-0.00299095
2.9354814438054246,-0.5018499680861801,2.1154160532801223,0.0109605
2.9354814438054246,1.7205434912694537,0.781979977666742,0.0262159
2.9354814438054246,1.7205434912694537,0.9301395416237836,0.0259744
2.9354814438054246,2.016862619183539,1.3746182334949104,0.0231567
2.9354814438054246,2.6095008750117072,0.6338204137096994,0.0254849
3.083641007762467,-2.4279242995277306,-0.10697740607551243,0.011377
3.083641007762467,-0.6500095320432226,1.9672564893230806,0.0078701
3.083641007762467,-0.05737127621505422,-2.7738495573022734,0.0181396
3.083641007762467,1.572383927312412,-1.7367326096029778,0.011802
3.083641007762467,1.572383927312412,0.33750128579561434,0.0203476
3.083641007762467,1.7205434912694537,-1.5885730456459353,0.0140365
3.083641007762467,2.016862619183539,-0.995934789817766,0.0193585
3.2318005717195097,-2.131605171613646,-0.5514560979466392,0.010153
3.2318005717195097,-1.8352860436995613,-1.7367326096029778,0.013633
3.2318005717195097,-1.3908073518284345,1.3746182334949104,-0.000472508
3.3799601356765523,-2.131605171613646,0.781979977666742,0.00478766
3.3799601356765523,-1.9834456076566034,-0.8477752258607243,0.00990229
3.3799601356765523,-1.9834456076566034,0.9301395416237836,0.00283665
3.3799601356765523,-1.5389669157854766,1.2264586695378688,0.00032686
3.3799601356765523,0.535266979613116,-2.4775304293881892,0.00708533
3.3799601356765523,0.9797456714842427,-2.1812113014741046,0.00469153
3.3799601356765523,2.016862619183539,-1.2922539177318502,0.0184123
3.528119699633593,-2.4279242995277306,0.18934172183857267,0.0109148
3.528119699633593,-0.7981690960002652,1.6709373614089955,0.00477201
3.528119699633593,-0.20553084017209589,1.8190969253660372,0.0122748
3.528119699633593,1.7205434912694537,-1.7367326096029778,0.0136536
3.6762792635906356,-0.35369040412913844,1.8190969253660372,0.0107986
3.6762792635906356,-0.20553084017209589,1.8190969253660372,0.0123585
3.6762792635906356,0.38710741565607343,1.5227777974519539,0.0156228
3.6762792635906356,0.535266979613116,-2.4775304293881892,0.00629412
3.824438827547678,1.276064799398327,-2.033051737517062,0.00730938
3.824438827547678,1.572383927312412,0.33750128579561434,0.0156203
3.9725983915047207,-0.6500095320432226,1.9672564893230806,0.00921472
3.9725983915047207,0.23894785169903088,1.8190969253660372,0.0173673
3.9725983915047207,0.535266979613116,1.5227777974519539,0.016581
4.120757955461763,-2.5760838634847727,0.9301395416237836,0.0112575
4.120757955461763,0.535266979613116,-2.3293708654311467,0.00505784
4.120757955461763,0.8315861075272002,1.0782991055808262,0.0133746
4.120757955461763,1.8687030552264963,-0.10697740607551243,0.0182239
4.268917519418806,-2.2797647355706885,-0.995934789817766,0.00965492
4.268917519418806,-1.5389669157854766,-2.033051737517062,0.0137247
4.268917519418806,-1.5389669157854766,1.6709373614089955,-0.00131612
4.417077083375847,-2.131605171613646,-1.1440943537748085,0.00778533
4.417077083375847,-1.3908073518284345,1.8190969253660372,0.000639319
4.417077083375847,0.6834265435701576,1.6709373614089955,0.0190997
4.417077083375847,1.8687030552264963,-0.995934789817766,0.0176853
4.565236647332889,-0.35369040412913844,2.263575617237165,0.0179025
4.713396211289932,-2.5760838634847727,-0.8477752258607243,0.0119534
4.713396211289932,1.572383927312412,-0.995934789817766,0.0137713
4.861555775246976,0.38710741565607343,-1.7367326096029778,0.00730534
4.861555775246976,1.1279052354412844,-1.2922539177318502,0.00914257
5.009715339204017,0.9797456714842427,1.0782991055808262,0.0107712
5.009715339204017,1.1279052354412844,-0.8477752258607243,0.00883043
5.157874903161059,-2.8724029913988574,-0.2551369700325541,0.016461
5.157874903161059,-1.8352860436995613,1.5227777974519539,0.000306163
5.306034467118102,-2.8724029913988574,0.041182157881530124,0.0164211
5.306034467118102,-2.8724029913988574,0.18934172183857267,0.0167714
5.306034467118102,-1.9834456076566034,1.3746182334949104,0.00198617
5.306034467118102,-0.20553084017209589,-1.7367326096029778,0.00983463
5.306034467118102,0.9797456714842427,-0.2551369700325541,0.00584473
5.306034467118102,0.9797456714842427,-0.10697740607551243,0.00535086
5.306034467118102,0.9797456714842427,0.041182157881530124,0.00482327
5.454194031075143,-1.8352860436995613,1.3746182334949104,0.000936219
5.454194031075143,-0.7981690960002652,-1.7367326096029778,0.00909156
5.454194031075143,0.535266979613116,-1.2922539177318502,0.0103483
5.602353595032185,-2.131605171613646,1.0782991055808262,0.00434575
5.602353595032185,-0.35369040412913844,-1.7367326096029778,0.0124338
5.7505131589892295,0.09078828774198922,1.8190969253660372,0.015228
5.7505131589892295,0.8315861075272002,0.18934172183857267,0.00318695
5.89867272294627,-2.2797647355706885,-0.2551369700325541,0.00441537
5.89867272294627,-1.242647787871392,1.3746182334949104,0.00171164
5.89867272294627,-0.7981690960002652,1.6709373614089955,0.00646466
5.89867272294627,0.23894785169903088,1.5227777974519539,0.0109892
6.046832286903313,-2.131605171613646,0.041182157881530124,0.00297382
6.046832286903313,-0.9463286599573077,1.3746182334949104,0.00278966
6.046832286903313,0.23894785169903088,1.2264586695378688,0.005975
6.046832286903313,0.535266979613116,0.6338204137096994,0.00196454
6.046832286903313,0.6834265435701576,0.18934172183857267,0.00425475
6.194991850860355,-1.0944882239143494,-1.4404134816888927,0.0134675
6.194991850860355,0.6834265435701576,-0.2551369700325541,0.0101865
6.343151414817396,-1.6871264797425192,0.041182157881530124,0.00178563
6.343151414817396,-1.0944882239143494,0.781979977666742,0.00157211
6.491310978774439,-1.5389669157854766,-0.40329653398959664,0.00585678
6.491310978774439,-1.5389669157854766,-0.2551369700325541,0.0049293
6.491310978774439,0.38710741565607343,0.041182157881530124,0.0100095
6.639470542731483,-0.5018499680861801,0.4856608497526569,0.00525955
6.639470542731483,0.09078828774198922,0.18934172183857267,0.00965203
6.787630106688526,-1.0944882239143494,-0.40329653398959664,0.0128892
6.787630106688526,-0.6500095320432226,0.18934172183857267,0.00932095
6.787630106688526,-0.5018499680861801,-0.995934789817766,0.0219459
