-7.523878590013982,-2.9614576946064557,0.4718667874639024,-0.0745706
-7.523878590013982,-2.4738838692457934,0.7969160043710097,-0.0712053
-7.523878590013982,-1.823785435431577,-0.015707037896760312,-0.0648752
-7.361353981560429,-1.9863100438851307,-0.6658054717109767,-0.0624257
-7.361353981560429,-1.4987362185244684,-0.015707037896760312,-0.059909
-7.198829373106874,-2.148834652338685,1.2844898297316725,-0.0643595
-7.03630476465332,-3.449031519967118,0.9594406128245643,-0.070819
-7.03630476465332,-2.148834652338685,1.4470144381852261,-0.0620763
-6.873780156199766,-1.011162393163806,-0.17823164635031485,-0.0490304
-6.873780156199766,-1.011162393163806,0.4718667874639024,-0.0506469
-6.7112555477462115,-1.011162393163806,-0.5032808632574222,-0.0454272
-6.7112555477462115,-1.011162393163806,0.7969160043710097,-0.049039
-6.548730939292657,-3.2865069115135634,-1.153379297071639,-0.0559998
-6.386206330839103,-3.449031519967118,1.4470144381852261,-0.0608204
-6.386206330839103,-2.7989330861529016,1.7720636550923352,-0.0571643
-6.386206330839103,-2.148834652338685,-1.4784285139787476,-0.0451353
-6.386206330839103,-1.3362116100709143,-1.153379297071639,-0.0394553
-6.386206330839103,-1.3362116100709143,1.4470144381852261,-0.0468583
-6.386206330839103,-1.011162393163806,1.1219652212781188,-0.0446267
-6.22368172238555,-3.9366053453277803,-0.5032808632574222,-0.0553472
-6.22368172238555,-3.611556128420672,-0.9908546886180849,-0.0522665
-6.061157113931995,-3.774080736874226,-0.8283300801645304,-0.0504424
-6.061157113931995,-1.1736870016173597,1.4470144381852261,-0.0397975
-6.061157113931995,-0.5235885678031442,0.3093421790103479,-0.0320717
-5.898632505478441,-4.099129953781334,0.14681757055679334,-0.0522171
-5.898632505478441,-1.3362116100709143,1.6095390466387816,-0.0374436
-5.898632505478441,-0.5235885678031442,0.6343913959174561,-0.0298636
-5.736107897024887,-3.774080736874226,-0.8283300801645304,-0.0439649
-5.736107897024887,-0.3610639593495897,0.14681757055679334,-0.0202744
-5.736107897024887,1.2641821251859522,0.3093421790103479,-0.0469112
-5.736107897024887,1.4267067336395058,0.7969160043710097,-0.0463915
-5.573583288571333,-0.3610639593495897,0.6343913959174561,-0.0212455
-5.573583288571333,0.7766082998252894,1.4470144381852261,-0.0522224
-5.573583288571333,1.2641821251859522,1.4470144381852261,-0.0464792
-5.411058680117779,2.0768051674537222,0.4718667874639024,-0.0197182
-5.248534071664225,-1.9863100438851307,-1.6409531224323013,-0.010965
-5.248534071664225,-0.036014742442481484,1.2844898297316725,-0.0358781
-5.248534071664225,0.2890344744646267,-0.3407562548038685,-0.0189978
-5.0860094632106705,-3.611556128420672,-0.8283300801645304,-0.0269138
-5.0860094632106705,-3.2865069115135634,1.4470144381852261,-0.0347482
-5.0860094632106705,-2.7989330861529016,-1.4784285139787476,-0.0156243
-5.0860094632106705,-1.823785435431577,-1.6409531224323013,-0.00353859
-5.0860094632106705,-1.1736870016173597,1.6095390466387816,-0.00922555
-5.0860094632106705,-0.3610639593495897,-0.8283300801645304,0.0076087
-5.0860094632106705,2.7269036012679386,1.4470144381852261,0.0295051
-5.0860094632106705,3.377002035082155,1.1219652212781188,0.0430199
-4.923484854757117,-1.6612608269780225,1.7720636550923352,-0.0104189
-4.923484854757117,-1.1736870016173597,1.6095390466387816,-0.00342458
-4.923484854757117,-0.5235885678031442,-1.153379297071639,0.00727496
-4.923484854757117,-0.19853935089603603,-0.8283300801645304,0.00846315
-4.923484854757117,0.12650986601107306,-0.6658054717109767,0.00151633
-4.923484854757117,1.1016575167323968,-0.8283300801645304,-0.0151313
-4.923484854757117,1.4267067336395058,2.0971128719994425,-0.0252464
-4.923484854757117,3.702051251989264,0.9594406128245643,0.0471828
-4.760960246303562,-3.774080736874226,-0.015707037896760312,-0.0221749
-4.760960246303562,-2.9614576946064557,-1.315903905525193,-0.00486109
-4.760960246303562,-2.148834652338685,1.7720636550923352,-0.0118124
-4.760960246303562,-1.9863100438851307,-1.6409531224323013,0.00492993
-4.760960246303562,-1.823785435431577,1.7720636550923352,-0.00723245
-4.760960246303562,-1.4987362185244684,-1.6409531224323013,0.0055016
-4.760960246303562,-1.1736870016173597,1.6095390466387816,0.00155611
-4.760960246303562,-0.3610639593495897,1.4470144381852261,-0.0100027
-4.760960246303562,-0.19853935089603603,1.6095390466387816,-0.0195659
-4.760960246303562,2.4018543843608304,1.9345882635458889,0.0220838
-4.598435637850008,-3.611556128420672,0.6343913959174561,-0.0189616
-4.598435637850008,-3.449031519967118,0.9594406128245643,-0.0192079
-4.598435637850008,-2.636408477699347,1.6095390466387816,-0.0123399
-4.598435637850008,-1.9863100438851307,-1.6409531224323013,0.00866067
-4.598435637850008,-1.1736870016173597,-1.6409531224323013,0.00524263
-4.598435637850008,-1.1736870016173597,1.6095390466387816,0.00546369
-4.598435637850008,-0.6861131762566979,1.4470144381852261,0.00602475
-4.598435637850008,-0.3610639593495897,-1.315903905525193,0.00616286
-4.598435637850008,0.2890344744646267,2.0971128719994425,-0.0274679
-4.598435637850008,0.45155908291818037,-0.9908546886180849,0.00422503
-4.598435637850008,0.6140836913717349,-0.9908546886180849,0.00186355
-4.598435637850008,0.7766082998252894,-0.9908546886180849,-0.000295863
-4.598435637850008,1.1016575167323968,-0.9908546886180849,-0.00336089
-4.598435637850008,2.4018543843608304,2.0971128719994425,0.0232982
-4.598435637850008,2.7269036012679386,-0.3407562548038685,0.0190156
-4.598435637850008,3.5395266435357087,0.14681757055679334,0.0362947
-4.598435637850008,4.027100468896371,0.9594406128245643,0.05185
-4.435911029396454,-3.611556128420672,-0.015707037896760312,-0.00725472
-4.435911029396454,-3.611556128420672,0.14681757055679334,-0.00861701
-4.435911029396454,-2.7989330861529016,-1.315903905525193,0.0114273
-4.435911029396454,-2.4738838692457934,1.6095390466387816,-0.00490091
-4.435911029396454,-0.036014742442481484,1.9345882635458889,-0.0172519
-4.2733864209428996,0.12650986601107306,-1.315903905525193,0.0105197
-4.2733864209428996,3.377002035082155,2.259637480452997,0.0449116
-4.110861812489346,-3.1239823030600093,0.9594406128245643,0.00327241
-4.110861812489346,-2.7989330861529016,1.2844898297316725,0.00323947
-4.110861812489346,-2.148834652338685,-1.6409531224323013,0.0159185
-4.110861812489346,3.5395266435357087,-0.17823164635031485,0.0350039
-4.110861812489346,3.8645758604428178,0.14681757055679334,0.0415176
-4.110861812489346,4.189625077349925,1.4470144381852261,0.0559483
-3.9483372040357922,1.2641821251859522,2.4221620889065516,-0.00250041
-3.9483372040357922,1.4267067336395058,2.4221620889065516,0.00122164
-3.9483372040357922,3.0519528181750477,2.4221620889065516,0.0373747
-3.9483372040357922,3.5395266435357087,2.259637480452997,0.0466013
-3.7858125955822377,-0.8486377847102515,1.7720636550923352,0.0080771
-3.7858125955822377,-0.19853935089603603,-1.6409531224323013,0.0116216
-3.7858125955822377,0.45155908291818037,2.259637480452997,-0.00371103
-3.7858125955822377,2.7269036012679386,-0.8283300801645304,0.0263848
-3.7858125955822377,4.027100468896371,0.3093421790103479,0.0460833
-3.623287987128684,-2.311359260792239,1.4470144381852261,0.00610315
-3.623287987128684,-1.9863100438851307,1.6095390466387816,0.0040934
-3.623287987128684,0.12650986601107306,2.0971128719994425,0.00503828
-3.623287987128684,2.0768051674537222,-0.9908546886180849,0.0261105
-3.623287987128684,3.377002035082155,-0.5032808632574222,0.0333216
-3.4607633786751295,1.4267067336395058,2.4221620889065516,0.0130763
-3.4607633786751295,2.4018543843608304,-0.9908546886180849,0.0269812
-3.4607633786751295,3.702051251989264,2.0971128719994425,0.0481919
-3.4607633786751295,4.189625077349925,1.1219652212781188,0.0555689
-3.298238770221575,-2.7989330861529016,0.9594406128245643,0.0139414
-3.1357141617680213,-3.2865069115135634,-1.6409531224323013,0.0375938
-3.1357141617680213,-2.7989330861529016,0.9594406128245643,0.013618
-3.1357141617680213,-1.4987362185244684,-2.128526947792964,0.0106759
-3.1357141617680213,-0.19853935089603603,1.9345882635458889,0.0208861
-3.1357141617680213,0.9391329082788431,-1.315903905525193,0.0388957
-3.1357141617680213,3.5395266435357087,-0.5032808632574222,0.0340267
-2.9731895533144677,-3.611556128420672,-1.4784285139787476,0.0441504
-2.9731895533144677,-2.7989330861529016,0.9594406128245643,0.0137222
-2.9731895533144677,-2.636408477699347,1.1219652212781188,0.00984832
-2.9731895533144677,-2.148834652338685,1.4470144381852261,0.00450749
-2.9731895533144677,3.8645758604428178,-0.015707037896760312,0.0448898
-2.810664944860913,-3.1239823030600093,0.6343913959174561,0.0218079
-2.810664944860913,1.1016575167323968,-1.315903905525193,0.0414106
-2.810664944860913,3.5395266435357087,-0.6658054717109767,0.0312477
-2.810664944860913,4.027100468896371,0.4718667874639024,0.0543771
-2.810664944860913,4.027100468896371,0.7969160043710097,0.0580468
-2.6481403364073586,-3.9366053453277803,-1.153379297071639,0.0507888
-2.6481403364073586,-2.311359260792239,1.2844898297316725,0.00793474
-2.6481403364073586,0.45155908291818037,-1.6409531224323013,0.0305582
-2.6481403364073586,2.8894282097214923,-1.153379297071639,0.0236338
-2.485615727953805,-2.7989330861529016,0.9594406128245643,0.0151297
-2.485615727953805,0.12650986601107306,1.7720636550923352,0.0378255
-2.485615727953805,0.7766082998252894,1.7720636550923352,0.0443077
-2.485615727953805,2.0768051674537222,-1.315903905525193,0.0294973
-2.485615727953805,2.239329775907276,-1.315903905525193,0.0269318
-2.485615727953805,4.189625077349925,0.7969160043710097,0.0584077
-2.3230911195002513,-3.9366053453277803,-1.315903905525193,0.0533357
-2.3230911195002513,-0.8486377847102515,-2.128526947792964,0.00640986
-2.3230911195002513,-0.5235885678031442,1.6095390466387816,0.0327116
-2.3230911195002513,-0.036014742442481484,-1.8034777308858558,0.0226798
-2.3230911195002513,1.2641821251859522,-1.4784285139787476,0.0377686
-2.3230911195002513,3.377002035082155,-0.9908546886180849,0.0285535
-2.3230911195002513,4.189625077349925,1.1219652212781188,0.0594905
-2.160566511046696,-2.9614576946064557,0.7969160043710097,0.0185105
-2.160566511046696,0.2890344744646267,-1.8034777308858558,0.0230772
-2.160566511046696,1.5892313420930595,-1.4784285139787476,0.0367615
-1.9980419025931422,-3.611556128420672,0.14681757055679334,0.0335142
-1.9980419025931422,-2.311359260792239,1.1219652212781188,0.0126004
-1.9980419025931422,-1.3362116100709143,-2.2910515562465177,-0.000242709
-1.9980419025931422,-0.6861131762566979,1.4470144381852261,0.0329067
-1.9980419025931422,3.2144774266286014,2.0971128719994425,0.0362354
-1.9980419025931422,3.5395266435357087,1.9345882635458889,0.0435828
-1.9980419025931422,4.352149685803479,1.1219652212781188,0.061662
-1.8355172941395885,-3.1239823030600093,-1.9660023393394095,0.0393756
-1.8355172941395885,-2.148834652338685,1.1219652212781188,0.0120756
-1.8355172941395885,-1.4987362185244684,-2.2910515562465177,-0.00123796
-1.8355172941395885,-1.011162393163806,-2.2910515562465177,-0.006227
-1.8355172941395885,0.45155908291818037,-1.8034777308858558,0.0230681
-1.8355172941395885,1.9142805590001677,2.259637480452997,0.0212466
-1.8355172941395885,3.2144774266286014,2.0971128719994425,0.0353602
-1.6729926856860349,-1.9863100438851307,1.1219652212781188,0.0108018
-1.6729926856860349,0.45155908291818037,-1.8034777308858558,0.0223225
-1.6729926856860349,2.4018543843608304,-1.4784285139787476,0.0322075
-1.6729926856860349,2.8894282097214923,-1.315903905525193,0.0335414
-1.6729926856860349,3.8645758604428178,-0.6658054717109767,0.0451751
-1.6729926856860349,4.514674294257034,0.4718667874639024,0.0638844
-1.5104680772324803,-3.774080736874226,-0.8283300801645304,0.0489206
-1.5104680772324803,-2.7989330861529016,0.6343913959174561,0.0159821
-1.5104680772324803,-1.823785435431577,1.1219652212781188,0.0092148
-1.5104680772324803,-0.5235885678031442,1.4470144381852261,0.0292166
-1.5104680772324803,3.702051251989264,-0.8283300801645304,0.0465456
-1.5104680772324803,4.027100468896371,-0.5032808632574222,0.0514353
-1.5104680772324803,4.514674294257034,0.7969160043710097,0.0663296
-1.3479434687789258,-3.611556128420672,-0.6658054717109767,0.0444791
-1.3479434687789258,-3.2865069115135634,-0.015707037896760312,0.02986
-1.3479434687789258,4.352149685803479,-0.015707037896760312,0.0617625
-1.1854188603253721,-3.2865069115135634,-0.3407562548038685,0.0339399
-1.1854188603253721,2.0768051674537222,2.0971128719994425,0.0213148
-1.1854188603253721,2.8894282097214923,-1.6409531224323013,0.0428689
-1.1854188603253721,3.377002035082155,-1.6409531224323013,0.0503809
-1.1854188603253721,3.8645758604428178,-0.9908546886180849,0.0567661
-1.0228942518718176,-1.4987362185244684,1.1219652212781188,0.00532313
-1.0228942518718176,-0.5235885678031442,1.2844898297316725,0.0290474
-1.0228942518718176,-0.036014742442481484,-1.9660023393394095,-0.00497371
-1.0228942518718176,3.0519528181750477,1.9345882635458889,0.0335482
-0.8603696434182639,-2.4738838692457934,-1.315903905525193,0.0160254
-0.8603696434182639,1.1016575167323968,1.7720636550923352,0.033691
-0.6978450349647094,-2.148834652338685,-1.6409531224323013,-0.00339028
-0.6978450349647094,-1.9863100438851307,-1.8034777308858558,-0.00972463
-0.6978450349647094,-1.9863100438851307,0.7969160043710097,-0.00423706
-0.6978450349647094,1.7517559505466131,-1.9660023393394095,0.0266778
-0.6978450349647094,4.352149685803479,-1.315903905525193,0.0612274
-0.6978450349647094,4.352149685803479,-0.9908546886180849,0.061135
-0.5353204265111557,-2.4738838692457934,-0.8283300801645304,0.00554103
-0.5353204265111557,-0.036014742442481484,-1.8034777308858558,-0.00936153
-0.5353204265111557,0.7766082998252894,-1.8034777308858558,0.0190974
-0.5353204265111557,1.2641821251859522,-1.9660023393394095,0.0208121
-0.5353204265111557,1.9142805590001677,-2.128526947792964,0.0228947
-0.5353204265111557,2.564378992814384,-2.2910515562465177,0.0282225
-0.5353204265111557,4.352149685803479,-1.6409531224323013,0.0597643
-0.3727958180576003,-1.3362116100709143,0.9594406128245643,0.0116019
-0.3727958180576003,1.1016575167323968,1.6095390466387816,0.036202
-0.3727958180576003,1.9142805590001677,1.6095390466387816,0.0294073
-0.3727958180576003,2.0768051674537222,-2.2910515562465177,0.0206768
-0.21027120960404666,2.564378992814384,1.2844898297316725,0.0346044
-0.04774660115049301,-2.148834652338685,-0.17823164635031485,-0.00684902
-0.04774660115049301,-0.6861131762566979,1.4470144381852261,0.0406509
-0.04774660115049301,-0.19853935089603603,-1.6409531224323013,-0.014062
-0.04774660115049301,-0.036014742442481484,-1.6409531224323013,-0.00814048
-0.04774660115049301,0.7766082998252894,-1.9660023393394095,0.00879834
-0.04774660115049301,2.0768051674537222,1.4470144381852261,0.0286432
-0.04774660115049301,2.7269036012679386,1.1219652212781188,0.0340653
-0.04774660115049301,4.352149685803479,-0.3407562548038685,0.0478376
0.11477800730306065,-2.311359260792239,-0.9908546886180849,0.0139386
0.11477800730306065,-1.6612608269780225,0.4718667874639024,0.0110722
0.11477800730306065,-0.8486377847102515,-1.6409531224323013,-0.0234034
0.11477800730306065,0.2890344744646267,1.6095390466387816,0.0346542
0.11477800730306065,2.7269036012679386,-2.6161007731536263,0.0221685
0.2773026157566161,-2.636408477699347,-1.4784285139787476,0.0233315
0.2773026157566161,-2.148834652338685,-0.5032808632574222,0.0111545
0.2773026157566161,-1.9863100438851307,-1.9660023393394095,0.0116029
0.2773026157566161,-1.1736870016173597,-1.6409531224323013,-0.0113937
0.2773026157566161,3.702051251989264,0.4718667874639024,0.032841
0.43982722421016973,-1.3362116100709143,1.2844898297316725,0.041839
0.43982722421016973,-0.8486377847102515,-1.4784285139787476,-0.00983833
0.43982722421016973,-0.3610639593495897,1.7720636550923352,0.0354546
0.43982722421016973,0.12650986601107306,1.7720636550923352,0.0300836
0.43982722421016973,0.2890344744646267,-1.8034777308858558,0.0018909
0.43982722421016973,1.4267067336395058,1.6095390466387816,0.0209213
0.43982722421016973,4.514674294257034,-0.8283300801645304,0.0462031
0.6023518326637234,-1.011162393163806,1.6095390466387816,0.0408066
0.6023518326637234,-0.19853935089603603,-1.6409531224323013,-0.00193135
0.6023518326637234,3.2144774266286014,-2.6161007731536263,0.0279504
0.9274010495708307,-3.2865069115135634,-1.315903905525193,0.0147793
0.9274010495708307,-1.4987362185244684,1.1219652212781188,0.0410087
0.9274010495708307,3.2144774266286014,0.7969160043710097,0.0163746
1.0899256580243861,-3.2865069115135634,-1.9660023393394095,0.0109156
1.0899256580243861,-1.1736870016173597,-2.77862538160718,0.011681
1.0899256580243861,-0.19853935089603603,-1.8034777308858558,0.00592585
1.0899256580243861,1.4267067336395058,1.6095390466387816,0.0145986
1.0899256580243861,3.702051251989264,-2.4535761647000722,0.0385811
1.0899256580243861,4.027100468896371,0.14681757055679334,0.0217181
1.2524502664779398,-3.449031519967118,-1.8034777308858558,0.0093395
1.2524502664779398,-3.449031519967118,-1.315903905525193,0.0087805
1.2524502664779398,-2.148834652338685,-2.941149990060734,0.0117776
1.2524502664779398,-1.823785435431577,0.14681757055679334,0.0333424
1.2524502664779398,-0.3610639593495897,-2.128526947792964,0.0114198
1.4149748749314934,-2.636408477699347,-2.941149990060734,0.0119773
1.4149748749314934,-1.9863100438851307,0.14681757055679334,0.0315085
1.4149748749314934,-0.036014742442481484,-1.9660023393394095,0.0120821
1.4149748749314934,3.377002035082155,0.6343913959174561,0.0120569
1.577499483385047,-2.4738838692457934,-3.1036745985142886,0.0121451
1.577499483385047,-1.011162393163806,-3.2661992069678427,0.0224661
1.577499483385047,0.45155908291818037,-1.9660023393394095,0.0133368
1.577499483385047,1.9142805590001677,1.1219652212781188,0.0148848
1.577499483385047,2.0768051674537222,0.9594406128245643,0.0170162
1.7400240918386025,0.12650986601107306,-2.128526947792964,0.0173042
1.9025487002921562,-1.3362116100709143,2.9097359142672135,0.0104046
1.9025487002921562,-1.011162393163806,1.9345882635458889,0.0138012
1.9025487002921562,-0.8486377847102515,1.6095390466387816,0.0182981
1.9025487002921562,0.45155908291818037,-2.128526947792964,0.0145971
1.9025487002921562,1.2641821251859522,1.6095390466387816,0.014782
1.9025487002921562,2.4018543843608304,-2.941149990060734,0.0142331
2.06507330874571,-3.9366053453277803,-2.2910515562465177,0.0193419
2.06507330874571,-1.1736870016173597,1.4470144381852261,0.0149295
2.06507330874571,1.1016575167323968,1.7720636550923352,0.0191333
2.06507330874571,4.514674294257034,-0.6658054717109767,0.0325011
2.2275979171992653,-1.4987362185244684,1.2844898297316725,0.0129253
2.2275979171992653,-0.6861131762566979,3.7223589565349844,0.00963861
2.2275979171992653,0.2890344744646267,-2.2910515562465177,0.0202168
2.2275979171992653,0.6140836913717349,-2.2910515562465177,0.0138057
2.390122525652817,-3.449031519967118,-0.3407562548038685,-0.0193598
2.390122525652817,-1.1736870016173597,3.7223589565349844,0.00855524
2.390122525652817,-0.5235885678031442,3.884883564988538,0.0101674
2.390122525652817,0.45155908291818037,3.884883564988538,0.0181167
2.390122525652817,1.4267067336395058,1.4470144381852261,0.0158532
2.5526471341063726,-3.9366053453277803,-2.6161007731536263,0.0250841
2.5526471341063726,-2.4738838692457934,2.4221620889065516,0.0159485
2.5526471341063726,-2.148834652338685,-3.428723815421397,0.0119858
2.5526471341063726,0.6140836913717349,3.884883564988538,0.0175378
2.5526471341063726,1.2641821251859522,-2.6161007731536263,0.0107392
2.5526471341063726,1.2641821251859522,1.6095390466387816,0.0195268
2.5526471341063726,3.0519528181750477,-2.941149990060734,0.0283695
2.715171742559926,-3.774080736874226,-0.5032808632574222,-0.0383694
2.715171742559926,-3.774080736874226,0.3093421790103479,-0.0483051
2.715171742559926,-3.611556128420672,0.6343913959174561,-0.0460665
2.715171742559926,-3.2865069115135634,0.9594406128245643,-0.0392767
2.715171742559926,-1.9863100438851307,-3.428723815421397,0.01242
2.715171742559926,0.9391329082788431,3.7223589565349844,0.0187085
2.715171742559926,1.2641821251859522,1.6095390466387816,0.0209064
2.715171742559926,1.4267067336395058,2.9097359142672135,0.0241232
2.87769635101348,-3.1239823030600093,-3.2661992069678427,0.0215694
2.87769635101348,-2.4738838692457934,3.2347851311743216,0.0182026
2.87769635101348,-2.311359260792239,1.6095390466387816,-0.00480813
2.87769635101348,-1.9863100438851307,3.7223589565349844,0.0133095
2.87769635101348,-0.036014742442481484,-2.6161007731536263,0.0313278
2.87769635101348,1.2641821251859522,-2.6161007731536263,0.0136666
3.0402209594670353,-2.7989330861529016,1.4470144381852261,-0.0325528
3.0402209594670353,-2.636408477699347,2.259637480452997,0.0065048
3.0402209594670353,-0.036014742442481484,4.209932781895647,0.0105891
3.0402209594670353,1.4267067336395058,2.9097359142672135,0.0203886
3.0402209594670353,4.514674294257034,-1.153379297071639,0.0445771
3.202745567920589,-2.636408477699347,1.6095390466387816,-0.0270545
3.202745567920589,-1.6612608269780225,-3.2661992069678427,0.0141395
3.202745567920589,-0.6861131762566979,-3.1036745985142886,0.0291169
3.202745567920589,-0.036014742442481484,-2.128526947792964,0.0258746
3.202745567920589,0.9391329082788431,-2.4535761647000722,0.0173197
3.202745567920589,1.4267067336395058,2.74721130581366,0.0193708
3.3652701763741426,-0.5235885678031442,4.372457390349201,0.0114831
3.3652701763741426,1.1016575167323968,3.5598343480814307,0.0132534
3.527794784827698,-3.2865069115135634,-2.77862538160718,0.0179591
3.527794784827698,-2.9614576946064557,-2.941149990060734,0.0158122
3.527794784827698,-2.636408477699347,2.259637480452997,-0.00304226
3.527794784827698,-2.636408477699347,2.9097359142672135,0.0102289
3.527794784827698,1.7517559505466131,1.1219652212781188,0.0240885
3.527794784827698,1.9142805590001677,0.9594406128245643,0.0222195
3.69031939328125,-4.261654562234888,-0.5032808632574222,-0.0674409
3.69031939328125,-2.7989330861529016,-2.77862538160718,0.0119598
3.69031939328125,-1.9863100438851307,-2.77862538160718,0.0101893
3.69031939328125,-0.6861131762566979,-2.128526947792964,0.0232693
3.69031939328125,1.2641821251859522,3.072260522720768,0.0148692
3.69031939328125,2.0768051674537222,0.7969160043710097,0.0231136
3.69031939328125,2.564378992814384,-2.2910515562465177,0.0383146
3.69031939328125,3.2144774266286014,-0.17823164635031485,0.0246311
3.8528440017348053,-3.9366053453277803,-1.153379297071639,-0.0561444
3.8528440017348053,-3.611556128420672,-1.4784285139787476,-0.0389461
3.8528440017348053,-2.148834652338685,3.5598343480814307,0.00652089
3.8528440017348053,0.45155908291818037,-1.8034777308858558,0.0223032
3.8528440017348053,0.6140836913717349,-1.9660023393394095,0.0236219
3.8528440017348053,1.4267067336395058,2.0971128719994425,0.024121
4.015368610188361,-2.7989330861529016,-1.9660023393394095,-0.00486623
4.015368610188361,0.7766082998252894,4.0474081734420935,0.0179486
4.015368610188361,1.9142805590001677,1.1219652212781188,0.0309292
4.177893218641913,-2.4738838692457934,1.7720636550923352,-0.0384886
4.177893218641913,-0.8486377847102515,-1.6409531224323013,0.0190766
4.177893218641913,0.2890344744646267,-1.4784285139787476,0.0154893
4.177893218641913,0.7766082998252894,4.0474081734420935,0.0201421
4.177893218641913,2.7269036012679386,-0.015707037896760312,0.0293916
4.340417827095468,-4.261654562234888,-0.015707037896760312,-0.0727168
4.340417827095468,-4.099129953781334,0.6343913959174561,-0.0705871
4.340417827095468,-3.774080736874226,1.1219652212781188,-0.0674778
4.340417827095468,0.6140836913717349,4.209932781895647,0.0239086
4.340417827095468,0.9391329082788431,-1.9660023393394095,0.0326594
4.340417827095468,1.1016575167323968,3.072260522720768,0.018128
4.340417827095468,1.7517559505466131,-2.2910515562465177,0.039661
4.340417827095468,2.564378992814384,-0.015707037896760312,0.0324893
4.5029424355490235,-3.2865069115135634,-1.4784285139787476,-0.0479401
4.5029424355490235,-2.7989330861529016,1.6095390466387816,-0.0553891
4.5029424355490235,-1.823785435431577,3.397309739627877,0.00258874
4.5029424355490235,0.6140836913717349,-1.315903905525193,0.0268705
4.665467044002575,0.9391329082788431,3.397309739627877,0.0214691
4.827991652456131,-1.6612608269780225,3.072260522720768,0.0042099
4.827991652456131,-1.011162393163806,4.209932781895647,0.021382
4.827991652456131,0.9391329082788431,-1.153379297071639,0.0391791
4.827991652456131,0.9391329082788431,-0.8283300801645304,0.0378261
4.827991652456131,1.7517559505466131,0.3093421790103479,0.0410367
4.827991652456131,1.9142805590001677,-0.17823164635031485,0.0437259
4.827991652456131,2.239329775907276,-0.3407562548038685,0.0448184
4.990516260909683,-3.611556128420672,0.7969160043710097,-0.0689133
4.990516260909683,-2.9614576946064557,1.2844898297316725,-0.0615687
4.990516260909683,-2.636408477699347,-1.315903905525193,-0.0403719
4.990516260909683,-1.4987362185244684,3.072260522720768,0.00715622
4.990516260909683,-0.3610639593495897,-0.6658054717109767,0.00271668
4.990516260909683,1.5892313420930595,-1.6409531224323013,0.0504857
5.153040869363238,-1.3362116100709143,2.74721130581366,0.010635
5.153040869363238,0.6140836913717349,2.74721130581366,0.0247519
5.153040869363238,0.6140836913717349,2.9097359142672135,0.0242414
5.153040869363238,0.6140836913717349,3.072260522720768,0.0245752
5.153040869363238,0.6140836913717349,3.2347851311743216,0.0252241
5.315565477816794,-2.148834652338685,-0.8283300801645304,-0.03629
5.315565477816794,-1.6612608269780225,2.0971128719994425,0.00925309
5.315565477816794,-0.036014742442481484,-0.17823164635031485,0.0151467
5.315565477816794,1.4267067336395058,0.3093421790103479,0.0372985
5.478090086270345,-1.3362116100709143,2.259637480452997,0.0151918
5.478090086270345,-0.6861131762566979,3.072260522720768,0.0198209
5.478090086270345,-0.6861131762566979,3.2347851311743216,0.0208456
5.478090086270345,-0.036014742442481484,2.5846866973601053,0.0244933
5.478090086270345,-0.036014742442481484,2.9097359142672135,0.0240333
5.478090086270345,0.12650986601107306,-0.015707037896760312,0.0171684
5.640614694723901,-1.9863100438851307,1.2844898297316725,-0.000509845
5.8031393031774545,0.6140836913717349,0.4718667874639024,0.0212
5.8031393031774545,0.9391329082788431,0.6343913959174561,0.0266099
5.8031393031774545,1.1016575167323968,0.7969160043710097,0.0292803
5.965663911631008,-1.6612608269780225,1.4470144381852261,0.0156887
5.965663911631008,-0.3610639593495897,1.9345882635458889,0.0211001
5.965663911631008,0.45155908291818037,0.7969160043710097,0.0184961
5.965663911631008,0.45155908291818037,1.4470144381852261,0.0203802
5.965663911631008,0.6140836913717349,0.9594406128245643,0.0208014
5.965663911631008,0.6140836913717349,1.2844898297316725,0.0215325
6.128188520084564,-1.3362116100709143,0.6343913959174561,0.0163922
6.128188520084564,-0.6861131762566979,1.7720636550923352,0.0215938
6.128188520084564,-0.036014742442481484,1.2844898297316725,0.0179338
6.290713128538117,-1.011162393163806,1.2844898297316725,0.0225259
