-4.972975623986164,-3.7458988754690012,0.09748978790790108,0.113485
-4.972975623986164,-3.2758561618421096,-0.372552925718991,0.106336
-4.972975623986164,-2.962494352757515,-0.21587202117669335,0.103799
-4.6596138149015704,-2.3357707345883263,-0.372552925718991,0.0912722
-4.6596138149015704,-1.0823234982499486,1.0375752151616844,0.109737
-4.502932910359273,-4.059260684553595,-0.6859147348035854,0.107879
-4.502932910359273,-2.492451639130624,-0.8425956393458822,0.0854926
-4.502932910359273,-1.5523662118768398,0.4108515969924955,0.0994579
-4.502932910359273,-0.9256425937076509,1.9776606424154677,0.122358
-4.502932910359273,-0.7689616891653541,1.820979737873171,0.121455
-4.346252005816975,-3.2758561618421096,-1.155957448430477,0.0921237
-4.346252005816975,-2.1790898300460286,-0.8425956393458822,0.0813972
-4.189571101274678,-0.4555998800807597,0.72421340607709,0.101801
-4.032890196732382,-3.4325370663844064,-1.3126383529727743,0.0915461
-4.032890196732382,-0.9256425937076509,2.447703356042359,0.123934
-4.032890196732382,-0.29891897553846203,1.820979737873171,0.122789
-4.032890196732382,2.051294592595996,1.1942561197039812,0.103755
-4.032890196732382,3.7747845425612656,-0.372552925718991,0.0944932
-4.032890196732382,4.4015081607304545,-0.372552925718991,0.105159
-4.032890196732382,4.4015081607304545,0.25417069245019785,0.10935
-4.032890196732382,4.558189065272751,-0.05919111663439658,0.109678
-3.876209292190084,-1.395685307334542,2.6043842605846566,0.117842
-3.876209292190084,-0.14223807099616437,1.0375752151616844,0.108182
-3.876209292190084,2.521337306222888,2.1343415469577645,0.118919
-3.876209292190084,2.6780182107651846,0.25417069245019785,0.0892569
-3.876209292190084,2.8346991153074814,0.25417069245019785,0.0910312
-3.876209292190084,2.8346991153074814,1.9776606424154677,0.116157
-3.876209292190084,2.99138001984978,0.25417069245019785,0.0929803
-3.876209292190084,4.71486996981505,-0.5292338302612887,0.107995
-3.7195283876477863,-3.1191752572998124,1.6642988333308733,0.0945844
-3.7195283876477863,-2.3357707345883263,2.291022451500062,0.102057
-3.7195283876477863,2.051294592595996,2.291022451500062,0.121883
-3.7195283876477863,2.6780182107651846,-0.5292338302612887,0.0782103
-3.5628474831054895,-1.8657280209614342,2.6043842605846566,0.107218
-3.5628474831054895,-0.9256425937076509,2.6043842605846566,0.121899
-3.5628474831054895,-0.14223807099616437,0.4108515969924955,0.0947733
-3.5628474831054895,1.2678900698845101,1.1942561197039812,0.104634
-3.5628474831054895,1.5812518789691055,0.09748978790790108,0.0813567
-3.5628474831054895,2.8346991153074814,-0.9992765438881799,0.0759575
-3.5628474831054895,3.1480609243920767,-1.155957448430477,0.0780929
-3.5628474831054895,4.871550874357347,-0.8425956393458822,0.106585
-3.5628474831054895,4.871550874357347,0.72421340607709,0.111638
-3.5628474831054895,5.18491268344194,0.25417069245019785,0.113555
-3.4061665785631923,-4.529303398180487,-0.5292338302612887,0.10487
-3.4061665785631923,-3.2758561618421096,-1.782681066599666,0.0854878
-3.4061665785631923,-2.6491325436729207,-1.782681066599666,0.0761105
-3.4061665785631923,-2.492451639130624,2.291022451500062,0.0961579
-3.4061665785631923,2.521337306222888,-0.9992765438881799,0.0731741
-3.4061665785631923,3.7747845425612656,1.1942561197039812,0.109862
-3.249485674020895,-4.37262249363819,-1.469319257515071,0.103277
-3.249485674020895,-1.2390044027922453,-0.9992765438881799,0.0753408
-3.249485674020895,-0.4555998800807597,2.447703356042359,0.125334
-3.249485674020895,0.4844855471730236,1.820979737873171,0.121068
-3.249485674020895,0.4844855471730236,2.447703356042359,0.125863
-3.249485674020895,0.6411664517153213,1.9776606424154677,0.122377
-3.249485674020895,0.6411664517153213,2.291022451500062,0.124943
-3.249485674020895,1.2678900698845101,2.1343415469577645,0.123584
-3.249485674020895,4.244827256188158,1.1942561197039812,0.106414
-3.0928047694785974,-4.685984302722785,-1.469319257515071,0.104972
-3.0928047694785974,-2.3357707345883263,2.447703356042359,0.094879
-3.0928047694785974,-1.395685307334542,-1.155957448430477,0.0758149
-3.0928047694785974,-0.29891897553846203,2.6043842605846566,0.125581
-3.0928047694785974,0.014442833546132405,0.09748978790790108,0.0893985
-3.0928047694785974,0.17112373808842918,0.5675325015347932,0.101188
-3.0928047694785974,0.797847356257618,0.72421340607709,0.10078
-3.0928047694785974,1.7379327835114005,-0.6859147348035854,0.0729619
-3.0928047694785974,5.028231778899643,-0.9992765438881799,0.106673
-2.9361238649363006,-3.1191752572998124,1.9776606424154677,0.0833074
-2.9361238649363006,-0.7689616891653541,2.6043842605846566,0.120686
-2.9361238649363006,0.4844855471730236,0.5675325015347932,0.101998
-2.9361238649363006,2.99138001984978,2.6043842605846566,0.110695
-2.9361238649363006,4.244827256188158,-1.6260001620573687,0.0939518
-2.7794429603940034,-4.9993461118073785,-0.8425956393458822,0.101942
-2.7794429603940034,-4.842665207265082,-1.9393619711419632,0.105796
-2.7794429603940034,-1.8657280209614342,2.6043842605846566,0.0993639
-2.7794429603940034,-1.5523662118768398,-1.3126383529727743,0.0794017
-2.7794429603940034,0.4844855471730236,3.2311078787538454,0.12513
-2.7794429603940034,0.6411664517153213,-0.05919111663439658,0.0865897
-2.7794429603940034,0.9545282607999157,-0.372552925718991,0.0789672
-2.7794429603940034,1.424570974426807,-0.6859147348035854,0.0752684
-2.7794429603940034,2.051294592595996,-1.155957448430477,0.073527
-2.7794429603940034,2.364656401680591,2.7610651651269533,0.116497
-2.7794429603940034,2.8346991153074814,-1.9393619711419632,0.0718611
-2.7794429603940034,4.088146351645859,-1.9393619711419632,0.0900321
-2.622762055851706,-4.842665207265082,-2.09604287568426,0.10623
-2.622762055851706,-4.215941589095893,-2.409404684768855,0.0977007
-2.622762055851706,-1.5523662118768398,-1.3126383529727743,0.0824334
-2.622762055851706,-1.0823234982499486,2.6043842605846566,0.11421
-2.622762055851706,-0.14223807099616437,-0.5292338302612887,0.0814137
-2.622762055851706,-0.14223807099616437,3.2311078787538454,0.122279
-2.622762055851706,1.2678900698845101,2.917746069669251,0.124572
-2.622762055851706,1.424570974426807,2.7610651651269533,0.124339
-2.622762055851706,2.364656401680591,2.7610651651269533,0.114364
-2.622762055851706,4.558189065272751,-1.782681066599666,0.100312
-2.622762055851706,4.71486996981505,1.1942561197039812,0.0959269
-2.4660811513094085,-1.5523662118768398,-1.3126383529727743,0.0857723
-2.4660811513094085,-1.395685307334542,-1.155957448430477,0.0875316
-2.4660811513094085,-1.0823234982499486,-0.9992765438881799,0.085874
-2.4660811513094085,0.6411664517153213,3.387788783296142,0.123146
-2.4660811513094085,4.244827256188158,-2.409404684768855,0.0936757
-2.3094002467671118,-5.312707920891974,-1.155957448430477,0.103621
-2.3094002467671118,-4.37262249363819,0.8808943106193867,0.0767697
-2.3094002467671118,-3.2758561618421096,1.820979737873171,0.0778031
-2.3094002467671118,1.1112091653422134,-0.8425956393458822,0.0792282
-2.3094002467671118,1.1112091653422134,3.2311078787538454,0.121712
-2.3094002467671118,4.244827256188158,1.5076179287885756,0.0903933
-2.3094002467671118,4.71486996981505,1.1942561197039812,0.0905919
-2.3094002467671118,5.18491268344194,0.72421340607709,0.0937268
-2.3094002467671118,5.341593587984237,-0.5292338302612887,0.102896
-2.152719342224815,-5.156027016349676,-0.5292338302612887,0.0944162
-2.152719342224815,-4.685984302722785,-2.409404684768855,0.104907
-2.152719342224815,-4.215941589095893,-2.566085589311152,0.0977886
-2.152719342224815,-2.8058134482152175,-2.409404684768855,0.079666
-2.152719342224815,2.2079754971382943,-2.09604287568426,0.0726337
-2.152719342224815,2.364656401680591,-2.2527237802265576,0.0728042
-2.152719342224815,2.8346991153074814,2.6043842605846566,0.100325
-2.152719342224815,3.461422733476672,-2.7227664938534493,0.0838573
-2.152719342224815,5.028231778899643,0.8808943106193867,0.0897576
-1.9960384376825173,-3.589217970926704,-2.566085589311152,0.0872796
-1.9960384376825173,-3.2758561618421096,1.6642988333308733,0.0784361
-1.9960384376825173,-1.7090471164191374,-1.782681066599666,0.0807666
-1.9960384376825173,-1.2390044027922453,2.6043842605846566,0.108748
-1.9960384376825173,-0.4555998800807597,-0.9992765438881799,0.0864331
-1.9960384376825173,0.9545282607999157,3.387788783296142,0.118622
-1.9960384376825173,1.5812518789691055,-1.3126383529727743,0.082025
-1.9960384376825173,5.18491268344194,0.5675325015347932,0.0893209
-1.8393575331402197,-5.312707920891974,-1.6260001620573687,0.106491
-1.8393575331402197,-4.37262249363819,0.72421340607709,0.0783613
-1.8393575331402197,-4.215941589095893,-2.566085589311152,0.09746
-1.8393575331402197,-2.962494352757515,1.820979737873171,0.0812251
-1.8393575331402197,0.4844855471730236,-0.9992765438881799,0.0840238
-1.8393575331402197,0.9545282607999157,3.387788783296142,0.117145
-1.8393575331402197,4.244827256188158,1.5076179287885756,0.0830837
-1.6826766285979229,-1.8657280209614342,2.447703356042359,0.0939333
-1.6826766285979229,-0.4555998800807597,-1.155957448430477,0.0911082
-1.6826766285979229,4.4015081607304545,1.3509370242462788,0.0814439
-1.6826766285979229,4.871550874357347,0.8808943106193867,0.0833479
-1.6826766285979229,5.18491268344194,0.25417069245019785,0.0870635
-1.5259957240556252,-3.1191752572998124,1.3509370242462788,0.0864302
-1.5259957240556252,-0.29891897553846203,-1.155957448430477,0.0940034
-1.5259957240556252,2.364656401680591,-2.7227664938534493,0.0796254
-1.3693148195133285,-5.156027016349676,-1.6260001620573687,0.103281
-1.3693148195133285,-5.156027016349676,-0.8425956393458822,0.0942159
-1.3693148195133285,-4.9993461118073785,-1.9393619711419632,0.104205
-1.3693148195133285,-3.4325370663844064,1.0375752151616844,0.0873416
-1.3693148195133285,-1.395685307334542,-1.9393619711419632,0.0781157
-1.3693148195133285,-0.4555998800807597,-1.3126383529727743,0.09704
-1.3693148195133285,0.014442833546132405,-1.155957448430477,0.0963315
-1.3693148195133285,3.618103638018969,-3.0361283029380437,0.0967161
-1.3693148195133285,4.244827256188158,1.3509370242462788,0.0785602
-1.3693148195133285,5.18491268344194,-0.21587202117669335,0.0872748
-1.2126339149710308,-3.1191752572998124,1.0375752151616844,0.0947245
-1.2126339149710308,-1.7090471164191374,-2.2527237802265576,0.0680408
-1.2126339149710308,-0.6122807846230565,-1.469319257515071,0.0988312
-1.2126339149710308,3.7747845425612656,1.6642988333308733,0.0791244
-1.0559530104287331,-4.842665207265082,-0.5292338302612887,0.0875029
-1.0559530104287331,-3.4325370663844064,-2.409404684768855,0.0696365
-1.0559530104287331,-2.8058134482152175,-2.566085589311152,0.0582483
-1.0559530104287331,-2.492451639130624,-2.566085589311152,0.0572093
-1.0559530104287331,-2.3357707345883263,1.9776606424154677,0.0896838
-1.0559530104287331,-1.2390044027922453,2.6043842605846566,0.110789
-1.0559530104287331,-0.14223807099616437,-1.3126383529727743,0.105676
-1.0559530104287331,0.4844855471730236,3.387788783296142,0.112825
-1.0559530104287331,1.1112091653422134,-2.2527237802265576,0.0867186
-0.8992721058864364,-2.022408925503732,2.1343415469577645,0.0956092
-0.8992721058864364,0.32780464263072684,3.387788783296142,0.113891
-0.8992721058864364,1.1112091653422134,3.0744269742115486,0.114741
-0.8992721058864364,3.461422733476672,1.6642988333308733,0.0810537
-0.8992721058864364,3.618103638018969,1.5076179287885756,0.0796899
-0.8992721058864364,5.18491268344194,-0.5292338302612887,0.0861291
-0.7425912013441396,-3.9025797800112985,-2.09604287568426,0.072144
-0.7425912013441396,0.9545282607999157,-2.2527237802265576,0.0958159
-0.7425912013441396,1.7379327835114005,2.447703356042359,0.113694
-0.7425912013441396,2.521337306222888,2.1343415469577645,0.0948206
-0.5859102968018419,-1.7090471164191374,2.1343415469577645,0.105316
-0.5859102968018419,0.17112373808842918,3.387788783296142,0.118366
-0.5859102968018419,0.797847356257618,3.2311078787538454,0.117753
-0.42922939225954515,-4.37262249363819,-1.155957448430477,0.0719219
-0.42922939225954515,-4.059260684553595,0.25417069245019785,0.0757901
-0.42922939225954515,-2.962494352757515,-2.566085589311152,0.0479379
-0.42922939225954515,-2.962494352757515,1.0375752151616844,0.0962958
-0.42922939225954515,-0.4555998800807597,-1.6260001620573687,0.118905
-0.42922939225954515,0.6411664517153213,-2.09604287568426,0.110657
-0.42922939225954515,1.5812518789691055,2.447703356042359,0.118646
-0.42922939225954515,3.1480609243920767,-3.0361283029380437,0.109275
-0.2725484877172475,-3.589217970926704,-2.2527237802265576,0.0485697
-0.2725484877172475,-2.8058134482152175,-2.566085589311152,0.0479054
-0.2725484877172475,-1.8657280209614342,1.820979737873171,0.10631
-0.2725484877172475,1.894613688053699,2.1343415469577645,0.114408
-0.2725484877172475,2.8346991153074814,-3.192809207480341,0.109714
-0.2725484877172475,2.8346991153074814,1.5076179287885756,0.0922999
-0.2725484877172475,3.931465447103564,0.4108515969924955,0.0818752
-0.2725484877172475,4.088146351645859,-2.7227664938534493,0.115106
-0.11586758317495072,-4.215941589095893,-1.3126383529727743,0.0579553
-0.11586758317495072,-3.7458988754690012,0.4108515969924955,0.0779703
-0.11586758317495072,-1.2390044027922453,-1.9393619711419632,0.100622
-0.11586758317495072,-0.4555998800807597,-1.782681066599666,0.123885
-0.11586758317495072,2.521337306222888,1.6642988333308733,0.100802
-0.11586758317495072,2.6780182107651846,1.5076179287885756,0.0973672
0.040813321367346944,-4.215941589095893,-0.5292338302612887,0.0626841
0.040813321367346944,-3.1191752572998124,-2.409404684768855,0.0463471
0.040813321367346944,-1.7090471164191374,1.6642988333308733,0.111745
0.040813321367346944,-1.395685307334542,1.820979737873171,0.11663
0.040813321367346944,-1.2390044027922453,-1.9393619711419632,0.105667
0.040813321367346944,0.4844855471730236,3.2311078787538454,0.131867
0.040813321367346944,2.521337306222888,1.5076179287885756,0.103631
0.040813321367346944,4.71486996981505,-1.9393619711419632,0.104097
0.1974942259096446,-2.6491325436729207,1.0375752151616844,0.109856
0.1974942259096446,-2.1790898300460286,-2.409404684768855,0.072251
0.1974942259096446,-0.29891897553846203,-2.09604287568426,0.129707
0.1974942259096446,1.424570974426807,2.1343415469577645,0.134564
0.1974942259096446,4.088146351645859,-2.2527237802265576,0.113269
0.1974942259096446,4.244827256188158,-0.21587202117669335,0.0821501
0.3541751304519414,-3.589217970926704,0.25417069245019785,0.0836968
0.3541751304519414,-3.1191752572998124,-2.2527237802265576,0.0511494
0.3541751304519414,-2.3357707345883263,-2.409404684768855,0.0757068
0.3541751304519414,-2.1790898300460286,-2.409404684768855,0.0821409
0.3541751304519414,1.5812518789691055,1.820979737873171,0.13861
0.3541751304519414,1.894613688053699,1.6642988333308733,0.130983
0.3541751304519414,2.521337306222888,1.1942561197039812,0.11128
0.3541751304519414,3.7747845425612656,-2.566085589311152,0.118594
0.5108560349942382,-3.2758561618421096,0.4108515969924955,0.0994164
0.5108560349942382,-0.29891897553846203,2.917746069669251,0.145995
0.5108560349942382,2.6780182107651846,0.8808943106193867,0.111056
0.5108560349942382,4.244827256188158,-0.8425956393458822,0.0885598
0.6675369395365358,-3.7458988754690012,-1.3126383529727743,0.057468
0.6675369395365358,-3.4325370663844064,-1.782681066599666,0.0560141
0.6675369395365358,-2.492451639130624,0.8808943106193867,0.122691
0.6675369395365358,-1.0823234982499486,1.820979737873171,0.123833
0.6675369395365358,-0.6122807846230565,2.447703356042359,0.148112
0.6675369395365358,-0.14223807099616437,-2.566085589311152,0.136223
0.6675369395365358,0.9545282607999157,2.291022451500062,0.154604
0.6675369395365358,1.2678900698845101,1.9776606424154677,0.156378
0.6675369395365358,3.1480609243920767,0.25417069245019785,0.100944
0.6675369395365358,3.7747845425612656,-2.409404684768855,0.11797
0.8242178440788326,-3.7458988754690012,-0.8425956393458822,0.075257
0.8242178440788326,-3.2758561618421096,-1.782681066599666,0.067208
0.8242178440788326,-2.1790898300460286,-2.7227664938534493,0.113336
0.8242178440788326,-0.4555998800807597,2.291022451500062,0.154436
0.8242178440788326,0.17112373808842918,2.6043842605846566,0.158552
0.8242178440788326,0.9545282607999157,2.1343415469577645,0.161825
0.8242178440788326,3.7747845425612656,-0.5292338302612887,0.0936555
0.9808987486211302,-3.589217970926704,0.09748978790790108,0.114069
0.9808987486211302,-1.7090471164191374,1.5076179287885756,0.120343
0.9808987486211302,-0.14223807099616437,2.1343415469577645,0.163618
0.9808987486211302,0.6411664517153213,2.1343415469577645,0.16728
0.9808987486211302,0.797847356257618,2.1343415469577645,0.167207
0.9808987486211302,1.424570974426807,2.1343415469577645,0.166197
0.9808987486211302,3.461422733476672,-0.372552925718991,0.10089
1.137579653163427,-3.7458988754690012,-0.6859147348035854,0.102275
1.137579653163427,0.32780464263072684,1.9776606424154677,0.173258
1.137579653163427,2.2079754971382943,-3.0361283029380437,0.13818
1.137579653163427,2.364656401680591,1.6642988333308733,0.155008
1.137579653163427,2.8346991153074814,-3.0361283029380437,0.134342
1.137579653163427,3.461422733476672,-0.6859147348035854,0.105212
1.137579653163427,3.618103638018969,-2.09604287568426,0.118229
1.2942605577057247,-3.589217970926704,-1.155957448430477,0.10084
1.2942605577057247,-0.7689616891653541,-2.566085589311152,0.140608
1.2942605577057247,-0.6122807846230565,1.820979737873171,0.172055
1.2942605577057247,0.014442833546132405,1.820979737873171,0.180797
1.2942605577057247,2.521337306222888,1.5076179287885756,0.153608
1.2942605577057247,2.99138001984978,-0.372552925718991,0.121042
1.2942605577057247,3.3047418289343735,-0.8425956393458822,0.112447
1.2942605577057247,3.461422733476672,-1.3126383529727743,0.112084
1.4509414622480223,-3.1191752572998124,-2.09604287568426,0.108856
1.4509414622480223,-0.9256425937076509,1.820979737873171,0.182639
1.4509414622480223,0.9545282607999157,2.291022451500062,0.178393
1.4509414622480223,2.99138001984978,-0.8425956393458822,0.125051
1.4509414622480223,3.1480609243920767,-1.155957448430477,0.120725
1.6076223667903191,-3.4325370663844064,-1.469319257515071,0.110636
1.6076223667903191,-1.8657280209614342,-3.0361283029380437,0.13459
1.6076223667903191,2.051294592595996,-2.2527237802265576,0.148259
1.6076223667903191,2.364656401680591,-2.409404684768855,0.144302
1.7643032713326159,-1.8657280209614342,1.1942561197039812,0.16646
1.7643032713326159,2.2079754971382943,-1.469319257515071,0.154316
1.7643032713326159,2.364656401680591,-1.3126383529727743,0.152253
1.7643032713326159,2.6780182107651846,1.3509370242462788,0.154494
1.9209841758749144,-2.962494352757515,0.8808943106193867,0.149629
1.9209841758749144,-2.8058134482152175,-2.566085589311152,0.126454
1.9209841758749144,-0.4555998800807597,-2.409404684768855,0.154486
1.9209841758749144,1.5812518789691055,-1.9393619711419632,0.158091
1.9209841758749144,1.894613688053699,2.291022451500062,0.174041
1.9209841758749144,2.051294592595996,-1.469319257515071,0.160617
1.9209841758749144,2.6780182107651846,-0.8425956393458822,0.153092
1.9209841758749144,2.6780182107651846,1.3509370242462788,0.155457
1.9209841758749144,2.8346991153074814,-0.21587202117669335,0.15045
2.0776650804172094,-3.589217970926704,0.4108515969924955,0.145507
2.0776650804172094,-1.0823234982499486,-2.7227664938534493,0.146135
2.0776650804172094,-0.6122807846230565,-2.409404684768855,0.154904
2.0776650804172094,-0.29891897553846203,2.291022451500062,0.227678
2.0776650804172094,1.424570974426807,-1.9393619711419632,0.160501
2.0776650804172094,1.7379327835114005,-1.6260001620573687,0.163684
2.234345984959508,-2.6491325436729207,-2.566085589311152,0.132178
2.234345984959508,-1.7090471164191374,-2.8794473983957465,0.141695
2.234345984959508,-1.7090471164191374,1.5076179287885756,0.217334
2.234345984959508,0.797847356257618,-2.2527237802265576,0.161776
2.234345984959508,2.051294592595996,-1.469319257515071,0.16547
2.234345984959508,2.8346991153074814,-0.6859147348035854,0.158234
2.3910268895018048,-2.3357707345883263,0.8808943106193867,0.17492
2.3910268895018048,0.9545282607999157,-1.9393619711419632,0.167172
2.3910268895018048,1.2678900698845101,2.291022451500062,0.188387
2.3910268895018048,2.6780182107651846,1.0375752151616844,0.155174
2.5477077940441033,-2.6491325436729207,-2.2527237802265576,0.137667
2.5477077940441033,2.051294592595996,1.9776606424154677,0.174346
2.7043886985864,-2.8058134482152175,-1.782681066599666,0.143966
2.7043886985864,1.5812518789691055,2.1343415469577645,0.186202
2.7043886985864,2.8346991153074814,0.4108515969924955,0.157727
2.861069603128697,-3.2758561618421096,-0.6859147348035854,0.149368
2.861069603128697,-2.3357707345883263,0.72421340607709,0.182338
2.861069603128697,0.797847356257618,2.291022451500062,0.203004
3.0177505076709936,-2.8058134482152175,-1.3126383529727743,0.157673
3.0177505076709936,-1.7090471164191374,-2.2527237802265576,0.160344
3.0177505076709936,-1.2390044027922453,-2.409404684768855,0.161989
3.1744314122132904,-1.2390044027922453,-2.409404684768855,0.162874
3.1744314122132904,-0.29891897553846203,-2.566085589311152,0.169864
3.1744314122132904,0.014442833546132405,2.447703356042359,0.210744
3.1744314122132904,1.1112091653422134,2.6043842605846566,0.188841
3.1744314122132904,2.364656401680591,-1.155957448430477,0.174927
3.331112316755589,-2.962494352757515,-0.372552925718991,0.163718
3.331112316755589,-2.6491325436729207,-1.3126383529727743,0.164289
3.331112316755589,-2.3357707345883263,0.72421340607709,0.184419
3.331112316755589,-0.7689616891653541,2.291022451500062,0.222155
3.331112316755589,2.051294592595996,1.6642988333308733,0.179264
3.331112316755589,2.2079754971382943,-1.155957448430477,0.17681
3.4877932212978857,-2.3357707345883263,-1.6260001620573687,0.166508
3.4877932212978857,-0.7689616891653541,-2.566085589311152,0.165829
3.4877932212978857,0.014442833546132405,2.6043842605846566,0.194518
3.6444741258401825,-2.962494352757515,-0.372552925718991,0.166653
3.6444741258401825,-0.6122807846230565,-2.566085589311152,0.167456
3.6444741258401825,2.051294592595996,2.291022451500062,0.179235
3.801155030382481,-2.962494352757515,-0.372552925718991,0.167768
3.801155030382481,-2.022408925503732,-1.782681066599666,0.165373
3.801155030382481,-0.6122807846230565,2.447703356042359,0.194607
3.801155030382481,0.014442833546132405,2.7610651651269533,0.180178
3.801155030382481,2.2079754971382943,-0.372552925718991,0.180198
3.957835934924778,-0.4555998800807597,2.6043842605846566,0.182935
3.957835934924778,0.797847356257618,-1.155957448430477,0.19097
3.957835934924778,1.5812518789691055,-0.6859147348035854,0.188447
4.114516839467075,-2.6491325436729207,0.4108515969924955,0.177354
4.114516839467075,-1.5523662118768398,-1.9393619711419632,0.161293
4.114516839467075,0.797847356257618,3.0744269742115486,0.171181
4.114516839467075,1.1112091653422134,-0.8425956393458822,0.192649
4.114516839467075,1.1112091653422134,3.0744269742115486,0.173355
4.114516839467075,2.051294592595996,0.09748978790790108,0.177137
4.114516839467075,2.2079754971382943,1.0375752151616844,0.16685
4.271197744009373,-0.6122807846230565,-2.2527237802265576,0.166176
4.271197744009373,-0.29891897553846203,2.7610651651269533,0.170157
4.271197744009373,0.797847356257618,3.0744269742115486,0.169237
4.271197744009373,1.1112091653422134,3.0744269742115486,0.171557
4.271197744009373,2.051294592595996,0.09748978790790108,0.17521
4.427878648551668,-2.3357707345883263,-1.3126383529727743,0.163305
4.427878648551668,-0.4555998800807597,-2.09604287568426,0.167118
4.427878648551668,0.17112373808842918,2.917746069669251,0.164119
4.427878648551668,2.2079754971382943,1.0375752151616844,0.162785
4.427878648551668,2.2079754971382943,2.1343415469577645,0.170243
4.584559553093967,-1.8657280209614342,0.72421340607709,0.190728
4.584559553093967,-0.9256425937076509,-1.782681066599666,0.161306
4.584559553093967,0.17112373808842918,-1.3126383529727743,0.178742
4.584559553093967,1.7379327835114005,2.7610651651269533,0.171586
4.7412404576362635,-2.3357707345883263,-0.9992765438881799,0.166627
4.7412404576362635,-1.7090471164191374,0.72421340607709,0.190586
4.7412404576362635,-0.9256425937076509,-1.469319257515071,0.161828
4.7412404576362635,-0.14223807099616437,-1.155957448430477,0.175342
4.7412404576362635,1.7379327835114005,-0.5292338302612887,0.180969
4.89792136217856,-1.5523662118768398,-1.155957448430477,0.162985
4.89792136217856,-1.395685307334542,-1.155957448430477,0.162798
4.89792136217856,1.2678900698845101,-0.8425956393458822,0.183748
5.054602266720859,-1.7090471164191374,0.09748978790790108,0.181196
5.054602266720859,-1.2390044027922453,-0.6859147348035854,0.169744
5.054602266720859,0.4844855471730236,2.7610651651269533,0.160378
5.2112831712631555,-0.6122807846230565,-0.21587202117669335,0.173863
5.367964075805452,-1.5523662118768398,1.5076179287885756,0.181257
5.367964075805452,1.2678900698845101,-0.6859147348035854,0.179617
5.524644980347749,0.17112373808842918,-0.5292338302612887,0.171398
5.681325884890046,0.17112373808842918,-0.372552925718991,0.168397
5.681325884890046,0.17112373808842918,2.291022451500062,0.162139
5.838006789432344,0.797847356257618,-0.372552925718991,0.172139
5.994687693974641,-0.9256425937076509,1.1942561197039812,0.169716
5.994687693974641,0.014442833546132405,0.4108515969924955,0.160133
5.994687693974641,0.17112373808842918,0.25417069245019785,0.161194
5.994687693974641,0.6411664517153213,-0.05919111663439658,0.166934
5.994687693974641,1.1112091653422134,0.72421340607709,0.164035
