-6.305174483286541,2.4065338984138283,-0.5054356728496208,0.114465
-6.305174483286541,2.923177015358034,-0.8498644174790915,0.115721
-5.960745738657069,3.6120345046169753,0.5278505610387922,0.108121
-5.788531366342334,2.5787482707285623,-1.366507534423297,0.103894
-5.616316994027598,1.0288189198959437,0.872279305668263,0.118952
-5.271888249398128,-1.554396664825088,-0.33322130053488497,0.136867
-5.271888249398128,0.6843901752664729,2.0777799118714118,0.132611
-5.271888249398128,1.3732476645254152,-0.8498644174790915,0.0978556
-5.099673877083392,-0.521110430936675,-0.5054356728496208,0.132386
-5.099673877083392,0.5121758029517371,2.0777799118714118,0.134
-5.099673877083392,1.8898907814696209,-1.5387219067380329,0.0921581
-4.927459504768657,-2.759897271028236,-1.5387219067380329,0.140374
-4.927459504768657,-1.2099679201956164,1.2167080502977337,0.138761
-4.927459504768657,-1.0377535478808815,-1.8831506513675036,0.136958
-4.927459504768657,-0.004467313992469357,1.5611367949272053,0.136182
-4.927459504768657,2.0621051537843567,2.4222086565008816,0.110144
-4.927459504768657,3.784248876931711,-1.8831506513675036,0.108759
-4.927459504768657,3.784248876931711,1.0444936779829987,0.0865709
-4.927459504768657,3.956463249246445,0.872279305668263,0.0863662
-4.927459504768657,4.128677621561181,-1.366507534423297,0.109361
-4.755245132453921,-2.759897271028236,-1.7109362790527682,0.13815
-4.755245132453921,-1.726611037139823,0.35563618872405645,0.141207
-4.755245132453921,-1.3821822925103522,0.35563618872405645,0.138742
-4.755245132453921,-1.2099679201956164,0.35563618872405645,0.138148
-4.755245132453921,-1.0377535478808815,0.35563618872405645,0.138
-4.755245132453921,-1.0377535478808815,0.7000649333535272,0.14118
-4.755245132453921,-0.8655391755661457,0.35563618872405645,0.138103
-4.755245132453921,-0.6933248032514099,2.4222086565008816,0.125874
-4.755245132453921,-0.521110430936675,-1.8831506513675036,0.134263
-4.755245132453921,0.33996143063700224,-1.0220787897938268,0.127504
-4.755245132453921,0.6843901752664729,2.4222086565008816,0.132462
-4.755245132453921,3.2676057599875037,-2.2275793959969747,0.10041
-4.755245132453921,3.4398201323022413,1.3889224226124695,0.0857478
-4.755245132453921,4.473106366190651,-1.5387219067380329,0.107827
-4.583030760139186,-3.1043260156577066,-1.366507534423297,0.144115
-4.583030760139186,-1.726611037139823,2.0777799118714118,0.126447
-4.583030760139186,2.750962643043298,2.0777799118714118,0.0925587
-4.41081638782445,-1.8988254094545587,2.0777799118714118,0.126708
-4.41081638782445,-1.2099679201956164,2.7666374011303523,0.118339
-4.41081638782445,0.16774705832226644,-1.7109362790527682,0.12536
-4.41081638782445,3.6120345046169753,1.3889224226124695,0.0802303
-4.238602015509715,-2.0710397817692936,1.0444936779829987,0.14293
-4.238602015509715,-0.004467313992469357,2.5944230288156174,0.127604
-4.238602015509715,4.817535110820122,-0.8498644174790915,0.0925748
-4.06638764319498,-2.932111643342971,-1.8831506513675036,0.137596
-4.06638764319498,-2.932111643342971,0.35563618872405645,0.152333
-4.06638764319498,-2.932111643342971,0.5278505610387922,0.150349
-4.06638764319498,-2.759897271028236,1.2167080502977337,0.143879
-4.06638764319498,-1.554396664825088,-3.0886512575706515,0.139367
-4.06638764319498,-0.8655391755661457,-3.0886512575706515,0.139319
-4.06638764319498,1.2010332922106794,-1.366507534423297,0.0971631
-4.06638764319498,1.3732476645254152,-1.5387219067380329,0.0919915
-4.06638764319498,2.0621051537843567,-2.2275793959969747,0.0845689
-4.06638764319498,4.128677621561181,0.872279305668263,0.0771127
-3.8941732708802443,-3.1043260156577066,-1.7109362790527682,0.141856
-3.8941732708802443,-3.1043260156577066,1.5611367949272053,0.142762
-3.8941732708802443,-2.5876828987135,1.7333511672419402,0.140006
-3.8941732708802443,-2.2432541540840294,2.4222086565008816,0.127983
-3.8941732708802443,4.473106366190651,0.35563618872405645,0.0763782
-3.8941732708802443,5.161963855449594,-1.7109362790527682,0.104884
-3.721958898565509,-3.620969132601912,0.5278505610387922,0.148806
-3.721958898565509,-3.4487547602871773,-0.8498644174790915,0.153318
-3.721958898565509,-3.276540387972442,1.7333511672419402,0.142308
-3.721958898565509,-2.5876828987135,-2.39979376831171,0.13573
-3.721958898565509,-2.0710397817692936,3.283280518074559,0.125515
-3.721958898565509,-0.17668168630720338,3.111066145759823,0.124457
-3.721958898565509,1.3732476645254152,-1.5387219067380329,0.092468
-3.721958898565509,3.784248876931711,1.2167080502977337,0.0759662
-3.721958898565509,4.473106366190651,0.35563618872405645,0.0754501
-3.721958898565509,5.161963855449594,-1.366507534423297,0.0972791
-3.549744526250773,-3.793183504916648,0.5278505610387922,0.148131
-3.549744526250773,-2.2432541540840294,3.283280518074559,0.128212
-3.549744526250773,-1.554396664825088,-3.2608656298853873,0.144973
-3.549744526250773,2.750962643043298,2.2499942841861458,0.088327
-3.549744526250773,4.473106366190651,0.35563618872405645,0.0747991
-3.3775301539360383,-4.3098266218608545,-1.1942931621085622,0.14642
-3.3775301539360383,-3.620969132601912,-2.0553650236822394,0.138195
-3.3775301539360383,-2.932111643342971,-2.2275793959969747,0.139681
-3.3775301539360383,-2.2432541540840294,3.4554948903892946,0.130088
-3.3775301539360383,-0.004467313992469357,-2.5720081406264454,0.127617
-3.3775301539360383,0.33996143063700224,3.4554948903892946,0.125074
-3.3775301539360383,0.6843901752664729,-1.366507534423297,0.116157
-3.3775301539360383,1.3732476645254152,3.283280518074559,0.122209
-3.3775301539360383,3.784248876931711,1.0444936779829987,0.077508
-3.3775301539360383,4.128677621561181,0.7000649333535272,0.0756024
-3.3775301539360383,4.300891993875917,0.5278505610387922,0.0747542
-3.2053157816213025,-4.482040994175589,-1.0220787897938268,0.146219
-3.2053157816213025,-3.793183504916648,1.7333511672419402,0.142049
-3.2053157816213025,-2.759897271028236,2.4222086565008816,0.138812
-3.2053157816213025,-2.5876828987135,2.938851773445088,0.13337
-3.2053157816213025,-2.415468526398765,-2.744222512941181,0.142123
-3.2053157816213025,0.5121758029517371,-1.5387219067380329,0.117268
-3.2053157816213025,2.923177015358034,2.0777799118714118,0.0849455
-3.2053157816213025,3.0953913876727697,1.905565539556676,0.082112
-3.0331014093065676,-3.9653978772313834,0.18342181640932154,0.14796
-3.0331014093065676,-3.9653978772313834,1.5611367949272053,0.1421
-3.0331014093065676,-3.1043260156577066,-2.5720081406264454,0.134239
-3.0331014093065676,-2.2432541540840294,-2.9164368852559166,0.144887
-3.0331014093065676,-1.554396664825088,3.9721380073335,0.130986
-3.0331014093065676,-1.2099679201956164,-3.2608656298853873,0.147348
-3.0331014093065676,-0.3488960586219392,-2.9164368852559166,0.136126
-3.0331014093065676,3.4398201323022413,-2.9164368852559166,0.0999801
-2.8608870369918318,-4.137612249546119,0.7000649333535272,0.143753
-2.8608870369918318,-2.932111643342971,2.4222086565008816,0.141294
-2.8608870369918318,-2.0710397817692936,3.7999236350187644,0.13361
-2.8608870369918318,4.989749483134858,-0.8498644174790915,0.084832
-2.688672664677096,-4.137612249546119,-2.39979376831171,0.132166
-2.688672664677096,-4.137612249546119,0.5278505610387922,0.143124
-2.688672664677096,-4.137612249546119,1.2167080502977337,0.140975
-2.688672664677096,-2.759897271028236,-3.0886512575706515,0.137601
-2.688672664677096,-2.0710397817692936,-3.0886512575706515,0.147169
-2.688672664677096,-2.0710397817692936,3.7999236350187644,0.134422
-2.688672664677096,-1.726611037139823,-3.0886512575706515,0.149581
-2.688672664677096,-1.0377535478808815,-3.0886512575706515,0.146035
-2.688672664677096,-0.004467313992469357,3.7999236350187644,0.1257
-2.688672664677096,3.0953913876727697,1.7333511672419402,0.0846879
-2.688672664677096,4.300891993875917,0.35563618872405645,0.0765569
-2.516458292362361,-4.137612249546119,0.35563618872405645,0.142695
-2.516458292362361,-3.9653978772313834,-2.5720081406264454,0.130201
-2.516458292362361,-1.554396664825088,3.9721380073335,0.132807
-2.516458292362361,1.8898907814696209,3.4554948903892946,0.12008
-2.516458292362361,2.750962643043298,-2.744222512941181,0.090413
-2.516458292362361,3.2676057599875037,-2.744222512941181,0.10017
-2.3442439200476253,-4.3098266218608545,0.011207444094585739,0.140586
-2.3442439200476253,-2.759897271028236,2.7666374011303523,0.140269
-2.3442439200476253,-0.17668168630720338,-1.8831506513675036,0.133118
-2.3442439200476253,1.2010332922106794,-1.7109362790527682,0.0847746
-2.3442439200476253,2.0621051537843567,3.111066145759823,0.115853
-2.3442439200476253,2.2343195260990907,2.5944230288156174,0.10872
-2.3442439200476253,2.750962643043298,-2.744222512941181,0.0914793
-2.3442439200476253,2.923177015358034,1.905565539556676,0.0899406
-2.1720295477328904,-4.482040994175589,0.35563618872405645,0.134411
-2.1720295477328904,0.33996143063700224,-1.1942931621085622,0.115778
-2.1720295477328904,3.2676057599875037,-2.744222512941181,0.102127
-2.1720295477328904,3.6120345046169753,0.872279305668263,0.0867334
-1.9998151754181546,-4.826469738805061,-1.0220787897938268,0.137412
-1.9998151754181546,-4.654255366490325,0.011207444094585739,0.132965
-1.9998151754181546,-3.620969132601912,2.0777799118714118,0.135639
-1.9998151754181546,-1.554396664825088,-3.0886512575706515,0.144676
-1.9998151754181546,-1.0377535478808815,-2.39979376831171,0.147851
-1.9998151754181546,-0.6933248032514099,3.6277092627040304,0.127232
-1.9998151754181546,3.2676057599875037,1.3889224226124695,0.0892266
-1.9998151754181546,3.4398201323022413,-2.744222512941181,0.106073
-1.9998151754181546,4.128677621561181,-2.39979376831171,0.113235
-1.8276008031034188,-1.3821822925103522,3.6277092627040304,0.131121
-1.8276008031034188,-0.6933248032514099,-2.0553650236822394,0.141261
-1.8276008031034188,-0.17668168630720338,-1.8831506513675036,0.115156
-1.6553864307886839,-1.3821822925103522,3.4554948903892946,0.130622
-1.6553864307886839,-0.521110430936675,-2.0553650236822394,0.122188
-1.6553864307886839,2.0621051537843567,2.5944230288156174,0.11321
-1.6553864307886839,2.923177015358034,1.7333511672419402,0.0977201
-1.483172058473948,-1.554396664825088,3.283280518074559,0.131453
-1.483172058473948,-0.3488960586219392,-2.2275793959969747,0.0958435
-1.483172058473948,0.5121758029517371,3.7999236350187644,0.116159
-1.483172058473948,2.2343195260990907,-2.5720081406264454,0.0898423
-1.3109576861592123,-4.826469738805061,-0.6776500451643557,0.128551
-1.3109576861592123,-1.3821822925103522,3.111066145759823,0.129986
-1.3109576861592123,1.5454620368401493,3.283280518074559,0.113688
-1.3109576861592123,4.645320738505388,-1.0220787897938268,0.0973707
-1.1387433138444774,-3.9653978772313834,2.4222086565008816,0.122136
-1.1387433138444774,0.6843901752664729,-2.39979376831171,0.0581289
-1.1387433138444774,1.2010332922106794,-2.0553650236822394,0.0671223
-1.1387433138444774,3.784248876931711,-2.744222512941181,0.117393
-1.1387433138444774,3.956463249246445,0.35563618872405645,0.0995333
-0.9665289415297416,-5.687541600378738,0.5278505610387922,0.117417
-0.9665289415297416,-4.998684111119796,-1.5387219067380329,0.12468
-0.9665289415297416,-4.998684111119796,-1.0220787897938268,0.123318
-0.9665289415297416,-0.521110430936675,-2.5720081406264454,0.0762134
-0.9665289415297416,1.717676409154885,2.4222086565008816,0.116248
-0.9665289415297416,1.8898907814696209,2.0777799118714118,0.117801
-0.7943145692150058,-1.554396664825088,-2.5720081406264454,0.118559
-0.7943145692150058,-0.3488960586219392,3.111066145759823,0.120833
-0.7943145692150058,-0.004467313992469357,-2.744222512941181,0.0593079
-0.6221001969002717,-5.687541600378738,0.5278505610387922,0.113172
-0.6221001969002717,-4.654255366490325,2.0777799118714118,0.112074
-0.6221001969002717,-1.726611037139823,-2.5720081406264454,0.118163
-0.6221001969002717,-0.8655391755661457,-2.5720081406264454,0.0762816
-0.6221001969002717,0.8566045475812079,3.111066145759823,0.11421
-0.6221001969002717,2.5787482707285623,-2.39979376831171,0.107186
-0.6221001969002717,3.2676057599875037,1.0444936779829987,0.138173
-0.44988582458553594,-1.2099679201956164,-2.39979376831171,0.084337
-0.44988582458553594,-1.2099679201956164,2.7666374011303523,0.121828
-0.44988582458553594,0.33996143063700224,3.111066145759823,0.118355
-0.44988582458553594,2.4065338984138283,-2.0553650236822394,0.107697
-0.44988582458553594,2.750962643043298,1.5611367949272053,0.135152
-0.27767145227080015,-3.9653978772313834,2.4222086565008816,0.117419
-0.27767145227080015,-3.4487547602871773,-2.744222512941181,0.123716
-0.27767145227080015,-2.2432541540840294,-2.5720081406264454,0.120592
-0.27767145227080015,2.923177015358034,-2.2275793959969747,0.116658
-0.27767145227080015,3.956463249246445,-1.0220787897938268,0.117033
-0.10545707995606524,-5.515327228064002,1.0444936779829987,0.105401
-0.10545707995606524,-0.6933248032514099,-2.744222512941181,0.0609839
-0.10545707995606524,-0.6933248032514099,2.4222086565008816,0.12747
-0.10545707995606524,1.3732476645254152,2.0777799118714118,0.115004
-0.10545707995606524,2.2343195260990907,-1.7109362790527682,0.107971
-0.10545707995606524,2.5787482707285623,-1.7109362790527682,0.111164
-0.10545707995606524,2.923177015358034,-1.8831506513675036,0.11719
-0.10545707995606524,3.784248876931711,-1.5387219067380329,0.121894
0.06675729235867056,-5.170898483434532,1.5611367949272053,0.10306
0.06675729235867056,-4.482040994175589,2.0777799118714118,0.108579
0.06675729235867056,-3.793183504916648,2.4222086565008816,0.116815
0.06675729235867056,-3.620969132601912,-2.744222512941181,0.117724
0.06675729235867056,-2.759897271028236,3.283280518074559,0.122952
0.06675729235867056,-1.726611037139823,2.938851773445088,0.116619
0.06675729235867056,2.750962643043298,-1.5387219067380329,0.110409
0.06675729235867056,3.4398201323022413,1.0444936779829987,0.168272
0.23897166467340547,-5.343112855749267,0.35563618872405645,0.105553
0.23897166467340547,-4.137612249546119,-2.744222512941181,0.118881
0.23897166467340547,-2.759897271028236,3.111066145759823,0.120332
0.23897166467340547,-2.415468526398765,3.111066145759823,0.119137
0.23897166467340547,-1.2099679201956164,-2.39979376831171,0.0704712
0.23897166467340547,0.33996143063700224,2.0777799118714118,0.13009
0.23897166467340547,1.0288189198959437,1.905565539556676,0.11606
0.23897166467340547,2.0621051537843567,-1.7109362790527682,0.111626
0.41118603698814127,-3.1043260156577066,-2.5720081406264454,0.11156
0.41118603698814127,-2.0710397817692936,2.7666374011303523,0.114765
0.41118603698814127,0.5121758029517371,1.5611367949272053,0.1216
0.41118603698814127,2.5787482707285623,1.7333511672419402,0.152466
0.5834004093028771,-3.620969132601912,2.2499942841861458,0.114802
0.5834004093028771,-3.4487547602871773,-2.5720081406264454,0.110246
0.5834004093028771,-0.3488960586219392,1.0444936779829987,0.13252
0.5834004093028771,-0.17668168630720338,1.0444936779829987,0.13215
0.5834004093028771,0.16774705832226644,1.2167080502977337,0.127966
0.5834004093028771,2.5787482707285623,-1.366507534423297,0.107136
0.5834004093028771,2.923177015358034,1.5611367949272053,0.170352
0.7556147816176129,-4.998684111119796,0.011207444094585739,0.10886
0.7556147816176129,-1.554396664825088,-2.0553650236822394,0.0947428
0.7556147816176129,-1.3821822925103522,0.011207444094585739,0.109671
0.7556147816176129,2.4065338984138283,1.7333511672419402,0.154891
0.9278291539323469,-2.759897271028236,1.905565539556676,0.116758
0.9278291539323469,-2.415468526398765,1.905565539556676,0.116226
0.9278291539323469,-1.726611037139823,0.35563618872405645,0.116963
0.9278291539323469,-1.3821822925103522,-2.0553650236822394,0.0917713
0.9278291539323469,-1.0377535478808815,0.35563618872405645,0.113675
0.9278291539323469,-0.6933248032514099,0.872279305668263,0.12139
0.9278291539323469,0.6843901752664729,-2.39979376831171,0.086601
0.9278291539323469,2.4065338984138283,1.7333511672419402,0.156903
1.1000435262470827,-4.998684111119796,0.35563618872405645,0.10797
1.1000435262470827,-2.5876828987135,-2.2275793959969747,0.11012
1.1000435262470827,-2.5876828987135,1.5611367949272053,0.116078
1.1000435262470827,-2.0710397817692936,1.5611367949272053,0.116587
1.1000435262470827,-1.3821822925103522,1.5611367949272053,0.120065
1.1000435262470827,-1.2099679201956164,1.0444936779829987,0.120332
1.1000435262470827,-1.0377535478808815,0.18342181640932154,0.105599
1.1000435262470827,-0.004467313992469357,-2.744222512941181,0.0901721
1.1000435262470827,0.5121758029517371,1.5611367949272053,0.116484
1.1000435262470827,2.0621051537843567,2.0777799118714118,0.143219
1.1000435262470827,2.2343195260990907,-1.366507534423297,0.113477
1.2722578985618185,-4.998684111119796,0.872279305668263,0.109543
1.2722578985618185,-1.726611037139823,-0.5054356728496208,0.107644
1.2722578985618185,-0.004467313992469357,1.3889224226124695,0.108636
1.4444722708765543,-3.620969132601912,-0.5054356728496208,0.111774
1.4444722708765543,-2.5876828987135,-1.8831506513675036,0.111475
1.4444722708765543,-2.415468526398765,-0.33322130053488497,0.112188
1.4444722708765543,-1.8988254094545587,-1.7109362790527682,0.11211
1.4444722708765543,-1.3821822925103522,-0.5054356728496208,0.0966716
1.4444722708765543,-0.17668168630720338,-3.0886512575706515,0.104763
1.4444722708765543,1.0288189198959437,-2.2275793959969747,0.100441
1.6166866431912883,-2.932111643342971,0.872279305668263,0.114264
1.6166866431912883,-2.759897271028236,-0.6776500451643557,0.110364
1.6166866431912883,-2.415468526398765,-1.5387219067380329,0.112555
1.6166866431912883,-2.0710397817692936,-1.366507534423297,0.111689
1.6166866431912883,-1.8988254094545587,-1.1942931621085622,0.108394
1.6166866431912883,-1.726611037139823,-1.0220787897938268,0.103738
1.6166866431912883,-0.8655391755661457,0.7000649333535272,0.0951615
1.7889010155060259,-4.482040994175589,0.7000649333535272,0.115585
1.7889010155060259,-3.793183504916648,0.18342181640932154,0.11421
1.7889010155060259,-1.726611037139823,-1.0220787897938268,0.100079
1.7889010155060259,-0.17668168630720338,-3.2608656298853873,0.106458
1.7889010155060259,1.717676409154885,-1.8831506513675036,0.0929013
1.7889010155060259,2.5787482707285623,-0.5054356728496208,0.112491
1.96111538782076,-3.793183504916648,0.872279305668263,0.118081
1.96111538782076,-1.2099679201956164,0.18342181640932154,0.0876628
1.96111538782076,0.33996143063700224,-3.0886512575706515,0.0964504
1.96111538782076,2.0621051537843567,-1.5387219067380329,0.0899897
2.1333297601354957,0.8566045475812079,-2.744222512941181,0.0886844
2.3055441324502315,-0.8655391755661457,0.7000649333535272,0.0847824
2.3055441324502315,0.6843901752664729,2.4222086565008816,0.104465
2.3055441324502315,1.8898907814696209,-1.7109362790527682,0.082309
2.4777585047649673,-1.8988254094545587,-1.366507534423297,0.0929525
2.4777585047649673,-1.726611037139823,-2.39979376831171,0.108124
2.4777585047649673,2.0621051537843567,2.5944230288156174,0.127376
2.4777585047649673,2.750962643043298,2.0777799118714118,0.127553
2.4777585047649673,2.923177015358034,1.7333511672419402,0.123865
2.6499728770797013,-1.8988254094545587,-1.5387219067380329,0.0930403
2.6499728770797013,-1.8988254094545587,-1.0220787897938268,0.0865848
2.6499728770797013,-1.0377535478808815,0.35563618872405645,0.0837344
2.822187249394439,-0.3488960586219392,1.7333511672419402,0.0822029
2.822187249394439,0.6843901752664729,-2.9164368852559166,0.0830527
2.822187249394439,2.923177015358034,1.3889224226124695,0.111935
2.994401621709173,0.16774705832226644,-3.0886512575706515,0.0893757
2.994401621709173,2.4065338984138283,-0.6776500451643557,0.0805361
3.1666159940239087,-1.8988254094545587,-0.6776500451643557,0.0774488
3.1666159940239087,1.717676409154885,2.4222086565008816,0.119988
3.3388303663386427,1.5454620368401493,-1.8831506513675036,0.0737849
3.3388303663386427,1.717676409154885,2.4222086565008816,0.11922
3.3388303663386427,2.0621051537843567,2.2499942841861458,0.121823
3.3388303663386427,2.5787482707285623,1.7333511672419402,0.113577
3.3388303663386427,2.923177015358034,0.7000649333535272,0.0902546
3.6832591109681143,-1.726611037139823,-0.16100692822015006,0.0749894
3.6832591109681143,2.750962643043298,1.3889224226124695,0.101247
3.8554734832828483,1.5454620368401493,-1.7109362790527682,0.0734071
4.027687855597586,-2.0710397817692936,-1.5387219067380329,0.0866367
4.027687855597586,-1.3821822925103522,0.35563618872405645,0.0800626
4.027687855597586,-1.0377535478808815,0.872279305668263,0.0834839
4.027687855597586,0.5121758029517371,2.5944230288156174,0.0957722
4.027687855597586,2.0621051537843567,2.5944230288156174,0.1207
4.19990222791232,-1.8988254094545587,-2.39979376831171,0.103741
4.19990222791232,-1.726611037139823,-0.16100692822015006,0.0765648
4.19990222791232,-0.17668168630720338,-3.0886512575706515,0.0896882
4.19990222791232,2.750962643043298,0.18342181640932154,0.0772532
4.372116600227056,-2.0710397817692936,-1.8831506513675036,0.0950044
4.372116600227056,-2.0710397817692936,-1.366507534423297,0.085058
4.372116600227056,-0.521110430936675,1.7333511672419402,0.0852506
4.372116600227056,0.8566045475812079,2.7666374011303523,0.107396
4.372116600227056,1.2010332922106794,-2.2275793959969747,0.0699119
4.372116600227056,1.8898907814696209,2.7666374011303523,0.121915
4.5443309725417915,2.750962643043298,0.5278505610387922,0.0834355
4.716545344856527,0.6843901752664729,-2.5720081406264454,0.0741597
4.716545344856527,2.750962643043298,1.0444936779829987,0.0939343
4.888759717171261,-1.8988254094545587,-1.1942931621085622,0.0844867
5.060974089485999,-1.554396664825088,-0.5054356728496208,0.07927
5.060974089485999,0.16774705832226644,2.2499942841861458,0.105388
5.060974089485999,2.4065338984138283,0.18342181640932154,0.088579
5.233188461800733,-1.554396664825088,-0.8498644174790915,0.0794505
5.233188461800733,-1.3821822925103522,-2.744222512941181,0.108092
5.233188461800733,1.717676409154885,2.5944230288156174,0.124616
5.233188461800733,1.8898907814696209,-0.6776500451643557,0.0901275
5.233188461800733,2.0621051537843567,2.4222086565008816,0.12434
5.405402834115469,-0.004467313992469357,2.4222086565008816,0.109997
5.5776172064302045,-1.3821822925103522,-2.2275793959969747,0.100212
5.5776172064302045,-1.3821822925103522,-1.0220787897938268,0.0720459
5.5776172064302045,-1.3821822925103522,0.5278505610387922,0.0663109
5.5776172064302045,-0.521110430936675,-2.5720081406264454,0.0940411
5.5776172064302045,-0.17668168630720338,-2.39979376831171,0.0860637
5.5776172064302045,2.0621051537843567,2.0777799118714118,0.119854
5.74983157874494,-1.554396664825088,0.011207444094585739,0.0546701
5.74983157874494,-0.8655391755661457,-2.2275793959969747,0.0926172
5.74983157874494,2.0621051537843567,0.011207444094585739,0.104662
5.74983157874494,2.2343195260990907,0.18342181640932154,0.104792
5.922045951059674,-1.554396664825088,0.18342181640932154,0.0524044
5.922045951059674,2.5787482707285623,1.3889224226124695,0.111151
6.6109034403186175,2.2343195260990907,2.0777799118714118,0.105486
6.783117812633352,-1.0377535478808815,1.2167080502977337,0.0875298
6.783117812633352,1.3732476645254152,2.5944230288156174,0.103538
6.783117812633352,2.2343195260990907,2.0777799118714118,0.104687
6.783117812633352,2.5787482707285623,0.011207444094585739,0.100263
6.783117812633352,2.923177015358034,0.7000649333535272,0.107208
6.955332184948087,-1.0377535478808815,1.0444936779829987,0.0854839
6.955332184948087,-0.004467313992469357,-1.5387219067380329,0.0367422
6.955332184948087,2.0621051537843567,-0.33322130053488497,0.092021
6.955332184948087,2.923177015358034,0.872279305668263,0.106757
7.127546557262823,-1.0377535478808815,0.7000649333535272,0.0803649
7.127546557262823,-0.17668168630720338,-1.366507534423297,0.0378279
7.127546557262823,2.750962643043298,0.35563618872405645,0.101758
7.299760929577559,2.750962643043298,0.5278505610387922,0.101464
7.471975301892293,1.3732476645254152,-0.5054356728496208,0.0848699
7.6441896742070305,-0.8655391755661457,1.3889224226124695,0.0877215
7.6441896742070305,0.6843901752664729,-0.6776500451643557,0.0786921
7.6441896742070305,2.5787482707285623,0.872279305668263,0.099118
7.816404046521765,0.8566045475812079,2.2499942841861458,0.103457
7.816404046521765,1.5454620368401493,1.905565539556676,0.104912
7.9886184188365,0.8566045475812079,-0.5054356728496208,0.086243
7.9886184188365,1.5454620368401493,1.7333511672419402,0.102802
7.9886184188365,2.0621051537843567,1.2167080502977337,0.0962276
8.160832791151234,1.8898907814696209,0.872279305668263,0.0924727
8.333047163465972,-0.6933248032514099,1.0444936779829987,0.0949813
8.333047163465972,0.33996143063700224,1.905565539556676,0.097636
8.333047163465972,0.5121758029517371,1.905565539556676,0.0986593
8.333047163465972,0.8566045475812079,-0.33322130053488497,0.0909779
8.505261535780706,0.6843901752664729,1.7333511672419402,0.0994917
