-5.729395284137601,-1.3152509008501516,-1.0109713601916095,0.00629614
-5.729395284137601,0.03013928789872633,-1.7584103539409863,0.101175
-5.579907485387726,-1.165763102100276,-0.4130201651921084,-0.00618247
-5.579907485387726,-1.016275303350401,-2.057385951440737,0.0499494
-5.579907485387726,-0.2688363096010242,-2.206873750190612,0.0922745
-5.43041968663785,0.4786026841483517,-1.1604591589414848,0.0775729
-5.280931887887975,0.03013928789872633,-0.4130201651921084,0.0377457
-4.981956290388225,-0.8667875046005253,-2.655337146440238,0.0311802
-4.981956290388225,0.4786026841483517,-0.11404456769235782,0.00284127
-4.981956290388225,0.7775782816481032,0.0354432310575179,-0.0140082
-4.981956290388225,1.2260416778977294,0.0354432310575179,-0.0254446
-4.682980692888474,-2.511153290849154,-0.8614835614417338,-0.0524796
-4.682980692888474,1.9734806716471054,0.0354432310575179,-0.0225602
-4.533492894138599,-2.511153290849154,-0.7119957626918589,-0.0536558
-4.533492894138599,-1.4647386996000273,0.33441882855726845,-0.020424
-4.533492894138599,-1.3152509008501516,-2.8048249451901133,-0.0126544
-4.533492894138599,-0.5678119071007748,-2.8048249451901133,0.0219781
-4.533492894138599,0.3291148853984778,0.633394426057019,-0.0076775
-4.533492894138599,0.927066080397978,0.7828822248068938,-0.0205298
-4.533492894138599,1.0765538791478537,0.7828822248068938,-0.0217464
-4.384005095388723,-1.4647386996000273,-2.8048249451901133,-0.0225554
-4.384005095388723,0.3291148853984778,0.7828822248068938,-0.00759842
-4.384005095388723,1.2260416778977294,-1.9078981526908612,-0.00767717
-4.384005095388723,1.8239928728972297,0.633394426057019,-0.0156466
-4.384005095388723,2.421944067896731,-0.5625079639419841,-0.00686206
-4.384005095388723,2.421944067896731,-0.26353236644223266,0.00103469
-4.384005095388723,3.1693830616461076,0.0354432310575179,0.0639692
-4.384005095388723,3.3188708603959833,0.18493102980739362,0.067924
-4.234517296638847,-1.6142264983499022,0.33441882855726845,-0.0182543
-4.234517296638847,0.17962708664860205,-2.5058493476903627,0.0395735
-4.234517296638847,2.272456269146857,-1.3099469576913605,-0.0273314
-4.234517296638847,2.421944067896731,-1.0109713601916095,-0.0163003
-4.234517296638847,2.421944067896731,0.33441882855726845,0.0147253
-4.234517296638847,2.870407464146356,0.633394426057019,0.0367632
-4.085029497888973,-0.5678119071007748,0.7828822248068938,0.0132449
-4.085029497888973,1.9734806716471054,-1.7584103539409863,-0.033241
-4.085029497888973,4.06630985414536,0.33441882855726845,0.0771982
-3.9355416991390975,3.1693830616461076,1.231345621056521,0.022275
-3.9355416991390975,3.617846457895733,1.0818578223066453,0.0404801
-3.9355416991390975,4.215797652895236,0.33441882855726845,0.0759513
-3.7860539003892217,-2.511153290849154,-1.7584103539409863,-0.0574078
-3.7860539003892217,-2.511153290849154,-0.7119957626918589,-0.0539031
-3.7860539003892217,-2.062689894599528,0.0354432310575179,-0.0267405
-3.7860539003892217,0.7775782816481032,-2.206873750190612,0.000676335
-3.7860539003892217,0.927066080397978,-2.206873750190612,-0.00720384
-3.7860539003892217,3.3188708603959833,1.380833419806395,0.0194816
-3.7860539003892217,4.215797652895236,0.633394426057019,0.0658358
-3.487078302889471,-2.511153290849154,-1.1604591589414848,-0.0559577
-3.487078302889471,-2.511153290849154,-1.0109713601916095,-0.0549145
-3.487078302889471,1.2260416778977294,1.380833419806395,0.00689546
-3.487078302889471,3.617846457895733,1.5303212185562707,0.0207338
-3.337590504139596,-2.95961668709878,-0.26353236644223266,-0.0639325
-3.337590504139596,-2.6606410895990296,0.4839066273071433,-0.0467081
-3.337590504139596,-2.3616654920992786,0.633394426057019,-0.0346822
-3.337590504139596,-2.062689894599528,0.7828822248068938,-0.0230409
-3.337590504139596,1.8239928728972297,-2.057385951440737,-0.0321119
-3.337590504139596,2.7209196653964822,-1.3099469576913605,-0.00143348
-3.337590504139596,4.514773250394987,0.33441882855726845,0.0624768
-3.188102705389721,-0.8667875046005253,1.380833419806395,-0.00177152
-3.188102705389721,0.03013928789872633,1.231345621056521,0.0135176
-3.0386149066398453,-2.6606410895990296,-1.1604591589414848,-0.0605353
-3.0386149066398453,-1.4647386996000273,1.380833419806395,-0.00991348
-3.0386149066398453,-1.165763102100276,-2.5058493476903627,-0.0245095
-3.0386149066398453,1.6745050741473548,1.6798090173061464,0.0126324
-3.0386149066398453,2.5714318666466065,-1.4594347564412353,-0.0119579
-2.88912710788997,-2.6606410895990296,-1.3099469576913605,-0.0605305
-2.88912710788997,-0.5678119071007748,1.5303212185562707,0.00223106
-2.88912710788997,2.122968470396981,1.8292968160560212,0.00541019
-2.88912710788997,2.7209196653964822,-1.4594347564412353,-0.0106397
-2.88912710788997,2.7209196653964822,1.978784614805897,0.00336971
-2.88912710788997,2.870407464146356,-1.4594347564412353,-0.00947148
-2.88912710788997,3.019895262896232,-1.4594347564412353,-0.00832815
-2.88912710788997,3.9168220553954844,1.6798090173061464,0.0329252
-2.7396393091400943,-3.7070556808481565,0.4839066273071433,-0.0630062
-2.7396393091400943,-2.95961668709878,1.231345621056521,-0.0415793
-2.7396393091400943,-2.511153290849154,-1.4594347564412353,-0.054588
-2.7396393091400943,-2.2121776933494037,1.380833419806395,-0.0226475
-2.7396393091400943,-1.165763102100276,-2.206873750190612,-0.0128048
-2.7396393091400943,1.525017275397479,1.8292968160560212,0.00851039
-2.7396393091400943,1.6745050741473548,1.8292968160560212,0.00889686
-2.7396393091400943,1.8239928728972297,1.8292968160560212,0.00868983
-2.7396393091400943,4.215797652895236,-1.0109713601916095,0.00789827
-2.5901515103902195,-3.856543479598032,0.33441882855726845,-0.0644623
-2.5901515103902195,-3.2585922845985302,-1.3099469576913605,-0.0727178
-2.5901515103902195,-2.95961668709878,-1.4594347564412353,-0.067233
-2.5901515103902195,-2.062689894599528,-1.6089225551911106,-0.033322
-2.4406637116403447,1.0765538791478537,-2.057385951440737,-0.0138895
-2.4406637116403447,3.9168220553954844,-1.3099469576913605,-0.0135429
-2.291175912890469,-3.856543479598032,-0.8614835614417338,-0.0735144
-2.291175912890469,-3.2585922845985302,1.380833419806395,-0.0358784
-2.291175912890469,-2.95961668709878,-1.6089225551911106,-0.0648616
-2.291175912890469,-2.95961668709878,1.5303212185562707,-0.0296807
-2.291175912890469,-0.2688363096010242,-2.057385951440737,0.011732
-2.291175912890469,3.617846457895733,-1.4594347564412353,-0.0220384
-2.291175912890469,3.9168220553954844,-1.3099469576913605,-0.0178651
-2.291175912890469,4.664261049144861,0.18493102980739362,0.0361758
-2.1416881141405932,-3.7070556808481565,-1.1604591589414848,-0.0721178
-2.1416881141405932,-0.41832410835089995,1.978784614805897,0.00765982
-2.1416881141405932,1.6745050741473548,2.1282724135557727,-0.00914774
-2.1416881141405932,2.122968470396981,1.978784614805897,0.00203935
-2.1416881141405932,4.664261049144861,0.18493102980739362,0.0345419
-2.1416881141405932,4.664261049144861,0.33441882855726845,0.0412681
-2.1416881141405932,4.664261049144861,0.4839066273071433,0.0474526
-1.9922003153907184,-3.2585922845985302,1.5303212185562707,-0.0252749
-1.9922003153907184,0.4786026841483517,-1.7584103539409863,0.00678581
-1.9922003153907184,4.06630985414536,-1.1604591589414848,-0.0204142
-1.9922003153907184,4.215797652895236,-1.0109713601916095,-0.015908
-1.9922003153907184,4.664261049144861,0.4839066273071433,0.0477138
-1.8427125166408427,-2.8101288883489044,-1.7584103539409863,-0.0568034
-1.8427125166408427,-0.5678119071007748,-1.9078981526908612,0.00128287
-1.8427125166408427,-0.41832410835089995,2.1282724135557727,0.00923573
-1.8427125166408427,0.4786026841483517,-1.6089225551911106,0.0102198
-1.8427125166408427,4.365285451645112,1.5303212185562707,0.0773821
-1.8427125166408427,4.514773250394987,-0.4130201651921084,0.00333639
-1.693224717890967,-3.2585922845985302,1.6798090173061464,-0.0128841
-1.693224717890967,1.0765538791478537,-1.4594347564412353,0.00940367
-1.693224717890967,1.0765538791478537,2.4272480110555223,-0.0210415
-1.693224717890967,1.525017275397479,-1.4594347564412353,0.0074171
-1.693224717890967,4.514773250394987,-0.26353236644223266,0.00818065
-1.693224717890967,4.514773250394987,1.231345621056521,0.0770108
-1.5437369191410921,-3.856543479598032,-1.0109713601916095,-0.0598545
-1.5437369191410921,-2.8101288883489044,-1.7584103539409863,-0.0529477
-1.5437369191410921,1.9734806716471054,-1.3099469576913605,0.00593816
-1.3942491203912173,-2.062689894599528,2.1282724135557727,0.00763475
-1.3942491203912173,-0.7172997058506496,-1.7584103539409863,-0.00477
-1.3942491203912173,3.617846457895733,-1.1604591589414848,-0.0289528
-1.3942491203912173,4.365285451645112,-0.26353236644223266,0.00501319
-1.2447613216413416,-4.0060312783479075,-0.4130201651921084,-0.0386749
-1.2447613216413416,3.9168220553954844,1.6798090173061464,0.082823
-1.0952735228914667,-2.95961668709878,2.1282724135557727,0.00945945
-1.0952735228914667,-1.6142264983499022,2.4272480110555223,0.00564902
-1.0952735228914667,-1.4647386996000273,-1.6089225551911106,-0.0136565
-1.0952735228914667,-1.3152509008501516,-1.6089225551911106,-0.0107957
-1.0952735228914667,-0.7172997058506496,-1.6089225551911106,-0.00348214
-1.0952735228914667,1.6745050741473548,2.4272480110555223,-0.0285521
-1.0952735228914667,2.122968470396981,-1.0109713601916095,-0.00017936
-1.0952735228914667,3.1693830616461076,-1.0109713601916095,-0.0255466
-1.0952735228914667,3.617846457895733,-0.8614835614417338,-0.0236118
-1.0952735228914667,3.617846457895733,1.6798090173061464,0.0763896
-1.0952735228914667,4.215797652895236,0.0354432310575179,0.020254
-0.945785724141591,-1.165763102100276,2.576735809805398,0.00642827
-0.945785724141591,-1.016275303350401,2.576735809805398,0.00698383
-0.945785724141591,-0.41832410835089995,-1.4594347564412353,0.00154704
-0.945785724141591,1.8239928728972297,-1.0109713601916095,7.92439e-05
-0.7962979253917153,-4.155519077097782,0.633394426057019,0.0167798
-0.7962979253917153,-4.155519077097782,0.9323700235567696,0.0193605
-0.7962979253917153,2.272456269146857,-0.7119957626918589,-0.00775992
-0.7962979253917153,3.9168220553954844,0.9323700235567696,0.067293
-0.6468101266418396,-4.155519077097782,0.33441882855726845,0.0179701
-0.6468101266418396,-1.763714297099777,2.576735809805398,0.0124986
-0.6468101266418396,0.7775782816481032,2.4272480110555223,-0.0110783
-0.6468101266418396,1.2260416778977294,-1.0109713601916095,-0.00258451
-0.6468101266418396,2.122968470396981,2.1282724135557727,-0.0270684
-0.6468101266418396,3.468358659145859,0.4839066273071433,0.0334377
-0.4973223278919656,-2.8101288883489044,2.2777602123056466,0.0229699
-0.4973223278919656,-0.8667875046005253,2.726223608555273,0.0168236
-0.4973223278919656,-0.7172997058506496,-1.1604591589414848,0.0103825
-0.4973223278919656,-0.2688363096010242,-1.1604591589414848,0.0111293
-0.4973223278919656,1.6745050741473548,-0.8614835614417338,-0.00972406
-0.3478345291420899,-4.305006875847658,0.4839066273071433,0.0300888
-0.3478345291420899,-4.0060312783479075,1.6798090173061464,0.031968
-0.3478345291420899,-3.856543479598032,1.8292968160560212,0.0300629
-0.3478345291420899,-3.5575678820982812,-0.7119957626918589,-0.00757823
-0.3478345291420899,-2.8101288883489044,2.2777602123056466,0.0262728
-0.3478345291420899,-2.6606410895990296,-1.3099469576913605,-0.0210315
-0.3478345291420899,0.4786026841483517,2.4272480110555223,0.0115103
-0.3478345291420899,2.5714318666466065,0.0354432310575179,-0.0130485
-0.19834673039221418,-4.305006875847658,1.231345621056521,0.0383219
-0.19834673039221418,-4.155519077097782,1.5303212185562707,0.0371269
-0.19834673039221418,-1.9132020958496527,-1.1604591589414848,-0.00175002
-0.19834673039221418,-0.7172997058506496,-1.0109713601916095,0.0170975
-0.19834673039221418,-0.11934851085114939,2.726223608555273,0.0250804
-0.19834673039221418,2.421944067896731,1.5303212185562707,-0.0222069
-0.04885893164233934,-4.305006875847658,0.33441882855726845,0.03472
-0.04885893164233934,-2.511153290849154,-1.1604591589414848,-0.00828225
-0.04885893164233934,-1.9132020958496527,2.726223608555273,0.0306992
-0.04885893164233934,0.7775782816481032,2.576735809805398,0.0167616
-0.04885893164233934,1.525017275397479,-0.7119957626918589,-0.00810188
0.10062886710753638,-3.5575678820982812,-0.5625079639419841,0.0101477
0.10062886710753638,-1.016275303350401,-1.0109713601916095,0.0192846
0.10062886710753638,-0.5678119071007748,-1.3099469576913605,0.0224854
0.10062886710753638,-0.11934851085114939,3.0251992060550243,0.0265537
0.10062886710753638,1.0765538791478537,-0.7119957626918589,0.00108009
0.10062886710753638,1.2260416778977294,-0.7119957626918589,-0.00087944
0.10062886710753638,1.3755294766476034,-0.7119957626918589,-0.00232862
0.2501166658574121,-4.0060312783479075,1.6798090173061464,0.0451504
0.2501166658574121,-3.856543479598032,-0.26353236644223266,0.0240358
0.2501166658574121,-2.95961668709878,-0.8614835614417338,0.00307704
0.2501166658574121,-2.2121776933494037,2.726223608555273,0.0385073
0.2501166658574121,-0.2688363096010242,3.1746870048049,0.0271445
0.2501166658574121,0.6280904828982274,-0.7119957626918589,0.0132142
0.2501166658574121,1.525017275397479,1.978784614805897,-0.00335384
0.39960446460728605,-2.6606410895990296,-0.8614835614417338,0.00665171
0.39960446460728605,0.17962708664860205,3.1746870048049,0.0284751
0.39960446460728605,1.2260416778977294,-0.8614835614417338,0.0116012
0.39960446460728605,1.8239928728972297,-0.8614835614417338,0.00685828
0.39960446460728605,2.122968470396981,-0.7119957626918589,0.00517025
0.39960446460728605,2.5714318666466065,0.33441882855726845,0.00569066
0.5490922633571618,-3.856543479598032,-0.11404456769235782,0.0321392
0.5490922633571618,-2.8101288883489044,-0.7119957626918589,0.0116299
0.5490922633571618,-2.6606410895990296,2.1282724135557727,0.0459903
0.5490922633571618,-1.3152509008501516,-1.4594347564412353,0.0219503
0.5490922633571618,1.9734806716471054,-1.0109713601916095,0.00942883
0.5490922633571618,2.5714318666466065,0.633394426057019,0.010568
0.6985800621070375,-4.0060312783479075,1.380833419806395,0.0519792
0.6985800621070375,-3.7070556808481565,1.6798090173061464,0.0502132
0.6985800621070375,-3.408080083348406,1.8292968160560212,0.0483756
0.6985800621070375,-3.2585922845985302,-0.4130201651921084,0.021142
0.6985800621070375,-2.3616654920992786,3.0251992060550243,0.043886
0.6985800621070375,-1.9132020958496527,-0.7119957626918589,0.0165569
0.6985800621070375,0.4786026841483517,-1.7584103539409863,0.0231287
0.6985800621070375,0.927066080397978,-1.3099469576913605,0.0227803
0.6985800621070375,2.421944067896731,-0.8614835614417338,0.00841356
0.6985800621070375,2.5714318666466065,0.7828822248068938,0.0153849
0.6985800621070375,2.7209196653964822,-0.26353236644223266,0.0102408
0.8480678608569123,-3.856543479598032,0.18493102980739362,0.041516
0.8480678608569123,-3.856543479598032,1.380833419806395,0.0529697
0.8480678608569123,-3.7070556808481565,1.5303212185562707,0.0522306
0.8480678608569123,-0.11934851085114939,-2.206873750190612,0.0241345
0.8480678608569123,1.3755294766476034,-1.6089225551911106,0.0214854
0.8480678608569123,1.525017275397479,1.978784614805897,0.0336636
0.997555659606788,-3.408080083348406,1.5303212185562707,0.0519586
0.997555659606788,-2.3616654920992786,3.1746870048049,0.0460816
0.997555659606788,-1.9132020958496527,-0.5625079639419841,0.0206835
0.997555659606788,-0.8667875046005253,-2.206873750190612,0.0241514
0.997555659606788,0.17962708664860205,3.324174803554774,0.0324548
0.997555659606788,0.927066080397978,3.0251992060550243,0.0411947
0.997555659606788,1.525017275397479,-1.9078981526908612,0.0227528
0.997555659606788,1.525017275397479,1.978784614805897,0.0395687
0.997555659606788,2.272456269146857,-1.7584103539409863,0.0194026
0.997555659606788,2.5714318666466065,-1.3099469576913605,0.0131384
1.1470434583566638,-1.9132020958496527,-0.5625079639419841,0.0218063
1.1470434583566638,1.2260416778977294,2.726223608555273,0.0463364
1.2965312571065395,-3.1091044858486554,0.33441882855726845,0.040353
1.2965312571065395,-3.1091044858486554,1.0818578223066453,0.0495433
1.2965312571065395,-2.95961668709878,0.18493102980739362,0.0368702
1.2965312571065395,-2.6606410895990296,1.5303212185562707,0.0484533
1.2965312571065395,-0.11934851085114939,-2.356361548940487,0.0226932
1.2965312571065395,0.3291148853984778,-2.206873750190612,0.0229433
1.2965312571065395,0.6280904828982274,-2.057385951440737,0.0241775
1.2965312571065395,2.421944067896731,-2.057385951440737,0.0245303
1.4460190558564134,-2.95961668709878,0.33441882855726845,0.0394114
1.4460190558564134,-2.95961668709878,0.9323700235567696,0.0461063
1.4460190558564134,-2.511153290849154,-0.26353236644223266,0.027948
1.4460190558564134,-0.7172997058506496,-2.356361548940487,0.0226003
1.4460190558564134,0.7775782816481032,3.0251992060550243,0.0441227
1.4460190558564134,1.3755294766476034,2.2777602123056466,0.0534154
1.4460190558564134,1.6745050741473548,1.5303212185562707,0.0461731
1.4460190558564134,2.870407464146356,-1.6089225551911106,0.0185843
1.5955068546062892,-2.95961668709878,0.9323700235567696,0.0438374
1.5955068546062892,-2.8101288883489044,1.231345621056521,0.0437672
1.5955068546062892,-1.763714297099777,-1.3099469576913605,0.0214409
1.5955068546062892,0.927066080397978,-2.206873750190612,0.0256483
1.5955068546062892,3.019895262896232,-0.11404456769235782,0.00951691
1.7449946533561649,-2.511153290849154,1.978784614805897,0.0396435
1.7449946533561649,-1.4647386996000273,3.6231504010545255,0.0446419
1.7449946533561649,1.6745050741473548,-2.5058493476903627,0.0288078
1.7449946533561649,2.870407464146356,-1.9078981526908612,0.0228497
1.8944824521060388,-3.1091044858486554,0.633394426057019,0.0404214
1.8944824521060388,-2.8101288883489044,-0.26353236644223266,0.0315547
1.8944824521060388,-2.6606410895990296,-0.4130201651921084,0.029272
1.8944824521060388,-2.511153290849154,1.8292968160560212,0.0377192
1.8944824521060388,-2.2121776933494037,-0.7119957626918589,0.0249337
1.8944824521060388,0.4786026841483517,-2.356361548940487,0.0234533
1.8944824521060388,1.2260416778977294,1.8292968160560212,0.0636699
1.8944824521060388,2.122968470396981,-2.5058493476903627,0.02972
2.0439702508559145,-2.95961668709878,1.231345621056521,0.038151
2.0439702508559145,-2.3616654920992786,2.1282724135557727,0.0369958
2.0439702508559145,-1.9132020958496527,-1.4594347564412353,0.0223272
2.0439702508559145,-1.6142264983499022,-2.057385951440737,0.0210755
2.0439702508559145,-0.41832410835089995,-2.655337146440238,0.019991
2.0439702508559145,0.17962708664860205,2.8757114073051486,0.0432139
2.0439702508559145,2.5714318666466065,1.231345621056521,0.0387391
2.1934580496057903,-2.3616654920992786,1.978784614805897,0.0343379
2.1934580496057903,-2.062689894599528,-1.7584103539409863,0.022202
2.1934580496057903,-1.165763102100276,-2.5058493476903627,0.0198766
2.1934580496057903,-0.5678119071007748,-2.8048249451901133,0.0179396
2.1934580496057903,-0.11934851085114939,-2.9543127439399886,0.018212
2.1934580496057903,0.03013928789872633,-2.9543127439399886,0.0188568
2.1934580496057903,0.6280904828982274,-2.655337146440238,0.022217
2.1934580496057903,1.2260416778977294,-2.5058493476903627,0.0258882
2.1934580496057903,1.3755294766476034,1.6798090173061464,0.0785554
2.342945848355666,1.525017275397479,1.8292968160560212,0.089591
2.342945848355666,3.3188708603959833,0.0354432310575179,-0.0176174
2.4924336471055417,-2.3616654920992786,-1.1604591589414848,0.0242825
2.4924336471055417,-2.3616654920992786,-0.8614835614417338,0.025143
2.4924336471055417,0.17962708664860205,2.4272480110555223,0.0469756
2.4924336471055417,0.3291148853984778,-3.253288341439739,0.0196588
2.4924336471055417,0.6280904828982274,1.978784614805897,0.0582607
2.4924336471055417,1.6745050741473548,1.978784614805897,0.0978311
2.4924336471055417,2.421944067896731,1.8292968160560212,0.0787457
2.6419214458554157,-2.511153290849154,-1.3099469576913605,0.0244728
2.6419214458554157,-1.4647386996000273,2.576735809805398,0.0350811
2.6419214458554157,0.17962708664860205,-3.4027761401896144,0.0188152
2.6419214458554157,0.927066080397978,-2.9543127439399886,0.0219902
2.7914092446052914,-2.95961668709878,-0.11404456769235782,0.0301364
2.7914092446052914,-2.511153290849154,-1.0109713601916095,0.0237444
2.7914092446052914,-1.763714297099777,2.2777602123056466,0.0297207
2.7914092446052914,0.4786026841483517,-3.4027761401896144,0.0203306
2.7914092446052914,1.2260416778977294,-2.655337146440238,0.0221924
2.7914092446052914,1.3755294766476034,-2.5058493476903627,0.0228171
2.7914092446052914,3.468358659145859,-0.26353236644223266,-0.0321769
2.940897043355167,-2.95961668709878,1.0818578223066453,0.0277938
2.940897043355167,-2.062689894599528,1.978784614805897,0.0239207
2.940897043355167,-1.4647386996000273,2.4272480110555223,0.0304442
2.940897043355167,0.17962708664860205,-3.5522639389394897,0.0182702
2.940897043355167,2.421944067896731,-2.057385951440737,0.0194607
2.940897043355167,2.5714318666466065,-1.9078981526908612,0.0167858
3.090384842105043,-2.8101288883489044,-0.11404456769235782,0.0253011
3.090384842105043,-2.6606410895990296,-1.1604591589414848,0.0225586
3.090384842105043,-1.016275303350401,2.576735809805398,0.0333609
3.090384842105043,3.019895262896232,-1.0109713601916095,-0.0190391
3.090384842105043,3.617846457895733,0.0354432310575179,-0.0386709
3.2398726408549186,-2.6606410895990296,1.231345621056521,0.020357
3.2398726408549186,-1.763714297099777,2.1282724135557727,0.0230068
3.2398726408549186,-0.8667875046005253,2.576735809805398,0.0343456
3.2398726408549186,2.272456269146857,-1.7584103539409863,0.0128468
3.3893604396047943,-2.3616654920992786,-0.4130201651921084,0.0153861
3.3893604396047943,0.927066080397978,-3.253288341439739,0.0195971
3.3893604396047943,1.3755294766476034,-2.356361548940487,0.0179835
3.3893604396047943,2.122968470396981,-1.6089225551911106,0.0099576
3.53884823835467,2.5714318666466065,1.978784614805897,0.0804665
3.688336037104544,-2.3616654920992786,-0.7119957626918589,0.0097068
3.688336037104544,-1.763714297099777,1.8292968160560212,0.016776
3.688336037104544,-0.8667875046005253,2.4272480110555223,0.0332929
3.688336037104544,-0.7172997058506496,-3.4027761401896144,0.00611034
3.688336037104544,0.6280904828982274,1.6798090173061464,0.0485748
3.688336037104544,2.122968470396981,2.1282724135557727,0.094754
3.837823835854418,-2.511153290849154,-1.0109713601916095,0.0104882
3.837823835854418,-1.9132020958496527,0.33441882855726845,-0.00400525
3.837823835854418,-1.9132020958496527,1.231345621056521,0.00586946
3.837823835854418,-1.6142264983499022,-2.9543127439399886,0.00490571
3.837823835854418,-0.2688363096010242,2.2777602123056466,0.0388699
3.837823835854418,0.17962708664860205,1.978784614805897,0.041698
3.837823835854418,2.870407464146356,-1.0109713601916095,-0.0346369
3.9873116346042936,-2.511153290849154,-2.206873750190612,0.0137949
3.9873116346042936,-2.511153290849154,-1.1604591589414848,0.00885842
3.9873116346042936,-1.763714297099777,0.0354432310575179,-0.0161238
3.9873116346042936,-0.41832410835089995,-3.4027761401896144,0.00588467
3.9873116346042936,1.2260416778977294,-1.7584103539409863,0.017674
3.9873116346042936,3.468358659145859,0.4839066273071433,-0.0356207
4.136799433354169,-2.2121776933494037,-0.8614835614417338,-0.00268698
4.136799433354169,-1.6142264983499022,0.33441882855726845,-0.0247004
4.136799433354169,-1.165763102100276,-2.9543127439399886,-0.000365509
4.136799433354169,-0.2688363096010242,1.978784614805897,0.0337952
4.136799433354169,0.4786026841483517,-3.253288341439739,0.0104585
4.136799433354169,2.421944067896731,1.6798090173061464,0.05557
4.136799433354169,3.1693830616461076,-0.5625079639419841,-0.0458576
4.286287232104045,-1.3152509008501516,0.9323700235567696,-0.0117544
4.286287232104045,-0.5678119071007748,1.8292968160560212,0.0267087
4.286287232104045,-0.11934851085114939,1.5303212185562707,0.024156
4.286287232104045,0.03013928789872633,1.231345621056521,0.0157584
4.286287232104045,0.4786026841483517,-3.1038005426898643,0.00708436
4.286287232104045,0.927066080397978,-2.5058493476903627,0.00605416
4.286287232104045,1.8239928728972297,-1.1604591589414848,-0.00202443
4.435775030853921,-2.2121776933494037,-1.9078981526908612,0.00125078
4.435775030853921,0.7775782816481032,-2.5058493476903627,0.000907302
4.435775030853921,2.122968470396981,-1.0109713601916095,-0.0183348
4.585262829603795,-1.763714297099777,-2.206873750190612,-0.00685647
4.585262829603795,-1.3152509008501516,0.633394426057019,-0.0399962
4.585262829603795,3.019895262896232,0.0354432310575179,-0.0405961
4.73475062835367,1.9734806716471054,1.0818578223066453,0.00683414
4.73475062835367,2.122968470396981,-0.7119957626918589,-0.017932
4.884238427103546,-1.9132020958496527,-1.1604591589414848,-0.0365416
4.884238427103546,1.2260416778977294,-1.6089225551911106,0.00646201
5.033726225853422,0.03013928789872633,-2.5058493476903627,-0.0339052
5.033726225853422,0.03013928789872633,0.7828822248068938,-0.011027
5.033726225853422,1.9734806716471054,0.0354432310575179,-0.0109176
5.033726225853422,1.9734806716471054,0.18493102980739362,-0.0118982
5.183214024603298,-1.3152509008501516,0.4839066273071433,-0.0558314
5.183214024603298,-1.165763102100276,-2.206873750190612,-0.043003
5.183214024603298,-0.41832410835089995,0.7828822248068938,-0.0326715
5.183214024603298,0.3291148853984778,-2.356361548940487,-0.0374035
5.183214024603298,0.7775782816481032,-2.057385951440737,-0.0266886
5.332701823353173,0.17962708664860205,-2.356361548940487,-0.0442905
5.332701823353173,1.3755294766476034,-0.11404456769235782,0.0440501
5.482189622103049,-1.763714297099777,-1.0109713601916095,-0.0602511
5.482189622103049,-0.11934851085114939,-2.356361548940487,-0.0517203
5.482189622103049,1.2260416778977294,-1.1604591589414848,0.0128521
5.482189622103049,1.2260416778977294,-0.11404456769235782,0.0447476
5.631677420852923,-1.4647386996000273,-1.6089225551911106,-0.0609762
5.631677420852923,-0.11934851085114939,0.4839066273071433,-0.0251774
5.631677420852923,0.7775782816481032,-1.7584103539409863,-0.031356
5.781165219602797,0.6280904828982274,-1.7584103539409863,-0.0388668
5.781165219602797,0.7775782816481032,-0.11404456769235782,0.0229902
5.930653018352673,0.7775782816481032,-1.1604591589414848,-0.0184388
6.080140817102548,0.03013928789872633,-0.11404456769235782,-0.0282047
6.229628615852424,0.03013928789872633,-1.4594347564412353,-0.0559227
