-7.477923782890794,-1.3736265554065579,1.3230779609381171,0.020376
-7.477923782890794,-1.009312389643589,1.505235043819602,0.0227373
-7.29576670000931,-3.923825715747335,0.7766067122936651,0.0312819
-7.29576670000931,-3.923825715747335,0.9587637951751491,0.0327442
-7.29576670000931,-2.83088321845843,0.412292546530697,0.0129033
-7.29576670000931,-1.737940721169526,0.412292546530697,0.0051941
-7.29576670000931,-0.46284114099913687,0.412292546530697,0.00709494
-7.113609617127826,-3.559511549984367,1.687392126701086,0.0292218
-7.113609617127826,-2.466569052695463,0.04797838076772809,0.000411524
-7.113609617127826,-2.284411969813978,1.1409208780566331,0.0176088
-6.931452534246342,-3.559511549984367,1.86954920958257,0.0261342
-6.931452534246342,-2.648726135576946,1.687392126701086,0.0176112
-6.931452534246342,0.08363010764531609,1.3230779609381171,0.0060613
-6.7492954513648575,-0.8271553067621049,2.233863375345538,0.0105575
-6.5671383684833735,-4.288139881510304,0.04797838076772809,0.0199972
-6.384981285601889,-4.470296964391787,0.2301354636492121,0.0231471
-6.384981285601889,-3.559511549984367,-0.680649950758208,-0.00116548
-6.2028242027204055,-3.923825715747335,2.051706292464054,0.0170665
-6.2028242027204055,-2.648726135576946,2.233863375345538,-0.000669943
-6.2028242027204055,-2.284411969813978,2.233863375345538,-0.00333281
-6.2028242027204055,0.6301013562897682,1.3230779609381171,-0.048434
-6.2028242027204055,1.3587296878157042,0.04797838076772809,-0.0617045
-6.0206671198389206,-3.1951973842213985,-1.044964116521177,-0.0105137
-6.0206671198389206,-0.6449982238806209,-0.862807033639692,-0.0169633
-6.0206671198389206,0.2657871905268001,-0.498492867876724,-0.0348367
-6.0206671198389206,0.2657871905268001,1.687392126701086,-0.0302893
-6.0206671198389206,1.7230438535786723,0.9587637951751491,-0.0647448
-5.8385100369574365,-3.559511549984367,2.233863375345538,0.00398952
-5.8385100369574365,0.08363010764531609,1.86954920958257,-0.0256757
-5.8385100369574365,1.1765726049342211,-0.680649950758208,-0.0499726
-5.8385100369574365,1.5408867706971892,1.505235043819602,-0.0660998
-5.6563529540759525,-3.923825715747335,2.051706292464054,0.00742358
-5.6563529540759525,-3.559511549984367,2.233863375345538,0.00119425
-5.6563529540759525,2.4516721851046084,0.594449629412181,-0.0238999
-5.6563529540759525,2.9981434337490613,0.04797838076772809,-0.00628767
-5.6563529540759525,3.3624575995120294,0.04797838076772809,0.000967747
-5.474195871194468,-4.105982798628819,1.86954920958257,0.00899684
-5.474195871194468,-3.559511549984367,-1.22712119940266,-0.00932118
-5.474195871194468,0.44794427340828413,-1.044964116521177,-0.0313854
-5.474195871194468,0.6301013562897682,-1.044964116521177,-0.0347109
-5.474195871194468,3.5446146823935143,1.505235043819602,0.0194503
-5.474195871194468,4.0910859310379655,0.594449629412181,0.0178783
-5.474195871194468,4.0910859310379655,0.7766067122936651,0.0202298
-5.2920387883129845,-2.284411969813978,-1.22712119940266,-0.0154303
-5.2920387883129845,2.2695151022231252,-0.498492867876724,-0.0265347
-5.2920387883129845,4.0910859310379655,0.04797838076772809,0.00683691
-5.1098817054314996,-5.198925295917724,0.2301354636492121,0.0287085
-4.9277246225500155,-4.652454047273272,-1.044964116521177,0.00829692
-4.9277246225500155,-1.555783638288042,2.416020458227022,-0.020001
-4.9277246225500155,2.8159863508675764,1.86954920958257,-0.00156057
-4.9277246225500155,3.9089288481564823,-0.680649950758208,-0.0105749
-4.9277246225500155,4.4554000968009335,0.7766067122936651,0.0183557
-4.7455675396685315,-2.83088321845843,-1.5914353651656286,-0.0169633
-4.7455675396685315,4.4554000968009335,0.04797838076772809,0.00777116
-4.563410456787048,-1.92009780405101,-1.409278282284144,-0.00844292
-4.563410456787048,0.44794427340828413,2.233863375345538,-0.0436018
-4.3812533739055635,-5.563239461680692,-0.31633578499523995,0.03461
-4.3812533739055635,-2.83088321845843,-1.7735924480471126,-0.0165533
-4.3812533739055635,3.5446146823935143,-1.409278282284144,-0.0216364
-4.3812533739055635,4.27324301391945,-1.044964116521177,-0.0127162
-4.3812533739055635,4.27324301391945,1.505235043819602,0.0119091
-4.199096291024079,-3.0130403013399145,2.051706292464054,-0.0170945
-4.199096291024079,-2.83088321845843,2.051706292464054,-0.0181181
-4.199096291024079,-2.284411969813978,-1.7735924480471126,-0.0128024
-4.199096291024079,-1.1914694725250738,-1.7735924480471126,-0.00942283
-4.199096291024079,-1.009312389643589,-1.7735924480471126,-0.00932546
-4.199096291024079,2.9981434337490613,2.051706292464054,-0.00673254
-4.199096291024079,3.1803005166305445,2.051706292464054,-0.00449236
-4.199096291024079,4.27324301391945,1.505235043819602,0.00902297
-4.016939208142595,4.0910859310379655,1.687392126701086,0.00297662
-4.016939208142595,4.27324301391945,1.505235043819602,0.00611624
-3.8347821252611114,-5.198925295917724,-0.862807033639692,0.0273728
-3.8347821252611114,-2.284411969813978,-1.9557495309285966,-0.00864111
-3.8347821252611114,-1.1914694725250738,-1.9557495309285966,-0.00714755
-3.8347821252611114,2.2695151022231252,-1.5914353651656286,-0.0109975
-3.8347821252611114,3.1803005166305445,2.051706292464054,-0.00926335
-3.8347821252611114,4.27324301391945,1.505235043819602,0.00347937
-3.8347821252611114,4.819714262563903,0.9587637951751491,0.0161104
-3.8347821252611114,5.3661855112083545,0.594449629412181,0.0247251
-3.6526250423796274,-1.555783638288042,1.687392126701086,-0.00931535
-3.6526250423796274,0.08363010764531609,-1.7735924480471126,-0.00328143
-3.6526250423796274,2.9981434337490613,2.051706292464054,-0.011964
-3.6526250423796274,5.730499676971324,-0.498492867876724,0.0245575
-3.4704679594981434,-4.288139881510304,1.505235043819602,-0.00319349
-3.4704679594981434,0.44794427340828413,1.86954920958257,-0.0208477
-3.4704679594981434,4.27324301391945,-1.7735924480471126,-0.0116069
-3.2883108766166593,-4.105982798628819,1.505235043819602,-0.0070141
-3.2883108766166593,-3.923825715747335,-1.5914353651656286,0.00594254
-3.2883108766166593,0.2657871905268001,1.687392126701086,-0.0136063
-3.2883108766166593,1.9052009364601554,1.86954920958257,-0.0142161
-3.2883108766166593,2.8159863508675764,-1.7735924480471126,-0.0132962
-3.2883108766166593,3.7267717652749974,1.86954920958257,-0.0120329
-3.2883108766166593,4.0910859310379655,1.687392126701086,-0.00773042
-3.2883108766166593,4.4554000968009335,-1.7735924480471126,-0.00782018
-3.1061537937351744,4.0910859310379655,1.687392126701086,-0.0095504
-3.1061537937351744,4.4554000968009335,1.505235043819602,-0.00247226
-3.1061537937351744,5.548342594089839,0.9587637951751491,0.0242682
-2.9239967108536904,-4.834611130154755,-0.13417870211375593,0.0278675
-2.9239967108536904,-0.46284114099913687,1.505235043819602,-0.0105177
-2.9239967108536904,5.184028428326871,-1.409278282284144,0.00863348
-2.7418396279722064,-3.1951973842213985,1.505235043819602,-0.0182269
-2.7418396279722064,-0.28068405811765285,-2.320063696691565,0.00318983
-2.7418396279722064,0.6301013562897682,-2.320063696691565,-0.00818583
-2.7418396279722064,1.7230438535786723,1.687392126701086,-0.00922868
-2.7418396279722064,2.0873580193416403,-2.320063696691565,-0.0157687
-2.7418396279722064,3.1803005166305445,-2.320063696691565,-0.0182536
-2.7418396279722064,4.0910859310379655,-2.137906613810081,-0.00994158
-2.7418396279722064,5.184028428326871,-1.409278282284144,0.0103263
-2.3775254622092383,-3.1951973842213985,-1.9557495309285966,0.0313101
-2.3775254622092383,-1.737940721169526,-2.137906613810081,0.0447637
-2.3775254622092383,-0.46284114099913687,1.3230779609381171,-0.0164314
-2.1953683793277543,-1.737940721169526,-2.320063696691565,0.0491434
-2.1953683793277543,-0.28068405811765285,-2.502220779573049,0.00105722
-2.1953683793277543,1.1765726049342211,-2.502220779573049,-0.00771417
-2.1953683793277543,1.9052009364601554,1.3230779609381171,-0.00688379
-2.1953683793277543,2.4516721851046084,1.3230779609381171,-0.0106337
-2.1953683793277543,5.0018713454453865,1.1409208780566331,0.00651128
-2.1953683793277543,5.548342594089839,-0.862807033639692,0.0243146
-2.0132112964462694,-1.737940721169526,-2.502220779573049,0.0505192
-2.0132112964462694,-0.09852697523616882,1.3230779609381171,-0.0235358
-2.0132112964462694,0.08363010764531609,1.3230779609381171,-0.021925
-2.0132112964462694,0.9944155220527362,3.3268058726344414,0.0308266
-2.0132112964462694,1.3587296878157042,3.1446487897529583,0.0283371
-1.8310542135647854,-4.105982798628819,0.04797838076772809,0.0260117
-1.8310542135647854,-2.83088321845843,-1.9557495309285966,0.0677685
-1.8310542135647854,-0.28068405811765285,-2.6843778624545336,-0.00478946
-1.8310542135647854,0.9944155220527362,-2.502220779573049,-0.00252988
-1.8310542135647854,1.3587296878157042,2.051706292464054,0.00885713
-1.8310542135647854,3.3624575995120294,-2.6843778624545336,-0.0115151
-1.8310542135647854,4.0910859310379655,1.3230779609381171,-0.00842593
-1.8310542135647854,4.819714262563903,-1.9557495309285966,0.010794
-1.8310542135647854,5.3661855112083545,-0.680649950758208,0.025011
-1.6488971306833013,-1.009312389643589,-2.8665349453360176,0.0123844
-1.6488971306833013,-0.8271553067621049,-2.8665349453360176,0.00563735
-1.6488971306833013,-0.09852697523616882,-2.6843778624545336,-0.00768811
-1.6488971306833013,1.1765726049342211,1.505235043819602,-0.00530933
-1.6488971306833013,1.5408867706971892,1.86954920958257,0.00574621
-1.6488971306833013,4.27324301391945,1.1409208780566331,-0.00483144
-1.4667400478018173,3.7267717652749974,1.1409208780566331,-0.0103316
-1.4667400478018173,4.819714262563903,-2.137906613810081,0.0153035
-1.2845829649203333,-2.648726135576946,-2.320063696691565,0.089459
-1.2845829649203333,-1.92009780405101,0.412292546530697,-0.00592042
-1.2845829649203333,-0.28068405811765285,-2.8665349453360176,-0.00622835
-1.2845829649203333,2.0873580193416403,1.86954920958257,0.00615254
-1.2845829649203333,3.1803005166305445,-2.6843778624545336,-0.00442062
-1.1024258820388493,0.6301013562897682,4.055434204160379,0.0276431
-1.1024258820388493,1.9052009364601554,1.3230779609381171,0.00198473
-1.1024258820388493,2.0873580193416403,1.505235043819602,0.00430567
-0.9202687991573644,-2.83088321845843,-1.9557495309285966,0.0901993
-0.9202687991573644,0.44794427340828413,-2.502220779573049,0.000704876
-0.9202687991573644,2.4516721851046084,2.78033462398999,0.0176108
-0.9202687991573644,5.0018713454453865,-0.31633578499523995,0.0195779
-0.7381117162758812,-2.83088321845843,-1.7735924480471126,0.0855648
-0.7381117162758812,-1.555783638288042,0.594449629412181,-0.0146704
-0.7381117162758812,-0.09852697523616882,3.691120038397411,0.0164845
-0.7381117162758812,0.44794427340828413,-2.502220779573049,0.00372713
-0.7381117162758812,0.44794427340828413,4.055434204160379,0.0225567
-0.7381117162758812,4.637557179682418,-2.320063696691565,0.0255791
-0.7381117162758812,4.819714262563903,-0.13417870211375593,0.0149861
-0.5559546333943963,-1.3736265554065579,2.051706292464054,-0.033704
-0.5559546333943963,0.44794427340828413,-2.502220779573049,0.00695212
-0.5559546333943963,2.4516721851046084,0.7766067122936651,-0.00425729
-0.5559546333943963,5.0018713454453865,-0.498492867876724,0.0229816
-0.3737975505129132,-2.102254886932494,0.04797838076772809,0.00273178
-0.3737975505129132,-1.555783638288042,0.7766067122936651,-0.013551
-0.3737975505129132,0.6301013562897682,-2.502220779573049,0.0127346
-0.3737975505129132,1.3587296878157042,4.055434204160379,0.0282091
-0.3737975505129132,1.7230438535786723,3.8732771212788943,0.0304881
-0.19164046763143006,-0.6449982238806209,2.962491706871475,0.00827004
-0.19164046763143006,2.8159863508675764,0.412292546530697,-0.00771283
-0.19164046763143006,4.4554000968009335,-2.137906613810081,0.0322356
-0.19164046763143006,5.0018713454453865,-1.044964116521177,0.0322957
-0.009483384749945145,0.2657871905268001,-2.8665349453360176,0.0104033
-0.009483384749945145,1.9052009364601554,3.691120038397411,0.034013
-0.009483384749945145,3.3624575995120294,0.04797838076772809,-0.00369263
0.17267369813153977,-1.555783638288042,1.505235043819602,-0.0228074
0.17267369813153977,-0.6449982238806209,3.1446487897529583,0.0123701
0.17267369813153977,0.08363010764531609,4.055434204160379,0.0198219
0.17267369813153977,2.6338292679860933,-0.13417870211375593,-0.00510324
0.17267369813153977,4.4554000968009335,-1.5914353651656286,0.0343492
0.3548307810130229,-2.102254886932494,-0.13417870211375593,0.00870674
0.3548307810130229,-1.1914694725250738,-3.959477442624922,0.0469729
0.3548307810130229,0.08363010764531609,-3.4130061939804697,0.0162592
0.3548307810130229,0.2657871905268001,-3.230849111098986,0.0116155
0.3548307810130229,0.44794427340828413,-3.0486920282175016,0.0084232
0.3548307810130229,1.9052009364601554,0.412292546530697,0.0103153
0.3548307810130229,2.2695151022231252,-2.137906613810081,0.0260438
0.3548307810130229,2.6338292679860933,-1.044964116521177,0.0106093
0.3548307810130229,2.6338292679860933,0.9587637951751491,0.021067
0.3548307810130229,2.8159863508675764,1.1409208780566331,0.024779
0.5369878638945078,-2.284411969813978,-3.0486920282175016,0.0426081
0.5369878638945078,0.6301013562897682,4.237591287041862,0.0261991
0.5369878638945078,0.9944155220527362,-2.502220779573049,0.00799057
0.5369878638945078,1.1765726049342211,-2.320063696691565,0.0133219
0.5369878638945078,1.7230438535786723,-2.137906613810081,0.0252919
0.5369878638945078,2.0873580193416403,-1.9557495309285966,0.0253724
0.5369878638945078,2.2695151022231252,3.3268058726344414,0.0315247
0.719144946775991,-2.284411969813978,-0.680649950758208,0.00970548
0.719144946775991,-1.3736265554065579,1.505235043819602,-0.00936002
0.719144946775991,1.7230438535786723,-1.5914353651656286,0.019545
0.719144946775991,1.9052009364601554,-0.31633578499523995,-0.00017809
0.719144946775991,2.6338292679860933,2.962491706871475,0.0299493
0.9013020296574759,-2.466569052695463,-2.320063696691565,0.0251473
0.9013020296574759,-2.466569052695463,-1.7735924480471126,0.0189173
0.9013020296574759,-1.92009780405101,-3.777320359743438,0.0477488
0.9013020296574759,-1.1914694725250738,1.687392126701086,-0.00582937
0.9013020296574759,-0.28068405811765285,3.8732771212788943,0.0252793
0.9013020296574759,-0.09852697523616882,-3.777320359743438,0.02367
0.9013020296574759,1.7230438535786723,3.691120038397411,0.0305254
0.9013020296574759,2.0873580193416403,3.3268058726344414,0.0298483
1.083459112538959,-2.466569052695463,-2.502220779573049,0.0238766
1.083459112538959,-1.92009780405101,0.04797838076772809,-0.000561047
1.083459112538959,-0.6449982238806209,2.233863375345538,0.0125745
1.083459112538959,1.1765726049342211,4.055434204160379,0.0302618
1.083459112538959,1.3587296878157042,-1.22712119940266,0.00759495
1.083459112538959,2.0873580193416403,0.412292546530697,0.00609971
1.083459112538959,2.2695151022231252,0.9587637951751491,0.0202603
1.265616195420444,-1.737940721169526,0.412292546530697,-0.00288368
1.265616195420444,0.9944155220527362,4.055434204160379,0.0312961
1.265616195420444,1.1765726049342211,-2.320063696691565,-0.00151683
1.4477732783019288,-0.6449982238806209,-3.959477442624922,0.0359637
1.4477732783019288,0.6301013562897682,-3.230849111098986,0.00392985
1.4477732783019288,1.9052009364601554,2.962491706871475,0.0273185
1.629930361183412,1.1765726049342211,3.691120038397411,0.0314517
1.8120874440648969,-1.555783638288042,0.04797838076772809,-0.00216679
1.8120874440648969,-1.555783638288042,0.2301354636492121,-0.00511328
1.8120874440648969,1.3587296878157042,3.1446487897529583,0.0309632
1.8120874440648969,1.9052009364601554,2.051706292464054,0.0326032
1.99424452694638,-2.102254886932494,-2.8665349453360176,0.022019
1.99424452694638,1.1765726049342211,-2.6843778624545336,-0.00294203
1.99424452694638,2.0873580193416403,1.505235043819602,0.0272963
2.176401609827865,-2.102254886932494,-2.6843778624545336,0.0177705
2.176401609827865,-1.555783638288042,-0.31633578499523995,-0.00100856
2.176401609827865,-0.28068405811765285,-3.595163276861954,0.0277588
2.358558692709348,2.0873580193416403,-0.498492867876724,0.00767427
2.540715775590833,-0.8271553067621049,-3.595163276861954,0.0366142
2.540715775590833,0.6301013562897682,2.598177541108507,0.0327788
2.540715775590833,0.8122584391712522,2.598177541108507,0.0365492
2.540715775590833,2.0873580193416403,-0.498492867876724,0.0127744
2.722872858472318,-1.737940721169526,-0.498492867876724,-0.00488934
2.722872858472318,1.9052009364601554,-1.22712119940266,0.0108271
2.722872858472318,2.0873580193416403,0.9587637951751491,0.0269643
2.905029941353801,-2.102254886932494,-1.409278282284144,0.00395957
2.905029941353801,-1.92009780405101,-0.862807033639692,-0.00056414
3.087187024235286,-1.737940721169526,-0.498492867876724,-0.000914412
3.087187024235286,-1.555783638288042,1.505235043819602,-0.0499433
3.087187024235286,1.9052009364601554,1.1409208780566331,0.034708
3.269344107116769,-1.009312389643589,2.416020458227022,-0.0495961
3.269344107116769,-0.6449982238806209,-3.777320359743438,0.0415882
3.269344107116769,0.9944155220527362,-2.8665349453360176,0.00913366
3.451501189998254,-1.92009780405101,0.7766067122936651,-0.0378248
3.451501189998254,-1.555783638288042,0.04797838076772809,-0.00247275
3.451501189998254,-0.46284114099913687,-3.777320359743438,0.0422406
3.451501189998254,0.6301013562897682,2.051706292464054,0.0132452
3.451501189998254,0.8122584391712522,-3.0486920282175016,0.0155649
3.633658272879739,-2.284411969813978,1.3230779609381171,-0.0486235
3.633658272879739,-2.284411969813978,1.505235043819602,-0.0509307
3.633658272879739,-1.1914694725250738,2.78033462398999,-0.0534448
3.633658272879739,0.6301013562897682,1.86954920958257,0.00940145
3.633658272879739,0.9944155220527362,1.687392126701086,0.0261817
3.633658272879739,2.0873580193416403,0.594449629412181,0.0549982
3.815815355761222,-2.284411969813978,2.051706292464054,-0.0539235
3.815815355761222,-1.737940721169526,-2.137906613810081,0.0288306
3.815815355761222,-1.737940721169526,-0.31633578499523995,0.0229238
3.815815355761222,0.6301013562897682,-3.0486920282175016,0.021839
3.815815355761222,0.8122584391712522,-2.6843778624545336,0.0123765
3.997972438642707,-2.466569052695463,-1.409278282284144,0.0478734
3.997972438642707,-1.3736265554065579,2.962491706871475,-0.0558107
3.997972438642707,0.08363010764531609,-3.4130061939804697,0.038116
4.18012952152419,-2.83088321845843,-1.22712119940266,0.0496565
4.18012952152419,0.8122584391712522,1.687392126701086,0.0158613
4.362286604405675,-2.648726135576946,-0.13417870211375593,0.026224
4.362286604405675,-0.09852697523616882,-3.0486920282175016,0.0370692
4.362286604405675,2.2695151022231252,-1.22712119940266,0.039759
4.544443687287158,-2.83088321845843,-1.7735924480471126,0.0509428
4.544443687287158,-2.648726135576946,0.04797838076772809,0.0204345
4.544443687287158,-2.648726135576946,1.687392126701086,-0.0480867
4.544443687287158,-2.466569052695463,0.594449629412181,-0.0111555
4.544443687287158,-1.009312389643589,-2.137906613810081,0.0333104
4.544443687287158,1.7230438535786723,1.1409208780566331,0.0410715
4.544443687287158,2.2695151022231252,-1.22712119940266,0.038364
4.726600770168643,0.6301013562897682,2.233863375345538,-0.0155091
4.726600770168643,2.6338292679860933,0.04797838076772809,0.0833131
4.908757853050128,-2.83088321845843,-1.9557495309285966,0.0467671
4.908757853050128,-2.648726135576946,1.687392126701086,-0.0441983
4.908757853050128,0.08363010764531609,-2.137906613810081,-0.00217657
4.908757853050128,1.9052009364601554,0.9587637951751491,0.0437745
5.090914935931611,-2.102254886932494,-2.320063696691565,0.0397507
5.090914935931611,-0.8271553067621049,3.1446487897529583,-0.0595375
5.090914935931611,1.7230438535786723,1.1409208780566331,0.0227903
5.273072018813096,-2.648726135576946,0.594449629412181,0.0108811
5.273072018813096,1.9052009364601554,0.9587637951751491,0.0185443
5.455229101694579,-1.3736265554065579,2.962491706871475,-0.0577933
5.637386184576064,-2.648726135576946,0.7766067122936651,0.0154974
5.637386184576064,-0.46284114099913687,-2.320063696691565,0.0336332
5.637386184576064,0.6301013562897682,-1.7735924480471126,-0.0082737
5.637386184576064,1.1765726049342211,-1.5914353651656286,-0.0138021
5.637386184576064,1.9052009364601554,-0.680649950758208,0.022721
5.637386184576064,2.0873580193416403,0.412292546530697,0.0131237
5.637386184576064,2.0873580193416403,0.7766067122936651,-0.00332693
5.819543267457547,-0.6449982238806209,-2.502220779573049,0.0397384
6.001700350339032,-3.3773544671028826,-0.498492867876724,0.0327394
6.001700350339032,-3.3773544671028826,-0.31633578499523995,0.0327654
6.001700350339032,-2.83088321845843,0.7766067122936651,0.0263432
6.001700350339032,-1.92009780405101,2.051706292464054,-0.0315203
6.001700350339032,1.3587296878157042,-0.862807033639692,-0.00372599
6.001700350339032,1.5408867706971892,-0.680649950758208,-0.00326745
6.183857433220517,-2.83088321845843,-1.7735924480471126,0.0354828
6.183857433220517,-0.09852697523616882,2.416020458227022,-0.0401545
6.183857433220517,0.2657871905268001,-1.5914353651656286,0.0259962
6.366014516102,-1.3736265554065579,1.86954920958257,-0.00613519
6.366014516102,-1.1914694725250738,-2.6843778624545336,0.046124
6.366014516102,-1.009312389643589,-2.6843778624545336,0.0474685
6.548171598983485,-1.555783638288042,1.3230779609381171,0.0321992
6.548171598983485,-1.009312389643589,1.86954920958257,-0.0048111
6.730328681864968,-3.3773544671028826,-0.13417870211375593,0.0452031
6.730328681864968,-0.09852697523616882,-2.137906613810081,0.0454425
6.730328681864968,0.9944155220527362,2.416020458227022,-0.0601381
6.912485764746453,-2.466569052695463,0.9587637951751491,0.0409786
6.912485764746453,0.2657871905268001,2.416020458227022,-0.0574702
6.912485764746453,0.8122584391712522,2.416020458227022,-0.0608517
7.094642847627938,-2.648726135576946,-1.409278282284144,0.0345945
7.094642847627938,-2.466569052695463,-1.5914353651656286,0.0337474
7.094642847627938,-2.284411969813978,-1.7735924480471126,0.0339689
7.094642847627938,-2.102254886932494,-1.9557495309285966,0.0354335
7.094642847627938,-1.009312389643589,1.3230779609381171,0.000199393
7.094642847627938,-0.6449982238806209,1.86954920958257,-0.0327651
7.094642847627938,2.0873580193416403,0.7766067122936651,-0.0517146
7.276799930509419,-1.009312389643589,0.9587637951751491,0.00361295
7.276799930509419,-0.28068405811765285,2.051706292464054,-0.0494375
7.458957013390904,-1.009312389643589,0.2301354636492121,0.0139468
7.458957013390904,-0.46284114099913687,-0.862807033639692,0.0181912
7.641114096272389,-2.648726135576946,0.04797838076772809,0.0488704
7.641114096272389,-1.009312389643589,-1.5914353651656286,0.0363719
7.641114096272389,-1.009312389643589,-0.680649950758208,0.0202554
7.641114096272389,-0.8271553067621049,-1.409278282284144,0.0326441
7.641114096272389,-0.6449982238806209,1.1409208780566331,-0.0319467
7.823271179153874,-0.46284114099913687,0.594449629412181,-0.032628
7.823271179153874,0.08363010764531609,1.687392126701086,-0.0564395
