-7.152426352888255,-0.5528271960933449,0.7002480286675983,-0.0232636
-7.152426352888255,-0.4034499953800035,0.5508708279542587,-0.0232598
-7.003049152174914,-1.2997131996600473,0.9990024300942801,-0.0191598
-6.853671951461573,-1.89722200251341,-0.3453923763257851,-0.0190359
-6.853671951461573,-1.1503359989467068,-0.9429011791791475,-0.0237267
-6.853671951461573,-0.8515815975200258,1.297756831520961,-0.0177735
-6.853671951461573,-0.7022043968066853,-0.9429011791791475,-0.0229344
-6.853671951461573,0.19405880747335846,0.10273922581423633,-0.0168264
-6.853671951461573,0.19405880747335846,0.2521164265275768,-0.0168529
-6.7042947507482324,-0.8515815975200258,1.4471340322343016,-0.0149144
-6.7042947507482324,0.34343600818669895,0.10273922581423633,-0.0133432
-6.7042947507482324,0.34343600818669895,0.2521164265275768,-0.0133874
-6.1067859478948705,-1.4490904003733882,-1.3910327813191694,-0.0158937
-6.1067859478948705,-0.5528271960933449,1.7458884336609835,-0.00133592
-6.1067859478948705,-0.4034499953800035,-1.3910327813191694,-0.0118284
-6.1067859478948705,0.6421904096133799,0.5508708279542587,0.0014554
-5.95740874718153,-0.4034499953800035,1.7458884336609835,0.00293809
-5.95740874718153,0.6421904096133799,-0.3453923763257851,0.00505594
-5.95740874718153,0.6421904096133799,0.7002480286675983,0.00536675
-5.8080315464681895,-2.4947308053667725,-0.3453923763257851,0.000999642
-5.8080315464681895,-2.345353604653432,0.9990024300942801,0.0103346
-5.8080315464681895,-1.1503359989467068,-1.5404099820325103,-0.0107949
-5.8080315464681895,-0.7022043968066853,-1.5404099820325103,-0.00870346
-5.658654345754849,-0.254072794666663,1.7458884336609835,0.0129298
-5.509277145041509,0.49281320890003943,1.1483796308076206,0.0190207
-5.509277145041509,0.6421904096133799,-0.4947695770391256,0.0174213
-5.359899944328167,-2.195976403940091,-0.9429011791791475,0.00365433
-5.359899944328167,-1.1503359989467068,-1.5404099820325103,-0.000637327
-5.359899944328167,-0.7022043968066853,-1.5404099820325103,0.00194457
-5.359899944328167,0.04468160676001798,-1.241655580605829,0.0109223
-5.210522743614827,-2.4947308053667725,0.8496252293809397,0.0239838
-5.210522743614827,-0.254072794666663,-1.3910327813191694,0.011279
-5.210522743614827,0.34343600818669895,-0.9429011791791475,0.0213001
-5.061145542901486,-2.345353604653432,-0.6441467777524665,0.014999
-4.911768342188145,-2.195976403940091,1.4471340322343016,0.0287361
-4.762391141474804,0.04468160676001798,-1.0922783798924884,0.0332135
-4.613013940761464,-1.7478448018000692,-1.0922783798924884,0.0247642
-4.613013940761464,0.19405880747335846,1.596511232947642,0.0482264
-4.613013940761464,1.3890764131800832,-0.3453923763257851,0.0495475
-4.613013940761464,1.8372080153201056,-1.6897871827458508,0.0415644
-4.463636740048123,-2.4947308053667725,1.1483796308076206,0.0212476
-4.463636740048123,-0.4034499953800035,-1.241655580605829,0.0393568
-4.463636740048123,0.6421904096133799,0.9990024300942801,0.0561292
-4.463636740048123,1.2396992124667428,-1.5404099820325103,0.0444573
-4.463636740048123,2.7334712196001494,-0.3453923763257851,0.0378352
-4.314259539334783,0.6421904096133799,-0.3453923763257851,0.0601866
-4.314259539334783,1.3890764131800832,-1.8391643834591913,0.0422857
-4.314259539334783,2.88284842031349,-0.3453923763257851,0.0337337
-4.164882338621442,-1.4490904003733882,2.3433972365143454,-0.001251
-4.164882338621442,-0.8515815975200258,2.3433972365143454,0.0100335
-4.164882338621442,0.49281320890003943,-0.793523978465807,0.0589806
-4.164882338621442,2.1359624167467866,0.2521164265275768,0.0396325
-4.164882338621442,2.88284842031349,-1.6897871827458508,0.0313233
-4.164882338621442,2.88284842031349,-0.19601517561244464,0.0308618
-4.015505137908102,-2.195976403940091,2.0446428350876644,-0.0111448
-4.015505137908102,-0.7022043968066853,-1.3910327813191694,0.0477258
-4.015505137908102,-0.1046955939533234,-1.6897871827458508,0.0466193
-4.015505137908102,1.3890764131800832,0.4014936272409182,0.0504753
-3.8661279371947614,-2.7934852067934535,0.7002480286675983,-0.00479285
-3.8661279371947614,-2.7934852067934535,0.8496252293809397,-0.006693
-3.8661279371947614,-1.2997131996600473,2.4927744372276868,-0.00661659
-3.8661279371947614,-0.8515815975200258,-1.5404099820325103,0.0469587
-3.8661279371947614,0.04468160676001798,-1.9885415841725318,0.0457398
-3.8661279371947614,0.6421904096133799,2.0446428350876644,0.0462108
-3.8661279371947614,0.7915676103267204,-1.8391643834591913,0.0490502
-3.8661279371947614,0.7915676103267204,2.0446428350876644,0.0470165
-3.8661279371947614,1.2396992124667428,-2.1379187848858727,0.0438697
-3.8661279371947614,1.2396992124667428,1.895265634374324,0.0486284
-3.716750736481421,0.6421904096133799,2.194020035801005,0.0443763
-3.716750736481421,0.7915676103267204,2.194020035801005,0.0456366
-3.716750736481421,2.1359624167467866,-2.586050387025894,0.0332908
-3.5673735357680796,-2.345353604653432,-0.4947695770391256,0.00362
-3.5673735357680796,-0.7022043968066853,2.4927744372276868,0.0052332
-3.5673735357680796,2.88284842031349,-2.287295985599213,0.0279724
-3.417996335054739,-2.7934852067934535,1.4471340322343016,-0.0254001
-3.417996335054739,-2.195976403940091,-0.6441467777524665,0.00394813
-3.417996335054739,-2.0465992032267506,2.3433972365143454,-0.0216541
-3.417996335054739,1.0903220117534023,2.3433972365143454,0.0458504
-3.417996335054739,1.9865852160334452,0.8496252293809397,0.0336726
-3.2686191343413995,-2.195976403940091,-0.6441467777524665,0.000353526
-3.2686191343413995,-2.0465992032267506,2.3433972365143454,-0.0220233
-3.2686191343413995,1.687830814606765,2.0446428350876644,0.0448349
-3.2686191343413995,2.285339617460127,-3.0341819891659165,0.0373094
-3.2686191343413995,3.3309800224535113,-1.6897871827458508,0.0209378
-3.2686191343413995,3.779111624593533,-0.19601517561244464,-0.0254284
-3.119241933628058,-2.7934852067934535,1.4471340322343016,-0.028842
-3.119241933628058,-2.644108006080113,1.7458884336609835,-0.0282008
-3.119241933628058,-1.1503359989467068,-2.1379187848858727,0.0420778
-3.119241933628058,-0.4034499953800035,-2.586050387025894,0.0420452
-3.119241933628058,0.6421904096133799,2.4927744372276868,0.0408988
-3.119241933628058,0.7915676103267204,2.4927744372276868,0.0422732
-3.119241933628058,0.9409448110400618,-2.586050387025894,0.0438323
-3.119241933628058,3.9284888253068733,-0.6441467777524665,-0.0251922
-2.9698647329147176,-0.5528271960933449,-2.586050387025894,0.041055
-2.9698647329147176,3.0322256210268304,-2.7354275877392347,0.033217
-2.9698647329147176,3.480357223166852,0.8496252293809397,-0.034339
-2.9698647329147176,3.9284888253068733,0.4014936272409182,-0.0387912
-2.820487532201377,-2.644108006080113,-0.04663797489910415,-0.0202813
-2.820487532201377,0.49281320890003943,-2.586050387025894,0.041592
-2.820487532201377,0.6421904096133799,-2.586050387025894,0.0423342
-2.820487532201377,0.9409448110400618,-2.7354275877392347,0.0416592
-2.820487532201377,3.181602821740171,-2.586050387025894,0.0314948
-2.820487532201377,4.227243226733554,-0.4947695770391256,-0.0364681
-2.6711103314880367,-2.7934852067934535,0.5508708279542587,-0.0266568
-2.6711103314880367,-2.7934852067934535,0.9990024300942801,-0.0282759
-2.6711103314880367,-2.4947308053667725,-0.19601517561244464,-0.0161835
-2.6711103314880367,-2.0465992032267506,2.194020035801005,-0.0148157
-2.6711103314880367,0.19405880747335846,2.4927744372276868,0.0371435
-2.6711103314880367,3.480357223166852,-1.8391643834591913,0.0150273
-2.521733130774696,-1.2997131996600473,-1.9885415841725318,0.0363309
-2.521733130774696,-0.5528271960933449,-2.586050387025894,0.036288
-2.521733130774696,0.04468160676001798,2.4927744372276868,0.0367802
-2.521733130774696,3.6297344238801923,-1.6897871827458508,0.00369731
-2.521733130774696,4.227243226733554,0.4014936272409182,-0.0423582
-2.3723559300613557,-2.644108006080113,0.7002480286675983,-0.022534
-2.3723559300613557,-2.644108006080113,0.8496252293809397,-0.0228558
-2.3723559300613557,-2.4947308053667725,0.10273922581423633,-0.016091
-2.3723559300613557,-2.4947308053667725,1.4471340322343016,-0.0192659
-2.3723559300613557,-2.195976403940091,1.895265634374324,-0.00974771
-2.3723559300613557,-2.0465992032267506,2.0446428350876644,-0.00469434
-2.3723559300613557,-1.1503359989467068,2.4927744372276868,0.0188891
-2.2229787293480143,-1.4490904003733882,-1.241655580605829,0.0339347
-2.2229787293480143,-0.7022043968066853,-2.4366731863125537,0.0316863
-2.2229787293480143,-0.1046955939533234,-2.586050387025894,0.0311793
-2.2229787293480143,0.04468160676001798,-2.586050387025894,0.0318474
-2.2229787293480143,0.6421904096133799,-2.586050387025894,0.0367508
-2.073601528634674,-0.1046955939533234,2.6421516379410273,0.0360835
-2.073601528634674,1.9865852160334452,1.4471340322343016,0.00715552
-2.073601528634674,2.4347168181734675,1.4471340322343016,-0.0167501
-2.073601528634674,4.0778660260202155,-1.3910327813191694,-0.0154616
-1.9242243279213334,-0.4034499953800035,2.791528838654367,0.0329787
-1.9242243279213334,1.3890764131800832,-3.0341819891659165,0.0358326
-1.9242243279213334,1.3890764131800832,2.0446428350876644,0.0381297
-1.9242243279213334,2.4347168181734675,1.4471340322343016,-0.0167676
-1.9242243279213334,2.88284842031349,-2.8848047884525756,0.0406296
-1.9242243279213334,2.88284842031349,1.4471340322343016,-0.0267507
-1.9242243279213334,3.9284888253068733,-1.5404099820325103,-0.0061939
-1.7748471272079929,-2.195976403940091,1.1483796308076206,0.0102709
-1.7748471272079929,1.5384536138934237,-3.0341819891659165,0.0354258
-1.6254699264946524,-0.4034499953800035,2.9409060393677082,0.0329234
-1.6254699264946524,-0.254072794666663,-2.4366731863125537,0.00722997
-1.6254699264946524,2.584094018886808,-2.8848047884525756,0.0414626
-1.6254699264946524,4.376620427446895,-0.793523978465807,-0.0171538
-1.476092725781311,-2.0465992032267506,-1.0922783798924884,0.032941
-1.476092725781311,1.2396992124667428,-2.586050387025894,0.0238854
-1.476092725781311,1.8372080153201056,-2.8848047884525756,0.0348444
-1.476092725781311,1.9865852160334452,1.297756831520961,0.00422121
-1.3267155250679705,-2.195976403940091,0.9990024300942801,0.0249758
-1.3267155250679705,-0.7022043968066853,3.0902832400810487,0.0342467
-1.3267155250679705,1.5384536138934237,2.0446428350876644,0.0393727
-1.3267155250679705,2.285339617460127,1.297756831520961,-0.00335046
-1.3267155250679705,2.584094018886808,-2.4366731863125537,0.0421472
-1.3267155250679705,3.181602821740171,-1.8391643834591913,0.0410433
-1.3267155250679705,3.6297344238801923,0.9990024300942801,-0.0141273
-1.177338324354631,-2.644108006080113,-0.19601517561244464,0.0262619
-1.177338324354631,0.34343600818669895,2.9409060393677082,0.0359305
-1.0279611236412896,-2.345353604653432,-1.241655580605829,0.0271411
-1.0279611236412896,-0.5528271960933449,3.0902832400810487,0.0332124
-1.0279611236412896,-0.254072794666663,-2.586050387025894,-0.018989
-1.0279611236412896,2.1359624167467866,-1.9885415841725318,0.0425755
-1.0279611236412896,4.0778660260202155,0.10273922581423633,0.0111
-0.8785839229279491,-1.2997131996600473,3.0902832400810487,0.0405133
-0.8785839229279491,1.5384536138934237,2.3433972365143454,0.0468969
-0.8785839229279491,1.8372080153201056,0.9990024300942801,0.0278307
-0.8785839229279491,2.1359624167467866,0.9990024300942801,0.0189227
-0.8785839229279491,3.6297344238801923,-1.3910327813191694,0.0501802
-0.8785839229279491,3.779111624593533,-1.241655580605829,0.0448378
-0.7292067222146086,-2.0465992032267506,-1.5404099820325103,0.0215677
-0.7292067222146086,1.0903220117534023,2.791528838654367,0.0464092
-0.7292067222146086,1.8372080153201056,0.8496252293809397,0.0339665
-0.5798295215012681,0.7915676103267204,-2.586050387025894,-0.0214403
-0.5798295215012681,1.0903220117534023,2.791528838654367,0.0474463
-0.5798295215012681,1.8372080153201056,0.7002480286675983,0.0417251
-0.5798295215012681,2.88284842031349,-1.5404099820325103,0.0818364
-0.5798295215012681,3.779111624593533,-0.04663797489910415,0.0548181
-0.4304523207879267,-2.195976403940091,1.7458884336609835,0.0357095
-0.4304523207879267,1.9865852160334452,0.5508708279542587,0.0513166
-0.4304523207879267,2.88284842031349,0.5508708279542587,0.0571769
-0.28107512007458624,-2.4947308053667725,-1.3910327813191694,-0.00666645
-0.28107512007458624,-2.345353604653432,0.7002480286675983,0.0262348
-0.28107512007458624,-0.4034499953800035,-2.4366731863125537,-0.0260057
-0.28107512007458624,1.687830814606765,1.895265634374324,0.0552849
-0.28107512007458624,1.9865852160334452,0.5508708279542587,0.0594131
-0.28107512007458624,2.7334712196001494,0.4014936272409182,0.0725419
-0.13169791936124575,-2.644108006080113,0.4014936272409182,0.0055244
-0.13169791936124575,-2.345353604653432,-1.5404099820325103,-0.0109837
-0.13169791936124575,2.584094018886808,-1.0922783798924884,0.0950926
-0.13169791936124575,2.88284842031349,-1.0922783798924884,0.101365
-0.13169791936124575,3.181602821740171,-0.9429011791791475,0.101823
0.017679281352094733,-3.2416168089334754,-1.3910327813191694,-0.0446237
0.017679281352094733,-3.2416168089334754,0.10273922581423633,-0.0327178
0.017679281352094733,-1.7478448018000692,2.0446428350876644,0.0366306
0.017679281352094733,0.49281320890003943,-2.4366731863125537,-0.0289969
0.017679281352094733,1.9865852160334452,1.1483796308076206,0.0650872
0.017679281352094733,2.285339617460127,0.4014936272409182,0.0758943
0.017679281352094733,2.4347168181734675,-0.6441467777524665,0.0941652
0.16705648206543522,-3.092239608220135,0.4014936272409182,-0.0266095
0.16705648206543522,-0.1046955939533234,-2.287295985599213,-0.0238768
0.16705648206543522,0.04468160676001798,2.6421516379410273,0.0376214
0.16705648206543522,1.2396992124667428,-1.9885415841725318,-0.0177241
0.16705648206543522,1.3890764131800832,-1.8391643834591913,-0.01289
0.3164336827787757,-3.5403712103601563,-1.5404099820325103,-0.0515546
0.3164336827787757,-0.8515815975200258,2.194020035801005,0.0342881
0.3164336827787757,1.5384536138934237,-1.3910327813191694,3.13385e-05
0.3164336827787757,1.9865852160334452,1.4471340322343016,0.0645934
0.3164336827787757,2.285339617460127,-0.19601517561244464,0.0760879
0.4658108834921162,-3.9885028125001787,-0.793523978465807,-0.0541769
0.4658108834921162,-0.254072794666663,2.194020035801005,0.0369321
0.4658108834921162,0.19405880747335846,2.3433972365143454,0.0411485
0.4658108834921162,0.9409448110400618,2.194020035801005,0.0520858
0.6151880842054567,0.9409448110400618,2.0446428350876644,0.0508814
0.7645652849187972,-4.137880013213519,-0.3453923763257851,-0.0538119
0.7645652849187972,-2.9428624075067944,0.8496252293809397,-0.0178228
0.7645652849187972,1.3890764131800832,1.895265634374324,0.0513378
0.9139424856321394,-2.195976403940091,0.9990024300942801,0.0233792
0.9139424856321394,-1.7478448018000692,1.297756831520961,0.0296655
0.9139424856321394,-1.4490904003733882,-1.8391643834591913,0.0110374
1.0633196863454781,-1.2997131996600473,-1.8391643834591913,0.0192737
1.0633196863454781,0.04468160676001798,1.895265634374324,0.0364032
1.0633196863454781,1.5384536138934237,1.895265634374324,0.0465015
1.0633196863454781,2.584094018886808,-0.04663797489910415,0.0613384
1.2126968870588186,-2.7934852067934535,0.9990024300942801,-0.00547851
1.2126968870588186,2.584094018886808,-0.04663797489910415,0.05783
1.3620740877721609,-4.28725721392686,-0.3453923763257851,-0.0548357
1.3620740877721609,-4.137880013213519,0.10273922581423633,-0.0506859
1.3620740877721609,-1.0009587982333663,-1.8391643834591913,0.0295787
1.3620740877721609,-0.1046955939533234,1.895265634374324,0.0300133
1.3620740877721609,0.49281320890003943,2.0446428350876644,0.0318919
1.3620740877721609,2.7334712196001494,0.5508708279542587,0.0599605
1.5114512884854996,-3.6897484110734973,-1.9885415841725318,-0.0537341
1.5114512884854996,-2.195976403940091,1.1483796308076206,0.0315071
1.5114512884854996,-0.1046955939533234,-1.6897871827458508,0.0174418
1.5114512884854996,1.0903220117534023,-1.3910327813191694,0.0158209
1.5114512884854996,2.1359624167467866,1.596511232947642,0.0488021
1.6608284891988419,-4.28725721392686,-0.3453923763257851,-0.0540787
1.6608284891988419,-3.839125611786838,-1.8391643834591913,-0.0547884
1.6608284891988419,-0.254072794666663,-1.6897871827458508,0.0240898
1.6608284891988419,1.2396992124667428,2.0446428350876644,0.0291654
1.6608284891988419,1.9865852160334452,-0.9429011791791475,0.0241024
1.8102056899121823,-4.28725721392686,-0.4947695770391256,-0.0543657
1.8102056899121823,-2.9428624075067944,-2.287295985599213,-0.0403032
1.8102056899121823,-2.7934852067934535,0.9990024300942801,0.00408838
1.8102056899121823,3.181602821740171,0.2521164265275768,0.0456408
1.959582890625521,-4.137880013213519,-0.04663797489910415,-0.048725
1.959582890625521,-3.6897484110734973,0.5508708279542587,-0.0346428
1.959582890625521,-0.1046955939533234,-1.5404099820325103,0.0317801
1.959582890625521,1.687830814606765,-1.241655580605829,0.0129621
1.959582890625521,3.480357223166852,0.2521164265275768,0.0427165
2.1089600913388633,-4.137880013213519,-0.19601517561244464,-0.048548
2.1089600913388633,-3.839125611786838,-1.6897871827458508,-0.0515341
2.1089600913388633,-3.6897484110734973,-1.8391643834591913,-0.0498131
2.258337292052204,-4.137880013213519,-0.4947695770391256,-0.0487861
2.258337292052204,-2.4947308053667725,-2.1379187848858727,-0.0183524
2.258337292052204,-2.195976403940091,1.1483796308076206,0.0340219
2.4077144927655443,-3.5403712103601563,0.4014936272409182,-0.0242485
2.4077144927655443,-2.4947308053667725,0.9990024300942801,0.0243274
2.4077144927655443,-1.2997131996600473,-1.9885415841725318,0.0247925
2.4077144927655443,-0.7022043968066853,1.4471340322343016,0.0379242
2.4077144927655443,1.5384536138934237,2.0446428350876644,0.0220031
2.5570916934788848,-1.89722200251341,1.297756831520961,0.027035
2.5570916934788848,2.4347168181734675,2.194020035801005,0.0244404
2.7064688941922252,-2.4947308053667725,0.9990024300942801,0.0192668
2.7064688941922252,3.181602821740171,2.194020035801005,0.0272629
2.7064688941922252,3.9284888253068733,0.10273922581423633,0.0289938
2.8558460949055657,-2.7934852067934535,0.7002480286675983,0.0169055
2.8558460949055657,-0.8515815975200258,1.4471340322343016,0.0352281
2.8558460949055657,1.5384536138934237,2.194020035801005,0.019066
3.005223295618906,-2.7934852067934535,0.7002480286675983,0.0175718
3.005223295618906,-1.89722200251341,-1.9885415841725318,0.0149573
3.005223295618906,-1.5984676010867287,1.4471340322343016,0.0171297
3.005223295618906,2.88284842031349,2.3433972365143454,0.0201222
3.005223295618906,3.0322256210268304,-0.793523978465807,0.0191718
3.005223295618906,3.480357223166852,-0.4947695770391256,0.0193243
3.1546004963322467,-3.2416168089334754,-0.9429011791791475,0.0202898
3.1546004963322467,-3.2416168089334754,-0.19601517561244464,0.0252523
3.1546004963322467,-0.4034499953800035,-1.8391643834591913,0.0169598
3.1546004963322467,1.0903220117534023,2.194020035801005,0.0160825
3.1546004963322467,1.3890764131800832,-1.3910327813191694,0.0135602
3.303977697045587,3.3309800224535113,-0.793523978465807,0.0193519
3.4533548977589277,-2.7934852067934535,0.7002480286675983,0.0216847
3.4533548977589277,-1.89722200251341,-1.9885415841725318,0.0187339
3.4533548977589277,-1.5984676010867287,1.4471340322343016,0.0123505
3.4533548977589277,-0.1046955939533234,-1.6897871827458508,0.0260791
3.4533548977589277,0.04468160676001798,1.895265634374324,0.0205068
3.4533548977589277,3.9284888253068733,1.596511232947642,0.0236829
3.4533548977589277,4.0778660260202155,0.4014936272409182,0.0210791
3.60273209847227,-2.644108006080113,0.8496252293809397,0.0179514
3.60273209847227,-2.4947308053667725,0.9990024300942801,0.0130127
3.60273209847227,-1.4490904003733882,1.4471340322343016,0.0153027
3.60273209847227,-0.254072794666663,1.7458884336609835,0.0277418
3.60273209847227,-0.1046955939533234,-1.6897871827458508,0.0261039
3.60273209847227,0.19405880747335846,1.895265634374324,0.0205619
3.60273209847227,3.3309800224535113,2.194020035801005,0.0179903
3.60273209847227,3.6297344238801923,-0.6441467777524665,0.0203711
3.60273209847227,3.9284888253068733,-0.04663797489910415,0.0180901
3.60273209847227,4.0778660260202155,0.9990024300942801,0.0221417
3.7521092991856086,-2.195976403940091,-1.8391643834591913,0.0371377
3.7521092991856086,-0.5528271960933449,-1.8391643834591913,0.0136843
3.7521092991856086,0.7915676103267204,2.0446428350876644,0.019145
3.7521092991856086,2.1359624167467866,-1.241655580605829,0.0205489
3.7521092991856086,3.9284888253068733,-0.04663797489910415,0.0181594
3.901486499898949,-3.2416168089334754,-0.4947695770391256,0.0736334
3.901486499898949,-3.092239608220135,0.10273922581423633,0.0578093
3.901486499898949,-2.345353604653432,0.9990024300942801,0.0138644
3.901486499898949,-0.7022043968066853,-1.8391643834591913,0.0117279
3.901486499898949,0.7915676103267204,-1.3910327813191694,0.0244802
3.901486499898949,3.9284888253068733,-0.04663797489910415,0.0185377
3.901486499898949,3.9284888253068733,1.1483796308076206,0.0193228
4.050863700612291,-1.0009587982333663,-1.8391643834591913,0.0108425
4.050863700612291,0.34343600818669895,1.7458884336609835,0.021406
4.050863700612291,3.0322256210268304,-1.241655580605829,0.0274594
4.200240901325632,3.0322256210268304,-1.241655580605829,0.0288539
4.349618102038972,-2.644108006080113,0.4014936272409182,0.046551
4.349618102038972,-2.0465992032267506,0.8496252293809397,0.017125
4.349618102038972,0.9409448110400618,2.0446428350876644,0.0187005
4.349618102038972,3.6297344238801923,1.4471340322343016,0.017072
4.498995302752313,-2.7934852067934535,-1.0922783798924884,0.083316
4.498995302752313,-1.5984676010867287,0.9990024300942801,0.00944894
4.498995302752313,1.3890764131800832,-0.9429011791791475,0.00711293
4.498995302752313,1.3890764131800832,2.4927744372276868,0.0258666
4.498995302752313,1.8372080153201056,-1.0922783798924884,0.0155454
4.648372503465653,-1.7478448018000692,-1.3910327813191694,0.0377605
4.648372503465653,2.584094018886808,-1.241655580605829,0.0266004
4.648372503465653,3.3309800224535113,1.895265634374324,0.0191016
4.648372503465653,3.779111624593533,0.2521164265275768,0.0189101
4.797749704178994,-1.7478448018000692,0.7002480286675983,0.00289351
4.797749704178994,-1.5984676010867287,-1.241655580605829,0.0250956
4.797749704178994,0.7915676103267204,-1.3910327813191694,-0.0150441
4.797749704178994,0.9409448110400618,1.7458884336609835,0.00574146
4.947126904892334,-1.0009587982333663,1.4471340322343016,-0.0173446
4.947126904892334,3.480357223166852,0.7002480286675983,0.0142997
5.096504105605677,-1.1503359989467068,-1.3910327813191694,-0.0162774
5.096504105605677,1.0903220117534023,1.596511232947642,-0.00435437
5.096504105605677,1.687830814606765,-0.6441467777524665,-0.0102731
5.096504105605677,2.4347168181734675,-0.9429011791791475,0.0196627
5.096504105605677,3.3309800224535113,0.7002480286675983,0.0128699
5.245881306319015,-1.89722200251341,-0.19601517561244464,-0.0029189
5.245881306319015,-1.89722200251341,-0.04663797489910415,-0.0060419
5.245881306319015,0.49281320890003943,-1.5404099820325103,-0.0331694
5.245881306319015,1.8372080153201056,-0.4947695770391256,-0.00911821
5.245881306319015,3.0322256210268304,1.1483796308076206,0.011197
5.245881306319015,3.181602821740171,0.5508708279542587,0.0121326
5.395258507032356,-1.4490904003733882,-1.0922783798924884,-0.0241849
5.395258507032356,-1.1503359989467068,1.297756831520961,-0.0346211
5.395258507032356,1.687830814606765,-0.19601517561244464,-0.0263738
5.395258507032356,1.9865852160334452,-0.19601517561244464,-0.00890606
5.395258507032356,2.584094018886808,-0.4947695770391256,0.0149746
5.395258507032356,2.88284842031349,-0.3453923763257851,0.0189077
5.395258507032356,3.0322256210268304,-0.04663797489910415,0.0168416
5.395258507032356,3.0322256210268304,0.10273922581423633,0.0148334
5.544635707745698,-1.7478448018000692,-0.4947695770391256,-0.0262188
5.544635707745698,0.6421904096133799,1.4471340322343016,-0.0400486
5.544635707745698,1.3890764131800832,-0.6441467777524665,-0.0411507
5.694012908459037,-1.7478448018000692,-0.19601517561244464,-0.0359121
5.694012908459037,-1.7478448018000692,0.10273922581423633,-0.0377209
5.694012908459037,-1.4490904003733882,-0.9429011791791475,-0.0384596
5.694012908459037,-0.4034499953800035,-1.5404099820325103,-0.045224
5.694012908459037,0.04468160676001798,-1.5404099820325103,-0.0454572
5.694012908459037,0.49281320890003943,1.4471340322343016,-0.0449088
5.694012908459037,0.7915676103267204,1.297756831520961,-0.0449175
5.694012908459037,1.3890764131800832,-0.4947695770391256,-0.0460626
5.843390109172379,0.6421904096133799,1.297756831520961,-0.0492651
5.843390109172379,1.3890764131800832,-0.19601517561244464,-0.0507959
5.843390109172379,1.3890764131800832,0.2521164265275768,-0.051274
5.9927673098857195,-1.4490904003733882,-0.6441467777524665,-0.049162
5.9927673098857195,0.49281320890003943,-1.241655580605829,-0.0520762
6.142144510599058,-0.7022043968066853,1.1483796308076206,-0.0533938
6.2915217113124005,0.49281320890003943,-0.9429011791791475,-0.0573642
6.440898912025741,-1.0009587982333663,-0.4947695770391256,-0.0603918
6.440898912025741,-0.7022043968066853,-0.793523978465807,-0.0602188
6.440898912025741,-0.254072794666663,-0.9429011791791475,-0.0594194
6.440898912025741,-0.1046955939533234,-0.9429011791791475,-0.0592556
6.59027611273908,-0.254072794666663,-0.6441467777524665,-0.0616064
6.59027611273908,0.49281320890003943,-0.19601517561244464,-0.062358
