-10.37493616036164,1.0819827081278035,-0.5668636215434999,0.0575157
-10.032435737479215,0.9107324966865917,0.11813722422135076,0.0553344
-10.032435737479215,1.4244831310102297,1.8306393386334792,0.0661058
-10.032435737479215,1.9382337653338686,-1.423114678749564,0.050694
-9.861185526038003,0.39698186236295285,1.1456384928686276,0.0594143
-9.861185526038003,1.5957333424514424,0.6318878585449896,0.0542498
-9.861185526038003,2.1094839767750813,0.2893874356625643,0.0503895
-9.68993531459679,1.5957333424514424,-1.936865313073203,0.0540893
-9.518685103155576,-0.45926919484311135,-0.05311298721986191,0.0638847
-9.518685103155576,0.05448143948052664,0.11813722422135076,0.0604891
-9.518685103155576,0.2257316509217402,2.1731397615159054,0.0635452
-9.518685103155576,2.6232346110987192,-1.423114678749564,0.0468115
-9.347434891714364,2.280734188216293,-1.7656151016319899,0.0483075
-9.347434891714364,2.4519843996575066,0.9743882814274158,0.0546131
-9.347434891714364,3.4794856683047843,-0.9093640444259261,0.0578548
-9.347434891714364,3.650735879745996,-0.39561341010228723,0.0623656
-9.347434891714364,3.650735879745996,-0.22436319866107457,0.0628052
-9.17618468027315,-1.829270886372814,-0.05311298721986191,0.0687628
-9.17618468027315,0.2257316509217402,-1.7656151016319899,0.0597703
-9.17618468027315,1.5957333424514424,2.6868903958395434,0.0640996
-9.004934468831937,-1.4867704634903882,-0.5668636215434999,0.0677763
-9.004934468831937,-0.9730198291667502,-0.7381138329847126,0.0651139
-9.004934468831937,-0.2880189834018987,2.0018895500746927,0.0582336
-9.004934468831937,0.05448143948052664,2.344389972957117,0.0602045
-9.004934468831937,0.39698186236295285,-1.936865313073203,0.0584712
-9.004934468831937,2.6232346110987192,1.1456384928686276,0.0555584
-9.004934468831937,3.8219860911872097,-0.5668636215434999,0.0640115
-8.833684257390725,-1.829270886372814,-0.39561341010228723,0.0673524
-8.833684257390725,3.308235456863571,-1.423114678749564,0.0543867
-8.662434045949514,-1.829270886372814,1.4881389157510538,0.0526159
-8.662434045949514,-1.4867704634903882,-0.7381138329847126,0.0657189
-8.662434045949514,-0.8017696177255367,-2.2793657359556283,0.0646038
-8.662434045949514,-0.8017696177255367,-1.423114678749564,0.0620786
-8.662434045949514,0.39698186236295285,-2.108115524514415,0.0573383
-8.4911838345083,-1.829270886372814,1.6593891271922665,0.0516153
-8.4911838345083,-1.144270040607963,-1.423114678749564,0.0629074
-8.4911838345083,1.766983553892655,2.6868903958395434,0.0570284
-8.4911838345083,3.308235456863571,0.8031380699862032,0.0609143
-8.319933623067087,-2.000521097814027,1.4881389157510538,0.0517387
-8.319933623067087,0.05448143948052664,-2.7931163702792667,0.057736
-8.148683411625875,-1.6580206749316013,2.344389972957117,0.0590794
-7.977433200184661,-1.829270886372814,-0.5668636215434999,0.063622
-7.977433200184661,-1.6580206749316013,-1.936865313073203,0.0613491
-7.977433200184661,1.766983553892655,2.6868903958395434,0.0564921
-7.977433200184661,3.650735879745996,-0.9093640444259261,0.0594163
-7.806182988743449,0.05448143948052664,2.6868903958395434,0.0622328
-7.806182988743449,0.5682320738041655,-2.96436658172048,0.0527993
-7.806182988743449,2.9657350339811455,0.9743882814274158,0.0598221
-7.634932777302236,2.794484822539932,1.8306393386334792,0.0629694
-7.634932777302236,3.4794856683047843,0.11813722422135076,0.0610257
-7.29243235441981,-2.3430215206964524,-0.5668636215434999,0.062677
-7.29243235441981,-2.1717713092552393,0.9743882814274158,0.0563868
-7.29243235441981,-1.829270886372814,-1.423114678749564,0.0584961
-7.29243235441981,0.5682320738041655,-3.1356167931616925,0.0513986
-7.29243235441981,1.0819827081278035,-3.306867004602905,0.0550723
-7.29243235441981,1.9382337653338686,2.6868903958395434,0.0670819
-7.29243235441981,3.1369852454223572,0.11813722422135076,0.0598066
-7.29243235441981,3.308235456863571,-0.9093640444259261,0.0549881
-7.29243235441981,3.308235456863571,-0.39561341010228723,0.0574791
-7.121182142978597,-2.3430215206964524,0.46063764710377697,0.0594797
-7.121182142978597,-2.000521097814027,2.1731397615159054,0.0636404
-7.121182142978597,-1.829270886372814,-1.5943648901907772,0.0560243
-7.121182142978597,1.0819827081278035,-3.306867004602905,0.0544035
-6.949931931537384,-2.3430215206964524,-1.0806142558671388,0.0609434
-6.949931931537384,1.4244831310102297,2.6868903958395434,0.0720571
-6.949931931537384,2.794484822539932,-3.1356167931616925,0.0607097
-6.778681720096172,-0.2880189834018987,-3.306867004602905,0.0451248
-6.778681720096172,0.05448143948052664,-3.306867004602905,0.0467059
-6.607431508654959,-2.685521943578878,0.2893874356625643,0.0616137
-6.607431508654959,0.2257316509217402,-3.306867004602905,0.0478341
-6.607431508654959,0.2257316509217402,2.344389972957117,0.0726864
-6.607431508654959,1.253232919569017,2.5156401843983307,0.0803491
-6.4361812972137455,-2.856772155020091,-0.22436319866107457,0.0623961
-6.4361812972137455,-1.6580206749316013,-1.936865313073203,0.0462461
-6.4361812972137455,0.39698186236295285,2.1731397615159054,0.0800499
-6.4361812972137455,0.5682320738041655,2.1731397615159054,0.0831415
-6.264931085772533,-1.4867704634903882,2.0018895500746927,0.0594879
-6.264931085772533,-1.144270040607963,2.344389972957117,0.0636585
-6.264931085772533,-0.2880189834018987,2.344389972957117,0.0682358
-6.09368087433132,-2.856772155020091,-0.39561341010228723,0.0583642
-6.09368087433132,-2.856772155020091,-0.22436319866107457,0.0591629
-6.09368087433132,-1.3155202520491756,-2.621866158838054,0.039903
-6.09368087433132,2.1094839767750813,0.8031380699862032,0.0889648
-5.922430662890107,-1.829270886372814,-1.5943648901907772,0.0386814
-5.922430662890107,-0.630519406284324,2.1731397615159054,0.0563464
-5.922430662890107,0.2257316509217402,2.1731397615159054,0.0855678
-5.751180451448894,-2.3430215206964524,0.6318878585449896,0.054851
-5.579930240007682,2.280734188216293,0.11813722422135076,0.0811274
-5.579930240007682,2.6232346110987192,-0.05311298721986191,0.0783343
-5.408680028566469,2.6232346110987192,-1.7656151016319899,0.0582537
-5.408680028566469,2.6232346110987192,-0.22436319866107457,0.0777873
-5.237429817125256,-1.829270886372814,0.9743882814274158,0.0462227
-5.237429817125256,-1.3155202520491756,1.8306393386334792,0.0382366
-5.237429817125256,1.253232919569017,-1.936865313073203,0.0528883
-5.237429817125256,1.5957333424514424,-1.7656151016319899,0.0539844
-5.237429817125256,1.9382337653338686,-0.05311298721986191,0.0769075
-5.237429817125256,2.1094839767750813,-1.7656151016319899,0.0570233
-5.066179605684043,-1.3155202520491756,1.8306393386334792,0.0393508
-5.066179605684043,1.9382337653338686,-1.423114678749564,0.0597467
-4.894929394242831,-2.5142717321376655,-1.423114678749564,-0.0105544
-4.723679182801617,-1.6580206749316013,1.3168887043098412,0.0489224
-4.5524289713604045,-1.3155202520491756,-2.2793657359556283,-0.00359752
-4.5524289713604045,-1.144270040607963,-2.2793657359556283,0.000875125
-4.5524289713604045,0.05448143948052664,2.1731397615159054,0.0949691
-4.5524289713604045,0.2257316509217402,-1.5943648901907772,0.0500459
-4.5524289713604045,0.5682320738041655,-1.2518644673083514,0.0565224
-4.381178759919193,1.253232919569017,-0.5668636215434999,0.0614432
-4.381178759919193,1.5957333424514424,0.6318878585449896,0.112179
-4.381178759919193,1.5957333424514424,0.8031380699862032,0.122796
-4.209928548477979,-0.630519406284324,2.0018895500746927,0.0705907
-4.209928548477979,1.4244831310102297,-0.05311298721986191,0.0770843
-3.867428125595554,-2.5142717321376655,-1.936865313073203,-0.0121011
-3.867428125595554,-2.1717713092552393,0.8031380699862032,0.0384521
-3.867428125595554,-2.000521097814027,-2.2793657359556283,-0.0108718
-3.867428125595554,0.39698186236295285,2.344389972957117,0.126399
-3.867428125595554,1.5957333424514424,0.46063764710377697,0.0969141
-3.867428125595554,1.5957333424514424,1.6593891271922665,0.156357
-3.6961779141543403,1.766983553892655,1.3168887043098412,0.140995
-3.5249277027131285,0.39698186236295285,2.5156401843983307,0.123995
-3.5249277027131285,0.5682320738041655,-1.0806142558671388,0.0675059
-3.5249277027131285,0.7394822852453791,2.5156401843983307,0.14125
-3.5249277027131285,1.253232919569017,2.344389972957117,0.158058
-3.353677491271915,1.766983553892655,0.2893874356625643,0.0778504
-3.1824272798307014,-2.3430215206964524,-1.936865313073203,-0.00153636
-3.1824272798307014,-0.9730198291667502,2.1731397615159054,0.0551614
-3.1824272798307014,-0.11676877196068602,2.5156401843983307,0.0899283
-3.1824272798307014,1.5957333424514424,-0.22436319866107457,0.0584127
-3.0111770683894896,-0.2880189834018987,-1.7656151016319899,0.0226319
-3.0111770683894896,0.39698186236295285,-1.0806142558671388,0.059355
-3.0111770683894896,1.0819827081278035,2.5156401843983307,0.148607
-2.839926856948276,-1.6580206749316013,-2.108115524514415,0.00913859
-2.6686766455070625,-1.6580206749316013,1.1456384928686276,0.054732
-2.6686766455070625,1.5957333424514424,-0.22436319866107457,0.0559604
-2.4974264340658507,-2.685521943578878,-0.7381138329847126,0.0311428
-2.4974264340658507,-2.1717713092552393,-1.7656151016319899,0.0381319
-2.4974264340658507,-1.3155202520491756,1.8306393386334792,0.0523468
-2.4974264340658507,0.39698186236295285,2.5156401843983307,0.114286
-2.4974264340658507,0.7394822852453791,2.5156401843983307,0.12873
-2.326176222624639,-2.685521943578878,-1.0806142558671388,0.0486893
-2.326176222624639,-0.11676877196068602,-1.2518644673083514,0.0530067
-2.326176222624639,0.7394822852453791,2.5156401843983307,0.123365
-2.326176222624639,0.9107324966865917,2.5156401843983307,0.127327
-2.1549260111834254,-2.5142717321376655,-1.5943648901907772,0.0631629
-2.1549260111834254,-0.9730198291667502,-1.936865313073203,0.0442568
-2.1549260111834254,1.5957333424514424,2.5156401843983307,0.125422
-2.1549260111834254,1.766983553892655,0.8031380699862032,0.0946287
-1.9836757997422136,-1.4867704634903882,-2.108115524514415,0.0578173
-1.9836757997422136,-1.3155202520491756,1.8306393386334792,0.0583533
-1.9836757997422136,0.05448143948052664,2.5156401843983307,0.090537
-1.9836757997422136,2.1094839767750813,1.8306393386334792,0.114622
-1.9836757997422136,2.1094839767750813,2.0018895500746927,0.116901
-1.812425588301,-2.856772155020091,-1.0806142558671388,0.0666775
-1.6411753768597865,-2.5142717321376655,-1.7656151016319899,0.0765285
-1.4699251654185748,-2.5142717321376655,-1.7656151016319899,0.0781996
-1.4699251654185748,-0.11676877196068602,-1.7656151016319899,0.049139
-1.4699251654185748,2.1094839767750813,0.8031380699862032,0.0799991
-1.4699251654185748,2.4519843996575066,1.8306393386334792,0.103095
-1.2986749539773612,1.9382337653338686,3.0293908187219696,0.112198
-1.2986749539773612,2.4519843996575066,1.4881389157510538,0.0928316
-1.1274247425361477,-2.3430215206964524,0.9743882814274158,0.0475348
-1.1274247425361477,-2.1717713092552393,1.1456384928686276,0.0481255
-1.1274247425361477,-0.2880189834018987,-1.936865313073203,0.0506233
-1.1274247425361477,0.39698186236295285,-1.423114678749564,0.0499792
-0.9561745310949359,-2.3430215206964524,-1.7656151016319899,0.0826685
-0.9561745310949359,-0.8017696177255367,2.5156401843983307,0.057005
-0.9561745310949359,0.2257316509217402,-1.5943648901907772,0.0496384
-0.9561745310949359,0.39698186236295285,-1.423114678749564,0.0501776
-0.9561745310949359,2.280734188216293,0.8031380699862032,0.0729231
-0.7849243196537223,-2.685521943578878,-1.2518644673083514,0.0817621
-0.7849243196537223,-2.1717713092552393,1.1456384928686276,0.0491897
-0.7849243196537223,-2.000521097814027,-1.936865313073203,0.0812996
-0.7849243196537223,-1.4867704634903882,-2.108115524514415,0.0709963
-0.7849243196537223,-0.9730198291667502,2.344389972957117,0.0549537
-0.7849243196537223,0.2257316509217402,-1.5943648901907772,0.0499861
-0.7849243196537223,1.766983553892655,-0.05311298721986191,0.0581415
-0.442423896771297,-2.856772155020091,-0.9093640444259261,0.0805228
-0.442423896771297,-1.829270886372814,1.3168887043098412,0.0548584
-0.442423896771297,-1.4867704634903882,-2.108115524514415,0.0756304
-0.442423896771297,-0.9730198291667502,2.344389972957117,0.0543813
-0.442423896771297,1.9382337653338686,0.11813722422135076,0.0582443
-0.442423896771297,2.280734188216293,2.5156401843983307,0.104564
-0.442423896771297,2.4519843996575066,1.6593891271922665,0.0885389
-0.442423896771297,2.4519843996575066,1.8306393386334792,0.0926437
-0.27117368533008346,-2.856772155020091,0.2893874356625643,0.0574801
-0.27117368533008346,-2.685521943578878,0.6318878585449896,0.0532632
-0.27117368533008346,1.766983553892655,-0.05311298721986191,0.0563115
-0.09992347388886991,-3.028022366461304,-0.7381138329847126,0.0814637
-0.09992347388886991,-3.028022366461304,-0.5668636215434999,0.0773872
-0.09992347388886991,-2.1717713092552393,1.1456384928686276,0.0539589
-0.09992347388886991,-1.3155202520491756,1.6593891271922665,0.0624001
0.07132673755234187,0.05448143948052664,3.0293908187219696,0.0672985
0.24257694899355542,-3.028022366461304,-0.05311298721986191,0.072191
0.24257694899355542,0.9107324966865917,-0.5668636215434999,0.0629623
0.24257694899355542,1.253232919569017,2.858140607280756,0.0972135
0.24257694899355542,2.1094839767750813,0.46063764710377697,0.062725
0.4138271604347672,-3.1992725779025166,-1.0806142558671388,0.0984412
0.4138271604347672,-3.1992725779025166,-0.9093640444259261,0.0950033
0.585077371875979,-1.6580206749316013,1.6593891271922665,0.0633452
0.585077371875979,-1.4867704634903882,1.8306393386334792,0.0627038
0.585077371875979,1.5957333424514424,2.6868903958395434,0.103729
0.7563275833171925,-2.685521943578878,0.6318878585449896,0.0727165
0.7563275833171925,-1.144270040607963,-2.2793657359556283,0.087987
0.9275777947584061,-0.11676877196068602,-1.7656151016319899,0.0737656
0.9275777947584061,1.766983553892655,2.6868903958395434,0.1073
0.9275777947584061,1.9382337653338686,0.2893874356625643,0.0687226
1.0988280061996178,-3.028022366461304,-0.22436319866107457,0.0978845
1.2700782176408314,-2.856772155020091,0.11813722422135076,0.098931
1.2700782176408314,-2.1717713092552393,1.1456384928686276,0.0827007
1.2700782176408314,-1.829270886372814,-2.2793657359556283,0.115568
1.2700782176408314,-1.144270040607963,2.1731397615159054,0.073071
1.2700782176408314,0.39698186236295285,-1.2518644673083514,0.0776953
1.2700782176408314,1.4244831310102297,-0.22436319866107457,0.0712299
1.2700782176408314,1.9382337653338686,0.46063764710377697,0.0761793
1.441328429082045,-3.028022366461304,-1.2518644673083514,0.122688
1.441328429082045,-3.028022366461304,-0.22436319866107457,0.111315
1.441328429082045,-1.4867704634903882,1.8306393386334792,0.0798868
1.441328429082045,-0.630519406284324,2.5156401843983307,0.0783434
1.441328429082045,0.39698186236295285,3.0293908187219696,0.0927416
1.6125786405232567,-3.028022366461304,0.11813722422135076,0.114713
1.6125786405232567,-2.685521943578878,0.46063764710377697,0.109485
1.6125786405232567,-2.1717713092552393,0.9743882814274158,0.0988509
1.6125786405232567,0.5682320738041655,3.0293908187219696,0.0995499
1.6125786405232567,1.253232919569017,-0.22436319866107457,0.0785177
1.6125786405232567,2.1094839767750813,1.1456384928686276,0.0936216
1.7838288519644703,-2.685521943578878,-1.5943648901907772,0.12959
1.7838288519644703,-2.3430215206964524,-1.936865313073203,0.12976
1.7838288519644703,1.766983553892655,0.6318878585449896,0.0876867
1.955079063405682,-2.685521943578878,-1.5943648901907772,0.129524
1.955079063405682,-0.11676877196068602,2.5156401843983307,0.09504
2.297579486288109,-3.713023212226155,-0.22436319866107457,0.128463
2.297579486288109,0.05448143948052664,-1.2518644673083514,0.106668
2.297579486288109,1.5957333424514424,1.1456384928686276,0.105302
2.297579486288109,1.766983553892655,2.0018895500746927,0.120009
2.468829697729321,-2.000521097814027,1.3168887043098412,0.1099
2.468829697729321,-0.45926919484311135,-2.108115524514415,0.132056
2.6400799091705345,-3.713023212226155,-0.7381138329847126,0.130864
2.6400799091705345,-3.3705227893437293,-1.2518644673083514,0.130687
2.6400799091705345,-3.1992725779025166,-1.423114678749564,0.130579
2.6400799091705345,-0.8017696177255367,2.0018895500746927,0.100738
2.811330120611748,-2.5142717321376655,-2.2793657359556283,0.135466
2.811330120611748,-2.3430215206964524,-2.4506159473968414,0.136628
2.811330120611748,-0.8017696177255367,2.0018895500746927,0.109347
2.811330120611748,-0.630519406284324,-2.4506159473968414,0.140409
2.811330120611748,-0.630519406284324,2.0018895500746927,0.105941
2.982580332052958,-3.713023212226155,-0.7381138329847126,0.132948
3.1538305434941716,-3.5417730007849424,0.46063764710377697,0.127956
3.1538305434941716,-3.1992725779025166,0.8031380699862032,0.125157
3.1538305434941716,-3.028022366461304,-1.5943648901907772,0.13874
3.1538305434941716,-2.5142717321376655,-2.2793657359556283,0.139203
3.1538305434941716,-2.1717713092552393,1.3168887043098412,0.138357
3.1538305434941716,-0.8017696177255367,2.0018895500746927,0.140598
3.1538305434941716,-0.630519406284324,-2.4506159473968414,0.146469
3.1538305434941716,0.2257316509217402,1.6593891271922665,0.0991483
3.325080754935385,-2.856772155020091,-1.7656151016319899,0.142574
3.325080754935385,-2.856772155020091,0.9743882814274158,0.124784
3.325080754935385,-1.829270886372814,2.0018895500746927,0.165332
3.496330966376597,-3.5417730007849424,-0.7381138329847126,0.138256
3.496330966376597,-0.8017696177255367,2.1731397615159054,0.182704
3.496330966376597,-0.11676877196068602,-1.5943648901907772,0.153893
3.496330966376597,0.2257316509217402,1.4881389157510538,0.106769
3.496330966376597,0.39698186236295285,-1.0806142558671388,0.140378
3.6675811778178105,-3.3705227893437293,-0.9093640444259261,0.1434
3.6675811778178105,-2.856772155020091,1.1456384928686276,0.11186
3.6675811778178105,-0.630519406284324,-2.2793657359556283,0.15776
3.6675811778178105,-0.630519406284324,2.1731397615159054,0.185576
3.6675811778178105,1.0819827081278035,-0.7381138329847126,0.147532
3.838831389259024,-2.3430215206964524,-2.108115524514415,0.152309
3.838831389259024,-1.144270040607963,-2.4506159473968414,0.158628
4.181331812141449,-2.685521943578878,-1.7656151016319899,0.157095
4.352582023582663,-3.1992725779025166,-1.423114678749564,0.152385
4.352582023582663,-1.3155202520491756,2.6868903958395434,0.169633
4.352582023582663,1.4244831310102297,0.46063764710377697,0.162392
4.352582023582663,1.5957333424514424,0.2893874356625643,0.164761
4.523832235023875,-2.685521943578878,2.344389972957117,0.0870082
4.523832235023875,-1.3155202520491756,-2.2793657359556283,0.171784
4.523832235023875,0.5682320738041655,-2.4506159473968414,0.162431
4.523832235023875,2.1094839767750813,1.1456384928686276,0.144659
4.523832235023875,2.280734188216293,-0.05311298721986191,0.160476
4.523832235023875,2.280734188216293,1.1456384928686276,0.143877
4.523832235023875,2.794484822539932,0.46063764710377697,0.148803
4.523832235023875,2.794484822539932,0.6318878585449896,0.147126
4.695082446465086,-3.3705227893437293,-1.423114678749564,0.152258
4.695082446465086,-3.1992725779025166,1.8306393386334792,0.0671681
4.695082446465086,-3.028022366461304,-1.7656151016319899,0.155488
4.695082446465086,-2.685521943578878,-1.936865313073203,0.158286
4.695082446465086,-1.6580206749316013,-2.108115524514415,0.172543
4.695082446465086,-1.3155202520491756,2.6868903958395434,0.149949
4.695082446465086,2.6232346110987192,1.3168887043098412,0.138462
4.695082446465086,2.794484822539932,-0.05311298721986191,0.152489
4.866332657906302,-3.3705227893437293,0.11813722422135076,0.129263
4.866332657906302,-3.3705227893437293,1.3168887043098412,0.0698784
4.866332657906302,-0.45926919484311135,-2.96436658172048,0.172973
4.866332657906302,0.05448143948052664,1.4881389157510538,0.146909
4.866332657906302,0.9107324966865917,0.9743882814274158,0.157666
5.0375828693475135,-3.5417730007849424,-0.22436319866107457,0.138297
5.0375828693475135,-3.3705227893437293,0.11813722422135076,0.129257
5.0375828693475135,-3.3705227893437293,0.9743882814274158,0.0796546
5.0375828693475135,-3.3705227893437293,1.3168887043098412,0.0686192
5.0375828693475135,-1.6580206749316013,2.6868903958395434,0.117514
5.0375828693475135,0.9107324966865917,1.1456384928686276,0.154421
5.0375828693475135,1.9382337653338686,1.8306393386334792,0.133693
5.208833080788725,0.2257316509217402,-2.96436658172048,0.172841
5.208833080788725,2.1094839767750813,-1.0806142558671388,0.162964
5.208833080788725,2.1094839767750813,-0.9093640444259261,0.16363
5.208833080788725,2.280734188216293,-1.2518644673083514,0.159662
5.380083292229941,-0.9730198291667502,2.5156401843983307,0.120424
5.380083292229941,0.2257316509217402,-2.96436658172048,0.173799
5.380083292229941,0.7394822852453791,1.6593891271922665,0.151117
5.380083292229941,3.4794856683047843,0.9743882814274158,0.129904
5.551333503671152,-3.5417730007849424,-0.9093640444259261,0.152069
5.551333503671152,-3.5417730007849424,-0.5668636215434999,0.14741
5.551333503671152,-0.630519406284324,-2.96436658172048,0.177233
5.551333503671152,1.766983553892655,2.5156401843983307,0.136797
5.551333503671152,2.9657350339811455,1.8306393386334792,0.129752
5.722583715112364,0.2257316509217402,1.4881389157510538,0.170926
5.722583715112364,2.4519843996575066,2.344389972957117,0.130422
5.722583715112364,2.6232346110987192,-2.7931163702792667,0.142345
5.722583715112364,3.650735879745996,0.6318878585449896,0.128178
5.893833926553576,-2.000521097814027,-1.7656151016319899,0.18167
5.893833926553576,-0.2880189834018987,1.8306393386334792,0.15625
5.893833926553576,0.2257316509217402,1.6593891271922665,0.171633
5.893833926553576,0.39698186236295285,2.0018895500746927,0.16058
5.893833926553576,3.1369852454223572,-1.2518644673083514,0.14007
6.065084137994791,-2.3430215206964524,-1.5943648901907772,0.178483
6.065084137994791,-0.630519406284324,2.0018895500746927,0.143801
6.065084137994791,0.39698186236295285,2.1731397615159054,0.161288
6.236334349436003,-2.685521943578878,1.4881389157510538,0.0809427
6.236334349436003,0.39698186236295285,-2.621866158838054,0.170888
6.236334349436003,3.308235456863571,-0.39561341010228723,0.138109
6.236334349436003,3.8219860911872097,0.46063764710377697,0.129787
6.407584560877218,-2.3430215206964524,0.6318878585449896,0.135518
6.407584560877218,0.39698186236295285,2.344389972957117,0.163071
6.407584560877218,3.4794856683047843,-0.22436319866107457,0.135853
6.407584560877218,3.8219860911872097,0.2893874356625643,0.131871
6.57883477231843,-2.000521097814027,-0.9093640444259261,0.208638
6.57883477231843,-2.000521097814027,-0.05311298721986191,0.195444
6.57883477231843,-2.000521097814027,1.4881389157510538,0.115366
6.57883477231843,0.7394822852453791,-2.96436658172048,0.151132
6.57883477231843,1.0819827081278035,-3.1356167931616925,0.142729
6.57883477231843,2.4519843996575066,-3.1356167931616925,0.131573
6.57883477231843,3.308235456863571,-0.7381138329847126,0.139768
6.57883477231843,3.4794856683047843,-1.2518644673083514,0.132723
6.57883477231843,3.650735879745996,-0.05311298721986191,0.13547
6.57883477231843,3.8219860911872097,1.6593891271922665,0.132587
6.750084983759642,-2.000521097814027,-0.39561341010228723,0.206238
6.750084983759642,-1.4867704634903882,1.4881389157510538,0.166352
6.750084983759642,0.2257316509217402,2.0018895500746927,0.178467
6.750084983759642,2.794484822539932,-2.96436658172048,0.129502
6.750084983759642,3.993236302628423,0.46063764710377697,0.137058
6.921335195200854,1.9382337653338686,-3.306867004602905,0.132148
7.0925854066420655,-0.2880189834018987,1.6593891271922665,0.209957
7.0925854066420655,0.39698186236295285,2.1731397615159054,0.169169
7.0925854066420655,1.253232919569017,2.858140607280756,0.147773
7.0925854066420655,3.4794856683047843,-0.5668636215434999,0.142992
7.0925854066420655,3.650735879745996,-2.108115524514415,0.129795
7.263835618083281,0.2257316509217402,-2.96436658172048,0.162891
7.263835618083281,1.4244831310102297,-3.4781172160441183,0.137223
7.435085829524493,0.05448143948052664,1.6593891271922665,0.190207
7.435085829524493,1.5957333424514424,2.6868903958395434,0.141005
7.435085829524493,2.280734188216293,2.5156401843983307,0.130035
7.606336040965708,-1.4867704634903882,0.46063764710377697,0.204718
7.606336040965708,-0.45926919484311135,-1.936865313073203,0.218943
7.606336040965708,3.1369852454223572,-2.7931163702792667,0.12884
7.777586252406916,0.2257316509217402,2.0018895500746927,0.168225
7.777586252406916,2.1094839767750813,-3.306867004602905,0.130347
7.777586252406916,2.6232346110987192,2.1731397615159054,0.130939
7.9488364638481315,-1.6580206749316013,-0.5668636215434999,0.225089
7.9488364638481315,-1.144270040607963,-1.5943648901907772,0.237303
7.9488364638481315,-0.45926919484311135,1.6593891271922665,0.177238
7.9488364638481315,-0.11676877196068602,-2.108115524514415,0.19033
7.9488364638481315,0.9107324966865917,-3.4781172160441183,0.147999
7.9488364638481315,0.9107324966865917,2.1731397615159054,0.152781
7.9488364638481315,1.5957333424514424,-3.4781172160441183,0.136811
8.120086675289343,-1.4867704634903882,-0.5668636215434999,0.22483
8.120086675289343,-1.3155202520491756,-1.2518644673083514,0.235938
8.120086675289343,-0.45926919484311135,-1.5943648901907772,0.220046
8.120086675289343,0.05448143948052664,2.1731397615159054,0.162023
8.120086675289343,0.2257316509217402,-2.96436658172048,0.16287
8.120086675289343,1.253232919569017,-3.4781172160441183,0.142603
8.120086675289343,1.9382337653338686,-3.306867004602905,0.131893
8.120086675289343,3.1369852454223572,-0.05311298721986191,0.156858
8.120086675289343,3.4794856683047843,-0.5668636215434999,0.152323
8.120086675289343,3.650735879745996,-2.2793657359556283,0.138316
8.291336886730559,-1.144270040607963,-1.0806142558671388,0.230164
8.291336886730559,-0.9730198291667502,-1.2518644673083514,0.229042
8.291336886730559,1.766983553892655,-3.306867004602905,0.13423
8.291336886730559,2.1094839767750813,-3.1356167931616925,0.129573
8.291336886730559,2.9657350339811455,1.4881389157510538,0.14401
8.46258709817177,-0.630519406284324,-1.2518644673083514,0.210874
8.46258709817177,1.253232919569017,-3.306867004602905,0.143133
8.46258709817177,2.9657350339811455,-0.22436319866107457,0.157505
8.46258709817177,3.650735879745996,-1.0806142558671388,0.150591
8.633837309612986,-0.9730198291667502,0.11813722422135076,0.174821
8.633837309612986,-0.2880189834018987,2.1731397615159054,0.156259
8.633837309612986,0.05448143948052664,2.344389972957117,0.153559
8.633837309612986,2.9657350339811455,-0.39561341010228723,0.15552
8.805087521054194,1.253232919569017,-2.96436658172048,0.142682
8.805087521054194,2.9657350339811455,0.6318878585449896,0.152813
8.97633773249541,-0.9730198291667502,-0.5668636215434999,0.174756
8.97633773249541,0.2257316509217402,-1.7656151016319899,0.165681
8.97633773249541,0.9107324966865917,-2.4506159473968414,0.149246
8.97633773249541,1.4244831310102297,-2.621866158838054,0.138901
9.147587943936621,1.766983553892655,-1.5943648901907772,0.13985
9.147587943936621,1.766983553892655,1.8306393386334792,0.130325
9.147587943936621,2.1094839767750813,1.6593891271922665,0.133242
9.147587943936621,2.280734188216293,-1.423114678749564,0.140279
9.490088366819048,0.2257316509217402,2.1731397615159054,0.14118
9.490088366819048,0.7394822852453791,2.1731397615159054,0.13567
9.490088366819048,2.280734188216293,-0.9093640444259261,0.140794
9.490088366819048,2.9657350339811455,0.6318878585449896,0.14976
9.661338578260263,1.766983553892655,1.6593891271922665,0.128438
9.832588789701472,-0.8017696177255367,-0.5668636215434999,0.151468
9.832588789701472,1.5957333424514424,-1.0806142558671388,0.132624
9.832588789701472,1.9382337653338686,-0.9093640444259261,0.134079
9.832588789701472,2.6232346110987192,-0.39561341010228723,0.144534
10.003839001142683,-0.45926919484311135,-1.0806142558671388,0.15353
10.003839001142683,1.0819827081278035,-1.2518644673083514,0.135367
10.003839001142683,2.1094839767750813,1.3168887043098412,0.134341
10.175089212583899,2.1094839767750813,1.1456384928686276,0.135201
10.34633942402511,0.9107324966865917,-0.9093640444259261,0.132537
10.34633942402511,1.0819827081278035,0.9743882814274158,0.127682
10.34633942402511,1.4244831310102297,-0.5668636215434999,0.127947
10.34633942402511,1.9382337653338686,0.9743882814274158,0.133604
10.517589635466326,0.5682320738041655,0.11813722422135076,0.128818
10.517589635466326,1.9382337653338686,0.2893874356625643,0.13414
