-7.914063700313529,-1.2930180496206347,0.5626667171044737,0.117735
-7.750333097002259,-1.4567486529319043,-0.09225569614060536,0.110841
-7.422871890379719,-1.1292874463093652,1.5450503369720927,0.124786
-7.2591412870684495,0.34428798349206335,-0.2559862994518749,0.0904066
-7.2591412870684495,0.34428798349206335,0.7263973204157441,0.0921385
-6.9316800804459096,-2.4391322727995237,0.39893611379320415,0.113462
-6.9316800804459096,-2.4391322727995237,0.5626667171044737,0.115348
-6.9316800804459096,-1.2930180496206347,-1.7295617292533034,0.121513
-6.9316800804459096,0.5080185868033329,-0.7471781093856844,0.0932362
-6.9316800804459096,0.9992103967371433,1.5450503369720927,0.11005
-6.76794947713464,-0.4743650330642861,1.7087809402833631,0.12124
-6.76794947713464,0.016826776869523385,1.7087809402833631,0.115876
-6.76794947713464,0.8354797934258729,-0.5834475060744149,0.0909259
-6.76794947713464,1.490402206670952,1.3813197336608232,0.110043
-6.6042188738233705,0.18055738018079293,-1.5658311259420334,0.113854
-6.6042188738233705,1.3266716033596824,-0.2559862994518749,0.0957733
-6.6042188738233705,1.6541328099822215,0.7263973204157441,0.10315
-6.4404882705121,-2.4391322727995237,0.8901279237270137,0.112855
-6.4404882705121,-1.2930180496206347,-2.0570229358758434,0.131312
-6.4404882705121,0.6717491901146033,-1.0746393160082244,0.101576
-6.2767576672008305,-2.4391322727995237,-0.2559862994518749,0.105164
-6.2767576672008305,-2.111671066176984,-1.2383699193194944,0.114383
-6.2767576672008305,1.3266716033596824,-0.7471781093856844,0.103824
-6.2767576672008305,1.817863413293491,-0.09225569614060536,0.106219
-6.113027063889561,-0.3106344297530157,2.036242146905903,0.131752
-6.113027063889561,1.3266716033596824,-0.9109087126969548,0.109212
-6.113027063889561,1.9815940166047614,-0.09225569614060536,0.110285
-5.9492964605782905,-2.275401669488254,-0.9109087126969548,0.110182
-5.9492964605782905,-2.111671066176984,1.3813197336608232,0.116421
-5.9492964605782905,-1.9479404628657147,1.5450503369720927,0.12057
-5.9492964605782905,-0.9655568429980956,1.8725115435946327,0.137466
-5.9492964605782905,1.9815940166047614,1.8725115435946327,0.123569
-5.78556585726702,0.34428798349206335,-1.5658311259420334,0.127009
-5.6218352539557515,-2.111671066176984,-1.2383699193194944,0.118138
-5.6218352539557515,-1.7842098595544442,-1.7295617292533034,0.130238
-5.6218352539557515,0.8354797934258729,2.6911645601509813,0.132861
-5.6218352539557515,2.3090552232273005,0.23520551048193372,0.117646
-5.458104650644481,-1.1292874463093652,-2.0570229358758434,0.143289
-5.458104650644481,-0.14690382644174615,2.363703353528442,0.131337
-5.2943740473332115,2.145324619916032,1.3813197336608232,0.117857
-5.130643444021942,-1.4567486529319043,-1.7295617292533034,0.141339
-5.130643444021942,-1.1292874463093652,-1.8932923325645734,0.146926
-5.130643444021942,-0.4743650330642861,-1.8932923325645734,0.150855
-5.130643444021942,-0.3106344297530157,2.363703353528442,0.131432
-5.130643444021942,-0.14690382644174615,-1.7295617292533034,0.149711
-4.9669128407106715,-2.111671066176984,-0.9109087126969548,0.12525
-4.803182237399402,-2.111671066176984,2.363703353528442,0.141269
-4.803182237399402,-1.2930180496206347,2.6911645601509813,0.142919
-4.803182237399402,1.6541328099822215,-1.2383699193194944,0.145536
-4.803182237399402,2.3090552232273005,0.5626667171044737,0.124442
-4.6394516340881315,-2.6028628761107933,1.0538585270382832,0.123564
-4.6394516340881315,0.016826776869523385,2.363703353528442,0.124709
-4.6394516340881315,1.490402206670952,2.036242146905903,0.122403
-4.6394516340881315,1.9815940166047614,1.2175891303495527,0.121005
-4.475721030776862,-2.6028628761107933,1.0538585270382832,0.127501
-4.475721030776862,-2.6028628761107933,1.2175891303495527,0.128854
-4.475721030776862,-1.6204792562431747,2.6911645601509813,0.147492
-4.475721030776862,1.3266716033596824,-1.2383699193194944,0.152713
-4.475721030776862,2.3090552232273005,-0.2559862994518749,0.139461
-4.3119904274655925,-1.6204792562431747,-1.8932923325645734,0.150846
-4.3119904274655925,-0.4743650330642861,2.5274339568397117,0.135869
-4.3119904274655925,-0.14690382644174615,2.363703353528442,0.128593
-4.3119904274655925,0.8354797934258729,-1.2383699193194944,0.159154
-4.148259824154323,-2.275401669488254,2.1999727502171718,0.146733
-4.148259824154323,0.9992103967371433,1.8725115435946327,0.123566
-3.9845292208430534,-2.7665934794220632,0.07147490717066418,0.145232
-3.9845292208430534,0.016826776869523385,2.1999727502171718,0.130343
-3.9845292208430534,0.6717491901146033,-1.402100522630764,0.166198
-3.9845292208430534,0.9992103967371433,1.7087809402833631,0.12837
-3.820798617531783,-2.4391322727995237,1.3813197336608232,0.144388
-3.820798617531783,-1.9479404628657147,2.363703353528442,0.153452
-3.820798617531783,0.18055738018079293,2.036242146905903,0.133016
-3.820798617531783,0.8354797934258729,-1.0746393160082244,0.169988
-3.820798617531783,1.162941000048412,1.3813197336608232,0.140277
-3.820798617531783,1.490402206670952,-0.5834475060744149,0.161967
-3.6570680142205134,0.6717491901146033,-1.5658311259420334,0.170548
-3.6570680142205134,1.162941000048412,1.2175891303495527,0.155137
-3.493337410909243,-2.9303240827333332,-1.0746393160082244,0.154101
-3.493337410909243,-2.4391322727995237,0.8901279237270137,0.151785
-3.493337410909243,-1.2930180496206347,-2.384484142498383,0.156928
-3.493337410909243,-0.8018262396868261,2.5274339568397117,0.157551
-3.493337410909243,0.18055738018079293,1.8725115435946327,0.148438
-3.3296068075979735,-1.7842098595544442,2.1999727502171718,0.159588
-3.3296068075979735,0.016826776869523385,2.036242146905903,0.155112
-3.165876204286704,-2.6028628761107933,0.7263973204157441,0.15574
-3.165876204286704,0.34428798349206335,1.7087809402833631,0.168962
-3.165876204286704,0.5080185868033329,-2.220753539187113,0.169946
-3.165876204286704,0.9992103967371433,-1.8932923325645734,0.168246
-3.165876204286704,0.9992103967371433,1.3813197336608232,0.185385
-3.165876204286704,1.3266716033596824,-0.5834475060744149,0.183529
-3.165876204286704,1.6541328099822215,0.7263973204157441,0.182693
-3.0021456009754344,-2.6028628761107933,0.7263973204157441,0.15727
-3.0021456009754344,0.8354797934258729,-2.384484142498383,0.166081
-3.0021456009754344,1.3266716033596824,-1.8932923325645734,0.162856
-2.838414997664164,-0.4743650330642861,-2.384484142498383,0.167111
-2.838414997664164,0.34428798349206335,2.036242146905903,0.166515
-2.838414997664164,1.490402206670952,-2.0570229358758434,0.158968
-2.838414997664164,2.3090552232273005,-0.5834475060744149,0.105281
-2.6746843943528944,-0.4743650330642861,-2.384484142498383,0.165968
-2.6746843943528944,1.9815940166047614,1.0538585270382832,0.131462
-2.510953791041624,-2.275401669488254,1.5450503369720927,0.151861
-2.510953791041624,2.3090552232273005,1.2175891303495527,0.106679
-2.3472231877303544,-2.9303240827333332,-0.7471781093856844,0.164726
-2.3472231877303544,-2.9303240827333332,-0.09225569614060536,0.164119
-2.3472231877303544,-2.4391322727995237,-2.0570229358758434,0.157183
-2.3472231877303544,-1.7842098595544442,2.854895163462251,0.15269
-2.3472231877303544,-1.2930180496206347,-2.548214745809653,0.152368
-2.3472231877303544,0.5080185868033329,2.363703353528442,0.156748
-2.3472231877303544,0.9992103967371433,-2.8756759524321924,0.159986
-2.3472231877303544,1.162941000048412,1.5450503369720927,0.17555
-2.3472231877303544,3.127708239783649,0.8901279237270137,0.103953
-2.3472231877303544,3.45516944640619,0.07147490717066418,0.104639
-2.183492584419084,-2.7665934794220632,0.07147490717066418,0.164407
-2.183492584419084,-2.6028628761107933,0.5626667171044737,0.161387
-2.183492584419084,-1.9479404628657147,2.6911645601509813,0.149919
-2.183492584419084,0.34428798349206335,2.6911645601509813,0.150547
-2.0197619811078154,-1.9479404628657147,2.6911645601509813,0.148478
-2.0197619811078154,1.490402206670952,-2.7119453491209224,0.156154
-2.0197619811078154,3.127708239783649,1.2175891303495527,0.110643
-1.856031377796545,-2.7665934794220632,-1.2383699193194944,0.158693
-1.856031377796545,-2.6028628761107933,-0.7471781093856844,0.162986
-1.856031377796545,-1.6204792562431747,-3.0394065557434624,0.138354
-1.856031377796545,1.490402206670952,2.6911645601509813,0.141001
-1.856031377796545,2.80024703316111,1.5450503369720927,0.103992
-1.6923007744852754,-0.9655568429980956,-3.203137159054732,0.138954
-1.6923007744852754,3.6189000497174604,0.8901279237270137,0.149241
-1.5285701711740058,-2.4391322727995237,-2.8756759524321924,0.13887
-1.5285701711740058,-0.9655568429980956,-3.3668677623660015,0.13707
-1.5285701711740058,-0.6380956363755557,-3.3668677623660015,0.140788
-1.5285701711740058,1.162941000048412,-2.8756759524321924,0.155313
-1.5285701711740058,1.3266716033596824,3.1823563700847917,0.136584
-1.5285701711740058,2.6365164298498414,-1.7295617292533034,0.119033
-1.3648395678627363,-2.7665934794220632,0.39893611379320415,0.15689
-1.3648395678627363,-0.6380956363755557,-3.530598365677272,0.13984
-1.3648395678627363,0.6717491901146033,3.3460869733960603,0.131584
-1.2011089645514659,-2.6028628761107933,-0.7471781093856844,0.145817
-1.2011089645514659,-2.275401669488254,-3.0394065557434624,0.133449
-1.2011089645514659,2.80024703316111,1.7087809402833631,0.116255
-1.2011089645514659,3.2914388430949213,-1.402100522630764,0.119624
-1.0373783612401954,-2.4391322727995237,-0.41971690276314444,0.145737
-1.0373783612401954,0.5080185868033329,-3.0394065557434624,0.152326
-1.0373783612401954,1.490402206670952,3.3460869733960603,0.132896
-1.0373783612401954,2.6365164298498414,-3.0394065557434624,0.136088
-1.0373783612401954,2.80024703316111,1.7087809402833631,0.120254
-0.8736477579289268,-2.111671066176984,2.1999727502171718,0.146346
-0.8736477579289268,0.5080185868033329,3.5098175767073307,0.12407
-0.8736477579289268,0.9992103967371433,3.5098175767073307,0.126035
-0.8736477579289268,2.472785826538571,-3.203137159054732,0.134521
-0.8736477579289268,3.45516944640619,-1.5658311259420334,0.129929
-0.8736477579289268,3.782630653028729,1.0538585270382832,0.188568
-0.7099171546176564,-2.9303240827333332,-1.402100522630764,0.131682
-0.7099171546176564,3.6189000497174604,-1.8932923325645734,0.130449
-0.5461865513063859,-2.6028628761107933,0.07147490717066418,0.131842
-0.5461865513063859,-2.111671066176984,2.036242146905903,0.144538
-0.5461865513063859,0.5080185868033329,-3.203137159054732,0.147367
-0.5461865513063859,2.6365164298498414,-3.3668677623660015,0.13099
-0.5461865513063859,3.6189000497174604,-1.0746393160082244,0.148154
-0.3824559479951173,-2.9303240827333332,-2.0570229358758434,0.132103
-0.3824559479951173,3.6189000497174604,-2.7119453491209224,0.129751
-0.3824559479951173,3.782630653028729,-0.9109087126969548,0.155149
-0.3824559479951173,3.9463612563399995,0.7263973204157441,0.202019
-0.21872534468384686,-3.2577852893558727,-0.9109087126969548,0.106623
-0.21872534468384686,-3.094054686044603,-2.220753539187113,0.129067
-0.21872534468384686,-2.275401669488254,1.5450503369720927,0.140869
-0.21872534468384686,-2.111671066176984,-3.0394065557434624,0.13143
-0.21872534468384686,-1.2930180496206347,3.1823563700847917,0.135419
-0.21872534468384686,1.3266716033596824,3.3460869733960603,0.124516
-0.21872534468384686,1.490402206670952,-3.203137159054732,0.128542
-0.21872534468384686,1.817863413293491,3.0186257667735212,0.13188
-0.21872534468384686,2.3090552232273005,1.7087809402833631,0.135256
-0.054994741372578204,-3.5852464959784127,-1.2383699193194944,0.105537
-0.054994741372578204,-3.4215158926671427,-0.7471781093856844,0.0995508
-0.054994741372578204,-2.4391322727995237,-2.7119453491209224,0.133688
-0.054994741372578204,-2.275401669488254,1.2175891303495527,0.135238
-0.054994741372578204,-0.9655568429980956,-3.8580595722998114,0.138006
-0.054994741372578204,0.016826776869523385,3.673548180018601,0.122519
-0.054994741372578204,1.162941000048412,3.3460869733960603,0.121779
-0.054994741372578204,1.9815940166047614,2.6911645601509813,0.134424
-0.054994741372578204,2.6365164298498414,1.3813197336608232,0.14631
0.108735861938694,-3.4215158926671427,-0.41971690276314444,0.093564
0.108735861938694,0.016826776869523385,3.673548180018601,0.12279
0.108735861938694,1.162941000048412,-3.203137159054732,0.129243
0.108735861938694,1.3266716033596824,3.1823563700847917,0.124159
0.108735861938694,4.11009185965127,0.5626667171044737,0.170373
0.27246646524996265,-4.076438305912222,-2.220753539187113,0.120066
0.27246646524996265,-3.094054686044603,0.07147490717066418,0.0923266
0.27246646524996265,-2.275401669488254,-2.8756759524321924,0.129205
0.27246646524996265,-0.4743650330642861,3.673548180018601,0.127887
0.27246646524996265,0.18055738018079293,-3.3668677623660015,0.142576
0.27246646524996265,1.817863413293491,2.6911645601509813,0.133464
0.4361970685612331,-1.6204792562431747,1.7087809402833631,0.124214
0.4361970685612331,-1.2930180496206347,3.1823563700847917,0.132247
0.4361970685612331,-1.1292874463093652,-3.530598365677272,0.13339
0.4361970685612331,0.6717491901146033,3.3460869733960603,0.119358
0.4361970685612331,1.490402206670952,-3.3668677623660015,0.121767
0.4361970685612331,3.45516944640619,-2.8756759524321924,0.123006
0.4361970685612331,3.9463612563399995,-1.8932923325645734,0.123665
0.5999276718725017,-1.1292874463093652,-3.3668677623660015,0.130438
0.5999276718725017,1.490402206670952,2.854895163462251,0.129891
0.5999276718725017,2.145324619916032,2.6911645601509813,0.134761
0.5999276718725017,4.2738224629625385,0.7263973204157441,0.145048
0.5999276718725017,4.437553066273809,-1.402100522630764,0.119473
0.7636582751837722,-3.5852464959784127,-3.203137159054732,0.125442
0.7636582751837722,-2.111671066176984,-3.0394065557434624,0.116942
0.7636582751837722,-0.9655568429980956,-3.203137159054732,0.128424
0.7636582751837722,-0.4743650330642861,-3.203137159054732,0.133568
0.7636582751837722,-0.14690382644174615,-3.0394065557434624,0.135815
0.7636582751837722,1.9815940166047614,-3.3668677623660015,0.117069
0.7636582751837722,3.45516944640619,-2.7119453491209224,0.121072
0.9273888784950426,-2.6028628761107933,0.5626667171044737,0.0932814
0.9273888784950426,-1.2930180496206347,2.6911645601509813,0.1258
0.9273888784950426,-0.9655568429980956,3.1823563700847917,0.126886
0.9273888784950426,0.18055738018079293,-2.8756759524321924,0.136374
0.9273888784950426,0.6717491901146033,3.0186257667735212,0.120487
0.9273888784950426,1.817863413293491,-3.3668677623660015,0.118053
0.9273888784950426,2.9639776364723804,1.8725115435946327,0.138159
0.9273888784950426,4.2738224629625385,-1.8932923325645734,0.116079
0.9273888784950426,4.76501427289635,-1.0746393160082244,0.115889
1.0911194818063112,-1.2930180496206347,-2.8756759524321924,0.111212
1.0911194818063112,-0.6380956363755557,-2.7119453491209224,0.118631
1.0911194818063112,-0.14690382644174615,-2.548214745809653,0.126945
1.0911194818063112,1.6541328099822215,-3.3668677623660015,0.11989
1.0911194818063112,4.2738224629625385,-2.0570229358758434,0.115253
1.2548500851175817,-4.240168909223492,-2.7119453491209224,0.121314
1.2548500851175817,-3.094054686044603,0.5626667171044737,0.0831555
1.2548500851175817,0.5080185868033329,2.854895163462251,0.113874
1.2548500851175817,0.8354797934258729,2.854895163462251,0.118105
1.2548500851175817,3.45516944640619,-2.7119453491209224,0.119358
1.4185806884288503,-4.403899512534761,-1.7295617292533034,0.108116
1.4185806884288503,-4.076438305912222,-0.09225569614060536,0.0787951
1.4185806884288503,-1.4567486529319043,-2.8756759524321924,0.0988258
1.4185806884288503,-0.9655568429980956,2.363703353528442,0.108352
1.4185806884288503,0.016826776869523385,-2.384484142498383,0.12239
1.4185806884288503,0.8354797934258729,-3.203137159054732,0.129592
1.4185806884288503,2.3090552232273005,-3.0394065557434624,0.118343
1.5823112917401225,-0.3106344297530157,-2.220753539187113,0.10498
1.5823112917401225,0.5080185868033329,2.854895163462251,0.0981228
1.5823112917401225,0.6717491901146033,2.854895163462251,0.102909
1.5823112917401225,1.162941000048412,3.0186257667735212,0.113915
1.5823112917401225,1.817863413293491,3.1823563700847917,0.122006
1.5823112917401225,2.472785826538571,-2.8756759524321924,0.119367
1.5823112917401225,2.472785826538571,3.0186257667735212,0.12738
1.5823112917401225,3.45516944640619,1.0538585270382832,0.125882
1.5823112917401225,4.437553066273809,-2.220753539187113,0.115143
1.7460418950513912,-0.6380956363755557,2.6911645601509813,0.0831096
1.7460418950513912,1.817863413293491,-3.0394065557434624,0.119691
1.7460418950513912,3.127708239783649,2.036242146905903,0.125292
1.9097724983626598,-4.403899512534761,-1.0746393160082244,0.0995577
1.9097724983626598,-2.275401669488254,1.7087809402833631,0.0889521
1.9097724983626598,-0.4743650330642861,2.854895163462251,0.0711904
1.9097724983626598,2.472785826538571,-2.7119453491209224,0.118363
1.9097724983626598,4.601283669585078,-2.0570229358758434,0.114574
2.0735031016739303,-1.7842098595544442,2.036242146905903,0.0924457
2.0735031016739303,4.601283669585078,-2.0570229358758434,0.1154
2.0735031016739303,4.601283669585078,-0.41971690276314444,0.106808
2.2372337049852007,-3.5852464959784127,-2.7119453491209224,0.107856
2.2372337049852007,-1.6204792562431747,-2.7119453491209224,0.0810225
2.2372337049852007,1.817863413293491,3.0186257667735212,0.1119
2.2372337049852007,3.9463612563399995,0.5626667171044737,0.102871
2.2372337049852007,4.437553066273809,-0.2559862994518749,0.105694
2.400964308296471,-4.567630115846032,-1.2383699193194944,0.108676
2.400964308296471,-2.6028628761107933,1.7087809402833631,0.0874354
2.400964308296471,-2.275401669488254,1.8725115435946327,0.0881878
2.400964308296471,-1.7842098595544442,-2.7119453491209224,0.0792302
2.400964308296471,-0.9655568429980956,-1.8932923325645734,0.081809
2.400964308296471,1.9815940166047614,-2.220753539187113,0.11215
2.400964308296471,3.45516944640619,1.2175891303495527,0.0976573
2.400964308296471,4.601283669585078,-1.8932923325645734,0.115208
2.5646949116077398,-2.9303240827333332,1.5450503369720927,0.0878344
2.5646949116077398,-0.6380956363755557,-1.402100522630764,0.0849973
2.5646949116077398,0.34428798349206335,-1.2383699193194944,0.0812971
2.5646949116077398,0.6717491901146033,-1.402100522630764,0.0834835
2.5646949116077398,1.162941000048412,2.854895163462251,0.0833911
2.5646949116077398,1.490402206670952,-1.8932923325645734,0.0995321
2.5646949116077398,2.80024703316111,2.036242146905903,0.107345
2.5646949116077398,3.127708239783649,-2.7119453491209224,0.118436
2.72842551491901,-4.567630115846032,-1.5658311259420334,0.115757
2.72842551491901,-2.7665934794220632,1.7087809402833631,0.0867014
2.72842551491901,-2.4391322727995237,1.8725115435946327,0.0858013
2.72842551491901,4.2738224629625385,-2.220753539187113,0.119898
2.8921561182302806,0.18055738018079293,-1.0746393160082244,0.0758059
2.8921561182302806,4.11009185965127,-0.5834475060744149,0.100976
3.0558867215415493,-1.9479404628657147,-2.384484142498383,0.0740203
3.0558867215415493,1.6541328099822215,-1.8932923325645734,0.087356
3.0558867215415493,2.80024703316111,-2.220753539187113,0.112647
3.0558867215415493,3.9463612563399995,0.23520551048193372,0.0815528
3.2196173248528197,-4.731360719157301,-1.402100522630764,0.120292
3.2196173248528197,-4.403899512534761,-1.8932923325645734,0.118604
3.2196173248528197,-3.4215158926671427,1.2175891303495527,0.097886
3.2196173248528197,-0.9655568429980956,-1.402100522630764,0.0786925
3.2196173248528197,0.016826776869523385,-0.9109087126969548,0.0751172
3.2196173248528197,0.016826776869523385,3.0186257667735212,0.0353127
3.2196173248528197,0.18055738018079293,-0.9109087126969548,0.0731013
3.2196173248528197,0.34428798349206335,3.0186257667735212,0.0383217
3.2196173248528197,1.162941000048412,-1.7295617292533034,0.0755763
3.2196173248528197,3.6189000497174604,1.0538585270382832,0.0703508
3.3833479281640884,-1.6204792562431747,2.1999727502171718,0.0624462
3.3833479281640884,-0.3106344297530157,2.854895163462251,0.0338683
3.3833479281640884,1.162941000048412,-1.7295617292533034,0.0743944
3.3833479281640884,2.6365164298498414,-2.0570229358758434,0.106506
3.3833479281640884,2.80024703316111,-2.0570229358758434,0.109833
3.3833479281640884,2.9639776364723804,1.5450503369720927,0.0737643
3.3833479281640884,3.45516944640619,1.2175891303495527,0.0681635
3.3833479281640884,3.9463612563399995,-0.5834475060744149,0.0941873
3.5470785314753606,-4.731360719157301,-1.2383699193194944,0.123443
3.5470785314753606,-2.275401669488254,2.363703353528442,0.04906
3.5470785314753606,-1.9479404628657147,2.363703353528442,0.0489381
3.5470785314753606,0.18055738018079293,2.854895163462251,0.0323235
3.5470785314753606,0.8354797934258729,2.6911645601509813,0.043371
3.5470785314753606,1.162941000048412,-1.7295617292533034,0.0740628
3.5470785314753606,3.9463612563399995,-0.7471781093856844,0.0965857
3.710809134786629,-3.5852464959784127,1.2175891303495527,0.10629
3.710809134786629,-2.9303240827333332,2.1999727502171718,0.0554954
3.710809134786629,3.9463612563399995,0.07147490717066418,0.076432
3.8745397380978996,-2.7665934794220632,-2.0570229358758434,0.089935
3.8745397380978996,-1.1292874463093652,2.1999727502171718,0.0414444
3.8745397380978996,-0.9655568429980956,-1.0746393160082244,0.0806798
3.8745397380978996,0.6717491901146033,-1.2383699193194944,0.0700809
3.8745397380978996,0.9992103967371433,-1.5658311259420334,0.07284
3.8745397380978996,1.9815940166047614,-2.0570229358758434,0.0900894
3.8745397380978996,3.127708239783649,-2.0570229358758434,0.112939
3.8745397380978996,3.6189000497174604,0.8901279237270137,0.0662801
3.8745397380978996,3.9463612563399995,-1.0746393160082244,0.102631
4.038270341409168,-4.240168909223492,-0.2559862994518749,0.135378
4.038270341409168,-2.7665934794220632,-1.8932923325645734,0.0932887
4.038270341409168,-0.14690382644174615,0.23520551048193372,0.0810951
4.038270341409168,0.34428798349206335,2.363703353528442,0.0314898
4.038270341409168,1.162941000048412,1.8725115435946327,0.0578038
4.202000944720437,-3.9127077026009522,-0.09225569614060536,0.152345
4.202000944720437,-3.7489770992896823,-1.7295617292533034,0.117369
4.202000944720437,-2.9303240827333332,-1.7295617292533034,0.100769
4.202000944720437,-2.4391322727995237,-1.5658311259420334,0.0946024
4.202000944720437,-1.2930180496206347,2.363703353528442,0.0298928
4.202000944720437,-0.9655568429980956,-0.7471781093856844,0.0832353
4.202000944720437,-0.8018262396868261,-0.5834475060744149,0.0819676
4.202000944720437,0.18055738018079293,0.23520551048193372,0.0774451
4.202000944720437,0.5080185868033329,2.036242146905903,0.0368396
4.202000944720437,1.162941000048412,1.7087809402833631,0.0665839
4.202000944720437,3.9463612563399995,-0.2559862994518749,0.0829462
4.365731548031709,-4.076438305912222,-0.9109087126969548,0.134452
4.365731548031709,-1.9479404628657147,-1.0746393160082244,0.0979351
4.365731548031709,-1.4567486529319043,-0.9109087126969548,0.088556
4.365731548031709,-0.9655568429980956,-0.5834475060744149,0.0806054
4.365731548031709,-0.3106344297530157,0.8901279237270137,0.0561006
4.365731548031709,-0.3106344297530157,1.2175891303495527,0.0464374
4.365731548031709,0.18055738018079293,1.2175891303495527,0.0516679
4.365731548031709,0.6717491901146033,1.5450503369720927,0.0568725
4.365731548031709,3.6189000497174604,-1.7295617292533034,0.11236
4.365731548031709,3.6189000497174604,0.5626667171044737,0.0717312
4.529462151342978,-3.4215158926671427,-0.9109087126969548,0.137752
4.529462151342978,-3.094054686044603,-0.9109087126969548,0.135523
4.529462151342978,-2.9303240827333332,-0.9109087126969548,0.132802
4.529462151342978,-2.4391322727995237,-0.9109087126969548,0.118979
4.529462151342978,-2.275401669488254,-0.9109087126969548,0.112983
4.529462151342978,-2.111671066176984,-0.9109087126969548,0.106739
4.529462151342978,0.8354797934258729,-1.0746393160082244,0.076359
4.529462151342978,2.3090552232273005,1.5450503369720927,0.076931
4.693192754654248,-3.5852464959784127,1.5450503369720927,0.117805
4.693192754654248,-2.7665934794220632,2.363703353528442,0.049322
4.693192754654248,-2.111671066176984,2.5274339568397117,0.0319379
4.693192754654248,-0.4743650330642861,0.39893611379320415,0.054045
4.693192754654248,1.9815940166047614,-1.8932923325645734,0.0917731
4.693192754654248,2.6365164298498414,-2.0570229358758434,0.10511
4.856923357965517,-3.4215158926671427,1.7087809402833631,0.10644
4.856923357965517,-0.4743650330642861,0.5626667171044737,0.0466457
4.856923357965517,1.6541328099822215,-1.5658311259420334,0.085331
4.856923357965517,1.817863413293491,1.5450503369720927,0.0862109
4.856923357965517,3.45516944640619,0.23520551048193372,0.0784011
5.020653961276789,1.490402206670952,-1.2383699193194944,0.0834132
5.020653961276789,2.145324619916032,-1.7295617292533034,0.0945934
5.020653961276789,2.6365164298498414,1.0538585270382832,0.0775289
5.184384564588058,-1.1292874463093652,-0.2559862994518749,0.0579713
5.184384564588058,-0.6380956363755557,1.2175891303495527,0.0308516
5.184384564588058,3.45516944640619,-1.0746393160082244,0.100832
5.348115167899326,0.8354797934258729,0.07147490717066418,0.0902953
5.348115167899326,1.162941000048412,-0.41971690276314444,0.0852736
5.348115167899326,1.162941000048412,1.0538585270382832,0.0956126
5.348115167899326,1.9815940166047614,-1.0746393160082244,0.0882527
5.348115167899326,2.3090552232273005,0.8901279237270137,0.0838177
5.348115167899326,2.472785826538571,-1.402100522630764,0.0966875
5.348115167899326,2.80024703316111,-1.402100522630764,0.100573
5.348115167899326,3.127708239783649,-0.41971690276314444,0.0886583
5.511845771210597,-1.4567486529319043,1.8725115435946327,0.0333633
5.511845771210597,1.817863413293491,-0.41971690276314444,0.0858513
5.511845771210597,1.817863413293491,0.8901279237270137,0.0911679
