-7.915228948526205,-0.537599063570096,0.4181113791131619,0.157277
-7.915228948526205,-0.3561166816291941,-0.3078181486504441,0.158042
-7.733746566585303,-0.7190814455109962,0.5995937610540629,0.154033
-7.733746566585303,-0.17463429968829214,-0.670782912532248,0.157985
-7.733746566585303,0.18833046419351174,1.1440409068767687,0.159157
-7.733746566585303,1.0957423738980188,0.23662899717225994,0.157394
-7.552264184644402,-0.7190814455109962,-0.48930053059134604,0.149078
-7.552264184644402,0.7327776100162158,1.1440409068767687,0.153457
-7.3707818027035,-0.7190814455109962,-0.670782912532248,0.147143
-7.189299420762598,-1.263528591333702,0.23662899717225994,0.140656
-7.189299420762598,0.0068480822526097995,1.6884880526994728,0.159549
-7.189299420762598,0.5512952280753147,1.5070056707585708,0.151907
-7.007817038821697,-1.263528591333702,-0.3078181486504441,0.137486
-7.007817038821697,-1.263528591333702,2.7773823443448826,0.163688
-7.007817038821697,-0.537599063570096,-1.0337476764140519,0.148064
-7.007817038821697,0.18833046419351174,2.2329351985221777,0.153935
-6.826334656880795,-1.445010973274603,-0.12633576670954305,0.135195
-6.826334656880795,0.9142599919571177,-1.0337476764140519,0.165026
-6.644852274939894,-0.9005638274518981,3.3218294901675876,0.166827
-6.644852274939894,0.0068480822526097995,-1.578194822236756,0.159084
-6.644852274939894,1.0957423738980188,-1.396712440295854,0.165841
-6.644852274939894,1.2772247558389207,-0.8522652944731499,0.159254
-6.644852274939894,1.2772247558389207,1.3255232888176707,0.136838
-6.644852274939894,1.6401895197207246,0.4181113791131619,0.138076
-6.463369892998992,-1.626493355215505,-0.12633576670954305,0.132339
-6.463369892998992,0.18833046419351174,-2.122641968059461,0.163107
-6.28188751105809,-1.626493355215505,-0.3078181486504441,0.131837
-6.28188751105809,0.5512952280753147,-2.4856067319412642,0.170482
-6.28188751105809,0.5512952280753147,2.7773823443448826,0.143616
-6.28188751105809,1.6401895197207246,-1.578194822236756,0.162744
-6.28188751105809,1.6401895197207246,-1.0337476764140519,0.15471
-6.28188751105809,1.6401895197207246,-0.8522652944731499,0.1521
-6.100405129117188,-0.7190814455109962,-1.7596772041776578,0.145209
-6.100405129117188,1.4587071377798226,-2.304124350000362,0.173424
-5.918922747176287,-0.537599063570096,3.5033118721084886,0.16265
-5.918922747176287,1.8216719016616265,0.4181113791131619,0.132061
-5.737440365235386,-2.1709405010382095,0.9625585249358668,0.133602
-5.737440365235386,-1.9894581190973084,0.4181113791131619,0.131782
-5.555957983294483,-0.9005638274518981,-1.9411595861185589,0.146116
-5.555957983294483,-0.7190814455109962,-2.122641968059461,0.150024
-5.555957983294483,0.0068480822526097995,-2.6670891138821653,0.167136
-5.555957983294483,0.5512952280753147,2.9588647262857837,0.14101
-5.555957983294483,2.0031542836025267,-1.578194822236756,0.157675
-5.374475601353582,-2.1709405010382095,0.7810761429949649,0.134539
-5.374475601353582,-1.807975737156406,0.055146615231358886,0.136642
-5.374475601353582,-1.807975737156406,2.7773823443448826,0.159675
-5.374475601353582,-1.626493355215505,-0.48930053059134604,0.136666
-5.374475601353582,0.5512952280753147,2.9588647262857837,0.140652
-5.374475601353582,0.9142599919571177,2.5958999624039816,0.134688
-5.19299321941268,-1.9894581190973084,0.4181113791131619,0.137273
-5.19299321941268,-1.445010973274603,-1.215230058354952,0.138909
-5.19299321941268,-0.3561166816291941,3.3218294901675876,0.159066
-5.19299321941268,0.9142599919571177,2.5958999624039816,0.134451
-5.19299321941268,1.8216719016616265,0.4181113791131619,0.132308
-5.011510837471779,-2.3524228829791114,1.6884880526994728,0.141789
-5.011510837471779,0.18833046419351174,3.1403471082266847,0.147974
-4.8300284555308775,-2.3524228829791114,1.1440409068767687,0.139835
-4.8300284555308775,-2.3524228829791114,1.8699704346403756,0.145689
-4.8300284555308775,0.7327776100162158,2.7773823443448826,0.137121
-4.8300284555308775,1.0957423738980188,-2.6670891138821653,0.179872
-4.648546073589976,-2.3524228829791114,2.0514528165812767,0.149969
-4.648546073589976,-0.537599063570096,-2.304124350000362,0.170881
-4.648546073589976,-0.17463429968829214,-2.4856067319412642,0.18006
-4.648546073589976,0.18833046419351174,3.1403471082266847,0.148899
-4.648546073589976,0.3698128461344128,-2.6670891138821653,0.185733
-4.648546073589976,1.8216719016616265,0.23662899717225994,0.137355
-4.4670636916490745,-1.9894581190973084,2.9588647262857837,0.166894
-4.4670636916490745,-1.626493355215505,-0.670782912532248,0.148063
-4.4670636916490745,-1.0820462093928,3.5033118721084886,0.171876
-4.2855813097081725,1.6401895197207246,0.4181113791131619,0.142355
-4.104098927767271,-2.1709405010382095,2.9588647262857837,0.170275
-4.104098927767271,-1.0820462093928,3.6847942540493914,0.175169
-4.104098927767271,-0.9005638274518981,3.6847942540493914,0.173083
-4.104098927767271,0.9142599919571177,-3.0300538777639687,0.172562
-3.9226165458263704,-1.9894581190973084,-0.12633576670954305,0.158025
-3.9226165458263704,-1.626493355215505,-1.215230058354952,0.156679
-3.9226165458263704,1.6401895197207246,0.4181113791131619,0.146236
-3.9226165458263704,2.0031542836025267,-1.9411595861185589,0.152519
-3.9226165458263704,2.0031542836025267,-1.7596772041776578,0.15404
-3.7411341638854685,-1.9894581190973084,-0.3078181486504441,0.162427
-3.7411341638854685,-0.9005638274518981,-2.4856067319412642,0.179777
-3.7411341638854685,1.4587071377798226,-3.21153625970487,0.152007
-3.5596517819445666,-2.3524228829791114,2.5958999624039816,0.17408
-3.5596517819445666,-0.17463429968829214,-3.3930186416457717,0.172817
-3.5596517819445666,2.0031542836025267,-0.8522652944731499,0.159276
-3.3781694000036646,-2.896870028801816,0.5995937610540629,0.188035
-3.3781694000036646,-2.3524228829791114,2.4144175804630805,0.17589
-3.3781694000036646,1.8216719016616265,-3.21153625970487,0.14549
-3.1966870180627627,-2.3524228829791114,-0.48930053059134604,0.182121
-3.1966870180627627,1.2772247558389207,1.3255232888176707,0.154249
-3.0152046361218616,-2.7153876468609144,-0.670782912532248,0.185169
-3.0152046361218616,-2.1709405010382095,2.5958999624039816,0.183159
-3.0152046361218616,-1.445010973274603,3.5033118721084886,0.188078
-3.0152046361218616,1.6401895197207246,0.23662899717225994,0.168055
-2.8337222541809597,-1.626493355215505,-1.7596772041776578,0.180077
-2.8337222541809597,2.1846366655434286,-0.8522652944731499,0.171165
-2.6522398722400586,-3.8042819385063242,0.5995937610540629,0.202744
-2.6522398722400586,-3.441317174624521,1.5070056707585708,0.204772
-2.6522398722400586,-2.3524228829791114,1.8699704346403756,0.194174
-2.6522398722400586,-1.445010973274603,-2.4856067319412642,0.165577
-2.6522398722400586,2.1846366655434286,-3.0300538777639687,0.156666
-2.4707574902991567,-2.896870028801816,1.8699704346403756,0.201993
-2.4707574902991567,-1.626493355215505,2.5958999624039816,0.180074
-2.4707574902991567,1.8216719016616265,-3.3930186416457717,0.163565
-2.2892751083582557,-3.441317174624521,-0.670782912532248,0.198224
-2.2892751083582557,1.6401895197207246,0.5995937610540629,0.1841
-2.2892751083582557,2.0031542836025267,0.055146615231358886,0.182091
-2.2892751083582557,2.5476014294252325,-1.7596772041776578,0.177236
-2.2892751083582557,2.5476014294252325,-1.396712440295854,0.177667
-2.1077927264173537,-3.6227995565654227,1.5070056707585708,0.209658
-2.1077927264173537,-1.9894581190973084,2.0514528165812767,0.181824
-2.1077927264173537,-1.263528591333702,-2.8485714958230672,0.16495
-1.9263103444764518,-1.0820462093928,-3.0300538777639687,0.166043
-1.9263103444764518,-0.9005638274518981,2.5958999624039816,0.152628
-1.9263103444764518,-0.7190814455109962,2.5958999624039816,0.151447
-1.9263103444764518,-0.3561166816291941,-3.5745010235866737,0.168709
-1.9263103444764518,1.8216719016616265,-3.21153625970487,0.189416
-1.9263103444764518,1.8216719016616265,0.7810761429949649,0.184881
-1.9263103444764518,2.7290838113661335,-2.122641968059461,0.191176
-1.9263103444764518,2.7290838113661335,-0.670782912532248,0.178824
-1.7448279625355498,-1.445010973274603,-2.304124350000362,0.186075
-1.7448279625355498,-0.7190814455109962,2.5958999624039816,0.150456
-1.7448279625355498,0.9142599919571177,-3.5745010235866737,0.190834
-1.7448279625355498,1.4587071377798226,1.5070056707585708,0.184677
-1.7448279625355498,2.5476014294252325,-0.12633576670954305,0.181999
-1.7448279625355498,2.7290838113661335,-2.6670891138821653,0.200782
-1.7448279625355498,3.0920485752479374,-1.578194822236756,0.185823
-1.563345580594648,-1.445010973274603,2.4144175804630805,0.15948
-1.563345580594648,1.0957423738980188,-3.3930186416457717,0.202709
-1.563345580594648,3.0920485752479374,-2.6670891138821653,0.202976
-1.3818631986537477,-3.9857643204472257,0.23662899717225994,0.223557
-1.3818631986537477,-1.9894581190973084,2.0514528165812767,0.188578
-1.3818631986537477,0.3698128461344128,-3.3930186416457717,0.197605
-1.3818631986537477,2.3661190474843314,-3.21153625970487,0.2124
-1.2003808167128458,-4.167246702388128,0.5995937610540629,0.225111
-1.2003808167128458,-2.533905264920013,-1.9411595861185589,0.226709
-1.2003808167128458,0.18833046419351174,-3.21153625970487,0.201623
-1.2003808167128458,1.8216719016616265,-3.21153625970487,0.216274
-1.2003808167128458,2.1846366655434286,0.9625585249358668,0.191085
-1.018898434771943,-3.2598347926836198,-1.215230058354952,0.231649
-1.018898434771943,-2.3524228829791114,-1.9411595861185589,0.23378
-1.018898434771943,-1.263528591333702,-1.9411595861185589,0.223139
-1.018898434771943,-1.0820462093928,2.4144175804630805,0.169717
-1.018898434771943,3.4550133391297395,-0.48930053059134604,0.179651
-0.8374160528310419,-4.530211466269931,0.4181113791131619,0.228489
-0.8374160528310419,-3.6227995565654227,-0.8522652944731499,0.233315
-0.8374160528310419,-1.263528591333702,-1.9411595861185589,0.234739
-0.8374160528310419,-0.7190814455109962,2.4144175804630805,0.182442
-0.8374160528310419,-0.17463429968829214,-2.6670891138821653,0.210991
-0.8374160528310419,0.7327776100162158,2.7773823443448826,0.204851
-0.6559336708901409,-0.9005638274518981,-1.9411595861185589,0.236633
-0.6559336708901409,-0.3561166816291941,2.5958999624039816,0.20884
-0.47445128894923805,-3.078352410742718,2.0514528165812767,0.224549
-0.47445128894923805,-2.7153876468609144,2.2329351985221777,0.2257
-0.47445128894923805,-0.9005638274518981,2.2329351985221777,0.206216
-0.47445128894923805,-0.17463429968829214,-2.304124350000362,0.224933
-0.47445128894923805,3.2735309571888385,-3.21153625970487,0.219022
-0.47445128894923805,3.8179781030115434,-1.396712440295854,0.19486
-0.292968907008337,-4.530211466269931,-0.3078181486504441,0.234119
-0.292968907008337,2.5476014294252325,1.8699704346403756,0.19135
-0.292968907008337,3.0920485752479374,1.1440409068767687,0.188314
-0.292968907008337,3.6364957210706406,0.23662899717225994,0.184474
-0.292968907008337,3.8179781030115434,-1.578194822236756,0.201337
-0.292968907008337,3.8179781030115434,-0.12633576670954305,0.184227
-0.11148652506743595,-0.9005638274518981,-2.304124350000362,0.261788
0.0699958568734651,-3.9857643204472257,-0.8522652944731499,0.247147
0.0699958568734651,-2.896870028801816,-2.122641968059461,0.253555
0.0699958568734651,-2.7153876468609144,-2.304124350000362,0.25218
0.0699958568734651,-1.626493355215505,2.4144175804630805,0.242717
0.0699958568734651,1.8216719016616265,2.5958999624039816,0.205517
0.25147823881436615,-3.9857643204472257,-0.8522652944731499,0.25156
0.25147823881436615,-1.263528591333702,-2.6670891138821653,0.268273
0.25147823881436615,-1.263528591333702,2.2329351985221777,0.250114
0.25147823881436615,0.18833046419351174,-2.122641968059461,0.243307
0.25147823881436615,1.4587071377798226,-3.0300538777639687,0.219123
0.25147823881436615,2.1846366655434286,2.4144175804630805,0.204289
0.25147823881436615,3.9994604849524444,0.055146615231358886,0.190902
0.25147823881436615,4.180942866893347,-0.8522652944731499,0.197582
0.432960620755269,1.2772247558389207,-2.8485714958230672,0.223325
0.432960620755269,3.9994604849524444,-1.578194822236756,0.213447
0.61444300269617,-3.8042819385063242,-1.578194822236756,0.257332
0.61444300269617,3.9994604849524444,0.23662899717225994,0.196527
0.7959253846370729,-0.17463429968829214,-2.304124350000362,0.28581
0.7959253846370729,0.18833046419351174,-2.122641968059461,0.276188
0.7959253846370729,3.6364957210706406,2.0514528165812767,0.179845
0.7959253846370729,3.8179781030115434,0.5995937610540629,0.201048
0.9774077665779739,-2.1709405010382095,-2.6670891138821653,0.263173
0.9774077665779739,-1.263528591333702,-2.6670891138821653,0.281526
0.9774077665779739,-0.3561166816291941,2.5958999624039816,0.258692
0.9774077665779739,1.6401895197207246,2.9588647262857837,0.204438
0.9774077665779739,3.0920485752479374,-2.304124350000362,0.229382
0.9774077665779739,3.0920485752479374,2.9588647262857837,0.172002
1.1588901485188767,-4.167246702388128,-1.215230058354952,0.262127
1.1588901485188767,-4.167246702388128,-0.8522652944731499,0.263405
1.1588901485188767,-2.7153876468609144,-2.4856067319412642,0.258755
1.1588901485188767,0.18833046419351174,2.7773823443448826,0.250681
1.3403725304597778,-0.537599063570096,1.8699704346403756,0.282393
1.3403725304597778,3.9994604849524444,0.23662899717225994,0.208785
1.521854912400677,-3.078352410742718,1.6884880526994728,0.276936
1.521854912400677,-0.9005638274518981,-3.0300538777639687,0.28224
1.521854912400677,-0.7190814455109962,1.6884880526994728,0.300935
1.521854912400677,1.0957423738980188,-2.122641968059461,0.266323
1.521854912400677,1.4587071377798226,-2.122641968059461,0.247123
1.7033372943415799,-4.167246702388128,-1.215230058354952,0.268975
1.7033372943415799,0.18833046419351174,-3.21153625970487,0.285243
1.7033372943415799,1.0957423738980188,-2.122641968059461,0.274554
1.7033372943415799,3.9994604849524444,-1.7596772041776578,0.233113
1.7033372943415799,3.9994604849524444,0.5995937610540629,0.198106
1.7033372943415799,4.180942866893347,2.2329351985221777,0.166294
1.884819676282481,-3.6227995565654227,0.055146615231358886,0.280998
1.884819676282481,-0.17463429968829214,1.6884880526994728,0.30029
2.0663020582233838,-3.9857643204472257,-0.670782912532248,0.276936
2.0663020582233838,-3.8042819385063242,-1.7596772041776578,0.274186
2.0663020582233838,-1.626493355215505,-2.8485714958230672,0.281851
2.0663020582233838,0.5512952280753147,2.4144175804630805,0.25122
2.0663020582233838,0.9142599919571177,-2.6670891138821653,0.288426
2.0663020582233838,2.7290838113661335,3.5033118721084886,0.178991
2.0663020582233838,3.2735309571888385,3.3218294901675876,0.175686
2.0663020582233838,3.9994604849524444,-0.3078181486504441,0.225348
2.247784440164285,-1.807975737156406,-2.8485714958230672,0.28253
2.247784440164285,0.9142599919571177,-2.6670891138821653,0.290668
2.247784440164285,3.8179781030115434,0.23662899717225994,0.207915
2.4292668221051876,-3.078352410742718,-1.9411595861185589,0.288077
2.4292668221051876,-1.0820462093928,-3.21153625970487,0.277355
2.4292668221051876,-1.0820462093928,2.4144175804630805,0.298837
2.4292668221051876,2.3661190474843314,3.5033118721084886,0.189276
2.6107492040460887,-3.2598347926836198,-1.578194822236756,0.292759
2.6107492040460887,1.0957423738980188,-2.304124350000362,0.299301
2.6107492040460887,1.6401895197207246,3.3218294901675876,0.202039
2.6107492040460887,4.180942866893347,0.9625585249358668,0.180854
2.7922315859869897,-3.6227995565654227,-0.12633576670954305,0.294019
2.7922315859869897,-2.7153876468609144,-1.9411595861185589,0.302332
2.7922315859869897,1.8216719016616265,3.3218294901675876,0.203764
2.7922315859869897,2.5476014294252325,-0.670782912532248,0.268675
2.7922315859869897,3.2735309571888385,3.1403471082266847,0.196822
2.7922315859869897,3.6364957210706406,0.23662899717225994,0.205234
2.7922315859869897,4.180942866893347,1.1440409068767687,0.180104
2.9737139679278926,-2.533905264920013,-2.4856067319412642,0.294999
2.9737139679278926,-2.1709405010382095,2.5958999624039816,0.292927
2.9737139679278926,-1.445010973274603,-3.21153625970487,0.281282
2.9737139679278926,0.9142599919571177,2.7773823443448826,0.24463
2.9737139679278926,2.9105661933070364,-0.12633576670954305,0.238097
2.9737139679278926,3.2735309571888385,0.055146615231358886,0.218969
2.9737139679278926,3.9994604849524444,2.2329351985221777,0.188407
3.155196349868792,-2.7153876468609144,-1.7596772041776578,0.308143
3.155196349868792,-2.7153876468609144,-1.578194822236756,0.311518
3.155196349868792,-1.445010973274603,-3.21153625970487,0.28312
3.155196349868792,0.9142599919571177,-2.6670891138821653,0.30012
3.155196349868792,1.4587071377798226,-2.304124350000362,0.292413
3.155196349868792,2.7290838113661335,-0.12633576670954305,0.247565
3.155196349868792,3.9994604849524444,1.1440409068767687,0.186468
3.3366787318096947,-1.9894581190973084,-3.0300538777639687,0.288609
3.5181611137505957,-2.3524228829791114,-2.6670891138821653,0.297001
3.5181611137505957,1.2772247558389207,2.5958999624039816,0.248156
3.5181611137505957,2.1846366655434286,-1.578194822236756,0.278018
3.6996434956914985,-2.533905264920013,-2.122641968059461,0.30694
3.6996434956914985,-1.9894581190973084,2.4144175804630805,0.301096
3.6996434956914985,2.0031542836025267,-1.9411595861185589,0.279591
3.6996434956914985,2.3661190474843314,0.055146615231358886,0.269534
3.6996434956914985,2.5476014294252325,2.5958999624039816,0.230993
3.8811258776323996,-2.3524228829791114,2.0514528165812767,0.303612
3.8811258776323996,-0.17463429968829214,-2.8485714958230672,0.304172
4.062608259573301,-1.0820462093928,2.9588647262857837,0.283452
4.062608259573301,-0.7190814455109962,2.9588647262857837,0.279718
4.062608259573301,1.4587071377798226,1.6884880526994728,0.280878
4.062608259573301,1.8216719016616265,1.6884880526994728,0.260567
4.062608259573301,2.5476014294252325,1.1440409068767687,0.238422
4.062608259573301,2.5476014294252325,1.6884880526994728,0.23535
4.2440906415142035,-2.3524228829791114,-1.578194822236756,0.319535
4.2440906415142035,-1.9894581190973084,-2.304124350000362,0.308559
4.2440906415142035,0.3698128461344128,-3.0300538777639687,0.295564
4.2440906415142035,0.7327776100162158,2.4144175804630805,0.282847
4.2440906415142035,1.8216719016616265,0.23662899717225994,0.319363
4.4255730234551045,1.8216719016616265,0.055146615231358886,0.328584
4.4255730234551045,2.0031542836025267,-1.9411595861185589,0.282605
4.607055405396007,-2.896870028801816,-0.12633576670954305,0.310821
4.607055405396007,-2.533905264920013,0.9625585249358668,0.307835
4.607055405396007,-1.445010973274603,2.9588647262857837,0.285579
4.607055405396007,1.8216719016616265,-0.3078181486504441,0.328532
4.788537787336907,-2.533905264920013,-1.7596772041776578,0.30549
4.788537787336907,-2.3524228829791114,0.9625585249358668,0.309436
4.788537787336907,-2.3524228829791114,1.1440409068767687,0.306793
4.788537787336907,-2.3524228829791114,1.6884880526994728,0.299381
4.788537787336907,-0.7190814455109962,2.9588647262857837,0.281391
4.788537787336907,0.0068480822526097995,2.5958999624039816,0.283284
4.970020169277809,0.3698128461344128,2.0514528165812767,0.308529
4.970020169277809,1.6401895197207246,-2.304124350000362,0.291295
4.970020169277809,1.6401895197207246,0.9625585249358668,0.348768
5.1515025512187105,1.6401895197207246,-1.7596772041776578,0.297306
5.1515025512187105,1.6401895197207246,0.9625585249358668,0.351587
5.1515025512187105,1.8216719016616265,0.4181113791131619,0.35177
5.3329849331596115,-1.263528591333702,-2.304124350000362,0.284718
5.3329849331596115,0.0068480822526097995,2.0514528165812767,0.308348
5.3329849331596115,1.4587071377798226,1.1440409068767687,0.353484
5.514467315100514,-1.445010973274603,-2.304124350000362,0.27893
5.514467315100514,-0.537599063570096,2.4144175804630805,0.294687
5.695949697041415,-0.537599063570096,2.0514528165812767,0.305472
5.877432078982318,-2.1709405010382095,0.9625585249358668,0.290474
5.877432078982318,-1.9894581190973084,-2.122641968059461,0.27284
6.058914460923219,-1.807975737156406,-2.122641968059461,0.270065
6.058914460923219,0.9142599919571177,-0.670782912532248,0.331438
6.058914460923219,1.0957423738980188,-0.3078181486504441,0.342869
6.240396842864122,-2.7153876468609144,-1.0337476764140519,0.2716
6.240396842864122,-1.9894581190973084,-1.9411595861185589,0.269514
6.240396842864122,-0.537599063570096,1.3255232888176707,0.313489
6.240396842864122,-0.3561166816291941,-2.4856067319412642,0.28205
6.240396842864122,0.18833046419351174,-2.304124350000362,0.291059
6.421879224805021,-2.533905264920013,0.23662899717225994,0.269432
6.421879224805021,0.5512952280753147,-1.9411595861185589,0.293388
6.421879224805021,0.5512952280753147,0.23662899717225994,0.331885
6.421879224805021,0.7327776100162158,-1.578194822236756,0.296714
6.603361606745922,-2.1709405010382095,-1.396712440295854,0.271616
6.603361606745922,0.0068480822526097995,0.7810761429949649,0.30793
6.603361606745922,0.7327776100162158,-1.396712440295854,0.292704
6.7848439886868235,0.5512952280753147,-0.48930053059134604,0.293092
6.966326370627726,-1.445010973274603,-1.7596772041776578,0.266658
6.966326370627726,0.18833046419351174,0.055146615231358886,0.285809
6.966326370627726,0.5512952280753147,-1.396712440295854,0.282241
7.329291134509532,0.0068480822526097995,-0.48930053059134604,0.266474
7.329291134509532,0.18833046419351174,-1.215230058354952,0.27127
7.329291134509532,0.18833046419351174,-1.0337476764140519,0.269958
7.510773516450431,-0.9005638274518981,-1.0337476764140519,0.260678
7.510773516450431,-0.537599063570096,0.055146615231358886,0.263675
