-6.559855831742748,-1.4046231103827296,0.2477470103186441,-0.0453537
-6.559855831742748,-1.0800893120765052,0.7345477077779803,-0.0528349
-6.397588932589636,-0.9178224129233934,-0.2390536871406912,-0.0165327
-6.397588932589636,-0.5932886146171699,-1.2126550820593636,0.0247529
-6.397588932589636,-0.5932886146171699,-1.0503881829062518,0.0224151
-6.397588932589636,-0.5932886146171699,0.896814606931092,-0.049182
-6.397588932589636,0.3803127803015025,-0.88812128375314,0.0362188
-6.235322033436523,-1.2423562112296178,-0.7258543846000283,-0.00376134
-6.235322033436523,-1.0800893120765052,-0.88812128375314,0.00674867
-6.235322033436523,-0.26875481631094544,-0.07678678798757943,-0.00133077
-6.235322033436523,-0.26875481631094544,0.08548011116553234,-0.0104555
-6.235322033436523,0.21804588114838985,-0.40132058629380385,0.0229021
-6.073055134283411,-1.0800893120765052,-1.537188880365588,0.0170262
-6.073055134283411,-0.10648791715783368,0.896814606931092,-0.0384438
-5.910788235130299,-2.0536907069951775,1.545882203543541,-0.0483105
-5.910788235130299,-0.10648791715783368,1.2213484052373165,-0.0439469
-5.748521335977188,-2.0536907069951775,-0.88812128375314,-0.0116484
-5.748521335977188,-0.4310217154640572,1.7081491026966527,-0.0501352
-5.748521335977188,0.21804588114838985,0.7345477077779803,-0.0234495
-5.586254436824076,-2.0536907069951775,-1.0503881829062518,-0.00528557
-5.586254436824076,-0.10648791715783368,1.545882203543541,-0.0437632
-5.423987537670963,1.1916472760670622,-0.7258543846000283,0.0272386
-5.261720638517851,-2.378224505301402,-0.88812128375314,-0.00612562
-5.261720638517851,-0.10648791715783368,1.7081491026966527,-0.0390387
-5.261720638517851,0.5425796794546152,0.5722808086248685,-0.00640936
-5.261720638517851,1.0293803769139505,-0.2390536871406912,0.0172087
-5.09945373936474,-2.865025202760738,-0.2390536871406912,-0.010607
-5.09945373936474,0.21804588114838985,1.3836153043904291,-0.029635
-4.937186840211627,-1.8914238078420658,2.032682901002876,-0.00664072
-4.937186840211627,0.7048465786077269,-2.186256476978036,0.032967
-4.774919941058515,-1.8914238078420658,-1.8617226786718124,0.00406046
-4.774919941058515,-1.5668900095358422,-2.186256476978036,0.000788334
-4.6126530419054035,-2.7027583036076264,1.8704160018497644,0.0303326
-4.6126530419054035,-2.378224505301402,2.032682901002876,0.026748
-4.450386142752291,-1.5668900095358422,-2.348523376131148,-0.00798771
-4.288119243599179,-2.21595760614829,2.3572166993091015,0.0371072
-4.288119243599179,-2.0536907069951775,-1.8617226786718124,0.000492944
-4.288119243599179,-0.7555555137702816,-2.673057174437372,-0.0105686
-4.288119243599179,-0.10648791715783368,1.7081491026966527,-0.0132242
-4.288119243599179,0.5425796794546152,0.7345477077779803,0.00196289
-4.288119243599179,0.8671134777608387,0.2477470103186441,0.00833442
-4.288119243599179,1.1916472760670622,-0.88812128375314,0.00998458
-4.288119243599179,1.1916472760670622,-0.7258543846000283,0.00932673
-4.125852344446067,-1.2423562112296178,-2.673057174437372,-0.0182488
-3.9635854452929555,-3.189559001066962,2.194949800155988,0.0549604
-3.9635854452929555,-1.4046231103827296,-2.673057174437372,-0.02098
-3.801318546139843,-0.4310217154640572,1.8704160018497644,0.00585303
-3.801318546139843,0.8671134777608387,-1.8617226786718124,-0.00222463
-3.801318546139843,1.0293803769139505,-0.2390536871406912,0.00345104
-3.639051646986731,-3.514092799373186,0.41001390947175675,0.0326686
-3.639051646986731,-1.2423562112296178,-2.8353240735904843,-0.0269603
-3.4767847478336185,-3.514092799373186,0.41001390947175675,0.0350737
-3.4767847478336185,-3.351825900220074,2.194949800155988,0.0627484
-3.4767847478336185,-2.865025202760738,-1.0503881829062518,0.0168572
-3.4767847478336185,-2.378224505301402,-1.6994557795186997,0.00653264
-3.4767847478336185,0.8671134777608387,-2.023989577824924,-0.0104171
-3.3145178486805067,-3.189559001066962,-0.5635874854469156,0.023138
-3.3145178486805067,-3.189559001066962,2.3572166993091015,0.0656791
-3.3145178486805067,-0.26875481631094544,1.545882203543541,0.0193227
-3.3145178486805067,0.21804588114838985,0.5722808086248685,0.0295022
-3.3145178486805067,0.8671134777608387,-0.07678678798757943,0.00689821
-3.152250949527395,0.3803127803015025,0.5722808086248685,0.0302174
-3.152250949527395,0.5425796794546152,0.41001390947175675,0.0267467
-3.152250949527395,0.8671134777608387,-0.07678678798757943,0.00929708
-3.152250949527395,3.138850065904407,-0.2390536871406912,-0.015577
-2.989984050374283,-3.514092799373186,1.7081491026966527,0.0618968
-2.989984050374283,-3.351825900220074,0.08548011116553234,0.0385291
-2.989984050374283,-1.4046231103827296,2.3572166993091015,0.0383947
-2.989984050374283,-1.2423562112296178,-2.8353240735904843,-0.028027
-2.989984050374283,1.0293803769139505,0.41001390947175675,0.0254877
-2.989984050374283,2.489782469291958,0.2477470103186441,-0.0119485
-2.989984050374283,3.3011169650575187,0.08548011116553234,-0.0152256
-2.8277171512211705,-2.5404914044545137,2.5194835984622133,0.0637557
-2.8277171512211705,-0.9178224129233934,2.032682901002876,0.0308313
-2.8277171512211705,-0.10648791715783368,-2.8353240735904843,-0.019092
-2.8277171512211705,0.8671134777608387,1.3836153043904291,0.0302589
-2.8277171512211705,1.1916472760670622,0.08548011116553234,0.0176936
-2.8277171512211705,1.353914175220174,0.896814606931092,0.0275754
-2.8277171512211705,1.6784479735263993,-0.2390536871406912,-0.0068348
-2.8277171512211705,2.3275155701388472,-1.537188880365588,-0.013732
-2.8277171512211705,2.3275155701388472,0.41001390947175675,-0.00760725
-2.6654502520680587,-2.7027583036076264,-1.537188880365588,0.0245688
-2.6654502520680587,-0.9178224129233934,-2.8353240735904843,-0.0255008
-2.6654502520680587,-0.9178224129233934,2.032682901002876,0.0316708
-2.6654502520680587,-0.26875481631094544,-2.8353240735904843,-0.0170334
-2.6654502520680587,0.21804588114838985,-2.673057174437372,-0.000770493
-2.6654502520680587,1.0293803769139505,-1.6994557795186997,0.0116163
-2.6654502520680587,1.1916472760670622,-0.2390536871406912,0.0100118
-2.6654502520680587,1.5161810743732875,-0.88812128375314,-0.00980274
-2.6654502520680587,2.002981771832623,-1.537188880365588,-0.0133336
-2.503183352914947,-0.7555555137702816,2.194949800155988,0.0278991
-2.503183352914947,-0.26875481631094544,1.7081491026966527,0.0270254
-2.503183352914947,1.1916472760670622,-0.5635874854469156,0.00415044
-2.503183352914947,1.353914175220174,-0.88812128375314,-0.00384217
-2.503183352914947,1.5161810743732875,-1.2126550820593636,-0.00675982
-2.340916453761835,0.05577898199527809,2.5194835984622133,0.0181144
-2.340916453761835,0.21804588114838985,-2.673057174437372,0.0253295
-2.340916453761835,0.21804588114838985,2.194949800155988,0.0218099
-2.340916453761835,1.1916472760670622,-1.2126550820593636,0.0120734
-2.340916453761835,1.353914175220174,-1.2126550820593636,0.00252626
-2.340916453761835,3.9501845616699676,-1.3749219812124762,-0.013974
-2.1786495546087234,-3.351825900220074,-0.2390536871406912,0.0436066
-2.1786495546087234,-3.351825900220074,0.2477470103186441,0.0499697
-2.1786495546087234,-1.5668900095358422,2.844017396768437,0.0402171
-2.1786495546087234,-0.10648791715783368,3.168551195074661,0.0155635
-2.1786495546087234,2.65204936844507,0.896814606931092,0.0119225
-2.1786495546087234,2.8143162675981834,0.896814606931092,0.0104329
-2.1786495546087234,3.138850065904407,-2.023989577824924,-0.0171326
-2.016382655455611,-3.351825900220074,-1.0503881829062518,0.0379176
-2.016382655455611,-3.351825900220074,0.7345477077779803,0.055784
-2.016382655455611,-3.189559001066962,1.0590815060842038,0.0611324
-2.016382655455611,-2.7027583036076264,1.545882203543541,0.0656368
-2.016382655455611,-0.5932886146171699,-2.673057174437372,0.00442893
-2.016382655455611,1.6784479735263993,1.545882203543541,0.0300262
-2.016382655455611,2.002981771832623,1.0590815060842038,0.0290311
-2.016382655455611,3.3011169650575187,-2.023989577824924,-0.0159749
-1.8541157563024981,-3.514092799373186,-0.07678678798757943,0.0426734
-1.8541157563024981,-3.514092799373186,0.41001390947175675,0.0489078
-1.8541157563024981,-1.4046231103827296,3.330818094227772,0.0294669
-1.8541157563024981,1.353914175220174,2.5194835984622133,0.027141
-1.6918488571493864,-3.514092799373186,-1.0503881829062518,0.0377409
-1.6918488571493864,-2.5404914044545137,-2.348523376131148,0.0364828
-1.6918488571493864,-2.21595760614829,2.032682901002876,0.0545383
-1.6918488571493864,-1.2423562112296178,3.493084993380884,0.0242121
-1.6918488571493864,1.5161810743732875,3.0062842959215486,0.029944
-1.6918488571493864,2.3275155701388472,1.2213484052373165,0.0334863
-1.5295819579962746,-3.514092799373186,0.896814606931092,0.0530464
-1.5295819579962746,-3.02729210191385,-2.186256476978036,0.042747
-1.5295819579962746,1.0293803769139505,-2.673057174437372,0.0158417
-1.5295819579962746,1.353914175220174,-2.348523376131148,0.00739665
-1.3673150588431628,-3.6763596985262983,0.2477470103186441,0.0429683
-1.3673150588431628,0.5425796794546152,-2.997590972743596,0.00375999
-1.3673150588431628,2.1652486709857346,1.7081491026966527,0.0318064
-1.205048159690051,-0.9178224129233934,-2.8353240735904843,-0.0191637
-1.205048159690051,1.5161810743732875,-2.348523376131148,-0.0120297
-1.205048159690051,4.436985259129303,-1.3749219812124762,0.0293169
-1.205048159690051,4.599252158282415,0.41001390947175675,0.0254292
-1.205048159690051,5.2483197548948635,-0.7258543846000283,0.0362398
-1.0427812605369393,-0.7555555137702816,-2.997590972743596,-0.0260828
-1.0427812605369393,-0.7555555137702816,3.817618791687109,0.0143541
-1.0427812605369393,0.3803127803015025,-3.1598578718967083,-0.0168731
-1.0427812605369393,3.9501845616699676,1.2213484052373165,0.0190788
-0.8805143613838258,-3.351825900220074,1.2213484052373165,0.0452293
-0.8805143613838258,1.353914175220174,-2.673057174437372,-0.0207291
-0.8805143613838258,1.840714872679511,2.5194835984622133,0.0261129
-0.8805143613838258,2.002981771832623,2.194949800155988,0.0279613
-0.8805143613838258,4.92378595658864,-1.6994557795186997,0.0387784
-0.8805143613838258,4.92378595658864,0.5722808086248685,0.0223574
-0.718247462230714,-3.514092799373186,-1.2126550820593636,0.0378774
-0.718247462230714,-3.514092799373186,0.896814606931092,0.0399296
-0.718247462230714,2.8143162675981834,-1.8617226786718124,0.0107533
-0.718247462230714,4.599252158282415,-1.8617226786718124,0.0342156
-0.718247462230714,4.761519057435528,0.896814606931092,0.0192086
-0.718247462230714,5.086052855741752,0.5722808086248685,0.0215216
-0.718247462230714,5.572853553201089,-0.07678678798757943,0.0301055
-0.5559805630776022,-2.21595760614829,2.5194835984622133,0.0184589
-0.5559805630776022,0.3803127803015025,4.142152589993333,0.017842
-0.5559805630776022,0.5425796794546152,4.142152589993333,0.0192721
-0.5559805630776022,1.6784479735263993,3.330818094227772,0.0226624
-0.5559805630776022,3.3011169650575187,1.7081491026966527,0.0198309
-0.5559805630776022,4.112451460823079,1.3836153043904291,0.0166834
-0.5559805630776022,5.572853553201089,0.08548011116553234,0.0268462
-0.3937136639244905,-3.351825900220074,-1.0503881829062518,0.035825
-0.3937136639244905,-3.351825900220074,-0.7258543846000283,0.0340828
-0.3937136639244905,-3.351825900220074,-0.5635874854469156,0.0338155
-0.3937136639244905,-3.189559001066962,1.8704160018497644,0.0118944
-0.3937136639244905,1.1916472760670622,-2.8353240735904843,-0.0311846
-0.3937136639244905,1.5161810743732875,-2.51079027528426,-0.0310373
-0.3937136639244905,3.6256507633637423,-1.8617226786718124,0.0253016
-0.3937136639244905,5.735120452354199,-1.3749219812124762,0.04502
-0.3937136639244905,5.897387351507312,-0.7258543846000283,0.0401224
-0.2314467647713787,-3.6763596985262983,1.0590815060842038,0.0104256
-0.2314467647713787,-3.6763596985262983,1.2213484052373165,0.00889258
-0.2314467647713787,-2.865025202760738,-1.8617226786718124,0.03833
-0.2314467647713787,-0.10648791715783368,3.979885690840221,0.011056
-0.2314467647713787,4.274718359976191,-2.023989577824924,0.0279593
-0.06917986561826606,-3.02729210191385,-1.2126550820593636,0.0351034
-0.06917986561826606,-2.378224505301402,2.5194835984622133,-0.000459297
-0.06917986561826606,-0.10648791715783368,-3.1598578718967083,-0.0402808
-0.06917986561826606,0.21804588114838985,-3.1598578718967083,-0.0383021
-0.06917986561826606,3.9501845616699676,1.545882203543541,0.0190016
-0.06917986561826606,5.897387351507312,-0.40132058629380385,0.0324592
0.09308703353484482,-3.189559001066962,-0.07678678798757943,0.0283891
0.09308703353484482,-2.865025202760738,-1.0503881829062518,0.0333011
0.09308703353484482,-2.378224505301402,-1.6994557795186997,0.0277867
0.09308703353484482,-1.5668900095358422,-2.023989577824924,0.00430595
0.09308703353484482,1.1916472760670622,-2.673057174437372,-0.0295934
0.09308703353484482,1.840714872679511,-1.6994557795186997,-0.01439
0.09308703353484482,5.086052855741752,1.0590815060842038,0.00741752
0.2553539326879566,-4.000893496832522,1.2213484052373165,-0.00357206
0.2553539326879566,-3.83862659767941,0.5722808086248685,0.00218565
0.2553539326879566,-2.5404914044545137,-1.3749219812124762,0.0265626
0.2553539326879566,-2.21595760614829,2.681750497615325,-0.00603651
0.2553539326879566,-2.0536907069951775,2.681750497615325,-0.00484995
0.2553539326879566,-0.10648791715783368,3.817618791687109,0.00799785
0.2553539326879566,0.05577898199527809,3.817618791687109,0.00721557
0.2553539326879566,2.002981771832623,2.681750497615325,-0.00319655
0.2553539326879566,5.897387351507312,-0.7258543846000283,0.0332041
0.41762083184107013,-3.6763596985262983,0.2477470103186441,0.00756634
0.41762083184107013,3.138850065904407,-1.8617226786718124,0.014431
0.41762083184107013,4.112451460823079,1.7081491026966527,0.0120667
0.5798877309941819,0.7048465786077269,-2.8353240735904843,-0.00621944
0.5798877309941819,2.3275155701388472,-1.537188880365588,0.00733032
0.5798877309941819,4.92378595658864,-1.8617226786718124,0.0276746
0.5798877309941819,5.2483197548948635,-1.6994557795186997,0.0311595
0.5798877309941819,5.572853553201089,-1.3749219812124762,0.0324848
0.7421546301472937,-2.5404914044545137,-1.3749219812124762,0.0120306
0.7421546301472937,-0.26875481631094544,3.6553518925339974,0.0106894
0.9044215293004054,-1.2423562112296178,3.168551195074661,0.0140672
0.9044215293004054,3.9501845616699676,-1.8617226786718124,0.015632
0.9044215293004054,5.572853553201089,0.7345477077779803,-0.0197877
1.066688428453519,-4.000893496832522,1.8704160018497644,-0.0105755
1.066688428453519,-3.189559001066962,2.681750497615325,-0.0115751
1.066688428453519,1.6784479735263993,-1.0503881829062518,0.0130172
1.066688428453519,4.599252158282415,1.8704160018497644,-0.00855659
1.066688428453519,5.086052855741752,-1.3749219812124762,0.0158147
1.066688428453519,5.572853553201089,-0.40132058629380385,-0.00301445
1.066688428453519,5.572853553201089,0.896814606931092,-0.026898
1.228955327606629,-0.4310217154640572,-2.997590972743596,-0.00101406
1.228955327606629,2.489782469291958,-1.0503881829062518,0.0192847
1.228955327606629,2.65204936844507,-1.2126550820593636,0.0155576
1.228955327606629,3.3011169650575187,2.5194835984622133,0.0107966
1.228955327606629,5.086052855741752,-1.2126550820593636,0.00687074
1.228955327606629,5.572853553201089,-0.40132058629380385,-0.0133117
1.3912222267597425,-0.4310217154640572,3.168551195074661,0.0171126
1.3912222267597425,-0.26875481631094544,3.168551195074661,0.0149448
1.3912222267597425,0.3803127803015025,2.844017396768437,-0.00740885
1.3912222267597425,3.787917662516856,2.3572166993091015,0.0112929
1.3912222267597425,4.436985259129303,-1.537188880365588,0.0031511
1.3912222267597425,5.410586654047975,-0.7258543846000283,-0.0141495
1.5534891259128543,-4.000893496832522,1.2213484052373165,-0.00335305
1.5534891259128543,-3.6763596985262983,0.2477470103186441,0.0172483
1.5534891259128543,-2.5404914044545137,2.681750497615325,-0.0091563
1.5534891259128543,-1.729156908688954,-2.348523376131148,-0.00562717
1.5534891259128543,-1.0800893120765052,-2.8353240735904843,-0.00415909
1.5534891259128543,-0.10648791715783368,2.844017396768437,0.00954212
1.5534891259128543,1.6784479735263993,-2.023989577824924,0.0241609
1.5534891259128543,3.138850065904407,-1.3749219812124762,0.00616069
1.5534891259128543,4.436985259129303,2.032682901002876,-0.00578137
1.5534891259128543,5.410586654047975,-0.7258543846000283,-0.0233152
1.5534891259128543,5.735120452354199,0.5722808086248685,-0.0415074
1.715756025065966,-3.02729210191385,2.5194835984622133,-0.00838261
1.715756025065966,-2.5404914044545137,-1.3749219812124762,0.00560255
1.715756025065966,-0.7555555137702816,-2.997590972743596,-0.000472031
1.715756025065966,-0.10648791715783368,1.7081491026966527,-0.0174168
1.715756025065966,0.05577898199527809,2.032682901002876,-0.0194534
1.715756025065966,4.436985259129303,2.032682901002876,-0.00575377
1.8780229242190778,-3.351825900220074,-0.7258543846000283,0.00815542
1.8780229242190778,-3.02729210191385,-1.0503881829062518,0.00599653
1.8780229242190778,-1.8914238078420658,-2.186256476978036,-0.00396844
1.8780229242190778,-0.5932886146171699,1.7081491026966527,0.00130216
1.8780229242190778,3.138850065904407,2.681750497615325,0.0107223
1.8780229242190778,5.2483197548948635,-0.88812128375314,-0.0334337
1.8780229242190778,5.735120452354199,0.2477470103186441,-0.048489
2.0402898233721896,-3.6763596985262983,1.545882203543541,0.00899539
2.0402898233721896,-3.514092799373186,-0.5635874854469156,0.00763039
2.0402898233721896,-1.8914238078420658,2.194949800155988,0.0138703
2.0402898233721896,0.3803127803015025,2.032682901002876,-0.0411749
2.0402898233721896,1.6784479735263993,-0.5635874854469156,0.00476748
2.0402898233721896,4.599252158282415,1.8704160018497644,-0.012713
2.0402898233721896,5.086052855741752,1.545882203543541,-0.033085
2.2025567225253013,-0.26875481631094544,1.2213484052373165,-0.0157847
2.2025567225253013,1.5161810743732875,-1.0503881829062518,0.00624958
2.2025567225253013,4.92378595658864,-1.0503881829062518,-0.0379323
2.364823621678415,-3.83862659767941,0.08548011116553234,0.0133687
2.364823621678415,-3.02729210191385,2.032682901002876,0.0197232
2.364823621678415,-0.5932886146171699,1.545882203543541,-0.0072275
2.364823621678415,0.3803127803015025,1.3836153043904291,-0.0417795
2.364823621678415,5.410586654047975,-0.40132058629380385,-0.0524973
2.364823621678415,5.572853553201089,0.2477470103186441,-0.0555288
2.5270905208315266,-2.7027583036076264,-1.3749219812124762,0.00479947
2.5270905208315266,0.05577898199527809,-2.997590972743596,0.0185396
2.5270905208315266,0.5425796794546152,-2.8353240735904843,0.0269025
2.5270905208315266,0.5425796794546152,1.0590815060842038,-0.0379625
2.5270905208315266,0.5425796794546152,1.2213484052373165,-0.0398698
2.5270905208315266,1.1916472760670622,2.194949800155988,-0.0338609
2.5270905208315266,3.4633838642106323,-1.0503881829062518,-0.0155253
2.6893574199846384,-4.000893496832522,0.5722808086248685,0.0219012
2.6893574199846384,-4.000893496832522,0.896814606931092,0.0277268
2.6893574199846384,-3.6763596985262983,-0.5635874854469156,0.00437872
2.6893574199846384,-1.0800893120765052,-2.997590972743596,-0.00154773
2.6893574199846384,0.7048465786077269,-2.673057174437372,0.0295169
2.6893574199846384,0.7048465786077269,0.2477470103186441,-0.0208753
2.6893574199846384,2.8143162675981834,2.681750497615325,0.0165642
2.6893574199846384,3.138850065904407,2.681750497615325,0.017661
2.6893574199846384,5.2483197548948635,-0.2390536871406912,-0.0549947
2.6893574199846384,5.2483197548948635,0.7345477077779803,-0.0500079
2.85162431913775,-2.0536907069951775,2.194949800155988,0.0150554
2.85162431913775,0.21804588114838985,0.41001390947175675,-0.012813
2.85162431913775,1.1916472760670622,0.7345477077779803,-0.0185759
2.85162431913775,2.489782469291958,-0.40132058629380385,0.00963831
2.85162431913775,2.976583166751295,-0.5635874854469156,0.000521837
2.85162431913775,4.112451460823079,2.032682901002876,0.0130401
3.013891218290862,-3.514092799373186,2.032682901002876,0.0406038
3.013891218290862,-2.0536907069951775,-2.348523376131148,-0.00294572
3.013891218290862,-1.729156908688954,-2.673057174437372,-0.0040305
3.013891218290862,-1.4046231103827296,2.032682901002876,0.00295093
3.013891218290862,-1.0800893120765052,1.8704160018497644,-0.00265473
3.013891218290862,0.21804588114838985,0.41001390947175675,-0.0116715
3.013891218290862,0.5425796794546152,-2.8353240735904843,0.0298417
3.013891218290862,2.976583166751295,-0.40132058629380385,0.00300985
3.013891218290862,4.761519057435528,0.7345477077779803,-0.0363244
3.013891218290862,4.92378595658864,0.08548011116553234,-0.0498395
3.1761581174439755,-3.6763596985262983,-0.5635874854469156,0.00588345
3.1761581174439755,-2.21595760614829,-2.186256476978036,-0.000240239
3.1761581174439755,-0.4310217154640572,-3.1598578718967083,0.0136278
3.1761581174439755,-0.26875481631094544,-3.1598578718967083,0.0169038
3.1761581174439755,0.3803127803015025,-2.997590972743596,0.0290981
3.1761581174439755,0.7048465786077269,0.08548011116553234,-0.0137325
3.1761581174439755,3.3011169650575187,-0.2390536871406912,-0.00169056
3.1761581174439755,3.4633838642106323,-0.2390536871406912,-0.00668155
3.1761581174439755,4.274718359976191,0.896814606931092,-0.00695736
3.1761581174439755,4.436985259129303,-0.07678678798757943,-0.0382046
3.3384250165970855,-2.865025202760738,-1.537188880365588,0.00641171
3.3384250165970855,-2.7027583036076264,-1.6994557795186997,0.00638555
3.3384250165970855,-2.5404914044545137,-1.8617226786718124,0.00526925
3.3384250165970855,-2.0536907069951775,2.194949800155988,0.015203
3.3384250165970855,-1.729156908688954,-2.673057174437372,-0.00126368
3.3384250165970855,2.1652486709857346,2.194949800155988,0.0227159
3.3384250165970855,4.112451460823079,1.0590815060842038,0.00794488
3.500691915750199,-2.865025202760738,-1.537188880365588,0.00865225
3.500691915750199,0.05577898199527809,0.5722808086248685,-0.00624367
3.500691915750199,2.002981771832623,0.7345477077779803,0.013388
3.500691915750199,2.489782469291958,0.2477470103186441,0.0131499
3.662958814903309,-2.7027583036076264,-1.6994557795186997,0.010798
3.662958814903309,-2.378224505301402,-2.023989577824924,0.00729771
3.662958814903309,-2.378224505301402,2.194949800155988,0.0247613
3.662958814903309,-1.4046231103827296,1.8704160018497644,0.00338659
3.662958814903309,-0.26875481631094544,0.896814606931092,-0.00281115
3.662958814903309,0.8671134777608387,-0.2390536871406912,-0.00643048
3.662958814903309,3.6256507633637423,2.032682901002876,0.029625
3.8252257140564225,-3.351825900220074,-0.7258543846000283,0.011794
3.8252257140564225,2.976583166751295,0.5722808086248685,0.0192868
3.9874926132095343,-3.6763596985262983,0.08548011116553234,0.0205571
3.9874926132095343,-3.189559001066962,-0.88812128375314,0.01428
3.9874926132095343,-3.189559001066962,2.032682901002876,0.0441891
3.9874926132095343,-1.2423562112296178,-2.8353240735904843,0.0089993
3.9874926132095343,2.65204936844507,1.7081491026966527,0.0328771
3.9874926132095343,2.976583166751295,0.896814606931092,0.0253242
3.9874926132095343,3.3011169650575187,1.0590815060842038,0.0266857
4.149759512362646,-3.514092799373186,1.7081491026966527,0.0469363
4.149759512362646,0.21804588114838985,-3.1598578718967083,0.0376513
4.31202641151576,-2.21595760614829,1.7081491026966527,0.0215046
4.31202641151576,0.7048465786077269,-0.5635874854469156,0.00367817
4.47429331066887,-3.189559001066962,-0.7258543846000283,0.00632374
4.47429331066887,-3.02729210191385,1.545882203543541,0.0369127
4.47429331066887,0.5425796794546152,-0.5635874854469156,0.00618371
4.636560209821983,0.21804588114838985,-0.40132058629380385,0.00956234
4.636560209821983,0.8671134777608387,-2.348523376131148,0.0392728
4.798827108975093,-3.189559001066962,0.08548011116553234,0.00272503
4.798827108975093,-2.21595760614829,1.0590815060842038,0.0116793
4.961094008128207,-0.7555555137702816,-2.186256476978036,0.019567
4.961094008128207,-0.7555555137702816,0.7345477077779803,0.00251292
4.961094008128207,-0.5932886146171699,-2.348523376131148,0.0240431
4.961094008128207,0.21804588114838985,-2.51079027528426,0.0377331
4.961094008128207,0.3803127803015025,-1.3749219812124762,0.0206492
4.961094008128207,0.5425796794546152,-1.6994557795186997,0.0278226
5.12336090728132,-3.189559001066962,-1.0503881829062518,-0.0155232
5.12336090728132,-3.189559001066962,0.08548011116553234,-0.00910074
5.12336090728132,-1.8914238078420658,1.0590815060842038,-0.00433947
5.12336090728132,-0.5932886146171699,-1.8617226786718124,0.0153797
5.12336090728132,-0.26875481631094544,-2.023989577824924,0.0247368
5.12336090728132,-0.10648791715783368,-1.537188880365588,0.0191616
5.12336090728132,0.05577898199527809,-2.023989577824924,0.029265
5.28562780643443,-2.865025202760738,0.5722808086248685,-0.0097984
5.28562780643443,-2.7027583036076264,-1.6994557795186997,-0.0180174
5.28562780643443,-1.0800893120765052,0.896814606931092,-0.00983732
5.447894705587544,-3.189559001066962,-0.07678678798757943,-0.0173698
5.447894705587544,-0.5932886146171699,-1.537188880365588,-0.00347873
5.610161604740654,-3.189559001066962,-0.5635874854469156,-0.0211366
5.610161604740654,-3.189559001066962,-0.40132058629380385,-0.0206627
5.610161604740654,-0.5932886146171699,0.41001390947175675,-0.016429
5.772428503893767,-2.378224505301402,0.7345477077779803,-0.0195799
6.096962302199991,-2.21595760614829,-1.537188880365588,-0.0235271
6.259229201353104,-0.9178224129233934,-1.0503881829062518,-0.0228501
