-7.345943282900315,-1.361679850751977,-0.4895386603350813,0.0236525
-7.345943282900315,-1.0615178379512171,-0.03929564113394246,0.0270721
-7.345943282900315,-1.0615178379512171,0.11078536526643745,0.0268037
-7.345943282900315,-1.0615178379512171,0.26086637166681736,0.0257679
-7.195862276499936,-2.8624899147557725,0.26086637166681736,0.0298844
-7.195862276499936,-0.46119381234969925,-0.7897006731358402,0.021708
-7.195862276499936,-0.31111280594931934,0.8611903972683352,0.0228597
-7.045781270099556,-1.5117608571523564,-1.239943692336979,0.0166355
-7.045781270099556,-1.2115988443515975,1.311433416469475,0.0175992
-7.045781270099556,-0.46119381234969925,-1.3900246987373586,0.0236762
-6.895700263699176,-3.1626519275565323,-0.03929564113394246,0.0297732
-6.895700263699176,-2.262165889154254,-1.0898626859365996,0.0160528
-6.895700263699176,-1.6618418635527359,1.311433416469475,0.0140221
-6.895700263699176,-0.1610317995489403,1.461514422869854,0.0262618
-6.745619257298797,-0.7613558251504582,1.761676435670613,0.0223518
-6.745619257298797,-0.6112748187500783,1.761676435670613,0.0239429
-6.595538250898417,-3.3127329339569114,0.11078536526643745,0.0274
-6.595538250898417,-1.8119228699531154,-1.5401057051377385,0.0117663
-6.445457244498037,-3.1626519275565323,0.7111093908679553,0.0233429
-6.445457244498037,-2.712408908355393,-1.0898626859365996,0.0147473
-6.445457244498037,-2.712408908355393,1.1613524100690942,0.0169645
-6.445457244498037,-0.46119381234969925,-1.9903487243388769,0.0251184
-6.445457244498037,0.43929222605257934,-0.03929564113394246,0.00302522
-6.295376238097658,-3.3127329339569114,-0.33945765393470184,0.0223126
-6.295376238097658,0.43929222605257934,-1.0898626859365996,0.00887072
-6.295376238097658,0.5893732324529584,0.8611903972683352,0.0116377
-6.145295231697278,-2.5623279019550136,-1.239943692336979,0.00944397
-6.145295231697278,0.43929222605257934,-1.239943692336979,0.00787647
-6.145295231697278,0.5893732324529584,0.11078536526643745,-0.00671691
-5.995214225296898,-2.5623279019550136,-1.239943692336979,0.00801628
-5.995214225296898,-0.9114368315508381,-2.140429730739257,0.0203987
-5.995214225296898,0.13913021325181862,1.761676435670613,0.0223377
-5.845133218896519,-0.9114368315508381,-2.140429730739257,0.0192169
-5.845133218896519,-0.1610317995489403,-1.9903487243388769,0.0190331
-5.695052212496139,-3.1626519275565323,-0.4895386603350813,0.00929677
-5.695052212496139,-3.1626519275565323,0.5610283844675763,0.0102131
-5.544971206095759,-3.0125709211561524,0.7111093908679553,0.00507434
-5.544971206095759,-1.8119228699531154,1.611595429270234,0.00497675
-5.544971206095759,0.8895352452537173,0.7111093908679553,-0.0283131
-5.544971206095759,1.0396162516540972,0.5610283844675763,-0.0336558
-5.544971206095759,1.3397782644548561,-0.33945765393470184,-0.0375466
-5.544971206095759,1.3397782644548561,0.11078536526643745,-0.0360133
-5.39489019969538,-2.412246895554634,-1.239943692336979,0.000604816
-5.39489019969538,-0.7613558251504582,1.9117574420709929,0.0141654
-5.39489019969538,-0.6112748187500783,1.9117574420709929,0.0152735
-5.39489019969538,0.43929222605257934,-1.3900246987373586,-0.0173835
-5.39489019969538,0.5893732324529584,1.1613524100690942,-0.0127761
-5.39489019969538,1.489859270855236,0.4109473780671964,-0.0313962
-5.244809193295001,-2.712408908355393,-0.9397816795362197,-0.00631527
-5.244809193295001,-1.361679850751977,-1.8402677179384974,0.00879394
-5.244809193295001,-1.2115988443515975,1.761676435670613,0.00736508
-5.244809193295001,0.43929222605257934,1.311433416469475,-0.00960743
-5.244809193295001,1.3397782644548561,-1.0898626859365996,-0.0387448
-5.244809193295001,1.489859270855236,0.7111093908679553,-0.030503
-5.244809193295001,1.639940277255616,-0.7897006731358402,-0.0289866
-5.244809193295001,1.790021283655995,0.26086637166681736,-0.0159154
-5.094728186894621,-2.712408908355393,1.0112714036687143,-0.0157118
-5.094728186894621,-1.6618418635527359,1.611595429270234,-0.00325203
-5.094728186894621,-0.1610317995489403,1.611595429270234,0.00914109
-5.094728186894621,0.13913021325181862,1.461514422869854,-0.000512907
-5.094728186894621,1.0396162516540972,1.1613524100690942,-0.032422
-5.094728186894621,1.3397782644548561,1.0112714036687143,-0.0324108
-5.094728186894621,1.940102290056375,0.4109473780671964,-0.00295561
-5.094728186894621,2.9906693348590325,0.7111093908679553,0.0569028
-4.794566174093862,-2.712408908355393,-1.0898626859365996,-0.0281131
-4.794566174093862,-1.9620038763534953,-1.5401057051377385,-0.0142309
-4.794566174093862,2.540426315657893,-1.3900246987373586,-0.00280087
-4.794566174093862,4.041236379661689,0.26086637166681736,0.0613601
-4.644485167693482,-0.6112748187500783,-1.5401057051377385,0.0063314
-4.644485167693482,0.13913021325181862,-1.690186711538118,-0.0228573
-4.494404161293103,-3.0125709211561524,-0.7897006731358402,-0.0431669
-4.494404161293103,2.9906693348590325,1.1613524100690942,0.0212507
-4.494404161293103,4.191317386062068,-0.7897006731358402,0.0330865
-4.344323154892723,-0.7613558251504582,-1.5401057051377385,0.00646499
-4.344323154892723,-0.1610317995489403,-1.690186711538118,-0.0126182
-4.344323154892723,3.2908313476597906,-1.8402677179384974,-0.0229241
-4.344323154892723,3.8911553732613102,0.8611903972683352,0.0345994
-4.194242148492344,0.28921121965219854,1.611595429270234,-0.0155589
-4.194242148492344,1.0396162516540972,-1.8402677179384974,-0.0319114
-4.194242148492344,2.8405883284586526,1.311433416469475,0.00588249
-4.044161142091964,-3.0125709211561524,-0.7897006731358402,-0.0551094
-4.044161142091964,-0.9114368315508381,1.611595429270234,-0.000645341
-4.044161142091964,1.0396162516540972,1.611595429270234,-0.0221236
-4.044161142091964,1.489859270855236,1.461514422869854,-0.0168669
-4.044161142091964,3.8911553732613102,-1.690186711538118,-0.0160694
-4.044161142091964,4.041236379661689,-1.5401057051377385,-0.00869384
-4.044161142091964,4.041236379661689,0.8611903972683352,0.0284951
-3.894080135691585,-0.1610317995489403,1.611595429270234,0.000335372
-3.743999129291205,-2.262165889154254,-1.3900246987373586,-0.040453
-3.743999129291205,2.240264302857134,-1.9903487243388769,-0.0319033
-3.743999129291205,2.8405883284586526,-2.140429730739257,-0.0386303
-3.743999129291205,2.8405883284586526,1.461514422869854,-0.00403885
-3.743999129291205,2.9906693348590325,-2.140429730739257,-0.0385344
-3.743999129291205,2.9906693348590325,1.461514422869854,-0.00324471
-3.593918122890824,-2.1120848827538747,1.461514422869854,-0.0419109
-3.593918122890824,-1.2115988443515975,1.611595429270234,-0.00744121
-3.593918122890824,1.0396162516540972,1.611595429270234,-0.0128329
-3.593918122890824,1.639940277255616,1.461514422869854,-0.00328446
-3.593918122890824,3.8911553732613102,-1.8402677179384974,-0.0231593
-3.593918122890824,3.8911553732613102,1.1613524100690942,0.0143303
-3.593918122890824,4.191317386062068,-1.5401057051377385,-0.00778989
-3.443837116490445,0.28921121965219854,-1.8402677179384974,-0.0134256
-3.443837116490445,1.489859270855236,-1.8402677179384974,-0.0104378
-3.293756110090065,-2.8624899147557725,-0.33945765393470184,-0.0653795
-3.293756110090065,0.7394542388533383,-1.8402677179384974,-0.0112164
-3.293756110090065,4.491479398862828,0.5610283844675763,0.0488498
-3.143675103689686,-2.712408908355393,-0.4895386603350813,-0.0602119
-3.143675103689686,1.1896972580544762,-1.8402677179384974,-0.00412051
-3.143675103689686,1.940102290056375,1.461514422869854,0.00528238
-3.143675103689686,2.540426315657893,1.461514422869854,-0.00346912
-3.143675103689686,3.1407503412594115,1.461514422869854,-0.00398949
-2.9935940972893063,-2.5623279019550136,-0.6396196667354608,-0.0527903
-2.9935940972893063,-2.262165889154254,-0.9397816795362197,-0.0363393
-2.9935940972893063,-1.0615178379512171,-1.690186711538118,-0.00581559
-2.9935940972893063,-0.0109507931485604,1.611595429270234,0.00103688
-2.9935940972893063,3.5909933604605504,1.311433416469475,0.00759567
-2.9935940972893063,3.8911553732613102,1.1613524100690942,0.0201698
-2.8435130908889272,-2.412246895554634,1.0112714036687143,-0.0511778
-2.8435130908889272,-1.5117608571523564,-1.5401057051377385,-0.0144496
-2.8435130908889272,-0.1610317995489403,-1.690186711538118,-0.000566721
-2.8435130908889272,0.43929222605257934,1.461514422869854,0.00460198
-2.8435130908889272,3.7410743668609294,-1.8402677179384974,-0.0213355
-2.6934320844885473,-3.0125709211561524,-0.4895386603350813,-0.0724193
-2.6934320844885473,-3.0125709211561524,0.7111093908679553,-0.0748707
-2.6934320844885473,-2.712408908355393,1.0112714036687143,-0.0645901
-2.6934320844885473,-2.262165889154254,-1.0898626859365996,-0.0385203
-2.6934320844885473,-0.6112748187500783,1.761676435670613,-0.0091446
-2.6934320844885473,0.7394542388533383,-1.690186711538118,0.00332423
-2.6934320844885473,4.041236379661689,-1.5401057051377385,5.65458e-05
-2.5433510780881674,-1.6618418635527359,-1.5401057051377385,-0.0224366
-2.3932700716877875,-3.1626519275565323,1.0112714036687143,-0.0763859
-2.3932700716877875,-2.412246895554634,1.461514422869854,-0.0540544
-2.3932700716877875,-1.2115988443515975,1.761676435670613,-0.0202928
-2.3932700716877875,2.090183296456754,1.461514422869854,-0.00517204
-2.3932700716877875,4.041236379661689,0.8611903972683352,0.0472245
-2.3932700716877875,4.641560405263209,-0.4895386603350813,0.0695983
-2.2431890652874085,-3.1626519275565323,-0.9397816795362197,-0.0721113
-2.2431890652874085,-3.1626519275565323,1.1613524100690942,-0.0751861
-2.2431890652874085,-2.712408908355393,1.461514422869854,-0.0633426
-2.2431890652874085,0.13913021325181862,1.611595429270234,-0.00254528
-2.2431890652874085,0.5893732324529584,1.461514422869854,0.00403456
-2.2431890652874085,0.7394542388533383,1.461514422869854,0.00327673
-2.2431890652874085,1.1896972580544762,-1.8402677179384974,-0.00929555
-2.2431890652874085,1.940102290056375,-1.8402677179384974,-0.0177672
-2.2431890652874085,4.191317386062068,-1.0898626859365996,0.0374593
-2.0931080588870286,-2.5623279019550136,-1.3900246987373586,-0.0537679
-2.0931080588870286,3.4409123540601714,0.8611903972683352,0.0236301
-1.9430270524866495,-1.9620038763534953,1.761676435670613,-0.0413139
-1.9430270524866495,-1.8119228699531154,1.761676435670613,-0.0369668
-1.9430270524866495,-1.5117608571523564,-1.690186711538118,-0.0251067
-1.9430270524866495,1.489859270855236,1.611595429270234,-0.0140264
-1.9430270524866495,2.240264302857134,1.461514422869854,-0.0188521
-1.9430270524866495,2.390345309257513,-1.690186711538118,-0.0269494
-1.9430270524866495,4.341398392462447,-0.33945765393470184,0.0695363
-1.7929460460862696,-2.8624899147557725,1.611595429270234,-0.0643022
-1.7929460460862696,-2.412246895554634,1.761676435670613,-0.0534683
-1.7929460460862696,0.5893732324529584,1.611595429270234,-0.00183365
-1.7929460460862696,2.8405883284586526,-1.3900246987373586,-0.0229901
-1.6428650396858906,-0.31111280594931934,1.761676435670613,-0.00830474
-1.6428650396858906,2.540426315657893,1.311433416469475,-0.0254052
-1.6428650396858906,3.7410743668609294,-0.33945765393470184,0.041587
-1.4927840332855107,-1.2115988443515975,1.761676435670613,-0.0193203
-1.4927840332855107,1.790021283655995,1.611595429270234,-0.0243052
-1.4927840332855107,2.540426315657893,1.311433416469475,-0.0286969
-1.4927840332855107,2.9906693348590325,0.8611903972683352,-0.0208067
-1.3427030268851317,-3.0125709211561524,-1.3900246987373586,-0.0591494
-1.3427030268851317,-0.7613558251504582,-1.690186711538118,-0.00897647
-1.3427030268851317,3.2908313476597906,-0.4895386603350813,-0.0117796
-1.1926220204847509,-2.712408908355393,-1.5401057051377385,-0.0507904
-1.1926220204847509,-1.361679850751977,1.761676435670613,-0.0201538
-1.1926220204847509,2.9906693348590325,-1.0898626859365996,-0.0341652
-1.042541014084371,-3.4628139403572913,-0.9397816795362197,-0.0620756
-1.042541014084371,-1.0615178379512171,-1.5401057051377385,-0.0048532
-1.042541014084371,-0.9114368315508381,1.611595429270234,-0.00351119
-1.042541014084371,-0.6112748187500783,1.611595429270234,-0.000109946
-1.042541014084371,0.7394542388533383,1.611595429270234,-0.000372311
-1.042541014084371,1.3397782644548561,-1.8402677179384974,-0.0278854
-1.042541014084371,1.639940277255616,-1.8402677179384974,-0.0339844
-1.042541014084371,2.240264302857134,-1.690186711538118,-0.0410455
-1.042541014084371,2.690507322058272,-1.3900246987373586,-0.0412363
-1.042541014084371,3.1407503412594115,0.4109473780671964,-0.0301902
-0.8924600076839919,-3.7629759531580502,0.11078536526643745,-0.0625511
-0.8924600076839919,2.8405883284586526,0.8611903972683352,-0.03669
-0.7423790012836129,-3.4628139403572913,-0.7897006731358402,-0.0531022
-0.7423790012836129,-1.361679850751977,1.761676435670613,-0.0154064
-0.7423790012836129,1.0396162516540972,-1.690186711538118,-0.015649
-0.7423790012836129,1.1896972580544762,1.461514422869854,-0.00606111
-0.5922979948832321,1.790021283655995,1.311433416469475,-0.0214963
-0.5922979948832321,2.240264302857134,1.1613524100690942,-0.0316645
-0.44221698848285307,-2.712408908355393,1.611595429270234,-0.0346361
-0.44221698848285307,0.8895352452537173,-1.5401057051377385,-0.00298192
-0.44221698848285307,1.1896972580544762,1.311433416469475,0.00232354
-0.44221698848285307,1.489859270855236,-1.5401057051377385,-0.021254
-0.29213598208247404,-3.1626519275565323,-0.9397816795362197,-0.0300518
-0.29213598208247404,-3.0125709211561524,1.311433416469475,-0.0292888
-0.29213598208247404,-0.46119381234969925,1.761676435670613,-0.00925566
-0.14205497568209324,2.690507322058272,-0.33945765393470184,-0.0273029
-0.14205497568209324,2.690507322058272,-0.03929564113394246,-0.0277737
0.008026030718285782,-3.1626519275565323,1.0112714036687143,-0.0121623
0.008026030718285782,-2.262165889154254,-1.5401057051377385,-0.0163546
0.008026030718285782,1.0396162516540972,-1.3900246987373586,0.0101769
0.1581070371186648,-3.1626519275565323,1.0112714036687143,-0.00597252
0.1581070371186648,0.13913021325181862,1.761676435670613,0.000926196
0.1581070371186648,0.5893732324529584,1.611595429270234,0.0141989
0.30818804351904383,-3.1626519275565323,-0.7897006731358402,-0.00266714
0.30818804351904383,-0.9114368315508381,1.9117574420709929,-0.0266477
0.30818804351904383,-0.6112748187500783,1.9117574420709929,-0.022003
0.30818804351904383,0.28921121965219854,-1.690186711538118,-0.00304074
0.30818804351904383,0.7394542388533383,-1.5401057051377385,0.0115434
0.30818804351904383,0.7394542388533383,1.611595429270234,0.0214508
0.30818804351904383,1.639940277255616,1.0112714036687143,0.022231
0.30818804351904383,2.540426315657893,-0.6396196667354608,0.0106843
0.45826904991942463,-3.1626519275565323,-0.7897006731358402,0.0018773
0.45826904991942463,-1.6618418635527359,-1.5401057051377385,-0.0110503
0.6083500563198054,-3.4628139403572913,0.4109473780671964,0.0147746
0.6083500563198054,-3.0125709211561524,-0.9397816795362197,0.00327917
0.6083500563198054,-2.262165889154254,-1.3900246987373586,-0.00646298
0.6083500563198054,-0.6112748187500783,2.5120814676725116,-0.0248194
0.6083500563198054,0.13913021325181862,2.061838448471372,0.00558189
0.6083500563198054,0.43929222605257934,-1.8402677179384974,-0.00984363
0.6083500563198054,0.8895352452537173,2.211919454871752,0.0244583
0.6083500563198054,2.240264302857134,0.7111093908679553,0.0219043
0.7584310627201827,-3.4628139403572913,0.4109473780671964,0.0184433
0.7584310627201827,-2.262165889154254,1.611595429270234,-0.0167247
0.7584310627201827,-1.0615178379512171,-1.690186711538118,-0.0285561
0.7584310627201827,-0.6112748187500783,-1.9903487243388769,-0.0352331
0.7584310627201827,-0.1610317995489403,-2.140429730739257,-0.0340053
0.7584310627201827,0.13913021325181862,2.3620004612721317,0.0045646
0.7584310627201827,0.5893732324529584,2.3620004612721317,0.0214755
0.7584310627201827,1.940102290056375,1.9117574420709929,0.0295972
0.7584310627201827,2.690507322058272,-0.4895386603350813,0.0317604
0.9085120691205635,2.090183296456754,1.1613524100690942,0.0283986
0.9085120691205635,2.090183296456754,1.311433416469475,0.0282926
1.0585930755209425,-3.1626519275565323,-0.6396196667354608,0.019072
1.0585930755209425,-1.0615178379512171,-1.9903487243388769,-0.0409902
1.0585930755209425,1.0396162516540972,2.8122434804732706,0.0345921
1.2086740819213233,-2.712408908355393,-0.9397816795362197,0.0130348
1.2086740819213233,0.28921121965219854,2.8122434804732706,0.02219
1.2086740819213233,1.940102290056375,2.6621624740728906,0.0381485
1.2086740819213233,2.090183296456754,2.5120814676725116,0.0368595
1.3587550883217006,0.43929222605257934,-2.5906727499403956,-0.0402961
1.3587550883217006,1.489859270855236,2.9623244868736496,0.0403223
1.5088360947220814,-3.0125709211561524,0.7111093908679553,0.0255101
1.5088360947220814,-2.712408908355393,1.0112714036687143,0.0121149
1.5088360947220814,-2.5623279019550136,-0.7897006731358402,0.0176968
1.5088360947220814,1.940102290056375,2.8122434804732706,0.039711
1.5088360947220814,2.240264302857134,2.5120814676725116,0.036183
1.5088360947220814,2.540426315657893,0.26086637166681736,0.03913
1.6589171011224604,-0.7613558251504582,3.4125675060747884,0.0425586
1.6589171011224604,0.7394542388533383,-2.5906727499403956,-0.0351978
1.6589171011224604,2.390345309257513,0.7111093908679553,0.0295843
1.8089981075228412,-2.5623279019550136,0.7111093908679553,0.0154272
1.8089981075228412,-2.412246895554634,1.0112714036687143,-0.00602143
1.8089981075228412,-1.8119228699531154,-0.9397816795362197,-0.0108905
1.8089981075228412,2.240264302857134,-0.9397816795362197,0.0634191
1.959079113923222,-2.412246895554634,0.4109473780671964,0.0190359
1.959079113923222,-2.262165889154254,-0.18937664753432149,0.0228253
1.959079113923222,-1.9620038763534953,2.8122434804732706,0.013556
1.959079113923222,-1.8119228699531154,-0.9397816795362197,-0.0108332
1.959079113923222,1.3397782644548561,-2.140429730739257,-0.0113381
1.959079113923222,2.540426315657893,-0.6396196667354608,0.0774329
1.959079113923222,2.540426315657893,1.611595429270234,0.0144575
1.959079113923222,2.8405883284586526,0.11078536526643745,0.0420403
1.959079113923222,2.8405883284586526,0.26086637166681736,0.0327523
2.1091601203235992,-1.9620038763534953,0.11078536526643745,0.0119432
2.1091601203235992,-1.8119228699531154,-1.0898626859365996,-0.0121878
2.1091601203235992,-1.8119228699531154,-0.4895386603350813,0.00416072
2.1091601203235992,-1.8119228699531154,-0.33945765393470184,0.00782728
2.1091601203235992,-1.8119228699531154,-0.18937664753432149,0.0102664
2.1091601203235992,0.13913021325181862,3.2624864996744085,0.0693281
2.1091601203235992,2.240264302857134,-0.9397816795362197,0.0805367
2.25924112672398,-2.412246895554634,1.311433416469475,-0.021654
2.25924112672398,-2.1120848827538747,0.4109473780671964,0.00362435
2.25924112672398,-1.9620038763534953,-0.03929564113394246,0.0127436
2.25924112672398,-0.7613558251504582,-2.5906727499403956,-0.0290428
2.25924112672398,1.0396162516540972,-2.4405917435400157,-0.0169942
2.25924112672398,1.940102290056375,-1.0898626859365996,0.0723142
2.25924112672398,3.2908313476597906,0.11078536526643745,0.0383365
2.409322133124359,-2.412246895554634,1.461514422869854,-0.0213826
2.409322133124359,-1.9620038763534953,-0.9397816795362197,0.00406801
2.409322133124359,-1.6618418635527359,-1.8402677179384974,-0.00941938
2.409322133124359,-0.0109507931485604,3.4125675060747884,0.0882832
2.409322133124359,1.3397782644548561,2.9623244868736496,0.0434077
2.409322133124359,2.240264302857134,2.3620004612721317,0.0229102
2.409322133124359,2.390345309257513,2.061838448471372,0.0122719
2.409322133124359,3.2908313476597906,1.0112714036687143,-0.0155135
2.55940313952474,-2.262165889154254,2.211919454871752,-0.00159158
2.709484145925117,-2.412246895554634,-1.239943692336979,0.0106167
2.709484145925117,-1.361679850751977,-2.2905107371396367,0.00215332
2.709484145925117,0.13913021325181862,3.2624864996744085,0.092428
2.709484145925117,1.790021283655995,-1.3900246987373586,0.0648916
2.709484145925117,2.9906693348590325,-1.239943692336979,0.102848
2.859565152325498,-1.6618418635527359,3.1124054932740295,0.0761897
2.859565152325498,0.43929222605257934,-2.5906727499403956,0.00104468
2.859565152325498,3.2908313476597906,-1.0898626859365996,0.0980766
3.0096461587258787,-2.712408908355393,0.5610283844675763,0.0202531
3.0096461587258787,-2.5623279019550136,-2.140429730739257,0.019868
3.0096461587258787,-0.6112748187500783,-2.4405917435400157,0.0105094
3.0096461587258787,-0.0109507931485604,3.2624864996744085,0.100656
3.0096461587258787,0.28921121965219854,-2.5906727499403956,0.00849902
3.0096461587258787,0.28921121965219854,2.9623244868736496,0.0852244
3.0096461587258787,0.43929222605257934,-2.5906727499403956,0.0094192
3.0096461587258787,0.43929222605257934,2.8122434804732706,0.0757594
3.0096461587258787,3.4409123540601714,1.461514422869854,-0.0363333
3.1597271651262577,-2.412246895554634,1.0112714036687143,0.0106323
3.1597271651262577,-0.6112748187500783,-2.4405917435400157,0.0178184
3.1597271651262577,-0.46119381234969925,3.4125675060747884,0.109575
3.1597271651262577,0.13913021325181862,-2.5906727499403956,0.015322
3.3098081715266368,-2.8624899147557725,0.5610283844675763,0.0218988
3.3098081715266368,-2.1120848827538747,-2.740753756340775,0.0269077
3.3098081715266368,-1.8119228699531154,2.3620004612721317,0.0277047
3.3098081715266368,-1.6618418635527359,2.6621624740728906,0.0536391
3.3098081715266368,2.240264302857134,2.061838448471372,-0.0113393
3.459889177927016,-2.262165889154254,-2.740753756340775,0.0290204
3.459889177927016,-1.6618418635527359,2.3620004612721317,0.0322406
3.459889177927016,2.390345309257513,2.061838448471372,-0.0203349
3.6099701843273966,-3.0125709211561524,-1.0898626859365996,0.0124224
3.6099701843273966,-2.5623279019550136,-2.5906727499403956,0.0289999
3.6099701843273966,-1.361679850751977,2.5120814676725116,0.0508402
3.6099701843273966,-1.0615178379512171,-2.740753756340775,0.027704
3.6099701843273966,-0.7613558251504582,-2.5906727499403956,0.0282014
3.6099701843273966,1.3397782644548561,-2.5906727499403956,0.0358165
3.6099701843273966,2.240264302857134,2.061838448471372,-0.0146602
3.7600511907277756,-0.9114368315508381,2.5120814676725116,0.0600016
3.7600511907277756,-0.46119381234969925,2.5120814676725116,0.0666062
3.7600511907277756,-0.1610317995489403,-2.5906727499403956,0.0321849
3.9101321971281546,-0.9114368315508381,1.9117574420709929,0.0256216
3.9101321971281546,-0.1610317995489403,-2.5906727499403956,0.0348852
3.9101321971281546,1.3397782644548561,2.211919454871752,0.0279449
3.9101321971281546,1.639940277255616,2.061838448471372,0.0171126
3.9101321971281546,3.4409123540601714,-0.7897006731358402,0.0385144
4.060213203528535,-2.8624899147557725,0.5610283844675763,0.0163405
4.060213203528535,-2.712408908355393,-2.4405917435400157,0.0291232
4.060213203528535,-1.9620038763534953,-2.8908347627411546,0.0342696
4.060213203528535,0.13913021325181862,2.3620004612721317,0.049763
4.060213203528535,0.28921121965219854,-2.740753756340775,0.0368789
4.060213203528535,2.240264302857134,-1.3900246987373586,0.0401782
4.060213203528535,3.7410743668609294,1.0112714036687143,-0.0406952
4.2102942099289145,-3.0125709211561524,-0.33945765393470184,0.00917255
4.2102942099289145,-2.8624899147557725,-2.140429730739257,0.0247888
4.2102942099289145,1.790021283655995,-2.140429730739257,0.0415083
4.2102942099289145,1.940102290056375,1.9117574420709929,-0.00220051
4.2102942099289145,2.540426315657893,-1.239943692336979,0.0288831
4.2102942099289145,2.540426315657893,1.9117574420709929,-0.0313803
4.2102942099289145,3.1407503412594115,-0.9397816795362197,0.0224708
4.2102942099289145,3.7410743668609294,0.8611903972683352,-0.0396139
4.360375216329295,-2.8624899147557725,0.26086637166681736,0.00905048
4.360375216329295,-2.712408908355393,0.5610283844675763,0.0107012
4.360375216329295,-2.412246895554634,0.8611903972683352,0.0118408
4.360375216329295,-2.1120848827538747,1.0112714036687143,0.0116155
4.360375216329295,2.240264302857134,-1.239943692336979,0.0214707
4.5104562227296725,-2.8624899147557725,-0.03929564113394246,0.00392807
4.5104562227296725,-0.7613558251504582,1.311433416469475,0.0192464
4.5104562227296725,0.28921121965219854,-2.5906727499403956,0.0447857
4.5104562227296725,0.43929222605257934,2.3620004612721317,0.0410392
4.5104562227296725,2.240264302857134,1.761676435670613,-0.0214197
4.5104562227296725,2.390345309257513,1.761676435670613,-0.0280036
4.660537229130053,-2.8624899147557725,-0.9397816795362197,0.0044232
4.660537229130053,-2.8624899147557725,-0.4895386603350813,5.92365e-05
4.660537229130053,-1.2115988443515975,-2.5906727499403956,0.0446811
4.660537229130053,-0.46119381234969925,-2.2905107371396367,0.0555506
4.660537229130053,1.790021283655995,-1.3900246987373586,0.0264359
4.660537229130053,1.940102290056375,-1.0898626859365996,0.0113272
4.660537229130053,2.690507322058272,1.611595429270234,-0.0392388
4.810618235530432,-2.1120848827538747,-2.4405917435400157,0.0343907
4.810618235530432,1.1896972580544762,-2.2905107371396367,0.0429947
4.810618235530432,1.1896972580544762,2.061838448471372,0.0267035
4.810618235530432,3.4409123540601714,0.26086637166681736,-0.0387607
4.810618235530432,3.4409123540601714,0.5610283844675763,-0.0436629
4.960699241930813,-2.412246895554634,-1.9903487243388769,0.0224323
4.960699241930813,-0.7613558251504582,-2.2905107371396367,0.0658094
4.960699241930813,3.1407503412594115,-0.18937664753432149,-0.033373
4.960699241930813,3.2908313476597906,0.26086637166681736,-0.041531
5.110780248331192,-2.8624899147557725,-0.6396196667354608,-0.0195193
5.110780248331192,-2.8624899147557725,-0.4895386603350813,-0.0213874
5.110780248331192,-2.262165889154254,-1.9903487243388769,0.0233607
5.110780248331192,0.13913021325181862,-1.9903487243388769,0.0615406
5.110780248331192,0.28921121965219854,-1.9903487243388769,0.0570842
5.110780248331192,1.0396162516540972,-1.8402677179384974,0.041162
5.110780248331192,1.1896972580544762,-1.5401057051377385,0.0344256
5.110780248331192,1.1896972580544762,-1.3900246987373586,0.0315876
5.110780248331192,1.1896972580544762,-0.03929564113394246,0.00767918
5.110780248331192,1.3397782644548561,1.611595429270234,0.0187732
5.110780248331192,2.9906693348590325,-0.03929564113394246,-0.038955
5.260861254731571,-2.8624899147557725,-0.33945765393470184,-0.0292622
5.260861254731571,-0.0109507931485604,-1.9903487243388769,0.0709344
5.260861254731571,0.7394542388533383,-1.239943692336979,0.0338682
5.260861254731571,1.3397782644548561,1.1613524100690942,0.0120259
5.410942261131952,-2.262165889154254,0.7111093908679553,-0.0365701
5.410942261131952,-0.0109507931485604,-1.9903487243388769,0.076071
5.410942261131952,0.13913021325181862,1.461514422869854,0.0195134
5.410942261131952,0.28921121965219854,-1.690186711538118,0.0589945
5.410942261131952,0.5893732324529584,-0.9397816795362197,0.022614
5.410942261131952,0.5893732324529584,-0.03929564113394246,-0.00438323
5.410942261131952,0.5893732324529584,0.11078536526643745,-0.00445003
5.561023267532331,-2.5623279019550136,-1.5401057051377385,-0.00745309
5.561023267532331,-2.5623279019550136,0.4109473780671964,-0.0421056
5.561023267532331,0.13913021325181862,0.8611903972683352,-0.00835538
5.711104273932712,-2.262165889154254,0.7111093908679553,-0.0453598
5.861185280333089,0.43929222605257934,-1.0898626859365996,0.0314232
6.01126628673347,-2.712408908355393,-1.0898626859365996,-0.0290178
6.01126628673347,-0.31111280594931934,0.8611903972683352,-0.0384256
6.01126628673347,-0.0109507931485604,-1.9903487243388769,0.0899161
6.01126628673347,0.43929222605257934,-0.7897006731358402,0.0139415
6.161347293133849,-2.712408908355393,-0.18937664753432149,-0.0481985
6.161347293133849,-2.262165889154254,0.5610283844675763,-0.0522603
6.161347293133849,-0.46119381234969925,0.8611903972683352,-0.0423045
6.31142829953423,-2.5623279019550136,-1.0898626859365996,-0.0263722
6.31142829953423,-2.262165889154254,-1.5401057051377385,0.000864916
6.31142829953423,-2.1120848827538747,-1.690186711538118,0.0154323
6.31142829953423,-0.0109507931485604,-1.8402677179384974,0.0895234
6.31142829953423,0.28921121965219854,-0.7897006731358402,0.0193488
6.461509305934607,-2.5623279019550136,-0.33945765393470184,-0.0450656
6.461509305934607,-1.8119228699531154,-1.8402677179384974,0.0426212
6.461509305934607,-0.6112748187500783,0.7111093908679553,-0.0441646
6.461509305934607,-0.0109507931485604,-1.690186711538118,0.0849799
6.461509305934607,0.13913021325181862,-0.18937664753432149,-0.0142444
6.611590312334988,-0.6112748187500783,0.5610283844675763,-0.0414069
6.611590312334988,-0.0109507931485604,-1.3900246987373586,0.0709898
6.7616713187353685,-2.262165889154254,-0.4895386603350813,-0.0354963
6.7616713187353685,-0.1610317995489403,-0.4895386603350813,0.00764917
6.9117523251357476,-1.6618418635527359,0.11078536526643745,-0.0398736
6.9117523251357476,-0.7613558251504582,-1.690186711538118,0.0853342
6.9117523251357476,-0.7613558251504582,0.11078536526643745,-0.0274935
6.9117523251357476,-0.6112748187500783,-0.03929564113394246,-0.0195921
7.061833331536128,-1.361679850751977,-0.6396196667354608,0.00107105
7.061833331536128,-1.2115988443515975,-0.33945765393470184,-0.0118544
7.061833331536128,-1.0615178379512171,-0.9397816795362197,0.0328228
7.061833331536128,-1.0615178379512171,-0.4895386603350813,0.000846459
