-10.648788011542933,-0.6261822698850974,0.36423055576405705,0.0713496
-10.481649507010212,0.8780642709093991,0.531369060296778,0.0541411
-10.314511002477492,0.7109257663766773,-0.8057389759649962,0.0527786
-10.147372497944769,-1.127597783483263,-0.13718495783410845,0.0695891
-10.147372497944769,1.2123412799748428,1.0327845738949444,0.0535457
-9.980233993412046,-0.9604592789505411,-0.6386004714322739,0.0645928
-9.980233993412046,1.7137567935730074,0.029953546698613387,0.054038
-9.813095488879325,-1.2947362880159856,0.029953546698613387,0.067341
-9.813095488879325,-0.9604592789505411,1.0327845738949444,0.0642941
-9.813095488879325,1.7137567935730074,1.367061582960388,0.0622662
-9.645956984346604,0.3766487573112336,1.7013385920258308,0.0537244
-9.31167997528116,-1.2947362880159856,-0.3043234623668303,0.0619731
-9.31167997528116,0.3766487573112336,1.8684770965585535,0.0564827
-9.31167997528116,1.04520277544212,2.0356156010912754,0.064927
-9.31167997528116,1.2123412799748428,2.0356156010912754,0.0669753
-9.31167997528116,2.2151723071711737,1.367061582960388,0.0702834
-9.144541470748438,-0.45904376535237557,1.5342000874931099,0.0576435
-9.144541470748438,-0.12476675628693279,1.7013385920258308,0.0563961
-9.144541470748438,0.04237174824578993,-1.641431498628605,0.057919
-9.144541470748438,1.2123412799748428,-1.9757085076940486,0.0727659
-9.144541470748438,1.5466182890402864,2.0356156010912754,0.0724021
-9.144541470748438,1.88089529810573,1.8684770965585535,0.0741441
-8.977402966215717,-1.2947362880159856,0.6985075648295007,0.0610777
-8.977402966215717,-0.9604592789505411,-0.9728774804977176,0.0600936
-8.977402966215717,0.5437872618439545,2.0356156010912754,0.0615342
-8.977402966215717,2.3823108117038947,0.029953546698613387,0.0578928
-8.810264461682994,-1.4618747925487066,-0.3043234623668303,0.060526
-8.810264461682994,-0.6261822698850974,1.5342000874931099,0.060428
-8.643125957150271,-1.6290132970814284,-0.3043234623668303,0.059834
-8.643125957150271,-1.6290132970814284,-0.13718495783410845,0.0594068
-8.643125957150271,-0.9604592789505411,1.5342000874931099,0.062741
-8.47598745261755,0.5437872618439545,2.0356156010912754,0.0658596
-8.47598745261755,0.7109257663766773,-1.9757085076940486,0.072013
-8.47598745261755,2.3823108117038947,-0.13718495783410845,0.0611956
-8.30884894808483,-1.963290306146872,-0.6386004714322739,0.0611699
-8.30884894808483,-1.7961518016141502,-1.1400159850304399,0.0665038
-8.30884894808483,-0.29190526081965373,1.8684770965585535,0.064142
-8.30884894808483,0.04237174824578993,1.8684770965585535,0.0638359
-8.30884894808483,1.5466182890402864,2.0356156010912754,0.0785751
-8.30884894808483,1.88089529810573,1.8684770965585535,0.0801714
-8.141710443552107,-1.963290306146872,1.0327845738949444,0.0594162
-8.141710443552107,-0.7933207744178192,2.0356156010912754,0.068552
-8.141710443552107,1.04520277544212,2.0356156010912754,0.0744603
-8.141710443552107,1.2123412799748428,2.0356156010912754,0.076278
-7.974571939019385,-2.130428810679594,-0.13718495783410845,0.053847
-7.974571939019385,-1.963290306146872,1.367061582960388,0.0636323
-7.974571939019385,-1.7961518016141502,-1.474292994095883,0.0705982
-7.974571939019385,1.5466182890402864,1.8684770965585535,0.0800691
-7.974571939019385,2.2151723071711737,-0.13718495783410845,0.0666012
-7.807433434486663,-2.130428810679594,0.36423055576405705,0.0502293
-7.807433434486663,-2.130428810679594,0.531369060296778,0.0512824
-7.807433434486663,-2.130428810679594,0.8656460693622225,0.0552684
-7.807433434486663,-1.963290306146872,1.5342000874931099,0.0653608
-7.807433434486663,-0.45904376535237557,-1.8085700031613268,0.0691264
-7.640294929953942,-2.130428810679594,1.1999230784276662,0.0591843
-7.640294929953942,2.048033802638452,0.029953546698613387,0.072833
-7.4731564254212195,-0.45904376535237557,2.202754105623997,0.0719738
-7.138879416355776,-2.130428810679594,-1.1400159850304399,0.0614176
-7.138879416355776,-1.127597783483263,2.202754105623997,0.0734812
-7.138879416355776,1.3794797845075646,1.7013385920258308,0.0894051
-7.138879416355776,1.88089529810573,-1.3071544895631613,0.0910397
-6.971740911823054,-2.130428810679594,0.36423055576405705,0.0353689
-6.971740911823054,-2.130428810679594,0.531369060296778,0.0370748
-6.971740911823054,-2.130428810679594,0.6985075648295007,0.0398118
-6.971740911823054,-2.130428810679594,0.8656460693622225,0.0430397
-6.971740911823054,-1.6290132970814284,-1.641431498628605,0.0697862
-6.971740911823054,0.7109257663766773,-1.8085700031613268,0.088246
-6.971740911823054,1.3794797845075646,-1.8085700031613268,0.0947407
-6.971740911823054,2.2151723071711737,1.0327845738949444,0.0911828
-6.63746390275761,-2.130428810679594,-0.13718495783410845,0.0238453
-6.63746390275761,-2.130428810679594,0.029953546698613387,0.0216559
-6.63746390275761,0.3766487573112336,1.8684770965585535,0.0830992
-6.63746390275761,2.3823108117038947,0.19709205123133522,0.0875123
-6.470325398224889,0.8780642709093991,2.0356156010912754,0.0907473
-6.470325398224889,1.5466182890402864,-1.9757085076940486,0.101478
-6.470325398224889,2.2151723071711737,1.5342000874931099,0.101644
-6.303186893692167,-1.2947362880159856,-1.3071544895631613,0.0607943
-6.303186893692167,1.5466182890402864,2.0356156010912754,0.10001
-6.303186893692167,2.3823108117038947,-0.9728774804977176,0.0989768
-6.136048389159445,-0.12476675628693279,-1.641431498628605,0.0872188
-5.968909884626723,-0.7933207744178192,1.5342000874931099,0.0703844
-5.968909884626723,0.5437872618439545,-1.9757085076940486,0.0941322
-5.801771380094002,-1.4618747925487066,-1.3071544895631613,0.0434318
-5.801771380094002,0.3766487573112336,1.8684770965585535,0.0918503
-5.801771380094002,2.2151723071711737,-1.3071544895631613,0.108732
-5.801771380094002,2.3823108117038947,-0.13718495783410845,0.1024
-5.634632875561279,-2.63184432427776,1.0327845738949444,0.00541649
-5.634632875561279,-2.2975673152123157,1.367061582960388,0.0116521
-5.634632875561279,2.2151723071711737,-1.1400159850304399,0.111113
-5.4674943710285575,-2.9661213333432035,-0.13718495783410845,0.00365797
-5.4674943710285575,-1.127597783483263,1.7013385920258308,0.0505734
-5.4674943710285575,2.2151723071711737,-0.8057389759649962,0.115009
-5.300355866495837,0.20951025277851176,1.7013385920258308,0.101304
-5.300355866495837,2.2151723071711737,0.19709205123133522,0.1235
-5.133217361963114,-1.963290306146872,1.7013385920258308,0.0226371
-4.966078857430392,1.7137567935730074,-1.1400159850304399,0.124505
-4.79894035289767,-0.12476675628693279,1.7013385920258308,0.0984247
-4.631801848364949,-1.963290306146872,1.7013385920258308,0.0268805
-4.631801848364949,-0.45904376535237557,1.7013385920258308,0.0873122
-4.631801848364949,2.2151723071711737,0.531369060296778,0.153925
-4.4646633438322265,-0.7933207744178192,1.7013385920258308,0.0709362
-4.4646633438322265,0.04237174824578993,1.7013385920258308,0.0928063
-4.4646633438322265,0.5437872618439545,1.7013385920258308,0.089974
-4.297524839299505,-1.6290132970814284,1.7013385920258308,0.0383671
-4.297524839299505,2.3823108117038947,-0.6386004714322739,0.166459
-4.297524839299505,2.3823108117038947,0.531369060296778,0.16201
-4.130386334766783,2.5494493162366174,0.19709205123133522,0.17287
-3.963247830234062,-2.130428810679594,-1.1400159850304399,0.0399775
-3.963247830234062,-1.127597783483263,-1.3071544895631613,0.0697115
-3.963247830234062,0.5437872618439545,-1.8085700031613268,0.0790109
-3.963247830234062,2.2151723071711737,-0.9728774804977176,0.155378
-3.796109325701339,-2.798982828810481,0.531369060296778,0.0530638
-3.796109325701339,-2.2975673152123157,1.1999230784276662,0.0442785
-3.796109325701339,-0.7933207744178192,-1.3071544895631613,0.0843471
-3.796109325701339,0.3766487573112336,-1.8085700031613268,0.0771837
-3.796109325701339,1.88089529810573,1.1999230784276662,0.121593
-3.796109325701339,2.2151723071711737,-0.9728774804977176,0.155548
-3.6289708211686165,0.5437872618439545,-1.8085700031613268,0.0789467
-3.6289708211686165,1.04520277544212,1.7013385920258308,0.0831476
-3.4618323166358955,-2.9661213333432035,0.029953546698613387,0.0838479
-3.4618323166358955,-2.9661213333432035,0.19709205123133522,0.083953
-3.4618323166358955,-2.798982828810481,-0.4714619668995521,0.0790486
-3.4618323166358955,-2.798982828810481,0.6985075648295007,0.079535
-3.4618323166358955,-0.7933207744178192,-1.3071544895631613,0.0877005
-3.4618323166358955,0.04237174824578993,1.7013385920258308,0.0797486
-3.294693812103173,-1.7961518016141502,1.367061582960388,0.0706079
-3.294693812103173,1.88089529810573,-1.1400159850304399,0.137424
-3.1275553075704536,0.20951025277851176,1.7013385920258308,0.0832508
-3.1275553075704536,2.3823108117038947,0.36423055576405705,0.161519
-2.960416803037731,-2.798982828810481,-0.8057389759649962,0.089362
-2.960416803037731,-1.2947362880159856,-1.474292994095883,0.080577
-2.960416803037731,0.20951025277851176,1.7013385920258308,0.0855508
-2.960416803037731,0.8780642709093991,-1.641431498628605,0.0948517
-2.960416803037731,2.3823108117038947,-0.6386004714322739,0.15512
-2.960416803037731,2.5494493162366174,-0.3043234623668303,0.159219
-2.793278298505008,-2.9661213333432035,-0.6386004714322739,0.0951735
-2.793278298505008,-2.4647058197450376,-1.1400159850304399,0.0832931
-2.793278298505008,-1.963290306146872,1.5342000874931099,0.0794768
-2.793278298505008,0.3766487573112336,1.7013385920258308,0.0875747
-2.793278298505008,0.8780642709093991,-1.641431498628605,0.0965108
-2.793278298505008,1.88089529810573,-1.1400159850304399,0.131852
-2.6261397939722873,-3.133259837875925,-0.3043234623668303,0.101752
-2.6261397939722873,-2.9661213333432035,0.8656460693622225,0.0984382
-2.6261397939722873,-1.4618747925487066,1.7013385920258308,0.0792793
-2.6261397939722873,1.04520277544212,1.5342000874931099,0.0966551
-2.6261397939722873,1.3794797845075646,1.367061582960388,0.105744
-2.4590012894395645,-2.4647058197450376,1.367061582960388,0.0874408
-2.4590012894395645,3.050864829834784,-0.3043234623668303,0.14682
-2.291862784906842,-3.133259837875925,0.36423055576405705,0.106672
-2.291862784906842,-2.9661213333432035,-0.6386004714322739,0.0989547
-2.291862784906842,0.5437872618439545,-1.8085700031613268,0.0887203
-2.291862784906842,0.7109257663766773,1.7013385920258308,0.0894876
-2.291862784906842,2.048033802638452,1.1999230784276662,0.1165
-2.291862784906842,2.3823108117038947,1.0327845738949444,0.125204
-2.291862784906842,3.050864829834784,-0.6386004714322739,0.143382
-2.124724280374121,-1.7961518016141502,-1.641431498628605,0.0793251
-2.124724280374121,2.2151723071711737,1.1999230784276662,0.117288
-2.124724280374121,3.050864829834784,0.531369060296778,0.139901
-1.9575857758414,-2.9661213333432035,0.6985075648295007,0.106698
-1.9575857758414,0.04237174824578993,-1.8085700031613268,0.0851163
-1.7904472713086772,2.883726325302061,0.8656460693622225,0.1329
-1.7904472713086772,3.050864829834784,0.6985075648295007,0.13662
-1.6233087667759563,1.5466182890402864,-1.8085700031613268,0.0993766
-1.4561702622432335,3.050864829834784,-1.3071544895631613,0.132829
-1.4561702622432335,3.7194188479656694,0.19709205123133522,0.12794
-1.2890317577105126,3.7194188479656694,1.0327845738949444,0.132699
-1.1218932531777899,-2.9661213333432035,1.1999230784276662,0.106997
-1.1218932531777899,0.3766487573112336,-1.8085700031613268,0.0880921
-0.9547547486450672,-1.4618747925487066,1.8684770965585535,0.0829154
-0.9547547486450672,1.2123412799748428,1.7013385920258308,0.0921507
-0.9547547486450672,4.053695857031115,-1.8085700031613268,0.125422
-0.9547547486450672,4.220834361563836,1.1999230784276662,0.128109
-0.787616244112348,-1.4618747925487066,-1.8085700031613268,0.0841799
-0.787616244112348,-1.4618747925487066,1.8684770965585535,0.0848585
-0.787616244112348,-0.29190526081965373,1.5342000874931099,0.0955366
-0.787616244112348,0.7109257663766773,1.7013385920258308,0.0897621
-0.787616244112348,1.7137567935730074,1.5342000874931099,0.103484
-0.787616244112348,4.220834361563836,-1.8085700031613268,0.122357
-0.6204777395796253,-3.6346753514740904,0.6985075648295007,0.129902
-0.6204777395796253,-1.4618747925487066,-1.8085700031613268,0.0862736
-0.6204777395796253,-1.2947362880159856,-1.8085700031613268,0.086361
-0.6204777395796253,0.20951025277851176,-1.8085700031613268,0.0904936
-0.6204777395796253,2.883726325302061,1.5342000874931099,0.128508
-0.6204777395796253,4.722249875162,-0.13718495783410845,0.10797
-0.45333923504690254,-3.801813856006812,0.19709205123133522,0.136444
-0.45333923504690254,-2.63184432427776,1.5342000874931099,0.105989
-0.45333923504690254,-1.4618747925487066,-1.8085700031613268,0.0886489
-0.45333923504690254,-1.2947362880159856,-1.8085700031613268,0.0886169
-0.45333923504690254,0.5437872618439545,1.7013385920258308,0.0917825
-0.45333923504690254,4.722249875162,-0.9728774804977176,0.107996
-0.2862007305141816,-2.130428810679594,-1.641431498628605,0.0980506
-0.2862007305141816,-1.127597783483263,-1.8085700031613268,0.0914475
-0.2862007305141816,-0.12476675628693279,-1.8085700031613268,0.0931541
-0.2862007305141816,0.3766487573112336,1.7013385920258308,0.0931708
-0.2862007305141816,2.2151723071711737,-1.8085700031613268,0.124352
-0.2862007305141816,2.3823108117038947,1.367061582960388,0.127161
-0.2862007305141816,4.555111370629279,-1.641431498628605,0.11258
-0.11906222598145888,-0.9604592789505411,-1.8085700031613268,0.0946238
-0.11906222598145888,0.20951025277851176,1.7013385920258308,0.0949016
-0.11906222598145888,2.2151723071711737,1.367061582960388,0.127989
-0.11906222598145888,4.722249875162,1.0327845738949444,0.113489
0.04807627855126384,-3.6346753514740904,0.531369060296778,0.141642
0.04807627855126384,-3.3003983424086467,1.0327845738949444,0.133533
0.04807627855126384,-0.9604592789505411,-1.8085700031613268,0.0974101
0.04807627855126384,1.5466182890402864,-1.8085700031613268,0.116174
0.04807627855126384,4.722249875162,1.0327845738949444,0.111323
0.04807627855126384,4.889388379694723,-0.8057389759649962,0.104248
0.21521478308398478,-1.6290132970814284,-1.641431498628605,0.105858
0.21521478308398478,-1.4618747925487066,1.7013385920258308,0.107791
0.21521478308398478,-0.7933207744178192,-1.8085700031613268,0.100043
0.21521478308398478,0.04237174824578993,1.7013385920258308,0.0992058
0.21521478308398478,0.3766487573112336,1.7013385920258308,0.0981635
0.21521478308398478,0.5437872618439545,1.7013385920258308,0.0984525
0.21521478308398478,0.7109257663766773,1.7013385920258308,0.0993177
0.21521478308398478,1.5466182890402864,-1.8085700031613268,0.119724
0.21521478308398478,3.218003334367503,-2.3099855167594923,0.118731
0.38235328761670573,-3.133259837875925,1.1999230784276662,0.135212
0.38235328761670573,-2.798982828810481,-1.3071544895631613,0.131994
0.38235328761670573,-1.4618747925487066,-1.641431498628605,0.108587
0.38235328761670573,-0.45904376535237557,-1.8085700031613268,0.100972
0.38235328761670573,-0.29190526081965373,1.7013385920258308,0.103937
0.38235328761670573,1.5466182890402864,-1.8085700031613268,0.123026
0.38235328761670573,2.048033802638452,-1.8085700031613268,0.130435
0.38235328761670573,3.7194188479656694,1.7013385920258308,0.116954
0.38235328761670573,4.220834361563836,-1.9757085076940486,0.108799
0.7166302966821494,-1.963290306146872,1.7013385920258308,0.132013
0.7166302966821494,1.5466182890402864,1.5342000874931099,0.123372
0.7166302966821494,2.048033802638452,-1.8085700031613268,0.132894
0.8837688012148721,-3.3003983424086467,1.7013385920258308,0.13953
0.8837688012148721,-0.12476675628693279,1.5342000874931099,0.110515
0.8837688012148721,0.04237174824578993,-1.641431498628605,0.105371
0.8837688012148721,2.2151723071711737,-1.8085700031613268,0.130919
1.050907305747593,0.7109257663766773,1.367061582960388,0.11226
1.050907305747593,4.053695857031115,-1.8085700031613268,0.103281
1.2180458102803158,-2.63184432427776,-1.8085700031613268,0.137862
1.2180458102803158,-0.45904376535237557,1.5342000874931099,0.110895
1.2180458102803158,0.04237174824578993,1.367061582960388,0.108987
1.2180458102803158,1.04520277544212,-1.641431498628605,0.11721
1.2180458102803158,1.88089529810573,1.5342000874931099,0.118095
1.2180458102803158,4.555111370629279,-1.474292994095883,0.105212
1.3851843148130385,-2.4647058197450376,-1.8085700031613268,0.136429
1.3851843148130385,-1.4618747925487066,1.7013385920258308,0.135878
1.3851843148130385,-0.45904376535237557,1.5342000874931099,0.108647
1.3851843148130385,0.3766487573112336,1.1999230784276662,0.106817
1.5523228193457577,-3.6346753514740904,-1.641431498628605,0.151365
1.5523228193457577,0.8780642709093991,1.367061582960388,0.101416
1.5523228193457577,2.5494493162366174,1.367061582960388,0.107095
1.5523228193457577,3.886557352498392,-1.641431498628605,0.105562
1.5523228193457577,5.056526884227444,-0.6386004714322739,0.11449
1.7194613238784804,-1.7961518016141502,2.0356156010912754,0.142983
1.886599828411203,0.3766487573112336,1.1999230784276662,0.0955843
1.886599828411203,4.722249875162,-0.9728774804977176,0.117055
1.886599828411203,4.889388379694723,-0.6386004714322739,0.118862
2.053738332943924,-3.968952360539534,-1.1400159850304399,0.157856
2.053738332943924,-0.12476675628693279,1.367061582960388,0.103894
2.053738332943924,0.7109257663766773,-1.474292994095883,0.0937804
2.053738332943924,4.555111370629279,-0.9728774804977176,0.118003
2.2208768374766468,3.5522803434329484,0.531369060296778,0.0962961
2.2208768374766468,4.220834361563836,0.36423055576405705,0.113139
2.2208768374766468,4.555111370629279,-0.6386004714322739,0.120697
2.3880153420093695,-3.4675368469413685,1.7013385920258308,0.149295
2.3880153420093695,-3.133259837875925,-1.8085700031613268,0.169973
2.3880153420093695,3.218003334367503,0.6985075648295007,0.0790649
2.3880153420093695,3.886557352498392,-0.8057389759649962,0.113013
2.5551538465420904,-3.968952360539534,-0.4714619668995521,0.163085
2.5551538465420904,-3.6346753514740904,1.367061582960388,0.15205
2.5551538465420904,-0.45904376535237557,-1.474292994095883,0.0958244
2.5551538465420904,1.88089529810573,1.5342000874931099,0.0855432
2.7222923510748114,-3.968952360539534,0.8656460693622225,0.15427
2.7222923510748114,-3.133259837875925,-2.3099855167594923,0.184009
2.8894308556075323,-0.45904376535237557,-1.3071544895631613,0.118461
2.8894308556075323,-0.12476675628693279,1.7013385920258308,0.149107
3.056569360140255,-3.968952360539534,-0.6386004714322739,0.170172
3.056569360140255,-0.29190526081965373,-1.3071544895631613,0.13596
3.2237078646729778,-3.6346753514740904,-2.477124021292214,0.211839
3.2237078646729778,-3.6346753514740904,1.5342000874931099,0.152567
3.2237078646729778,-2.2975673152123157,-2.8114010303576578,0.130966
3.2237078646729778,0.20951025277851176,1.5342000874931099,0.157306
3.2237078646729778,2.048033802638452,1.1999230784276662,0.0954264
3.2237078646729778,3.050864829834784,0.19709205123133522,0.0784603
3.2237078646729778,3.218003334367503,-0.4714619668995521,0.096551
3.3908463692056987,-1.6290132970814284,2.7041696192221627,0.158631
3.3908463692056987,1.7137567935730074,-1.474292994095883,0.113392
3.5579848737384214,-4.4703678741376995,0.6985075648295007,0.150335
3.5579848737384214,-3.968952360539534,-0.9728774804977176,0.179103
3.5579848737384214,-1.2947362880159856,-2.644262525824936,0.0862196
3.5579848737384214,1.2123412799748428,-1.3071544895631613,0.137898
3.5579848737384214,2.048033802638452,1.367061582960388,0.119395
3.5579848737384214,2.5494493162366174,-1.8085700031613268,0.115493
3.725123378271144,-2.2975673152123157,2.202754105623997,0.15924
3.725123378271144,0.3766487573112336,-1.641431498628605,0.163912
3.725123378271144,1.3794797845075646,-1.474292994095883,0.131655
3.725123378271144,1.88089529810573,-1.8085700031613268,0.117036
3.725123378271144,2.2151723071711737,1.5342000874931099,0.125521
3.725123378271144,3.5522803434329484,-1.1400159850304399,0.114688
3.892261882803865,-3.801813856006812,-2.477124021292214,0.206387
3.892261882803865,-2.63184432427776,1.8684770965585535,0.163203
3.892261882803865,2.3823108117038947,1.5342000874931099,0.126938
3.892261882803865,3.5522803434329484,-0.13718495783410845,0.10568
4.059400387336584,-1.2947362880159856,2.8713081237548836,0.154166
4.226538891869307,-4.303229369604978,-0.13718495783410845,0.150511
4.226538891869307,-3.968952360539534,1.367061582960388,0.150269
4.226538891869307,-2.2975673152123157,2.202754105623997,0.156059
4.226538891869307,-1.6290132970814284,-2.8114010303576578,0.093437
4.226538891869307,0.8780642709093991,-1.641431498628605,0.159131
4.226538891869307,2.2151723071711737,-2.1428470122267704,0.110936
4.226538891869307,2.3823108117038947,-2.1428470122267704,0.110259
4.39367739640203,3.7194188479656694,0.029953546698613387,0.104458
4.560815900934752,-0.7933207744178192,-2.1428470122267704,0.133889
4.727954405467475,-3.801813856006812,-0.3043234623668303,0.142012
4.727954405467475,-3.133259837875925,1.367061582960388,0.156088
4.727954405467475,-1.6290132970814284,-2.644262525824936,0.0907183
4.727954405467475,-1.2947362880159856,-2.477124021292214,0.0948672
4.727954405467475,0.5437872618439545,2.369892610156718,0.147802
4.895092910000198,-3.4675368469413685,1.0327845738949444,0.151446
4.895092910000198,0.5437872618439545,2.369892610156718,0.146353
4.895092910000198,0.8780642709093991,-1.9757085076940486,0.149591
4.895092910000198,2.883726325302061,-2.1428470122267704,0.106484
4.895092910000198,3.5522803434329484,0.6985075648295007,0.11386
5.062231414532917,-3.3003983424086467,-0.3043234623668303,0.129362
5.062231414532917,0.5437872618439545,2.369892610156718,0.144489
5.22936991906564,-3.3003983424086467,-1.8085700031613268,0.103634
5.22936991906564,-3.133259837875925,-0.4714619668995521,0.115755
5.22936991906564,-2.9661213333432035,0.531369060296778,0.151743
5.22936991906564,-2.9661213333432035,0.6985075648295007,0.153385
5.22936991906564,0.5437872618439545,2.369892610156718,0.142638
5.22936991906564,2.2151723071711737,2.202754105623997,0.136929
5.3965084235983625,0.5437872618439545,-1.8085700031613268,0.164144
5.3965084235983625,3.886557352498392,-1.1400159850304399,0.106558
5.563646928131085,-2.2975673152123157,-0.4714619668995521,0.116958
5.563646928131085,-1.7961518016141502,-1.8085700031613268,0.087797
5.563646928131085,-1.6290132970814284,-0.6386004714322739,0.134561
5.563646928131085,-0.7933207744178192,-1.3071544895631613,0.175769
5.563646928131085,1.5466182890402864,2.369892610156718,0.135741
5.563646928131085,4.220834361563836,-0.3043234623668303,0.115566
5.730785432663804,-1.7961518016141502,-0.3043234623668303,0.141129
5.730785432663804,-0.45904376535237557,2.537031114689441,0.145872
5.730785432663804,0.3766487573112336,-1.474292994095883,0.168846
5.8979239371965235,-1.6290132970814284,2.0356156010912754,0.153151
5.8979239371965235,-1.127597783483263,2.202754105623997,0.151206
5.8979239371965235,0.3766487573112336,2.7041696192221627,0.132768
5.8979239371965235,3.218003334367503,-1.8085700031613268,0.106694
5.8979239371965235,4.220834361563836,-0.13718495783410845,0.120578
6.065062441729246,-1.2947362880159856,-0.13718495783410845,0.152019
6.065062441729246,2.2151723071711737,1.7013385920258308,0.135867
6.232200946261969,-2.130428810679594,1.367061582960388,0.156097
6.232200946261969,0.20951025277851176,2.8713081237548836,0.130933
6.232200946261969,2.5494493162366174,-2.3099855167594923,0.115268
6.232200946261969,3.5522803434329484,-1.3071544895631613,0.107352
6.232200946261969,3.7194188479656694,-1.1400159850304399,0.109599
6.399339450794692,-1.2947362880159856,2.0356156010912754,0.147892
6.399339450794692,0.5437872618439545,-1.3071544895631613,0.145107
6.399339450794692,2.3823108117038947,-2.3099855167594923,0.117715
6.566477955327414,-1.4618747925487066,0.6985075648295007,0.145799
6.566477955327414,-0.9604592789505411,2.537031114689441,0.1419
6.566477955327414,-0.7933207744178192,-0.8057389759649962,0.145324
6.566477955327414,0.8780642709093991,-1.641431498628605,0.137154
6.566477955327414,1.2123412799748428,2.537031114689441,0.118471
6.566477955327414,3.886557352498392,-0.4714619668995521,0.120011
6.733616459860137,1.88089529810573,-2.1428470122267704,0.123848
6.733616459860137,3.5522803434329484,0.36423055576405705,0.128209
6.900754964392856,1.3794797845075646,-1.641431498628605,0.127454
6.900754964392856,2.3823108117038947,-1.641431498628605,0.112775
7.067893468925579,1.7137567935730074,-0.9728774804977176,0.118935
7.067893468925579,2.048033802638452,-1.1400159850304399,0.114348
7.067893468925579,2.5494493162366174,-0.6386004714322739,0.112191
7.4021704779910245,0.7109257663766773,2.537031114689441,0.112511
7.4021704779910245,1.5466182890402864,-0.4714619668995521,0.116934
7.569308982523747,-0.9604592789505411,1.0327845738949444,0.118669
7.569308982523747,-0.45904376535237557,2.369892610156718,0.122589
7.569308982523747,1.3794797845075646,-0.4714619668995521,0.115188
7.736447487056466,-0.6261822698850974,1.8684770965585535,0.119035
7.736447487056466,0.7109257663766773,-0.8057389759649962,0.121359
7.903585991589189,-0.7933207744178192,0.36423055576405705,0.120009
7.903585991589189,0.7109257663766773,-0.6386004714322739,0.118428
8.070724496121908,-0.45904376535237557,-0.3043234623668303,0.125114
8.070724496121908,-0.45904376535237557,0.6985075648295007,0.114949
8.070724496121908,-0.29190526081965373,-0.4714619668995521,0.125837
8.070724496121908,-0.12476675628693279,1.367061582960388,0.113072
8.070724496121908,0.20951025277851176,1.7013385920258308,0.111726
8.070724496121908,1.7137567935730074,0.19709205123133522,0.116573
8.237863000654631,-0.12476675628693279,-0.13718495783410845,0.11943
8.405001505187354,1.2123412799748428,1.367061582960388,0.116366
8.405001505187354,1.3794797845075646,0.6985075648295007,0.115598
8.405001505187354,1.3794797845075646,1.367061582960388,0.118303
