-5.329747956176442,-2.7987357030542053,1.272477507103262,-0.0764227
-5.329747956176442,-2.6304637009413048,-0.07369850979994119,-0.0490289
-5.329747956176442,-2.4621916988284047,-0.24197051191284125,-0.0456901
-5.329747956176442,-2.4621916988284047,1.6090215113290638,-0.0760119
-5.329747956176442,-2.1256476946026037,-0.4102425140257413,-0.0441569
-5.329747956176442,-1.1160156819252016,1.440749509216162,-0.0446007
-5.329747956176442,-0.7794716776993997,0.43111749653875986,-0.0396849
-5.329747956176442,-0.4429276734735996,2.786925526119366,0.00695498
-5.329747956176442,-0.27465567136069957,2.113837517667764,-0.00183034
-5.329747956176442,-0.10638366924779952,2.786925526119366,0.00688263
-5.329747956176442,0.3984323370909024,2.618653524006466,0.00830416
-5.161475954063542,-2.967007705167106,0.09457349231295886,-0.0468425
-5.161475954063542,-2.4621916988284047,-0.5785145161386422,-0.0320391
-5.161475954063542,-1.4525596861510017,-0.5785145161386422,-0.0390429
-5.161475954063542,-0.6111996755864997,1.6090215113290638,-0.0142446
-4.993203951950641,-0.4429276734735996,0.09457349231295886,-0.02325
-4.993203951950641,-0.27465567136069957,0.43111749653875986,-0.015386
-4.993203951950641,-0.10638366924779952,0.7676615007645609,-0.00507599
-4.993203951950641,0.061888332865101425,3.460013534570968,0.0152045
-4.65665994772484,-2.7987357030542053,-1.7564185309289453,-0.00507543
-4.65665994772484,-0.9477436798123007,-0.7467865182515432,-0.0237009
-4.48838794561194,-4.144911719957409,-0.9150585203644432,0.0188431
-4.48838794561194,-3.6400957136187073,-1.7564185309289453,0.0174306
-4.48838794561194,-3.4718237115058073,1.1042055049903619,-0.0615459
-4.48838794561194,-2.967007705167106,-1.9246905330418453,0.000886855
-4.48838794561194,-2.7987357030542053,-1.9246905330418453,-0.0034059
-4.48838794561194,-2.6304637009413048,-1.9246905330418453,-0.00744407
-4.48838794561194,0.061888332865101425,-0.07369850979994119,0.00163945
-4.48838794561194,0.23016033497800237,0.09457349231295886,0.00711363
-4.32011594349904,-3.4718237115058073,1.272477507103262,-0.0627318
-4.32011594349904,-2.4621916988284047,2.282109519780665,-0.0604831
-4.32011594349904,-0.7794716776993997,3.964829540909668,0.0239306
-4.32011594349904,0.5667043392038034,0.2628454944258589,0.0191584
-4.15184394138614,-3.6400957136187073,0.5993894986516608,-0.0352027
-4.15184394138614,-1.6208316882639027,3.291741532458068,0.0111104
-4.15184394138614,0.061888332865101425,-0.4102425140257413,0.00404862
-4.15184394138614,0.7349763413167034,0.2628454944258589,0.0254772
-4.15184394138614,1.2397923476554054,3.291741532458068,0.0151093
-4.15184394138614,2.0811523582199065,0.5993894986516608,0.0515664
-3.9835719392732387,-3.6400957136187073,0.7676615007645609,-0.0399428
-3.9835719392732387,-1.7891036903768027,2.786925526119366,-0.0085061
-3.9835719392732387,-0.9477436798123007,-1.7564185309289453,-0.0189071
-3.9835719392732387,-0.27465567136069957,-0.7467865182515432,-0.000100947
-3.9835719392732387,0.7349763413167034,0.09457349231295886,0.0261113
-3.815299937160338,-4.48145572418321,-0.9150585203644432,0.0215936
-3.815299937160338,-3.808367715731608,0.43111749653875986,-0.0208454
-3.815299937160338,-2.6304637009413048,-2.2612345372676463,-0.000697912
-3.815299937160338,-1.6208316882639027,-2.2612345372676463,-0.0160637
-3.815299937160338,-1.6208316882639027,3.291741532458068,0.0087864
-3.815299937160338,2.5859683645586076,0.9359335028774618,0.0496173
-3.647027935047438,-3.9766397178445083,0.2628454944258589,-0.0128732
-3.647027935047438,-0.7794716776993997,3.964829540909668,0.017037
-3.647027935047438,0.5667043392038034,3.796557538796768,0.0119624
-3.647027935047438,0.9032483434296035,3.628285536683868,0.0134475
-3.647027935047438,2.0811523582199065,2.113837517667764,0.0263026
-3.647027935047438,2.4176963624457075,-0.7467865182515432,0.0309047
-3.478755932934537,-1.9573756924897032,-2.429506539380547,-0.005212
-3.478755932934537,-1.7891036903768027,2.618653524006466,-0.013137
-3.478755932934537,1.4080643497683054,3.291741532458068,0.0156175
-3.478755932934537,2.9225123687844095,0.9359335028774618,0.045295
-3.478755932934537,3.0907843708973095,0.5993894986516608,0.0464171
-3.310483930821637,-4.313183722070309,-0.24197051191284125,0.000843551
-3.310483930821637,-3.6400957136187073,-2.0929625351547463,0.0215766
-3.310483930821637,-2.2939196967155038,-2.429506539380547,0.00354593
-3.310483930821637,-2.2939196967155038,2.282109519780665,-0.0394118
-3.310483930821637,1.5763363518812055,-1.0833305224773433,0.0187876
-3.310483930821637,1.9128803561070065,2.450381521893565,0.0187023
-3.1422119287087367,-3.9766397178445083,0.2628454944258589,-0.0160289
-3.1422119287087367,-0.6111996755864997,-2.2612345372676463,0.000920536
-3.1422119287087367,2.2494243603328075,1.6090215113290638,0.0302243
-2.973939926595836,-4.144911719957409,-0.07369850979994119,-0.00954032
-2.973939926595836,-2.6304637009413048,1.945565515554864,-0.0433785
-2.973939926595836,1.9128803561070065,2.113837517667764,0.0195805
-2.973939926595836,3.2590563730102096,-0.5785145161386422,0.0307942
-2.973939926595836,3.2590563730102096,0.7676615007645609,0.0421035
-2.973939926595836,3.4273283751231096,0.09457349231295886,0.0430562
-2.805667924482936,-4.144911719957409,-0.24197051191284125,-0.00854204
-2.805667924482936,-3.9766397178445083,-1.5881465288160448,0.0166385
-2.805667924482936,-1.6208316882639027,-2.934322545719248,0.0152347
-2.805667924482936,-1.4525596861510017,2.618653524006466,-0.000979652
-2.805667924482936,-0.9477436798123007,-2.766050543606348,0.013126
-2.805667924482936,2.0811523582199065,1.7772935134419638,0.0219534
-2.805667924482936,2.7542403666715076,1.440749509216162,0.0287584
-2.637395922370035,-4.144911719957409,-0.7467865182515432,-0.000926087
-2.637395922370035,-3.808367715731608,-1.5881465288160448,0.0141106
-2.637395922370035,-0.10638366924779952,-2.0929625351547463,0.0151027
-2.637395922370035,1.0715203455425035,3.628285536683868,0.0213373
-2.637395922370035,1.5763363518812055,-1.5881465288160448,0.00828383
-2.637395922370035,1.7446083539941055,2.786925526119366,0.0216442
-2.637395922370035,1.9128803561070065,1.945565515554864,0.0189055
-2.637395922370035,3.2590563730102096,-1.0833305224773433,0.0178189
-2.637395922370035,3.9321443814618116,-0.5785145161386422,0.0333451
-2.469123920257135,-3.4718237115058073,0.5993894986516608,-0.0283341
-2.469123920257135,-3.3035517093929063,0.7676615007645609,-0.0302846
-2.469123920257135,-2.967007705167106,-3.270866549945049,0.0280495
-2.469123920257135,-0.9477436798123007,-3.270866549945049,0.0192963
-2.469123920257135,-0.27465567136069957,-2.934322545719248,0.0218996
-2.300851918144235,-3.4718237115058073,-1.5881465288160448,0.0123737
-2.300851918144235,-3.1352797072800063,0.7676615007645609,-0.0295911
-2.300851918144235,-1.9573756924897032,1.7772935134419638,-0.0145793
-2.300851918144235,0.061888332865101425,-2.766050543606348,0.0242701
-2.300851918144235,3.5956003772360097,-1.2516025245902442,0.0158357
-2.132579916031334,-3.4718237115058073,-2.934322545719248,0.0285703
-2.132579916031334,-0.9477436798123007,-3.60741055417085,0.0209026
-2.132579916031334,-0.7794716776993997,2.786925526119366,0.00784179
-2.132579916031334,1.4080643497683054,3.123469530345166,0.0276399
-2.132579916031334,1.5763363518812055,2.786925526119366,0.025912
-2.132579916031334,2.0811523582199065,-1.7564185309289453,0.00328101
-1.9643079139184332,-2.4621916988284047,0.7676615007645609,-0.0182197
-1.9643079139184332,-1.7891036903768027,1.440749509216162,-0.00691231
-1.9643079139184332,-0.9477436798123007,2.113837517667764,0.00864407
-1.9643079139184332,-0.6111996755864997,2.786925526119366,0.0103197
-1.9643079139184332,0.7349763413167034,-1.9246905330418453,0.0159214
-1.7960359118055331,-3.6400957136187073,-2.597778541493448,0.0231591
-1.7960359118055331,-3.4718237115058073,-0.4102425140257413,-0.0236626
-1.7960359118055331,-3.3035517093929063,0.09457349231295886,-0.0295482
-1.7960359118055331,-2.967007705167106,0.43111749653875986,-0.0287988
-1.7960359118055331,-0.6111996755864997,2.113837517667764,0.0125713
-1.7960359118055331,1.0715203455425035,3.123469530345166,0.0291207
-1.7960359118055331,1.4080643497683054,2.282109519780665,0.0219356
-1.7960359118055331,2.9225123687844095,-1.7564185309289453,0.0030949
-1.7960359118055331,3.2590563730102096,1.6090215113290638,0.0154297
-1.7960359118055331,4.6052323899134135,1.1042055049903619,0.0400056
-1.7960359118055331,5.110048396252114,0.2628454944258589,0.0486413
-1.627763909692633,-2.967007705167106,0.2628454944258589,-0.0291905
-1.627763909692633,-2.2939196967155038,0.5993894986516608,-0.0158977
-1.627763909692633,-0.4429276734735996,-3.7756825562837504,0.0272474
-1.627763909692633,-0.27465567136069957,1.945565515554864,0.0168617
-1.627763909692633,2.7542403666715076,1.7772935134419638,0.00727889
-1.627763909692633,5.110048396252114,0.43111749653875986,0.0469318
-1.459491907579733,-0.4429276734735996,1.6090215113290638,0.0121183
-1.459491907579733,0.3984323370909024,-3.102594547832149,0.0309814
-1.459491907579733,0.7349763413167034,2.113837517667764,0.0208987
-1.459491907579733,0.7349763413167034,2.282109519780665,0.0230605
-1.459491907579733,0.7349763413167034,2.450381521893565,0.0246006
-1.459491907579733,4.100416383574712,1.440749509216162,0.0243379
-1.291219905466833,-3.6400957136187073,-2.597778541493448,0.01722
-1.291219905466833,1.4080643497683054,1.7772935134419638,0.00689729
-1.122947903353932,-3.4718237115058073,-1.9246905330418453,0.000377144
-1.122947903353932,-1.7891036903768027,0.5993894986516608,-0.00765465
-1.122947903353932,2.7542403666715076,1.7772935134419638,0.00297333
-0.9546759012410311,-2.967007705167106,-3.60741055417085,0.0222557
-0.9546759012410311,0.5667043392038034,1.6090215113290638,0.00695795
-0.9546759012410311,3.0907843708973095,-1.9246905330418453,0.00337564
-0.9546759012410311,3.9321443814618116,-1.5881465288160448,0.0118866
-0.786403899128131,-3.3035517093929063,-3.102594547832149,0.015488
-0.786403899128131,-0.9477436798123007,0.9359335028774618,0.00822967
-0.786403899128131,0.7349763413167034,-2.2612345372676463,0.015159
-0.786403899128131,3.2590563730102096,-1.9246905330418453,0.00445969
-0.6181318970152301,-3.4718237115058073,-1.2516025245902442,-0.035509
-0.6181318970152301,-3.3035517093929063,-2.766050543606348,0.00401197
-0.6181318970152301,-2.7987357030542053,-3.4391385520579494,0.0149259
-0.6181318970152301,-1.1160156819252016,0.7676615007645609,0.0120311
-0.6181318970152301,-0.4429276734735996,-3.60741055417085,0.0255337
-0.6181318970152301,0.3984323370909024,-2.597778541493448,0.0241086
-0.6181318970152301,1.2397923476554054,1.440749509216162,0.00298299
-0.6181318970152301,3.4273283751231096,1.6090215113290638,0.00745902
-0.6181318970152301,3.7638723793489097,-1.7564185309289453,0.00943371
-0.44985989490233,-3.4718237115058073,-0.9150585203644432,-0.0437933
-0.44985989490233,-1.6208316882639027,0.5993894986516608,0.00436194
-0.44985989490233,3.2590563730102096,1.6090215113290638,0.0048037
-0.44985989490233,4.773504392026314,0.5993894986516608,0.0209915
-0.44985989490233,5.110048396252114,-0.07369850979994119,0.0132448
-0.28158789278942997,-1.7891036903768027,0.5993894986516608,0.00116741
-0.28158789278942997,3.5956003772360097,1.440749509216162,0.00890456
-0.28158789278942997,4.6052323899134135,0.7676615007645609,0.0172258
-0.11331589067652992,-3.3035517093929063,-2.429506539380547,-0.0311472
-0.11331589067652992,-3.3035517093929063,-0.4102425140257413,-0.0474666
-0.11331589067652992,-1.1160156819252016,-3.270866549945049,0.0148366
-0.11331589067652992,0.23016033497800237,1.945565515554864,-0.017547
0.05495611143637191,-3.6400957136187073,-1.5881465288160448,-0.0527382
0.05495611143637191,-3.6400957136187073,-1.2516025245902442,-0.0546922
0.05495611143637191,-2.7987357030542053,0.09457349231295886,-0.0334269
0.05495611143637191,-2.2939196967155038,0.43111749653875986,-0.0131684
0.05495611143637191,3.7638723793489097,1.272477507103262,0.010443
0.22322811354927197,-3.6400957136187073,-1.5881465288160448,-0.0555832
0.22322811354927197,-3.6400957136187073,-1.2516025245902442,-0.0569622
0.22322811354927197,-3.3035517093929063,-0.4102425140257413,-0.0501274
0.22322811354927197,-1.4525596861510017,0.9359335028774618,0.0151672
0.22322811354927197,-1.2842876840381017,1.6090215113290638,-0.00894276
0.22322811354927197,-0.10638366924779952,-2.429506539380547,0.0191699
0.22322811354927197,1.2397923476554054,1.272477507103262,-0.00608248
0.391500115662172,-2.1256476946026037,-3.102594547832149,-0.0142102
0.391500115662172,-1.4525596861510017,2.113837517667764,-0.016752
0.391500115662172,1.4080643497683054,1.272477507103262,-0.0067887
0.391500115662172,2.9225123687844095,1.440749509216162,0.00143378
0.5597721177750721,-0.7794716776993997,-2.766050543606348,0.00495804
0.5597721177750721,0.3984323370909024,-2.2612345372676463,0.0166333
0.5597721177750721,1.0715203455425035,1.945565515554864,-0.0214608
0.728044119887973,-3.3035517093929063,-2.2612345372676463,-0.0506514
0.728044119887973,-2.4621916988284047,-2.934322545719248,-0.028167
0.728044119887973,-1.2842876840381017,-2.934322545719248,-0.00548475
0.728044119887973,0.061888332865101425,-2.2612345372676463,0.0191733
0.728044119887973,2.2494243603328075,-2.2612345372676463,0.00685999
0.728044119887973,5.783136404703716,-1.4198745267031443,-0.00654811
0.8963161220008731,-1.7891036903768027,1.7772935134419638,0.00458761
0.8963161220008731,0.23016033497800237,3.291741532458068,-0.021275
0.8963161220008731,1.9128803561070065,1.272477507103262,-0.00592819
0.8963161220008731,4.941776394139214,-2.2612345372676463,-0.0120985
0.8963161220008731,5.951408406816616,-1.0833305224773433,-0.00214782
1.064588124113774,0.23016033497800237,-2.0929625351547463,0.0232912
1.064588124113774,0.3984323370909024,-2.0929625351547463,0.0222118
1.064588124113774,1.4080643497683054,1.272477507103262,-0.0110109
1.064588124113774,5.614864402590814,-1.7564185309289453,-0.0055037
1.232860126226674,-2.7987357030542053,0.2628454944258589,-0.0161059
1.232860126226674,-2.6304637009413048,-2.597778541493448,-0.027135
1.232860126226674,-2.1256476946026037,1.6090215113290638,0.00807596
1.232860126226674,-1.6208316882639027,-2.766050543606348,-0.00915073
1.232860126226674,-0.4429276734735996,3.460013534570968,-0.0225945
1.232860126226674,2.4176963624457075,-2.0929625351547463,0.0126767
1.232860126226674,3.9321443814618116,-2.429506539380547,-0.00922044
1.232860126226674,5.278320398365014,-2.0929625351547463,-0.00845535
1.232860126226674,5.446592400477914,0.9359335028774618,-0.00919589
1.232860126226674,5.614864402590814,-1.7564185309289453,-0.00329302
1.4011321283395741,2.2494243603328075,-2.0929625351547463,0.014493
1.4011321283395741,3.9321443814618116,-2.429506539380547,-0.0100622
1.5694041304524742,-3.1352797072800063,-1.7564185309289453,-0.0266315
1.5694041304524742,-2.7987357030542053,-2.429506539380547,-0.00925678
1.5694041304524742,-0.4429276734735996,3.460013534570968,-0.0197603
1.5694041304524742,-0.10638366924779952,3.460013534570968,-0.0208279
1.5694041304524742,2.2494243603328075,0.9359335028774618,0.00406348
1.5694041304524742,3.4273283751231096,-2.2612345372676463,-0.00440445
1.5694041304524742,4.100416383574712,-2.429506539380547,-0.0116291
1.5694041304524742,4.268688385687613,-2.429506539380547,-0.0121189
1.737676132565376,2.4176963624457075,0.7676615007645609,0.00820236
1.737676132565376,5.110048396252114,1.1042055049903619,-0.010088
1.905948134678276,-3.3035517093929063,-1.5881465288160448,-0.0132396
1.905948134678276,-3.3035517093929063,-0.5785145161386422,-0.0190359
1.905948134678276,-1.9573756924897032,-2.934322545719248,0.0213313
1.905948134678276,0.7349763413167034,-1.9246905330418453,0.0286167
1.905948134678276,2.4176963624457075,0.5993894986516608,0.0110454
1.905948134678276,3.0907843708973095,0.9359335028774618,-0.000843766
1.905948134678276,3.2590563730102096,-2.0929625351547463,-0.00319204
2.074220136791176,-3.3035517093929063,-0.24197051191284125,-0.0171009
2.074220136791176,-2.7987357030542053,0.7676615007645609,-0.00730294
2.074220136791176,-1.1160156819252016,-2.597778541493448,0.0173149
2.074220136791176,-0.6111996755864997,3.291741532458068,-0.00621186
2.074220136791176,0.061888332865101425,3.291741532458068,-0.0133783
2.074220136791176,1.0715203455425035,1.440749509216162,-0.000312857
2.074220136791176,3.9321443814618116,-2.2612345372676463,-0.0110995
2.074220136791176,5.446592400477914,-1.5881465288160448,0.00995547
2.242492138904076,0.7349763413167034,-1.7564185309289453,0.0327249
2.242492138904076,1.7446083539941055,-1.9246905330418453,0.0296997
2.242492138904076,2.2494243603328075,0.2628454944258589,0.0168536
2.242492138904076,3.5956003772360097,-2.0929625351547463,-0.00917914
2.242492138904076,3.7638723793489097,1.1042055049903619,-0.0121612
2.242492138904076,5.446592400477914,0.43111749653875986,0.00624509
2.4107641410169762,-2.2939196967155038,-3.102594547832149,0.0313615
2.4107641410169762,0.061888332865101425,-1.5881465288160448,0.0163363
2.4107641410169762,0.9032483434296035,0.7676615007645609,0.0176052
2.4107641410169762,5.446592400477914,-1.0833305224773433,0.0215742
2.5790361431298763,-2.7987357030542053,0.7676615007645609,-0.00183831
2.5790361431298763,-2.2939196967155038,2.618653524006466,-0.000186589
2.5790361431298763,-0.9477436798123007,-2.597778541493448,0.0150885
2.5790361431298763,-0.6111996755864997,-2.2612345372676463,0.0108814
2.5790361431298763,2.0811523582199065,-0.07369850979994119,0.0244929
2.5790361431298763,2.5859683645586076,-0.7467865182515432,0.0169179
2.5790361431298763,2.5859683645586076,-0.5785145161386422,0.0160447
2.5790361431298763,5.110048396252114,0.43111749653875986,0.0034255
2.747308145242778,-3.3035517093929063,0.2628454944258589,-0.0129549
2.747308145242778,-2.7987357030542053,0.9359335028774618,-0.00171292
2.747308145242778,-2.7987357030542053,1.440749509216162,-0.0064374
2.747308145242778,-2.2939196967155038,-3.102594547832149,0.0329249
2.747308145242778,-0.4429276734735996,-2.0929625351547463,0.00824728
2.747308145242778,0.23016033497800237,-1.2516025245902442,0.0141011
2.747308145242778,1.0715203455425035,-1.4198745267031443,0.0395147
2.747308145242778,1.9128803561070065,-0.24197051191284125,0.0297617
2.747308145242778,3.5956003772360097,0.5993894986516608,-0.0115794
2.915580147355678,-3.6400957136187073,-1.0833305224773433,-0.00491249
2.915580147355678,-3.4718237115058073,-1.7564185309289453,0.00769309
2.915580147355678,-1.9573756924897032,3.123469530345166,0.00833048
2.915580147355678,0.061888332865101425,3.123469530345166,0.0214433
2.915580147355678,0.7349763413167034,0.43111749653875986,0.0115415
2.915580147355678,1.0715203455425035,-0.9150585203644432,0.0387115
2.915580147355678,1.0715203455425035,-0.5785145161386422,0.0351014
2.915580147355678,4.941776394139214,-0.7467865182515432,0.0127076
3.08385214946858,-2.967007705167106,1.440749509216162,-0.00894889
3.08385214946858,0.23016033497800237,-0.7467865182515432,0.00786007
3.08385214946858,3.9321443814618116,0.09457349231295886,-0.00953654
3.08385214946858,4.6052323899134135,-0.5785145161386422,0.00379558
3.25212415158148,-3.6400957136187073,0.09457349231295886,-0.0134176
3.25212415158148,-2.2939196967155038,-2.934322545719248,0.0302117
3.25212415158148,-2.2939196967155038,2.955197528232266,0.00401578
3.25212415158148,-2.1256476946026037,3.123469530345166,0.00803034
3.25212415158148,0.3984323370909024,0.09457349231295886,0.00644643
3.42039615369438,-3.6400957136187073,0.2628454944258589,-0.0127603
3.42039615369438,-2.4621916988284047,-2.766050543606348,0.0294022
3.42039615369438,0.7349763413167034,1.1042055049903619,0.00237338
3.42039615369438,0.7349763413167034,1.6090215113290638,0.00520214
3.58866815580728,-0.10638366924779952,-0.4102425140257413,0.00352875
3.75694015792018,-3.808367715731608,-0.9150585203644432,0.000480297
3.75694015792018,-3.3035517093929063,1.440749509216162,-0.00857377
3.75694015792018,-0.27465567136069957,-1.4198745267031443,-0.00403667
3.75694015792018,0.5667043392038034,2.450381521893565,0.0144103
3.9252121600330803,-3.808367715731608,0.09457349231295886,-0.00754439
3.9252121600330803,-3.4718237115058073,1.1042055049903619,-0.00862352
3.9252121600330803,-2.6304637009413048,-2.2612345372676463,0.0279686
3.9252121600330803,-1.9573756924897032,-2.429506539380547,0.0206409
3.9252121600330803,0.3984323370909024,0.5993894986516608,-0.0032685
4.26175616425888,-3.808367715731608,-1.2516025245902442,0.0132465
4.26175616425888,-3.808367715731608,0.09457349231295886,-0.00321851
4.26175616425888,-2.2939196967155038,2.786925526119366,0.0129756
4.26175616425888,-0.10638366924779952,3.460013534570968,0.0403656
4.26175616425888,0.061888332865101425,3.291741532458068,0.03704
4.43002816637178,-3.1352797072800063,1.945565515554864,0.00218963
4.43002816637178,-2.6304637009413048,2.450381521893565,0.00870444
4.598300168484682,-0.4429276734735996,-1.0833305224773433,-0.00711109
4.598300168484682,-0.27465567136069957,3.291741532458068,0.0388878
4.766572170597582,-3.4718237115058073,1.1042055049903619,0.0036592
4.766572170597582,-2.967007705167106,2.113837517667764,0.00962988
4.766572170597582,-1.7891036903768027,2.786925526119366,0.0283248
4.766572170597582,-0.4429276734735996,-0.9150585203644432,-0.00706253
4.934844172710484,-2.4621916988284047,2.450381521893565,0.0196282
4.934844172710484,-0.6111996755864997,-1.0833305224773433,-0.00510169
5.103116174823384,-3.808367715731608,-1.0833305224773433,0.0262658
5.103116174823384,-3.4718237115058073,0.2628454944258589,0.0122804
5.103116174823384,-2.4621916988284047,-2.2612345372676463,0.0320624
5.103116174823384,-0.9477436798123007,-1.4198745267031443,0.000207126
5.103116174823384,-0.27465567136069957,-0.07369850979994119,-0.00491093
5.271388176936284,-1.2842876840381017,2.450381521893565,0.0339535
5.439660179049184,-2.2939196967155038,-2.0929625351547463,0.0315188
5.439660179049184,-1.6208316882639027,-1.7564185309289453,0.0157439
5.439660179049184,-1.2842876840381017,-1.4198745267031443,0.00733454
5.439660179049184,-0.9477436798123007,-0.9150585203644432,0.00107381
5.439660179049184,-0.27465567136069957,1.272477507103262,0.00769776
5.607932181162084,-3.1352797072800063,-0.07369850979994119,0.0263688
5.607932181162084,-3.1352797072800063,1.6090215113290638,0.0241369
5.607932181162084,-2.7987357030542053,2.113837517667764,0.0283851
5.607932181162084,-0.7794716776993997,-0.24197051191284125,0.00209325
5.607932181162084,-0.7794716776993997,1.945565515554864,0.0248955
5.776204183274986,-2.967007705167106,-0.24197051191284125,0.0302874
5.776204183274986,-0.7794716776993997,0.09457349231295886,0.00631859
5.944476185387886,-2.6304637009413048,-0.4102425140257413,0.0317843
5.944476185387886,-1.6208316882639027,-0.24197051191284125,0.0193733
6.112748187500786,-2.6304637009413048,0.43111749653875986,0.0338082
6.112748187500786,-1.4525596861510017,2.113837517667764,0.0381991
6.449292191726586,-1.2842876840381017,0.9359335028774618,0.0300128
6.6175641938394865,-1.9573756924897032,1.1042055049903619,0.0408592
6.6175641938394865,-1.9573756924897032,1.272477507103262,0.0422481
