-6.617593827763153,-2.287288577118296,0.0010774047960984134,0.172509
-6.617593827763153,-2.287288577118296,0.6315518310177177,0.165516
-6.617593827763153,-1.6568141508966772,-0.4717784148701156,0.175702
-6.617593827763153,-0.7111025115642482,-0.15654120175930686,0.17284
-6.459975221207749,-2.287288577118296,-0.31415980831471124,0.176266
-6.302356614652344,-2.444907183673701,0.9467890441285265,0.163357
-6.144738008096939,-0.5534839050088438,2.3653565031271704,0.162407
-6.144738008096939,-0.08062808534262889,2.3653565031271704,0.167084
-6.144738008096939,0.8650835539898001,0.9467890441285265,0.184185
-5.987119401541534,-0.08062808534262889,-0.7870156279809262,0.225893
-5.987119401541534,0.07699052121277639,-0.7870156279809262,0.229086
-5.82950079498613,-1.0263397246750579,2.3653565031271704,0.161103
-5.82950079498613,-0.7111025115642482,-0.9446342345363306,0.213416
-5.82950079498613,0.7074649474343957,-0.9446342345363306,0.236133
-5.82950079498613,0.7074649474343957,-0.4717784148701156,0.228242
-5.6718821884307244,-2.444907183673701,-0.6293970214255218,0.180841
-5.6718821884307244,-0.23824669189803327,2.5229751096825757,0.162546
-5.6718821884307244,1.0227021605452045,1.1044076506839318,0.187654
-5.6718821884307244,1.0227021605452045,1.262026257239337,0.185443
-5.514263581875319,-1.9720513640074864,-0.9446342345363306,0.188192
-5.356644975319915,-2.7601443967845105,0.9467890441285265,0.160698
-5.356644975319915,0.8650835539898001,-1.5751086607579499,0.237829
-5.356644975319915,1.1803207671006097,-1.1022528410917358,0.234266
-5.19902636876451,-1.499195544341272,-1.417490054202545,0.194505
-5.19902636876451,-0.23824669189803327,2.5229751096825757,0.161101
-5.19902636876451,1.0227021605452045,1.4196448637947414,0.184558
-5.041407762209105,-2.7601443967845105,0.9467890441285265,0.161025
-5.041407762209105,-2.1296699705628916,-1.7327272673133551,0.178846
-5.041407762209105,-1.6568141508966772,-2.0479644804241643,0.180809
-5.041407762209105,-1.1839583312304622,-1.8903458738687595,0.192332
-5.041407762209105,1.1803207671006097,-1.417490054202545,0.231495
-5.041407762209105,1.337939373656015,1.262026257239337,0.182402
-5.041407762209105,1.4955579802114194,0.0010774047960984134,0.201139
-4.883789155653701,-2.444907183673701,2.0501192900163616,0.165538
-4.883789155653701,-1.1839583312304622,-2.2055830869795696,0.183752
-4.7261705490982955,-2.6025257902291057,-1.417490054202545,0.174214
-4.7261705490982955,0.23460912776818077,2.207737896571766,0.168725
-4.7261705490982955,1.4955579802114194,-0.9446342345363306,0.213654
-4.7261705490982955,1.810795193322229,-0.31415980831471124,0.190787
-4.568551942542891,-2.444907183673701,-0.4717784148701156,0.179813
-4.568551942542891,-0.23824669189803327,-2.2055830869795696,0.200378
-4.568551942542891,-0.08062808534262889,-2.2055830869795696,0.202234
-4.568551942542891,0.07699052121277639,-2.2055830869795696,0.203151
-4.568551942542891,1.6531765867668247,-0.9446342345363306,0.198622
-4.568551942542891,2.1260324064330396,1.5772634703501467,0.169649
-4.410933335987486,0.07699052121277639,-2.9936761197565938,0.165844
-4.410933335987486,0.23460912776818077,-2.9936761197565938,0.165712
-4.410933335987486,1.0227021605452045,-1.8903458738687595,0.200682
-4.410933335987486,2.283651012988444,-1.1022528410917358,0.166609
-4.410933335987486,2.283651012988444,1.5772634703501467,0.167982
-4.253314729432081,-2.7601443967845105,0.6315518310177177,0.170085
-4.253314729432081,0.8650835539898001,-2.8360575132011885,0.163335
-4.095696122876676,-2.917763003339916,0.6315518310177177,0.169317
-4.095696122876676,-1.1839583312304622,-2.8360575132011885,0.164188
-4.095696122876676,0.07699052121277639,2.5229751096825757,0.165722
-4.095696122876676,1.0227021605452045,-2.9936761197565938,0.15781
-4.095696122876676,1.337939373656015,-2.363201693534974,0.16405
-4.095696122876676,2.756506832654659,-1.8903458738687595,0.153068
-3.938077516321272,-1.9720513640074864,-2.8360575132011885,0.163645
-3.938077516321272,0.8650835539898001,-3.466531939422808,0.153002
-3.938077516321272,1.1803207671006097,-2.9936761197565938,0.15479
-3.7804589097658674,-3.233000216450725,-0.15654120175930686,0.159054
-3.7804589097658674,0.5498463408789913,-3.7817691525336175,0.150235
-3.7804589097658674,2.283651012988444,-2.520820300090379,0.149507
-3.6228403032104612,2.5988882260992536,1.4196448637947414,0.160664
-3.6228403032104612,2.756506832654659,-2.363201693534974,0.146372
-3.465221696655057,2.9141254392100633,-0.4717784148701156,0.146761
-3.3076030900996525,-3.5482374295615347,0.9467890441285265,0.156751
-3.3076030900996525,-2.917763003339916,-1.5751086607579499,0.161386
-3.3076030900996525,-1.499195544341272,2.207737896571766,0.17707
-3.3076030900996525,-0.23824669189803327,-3.9393877590890223,0.142869
-3.3076030900996525,1.1803207671006097,2.5229751096825757,0.147303
-3.3076030900996525,1.6531765867668247,-2.8360575132011885,0.145134
-3.3076030900996525,2.5988882260992536,1.262026257239337,0.157972
-3.149984483544247,-2.1296699705628916,1.734882076905551,0.173485
-3.149984483544247,-1.341576937785867,-2.9936761197565938,0.151782
-3.149984483544247,2.283651012988444,1.5772634703501467,0.157231
-2.992365876988843,-3.5482374295615347,1.1044076506839318,0.152999
-2.992365876988843,-2.1296699705628916,1.734882076905551,0.169876
-2.992365876988843,-1.341576937785867,-2.9936761197565938,0.150239
-2.992365876988843,2.5988882260992536,0.7891704375731221,0.155544
-2.8347472704334375,-1.341576937785867,-2.9936761197565938,0.148473
-2.8347472704334375,2.1260324064330396,1.5772634703501467,0.154779
-2.8347472704334375,3.229362652320872,-1.7327272673133551,0.133413
-2.6771286638780323,-3.7058560361169395,0.7891704375731221,0.145637
-2.6771286638780323,-3.5482374295615347,1.1044076506839318,0.148523
-2.6771286638780323,-3.233000216450725,-1.2598714476471402,0.147126
-2.6771286638780323,-1.499195544341272,2.207737896571766,0.162453
-2.6771286638780323,-1.341576937785867,-2.9936761197565938,0.146465
-2.6771286638780323,-1.341576937785867,2.5229751096825757,0.156738
-2.6771286638780323,1.0227021605452045,-3.6241505459782126,0.135189
-2.6771286638780323,1.6531765867668247,2.3653565031271704,0.139798
-2.519510057322628,-3.5482374295615347,-0.7870156279809262,0.138586
-2.519510057322628,-2.917763003339916,1.5772634703501467,0.152719
-2.519510057322628,-0.39586529845343765,-3.7817691525336175,0.131195
-2.519510057322628,1.9684137998776334,-2.6784389066457837,0.134993
-2.519510057322628,2.283651012988444,0.9467890441285265,0.155292
-2.3618914507672235,-3.7058560361169395,-0.15654120175930686,0.135173
-2.3618914507672235,-2.444907183673701,1.734882076905551,0.154394
-2.3618914507672235,-2.1296699705628916,1.8925006834609555,0.157023
-2.3618914507672235,-1.341576937785867,2.5229751096825757,0.151288
-2.3618914507672235,0.23460912776818077,3.3110681424596002,0.130664
-2.3618914507672235,0.7074649474343957,3.153449535904194,0.127429
-2.3618914507672235,2.756506832654659,-2.2055830869795696,0.126663
-2.3618914507672235,3.0717440457654677,-0.7870156279809262,0.125726
-2.204272844211819,-2.7601443967845105,-1.8903458738687595,0.152168
-2.204272844211819,-2.287288577118296,-2.0479644804241643,0.157703
-2.204272844211819,-2.287288577118296,1.8925006834609555,0.152517
-2.204272844211819,-1.0263397246750579,-3.308913332867403,0.133378
-2.204272844211819,-0.5534839050088438,3.153449535904194,0.136081
-2.204272844211819,3.0717440457654677,-0.9446342345363306,0.12253
-2.046654237656414,-3.39061882300613,0.9467890441285265,0.140525
-2.046654237656414,-2.287288577118296,-2.0479644804241643,0.155391
-2.046654237656414,-1.1839583312304622,-3.151294726311998,0.135551
-2.046654237656414,2.283651012988444,0.47393322446231334,0.141529
-1.8890356311010086,-2.287288577118296,-2.0479644804241643,0.153359
-1.8890356311010086,-0.7111025115642482,-3.466531939422808,0.12902
-1.8890356311010086,1.6531765867668247,2.680593716237981,0.130232
-1.7314170245456042,-1.9720513640074864,2.5229751096825757,0.142059
-1.7314170245456042,-1.341576937785867,2.680593716237981,0.138635
-1.7314170245456042,-0.08062808534262889,2.9958309293487897,0.122355
-1.7314170245456042,1.1803207671006097,-2.8360575132011885,0.131722
-1.573798417990199,-3.39061882300613,0.31631461790690807,0.134371
-1.573798417990199,-2.444907183673701,2.207737896571766,0.141677
-1.573798417990199,-1.8144327574520815,-2.0479644804241643,0.149707
-1.573798417990199,0.5498463408789913,-3.308913332867403,0.12702
-1.573798417990199,1.337939373656015,2.8382123227933853,0.124221
-1.4161798114347945,-3.07538160989532,-1.7327272673133551,0.148057
-1.4161798114347945,-0.7111025115642482,2.680593716237981,0.125349
-1.4161798114347945,-0.5534839050088438,2.680593716237981,0.123473
-1.4161798114347945,2.4412696195438484,-1.8903458738687595,0.116028
-1.4161798114347945,2.5988882260992536,-1.7327272673133551,0.114357
-1.4161798114347945,2.9141254392100633,-0.4717784148701156,0.109876
-1.2585612048793902,-3.07538160989532,0.47393322446231334,0.137343
-1.2585612048793902,-2.7601443967845105,1.5772634703501467,0.138966
-1.2585612048793902,-2.6025257902291057,-1.8903458738687595,0.148125
-1.2585612048793902,-1.499195544341272,-2.2055830869795696,0.143441
-1.2585612048793902,0.23460912776818077,-3.308913332867403,0.129209
-1.2585612048793902,1.4955579802114194,-2.2055830869795696,0.124761
-1.2585612048793902,2.9141254392100633,-0.9446342345363306,0.105336
-1.2585612048793902,2.9141254392100633,0.0010774047960984134,0.0982718
-1.100942598323984,-3.233000216450725,-1.417490054202545,0.145603
-1.100942598323984,-3.07538160989532,-1.5751086607579499,0.146868
-1.100942598323984,-0.23824669189803327,-3.308913332867403,0.133262
-1.100942598323984,3.229362652320872,-0.31415980831471124,0.0974453
-0.9433239917685796,-3.233000216450725,-0.15654120175930686,0.135514
-0.9433239917685796,-2.6025257902291057,2.0501192900163616,0.135379
-0.9433239917685796,-2.1296699705628916,-1.7327272673133551,0.141332
-0.9433239917685796,-1.0263397246750579,-2.8360575132011885,0.139805
-0.9433239917685796,-0.5534839050088438,-3.151294726311998,0.13707
-0.9433239917685796,0.07699052121277639,-3.151294726311998,0.133674
-0.9433239917685796,0.39222773432358604,-2.9936761197565938,0.131838
-0.9433239917685796,2.4412696195438484,-1.5751086607579499,0.10394
-0.9433239917685796,3.386981258876278,-0.6293970214255218,0.0946931
-0.7857053852131752,-0.7111025115642482,2.680593716237981,0.0919191
-0.7857053852131752,0.7074649474343957,2.680593716237981,0.0901457
-0.62808677865777,-0.39586529845343765,-2.8360575132011885,0.139038
-0.62808677865777,-0.08062808534262889,-2.8360575132011885,0.137326
-0.62808677865777,1.9684137998776334,-1.5751086607579499,0.101318
-0.62808677865777,1.9684137998776334,1.262026257239337,0.0912406
-0.62808677865777,2.9141254392100633,-1.417490054202545,0.0727844
-0.62808677865777,4.017455685097896,0.1586960113515028,0.146158
-0.4704681721023647,-2.6025257902291057,-0.4717784148701156,0.132054
-0.4704681721023647,0.23460912776818077,-1.8903458738687595,0.119163
-0.4704681721023647,1.1803207671006097,-1.2598714476471402,0.107461
-0.4704681721023647,1.6531765867668247,1.4196448637947414,0.102071
-0.4704681721023647,2.5988882260992536,1.4196448637947414,0.075114
-0.4704681721023647,3.229362652320872,-1.417490054202545,0.0702741
-0.3128495655469603,-2.444907183673701,1.4196448637947414,0.1284
-0.3128495655469603,-2.287288577118296,0.7891704375731221,0.130609
-0.3128495655469603,-0.08062808534262889,3.153449535904194,0.0510258
-0.3128495655469603,0.07699052121277639,3.153449535904194,0.0511448
-0.3128495655469603,0.7074649474343957,-1.417490054202545,0.102718
-0.3128495655469603,1.4955579802114194,1.8925006834609555,0.092712
-0.3128495655469603,1.6531765867668247,1.4196448637947414,0.0933397
-0.15523095899155592,-2.287288577118296,1.4196448637947414,0.125998
-0.15523095899155592,-2.287288577118296,1.5772634703501467,0.1249
-0.15523095899155592,-2.1296699705628916,0.31631461790690807,0.120354
-0.15523095899155592,4.017455685097896,-0.9446342345363306,0.110343
0.0023876475638484607,-0.23824669189803327,-1.7327272673133551,0.101209
0.0023876475638484607,-0.08062808534262889,-1.7327272673133551,0.103904
0.0023876475638484607,4.332692898208708,-0.6293970214255218,0.144638
0.0023876475638484607,4.4903115047641124,-0.31415980831471124,0.165663
0.16000625411925462,-1.8144327574520815,1.1044076506839318,0.122781
0.16000625411925462,-1.8144327574520815,1.262026257239337,0.120502
0.16000625411925462,0.5498463408789913,-1.8903458738687595,0.116726
0.16000625411925462,1.810795193322229,1.5772634703501467,0.075373
0.16000625411925462,2.283651012988444,-1.7327272673133551,0.0652483
0.317624860674659,-0.7111025115642482,-1.5751086607579499,0.0922191
0.4752434672300634,-1.8144327574520815,0.47393322446231334,0.110952
0.4752434672300634,-1.6568141508966772,1.8925006834609555,0.0822841
0.4752434672300634,1.1803207671006097,2.9958309293487897,0.0443404
0.4752434672300634,4.647930111319517,0.31631461790690807,0.185745
0.6328620737854678,-1.6568141508966772,-0.6293970214255218,0.0874552
0.6328620737854678,0.07699052121277639,-2.2055830869795696,0.12096
0.6328620737854678,4.647930111319517,0.0010774047960984134,0.180653
0.7904806803408722,-0.08062808534262889,-2.2055830869795696,0.119553
0.7904806803408722,1.810795193322229,-1.7327272673133551,0.0946899
0.7904806803408722,3.0717440457654677,1.5772634703501467,0.098145
0.7904806803408722,4.017455685097896,-1.1022528410917358,0.106887
0.7904806803408722,4.4903115047641124,0.6315518310177177,0.181538
1.1057178934516845,-1.499195544341272,0.47393322446231334,0.121587
1.1057178934516845,-0.23824669189803327,-2.2055830869795696,0.116995
1.1057178934516845,2.1260324064330396,1.8925006834609555,0.0858949
1.1057178934516845,3.8598370785424914,1.1044076506839318,0.147773
1.1057178934516845,4.332692898208708,-0.4717784148701156,0.151409
1.1057178934516845,4.332692898208708,0.6315518310177177,0.173301
1.2633365000070889,-1.499195544341272,1.262026257239337,0.0910805
1.2633365000070889,-1.499195544341272,2.0501192900163616,0.0580766
1.2633365000070889,-1.341576937785867,2.5229751096825757,0.0461453
1.2633365000070889,-0.5534839050088438,-1.8903458738687595,0.109727
1.2633365000070889,0.5498463408789913,-2.520820300090379,0.11988
1.2633365000070889,0.8650835539898001,3.153449535904194,0.0345004
1.2633365000070889,1.4955579802114194,2.5229751096825757,0.0497647
1.2633365000070889,3.5445998654316826,1.262026257239337,0.128472
1.4209551065624932,-1.341576937785867,2.3653565031271704,0.048061
1.4209551065624932,-0.08062808534262889,-2.363201693534974,0.117022
1.4209551065624932,0.5498463408789913,-2.520820300090379,0.119034
1.4209551065624932,4.017455685097896,-0.6293970214255218,0.130787
1.5785737131178976,-1.341576937785867,0.6315518310177177,0.110405
1.5785737131178976,-1.341576937785867,0.7891704375731221,0.106324
1.5785737131178976,-0.7111025115642482,2.9958309293487897,0.0363819
1.5785737131178976,2.1260324064330396,-1.7327272673133551,0.10359
1.5785737131178976,3.0717440457654677,-1.5751086607579499,0.0963249
1.736192319673302,-1.341576937785867,0.0010774047960984134,0.102078
1.736192319673302,-1.341576937785867,0.1586960113515028,0.103664
1.736192319673302,-1.0263397246750579,-1.2598714476471402,0.0946142
1.736192319673302,-0.8687211181196526,-1.5751086607579499,0.0976022
1.736192319673302,1.9684137998776334,2.207737896571766,0.0885126
1.736192319673302,2.4412696195438484,2.207737896571766,0.0987399
1.736192319673302,2.756506832654659,-1.7327272673133551,0.0997955
1.736192319673302,3.5445998654316826,-1.2598714476471402,0.106058
1.8938109262287064,-1.1839583312304622,-1.2598714476471402,0.0876013
1.8938109262287064,-1.1839583312304622,1.8925006834609555,0.056712
1.8938109262287064,1.810795193322229,2.207737896571766,0.0868047
2.0514295327841108,0.07699052121277639,-2.8360575132011885,0.113591
2.0514295327841108,3.0717440457654677,-1.7327272673133551,0.104325
2.209048139339517,-1.499195544341272,0.6315518310177177,0.0757445
2.209048139339517,-1.0263397246750579,-2.6784389066457837,0.0973038
2.209048139339517,0.7074649474343957,-2.520820300090379,0.110158
2.209048139339517,0.8650835539898001,-2.363201693534974,0.109039
2.209048139339517,1.4955579802114194,-1.8903458738687595,0.106944
2.209048139339517,1.810795193322229,2.207737896571766,0.0927717
2.209048139339517,3.386981258876278,-1.5751086607579499,0.107312
2.3666667458949213,-1.6568141508966772,0.31631461790690807,0.0695383
2.3666667458949213,-0.08062808534262889,2.8382123227933853,0.067528
2.3666667458949213,0.23460912776818077,2.8382123227933853,0.0698335
2.3666667458949213,0.8650835539898001,2.5229751096825757,0.0745227
2.3666667458949213,1.0227021605452045,-2.2055830869795696,0.105696
2.5242853524503257,-1.8144327574520815,-0.6293970214255218,0.0633967
2.5242853524503257,-1.341576937785867,-2.6784389066457837,0.088316
2.5242853524503257,1.810795193322229,-1.7327272673133551,0.103968
2.5242853524503257,3.229362652320872,1.734882076905551,0.105227
2.68190395900573,-1.6568141508966772,1.262026257239337,0.0599643
2.68190395900573,0.07699052121277639,2.9958309293487897,0.0825002
2.68190395900573,1.6531765867668247,2.0501192900163616,0.0949932
2.68190395900573,1.9684137998776334,-1.7327272673133551,0.10265
2.9971411721165406,-1.341576937785867,2.207737896571766,0.062753
2.9971411721165406,1.810795193322229,1.8925006834609555,0.0950289
3.154759778671947,-1.9720513640074864,-0.4717784148701156,0.0554962
3.154759778671947,-1.8144327574520815,1.5772634703501467,0.0550816
3.312378385227351,-1.9720513640074864,0.6315518310177177,0.0528133
3.312378385227351,-1.8144327574520815,1.734882076905551,0.0550422
3.312378385227351,2.4412696195438484,1.4196448637947414,0.0949275
3.312378385227351,2.9141254392100633,-1.417490054202545,0.104545
3.4699969917827556,-2.287288577118296,-1.417490054202545,0.053805
3.4699969917827556,-2.287288577118296,-1.2598714476471402,0.052802
3.4699969917827556,-1.6568141508966772,-2.6784389066457837,0.0772759
3.4699969917827556,0.07699052121277639,-3.466531939422808,0.0989046
3.4699969917827556,1.6531765867668247,1.5772634703501467,0.0814472
3.4699969917827556,1.810795193322229,1.262026257239337,0.0839945
3.4699969917827556,2.1260324064330396,0.9467890441285265,0.0881515
3.4699969917827556,2.283651012988444,0.7891704375731221,0.0893309
3.4699969917827556,2.756506832654659,-1.2598714476471402,0.101737
3.4699969917827556,3.0717440457654677,0.0010774047960984134,0.0950025
3.62761559833816,-1.1839583312304622,2.5229751096825757,0.0702592
3.62761559833816,-0.8687211181196526,-3.308913332867403,0.0948277
3.62761559833816,-0.23824669189803327,-3.466531939422808,0.0974058
3.62761559833816,1.4955579802114194,-1.5751086607579499,0.0739884
3.62761559833816,1.4955579802114194,1.8925006834609555,0.0772174
3.62761559833816,1.810795193322229,0.7891704375731221,0.0791852
3.62761559833816,1.9684137998776334,0.0010774047960984134,0.0849802
3.62761559833816,2.1260324064330396,-0.7870156279809262,0.089564
3.62761559833816,2.4412696195438484,-0.9446342345363306,0.0950945
3.62761559833816,2.5988882260992536,-0.9446342345363306,0.0971569
3.7852342048935643,-2.1296699705628916,0.47393322446231334,0.0511093
3.7852342048935643,-0.08062808534262889,2.9958309293487897,0.0873303
3.7852342048935643,0.23460912776818077,-3.308913332867403,0.0915929
3.7852342048935643,0.23460912776818077,2.9958309293487897,0.087931
3.7852342048935643,0.7074649474343957,-2.9936761197565938,0.0836318
3.7852342048935643,1.6531765867668247,-0.9446342345363306,0.0728135
3.9428528114489687,-2.444907183673701,-1.7327272673133551,0.0557623
3.9428528114489687,-2.287288577118296,0.7891704375731221,0.048648
3.9428528114489687,-2.287288577118296,1.1044076506839318,0.0490225
3.9428528114489687,-2.1296699705628916,-2.363201693534974,0.0664102
3.9428528114489687,-0.08062808534262889,-3.308913332867403,0.0918143
3.9428528114489687,0.39222773432358604,-3.151294726311998,0.0857634
3.9428528114489687,0.5498463408789913,2.8382123227933853,0.0847431
3.9428528114489687,1.337939373656015,2.0501192900163616,0.0724776
3.9428528114489687,1.6531765867668247,-0.31415980831471124,0.0691985
4.100471418004373,-1.9720513640074864,2.0501192900163616,0.05803
4.100471418004373,1.4955579802114194,-0.9446342345363306,0.0623961
4.100471418004373,1.4955579802114194,1.5772634703501467,0.0662723
4.258090024559779,-2.6025257902291057,-1.5751086607579499,0.0546203
4.258090024559779,-2.444907183673701,0.1586960113515028,0.0481232
4.258090024559779,-2.444907183673701,0.31631461790690807,0.0478181
4.258090024559779,-2.444907183673701,0.47393322446231334,0.0476134
4.258090024559779,-2.444907183673701,0.9467890441285265,0.0483272
4.258090024559779,-0.39586529845343765,-3.151294726311998,0.090043
4.415708631115184,-2.6025257902291057,-0.31415980831471124,0.0475406
4.415708631115184,0.5498463408789913,2.5229751096825757,0.0773029
4.57332723767059,-2.6025257902291057,0.6315518310177177,0.0474045
4.57332723767059,-0.5534839050088438,-3.151294726311998,0.0886578
4.57332723767059,-0.39586529845343765,2.8382123227933853,0.0855303
4.57332723767059,-0.08062808534262889,-2.9936761197565938,0.0820323
4.57332723767059,0.39222773432358604,2.5229751096825757,0.0780071
4.57332723767059,0.8650835539898001,-2.363201693534974,0.0621678
4.57332723767059,0.8650835539898001,2.207737896571766,0.0684752
4.57332723767059,1.0227021605452045,2.0501192900163616,0.0651252
4.730945844225994,-2.7601443967845105,-1.1022528410917358,0.0514185
4.730945844225994,-2.7601443967845105,-0.31415980831471124,0.0480586
4.730945844225994,-2.6025257902291057,-2.0479644804241643,0.062793
4.730945844225994,-0.8687211181196526,2.9958309293487897,0.0850091
4.730945844225994,0.07699052121277639,2.680593716237981,0.0817635
4.888564450781399,-2.7601443967845105,0.31631461790690807,0.0487048
4.888564450781399,-2.444907183673701,1.5772634703501467,0.0561727
4.888564450781399,-0.7111025115642482,-3.308913332867403,0.0891288
4.888564450781399,0.5498463408789913,-2.520820300090379,0.063475
4.888564450781399,1.0227021605452045,-1.7327272673133551,0.0523525
5.046183057336803,1.1803207671006097,1.262026257239337,0.0518259
5.203801663892209,-2.7601443967845105,-1.2598714476471402,0.0567664
5.203801663892209,-0.5534839050088438,-3.308913332867403,0.0866523
5.3614202704476135,-1.0263397246750579,-3.466531939422808,0.0928445
5.3614202704476135,-0.7111025115642482,3.153449535904194,0.0904529
5.519038877003018,-2.6025257902291057,-1.8903458738687595,0.0685615
5.519038877003018,-1.1839583312304622,-3.466531939422808,0.0943686
5.519038877003018,-1.0263397246750579,3.153449535904194,0.0913286
5.519038877003018,-0.23824669189803327,2.9958309293487897,0.0869987
5.676657483558422,-2.917763003339916,-0.15654120175930686,0.057294
5.834276090113827,-2.6025257902291057,-1.2598714476471402,0.0667334
5.834276090113827,-2.444907183673701,-2.2055830869795696,0.0781117
5.834276090113827,-1.341576937785867,2.9958309293487897,0.0916039
5.834276090113827,-0.39586529845343765,2.9958309293487897,0.0891043
5.834276090113827,0.7074649474343957,1.5772634703501467,0.0561506
5.991894696669231,-2.287288577118296,-2.520820300090379,0.0850952
5.991894696669231,-1.499195544341272,2.8382123227933853,0.0901337
5.991894696669231,-1.1839583312304622,-3.308913332867403,0.0935849
5.991894696669231,-0.39586529845343765,-2.9936761197565938,0.0796955
5.991894696669231,-0.23824669189803327,2.8382123227933853,0.0860542
6.149513303224639,0.07699052121277639,-2.2055830869795696,0.061321
6.464750516335448,-1.1839583312304622,-2.8360575132011885,0.0885295
6.464750516335448,-0.08062808534262889,-1.7327272673133551,0.0591185
6.464750516335448,-0.08062808534262889,2.0501192900163616,0.0726361
6.464750516335448,0.23460912776818077,-1.1022528410917358,0.0505809
6.622369122890852,-2.287288577118296,0.9467890441285265,0.0778439
6.622369122890852,-1.499195544341272,-2.0479644804241643,0.084244
6.622369122890852,-1.341576937785867,-2.363201693534974,0.0851726
6.622369122890852,-0.5534839050088438,-1.8903458738687595,0.0688456
6.622369122890852,-0.08062808534262889,1.262026257239337,0.0629206
6.622369122890852,0.07699052121277639,0.9467890441285265,0.0574493
6.7799877294462565,-2.6025257902291057,-0.7870156279809262,0.079757
6.7799877294462565,-1.1839583312304622,-1.5751086607579499,0.0790582
6.7799877294462565,-1.0263397246750579,-1.5751086607579499,0.0764783
6.7799877294462565,-0.39586529845343765,1.1044076506839318,0.0675461
6.7799877294462565,-0.23824669189803327,0.9467890441285265,0.0634156
6.937606336001661,-0.39586529845343765,0.7891704375731221,0.0656998
6.937606336001661,-0.23824669189803327,0.6315518310177177,0.0617932
7.095224942557065,-2.287288577118296,-0.9446342345363306,0.085428
7.095224942557065,-1.1839583312304622,-1.2598714476471402,0.0780661
7.095224942557065,-1.0263397246750579,0.9467890441285265,0.0780539
7.252843549112471,-2.287288577118296,-0.7870156279809262,0.0873774
7.568080762223282,-1.0263397246750579,0.31631461790690807,0.0796547
7.725699368778685,-1.6568141508966772,-0.31415980831471124,0.0888734
7.725699368778685,-1.341576937785867,0.0010774047960984134,0.0855861
