-7.284440191042857,-1.5763665149820785,1.422342609202655,0.275772
-7.284440191042857,-1.1980048110475785,1.800704313137155,0.271346
-7.284440191042857,-0.25210055121132857,-0.8478276144043448,0.274919
-7.284440191042857,-0.06291969924407859,1.233161757235405,0.285689
-7.284440191042857,0.1262611527231714,1.800704313137155,0.277456
-7.284440191042857,0.1262611527231714,1.989885165104405,0.274945
-7.095259339075607,-1.5763665149820785,0.47643834936640506,0.287091
-7.095259339075607,0.3154420046904214,1.043980905268155,0.307123
-7.095259339075607,0.8829845605921713,0.28725749739915507,0.335022
-7.095259339075607,1.0721654125594204,0.09807664543190509,0.336646
-7.095259339075607,1.2613462645266713,0.28725749739915507,0.340131
-6.906078487108357,-1.3871856630148285,2.179066017071655,0.274431
-6.906078487108357,-0.06291969924407859,2.935789424940654,0.276052
-6.906078487108357,0.6938037086249214,-0.46946591046984487,0.31968
-6.906078487108357,1.4505271164939222,0.854800053300905,0.342407
-6.716897635141107,-1.3871856630148285,-0.0911042065353449,0.292615
-6.716897635141107,1.2613462645266713,-0.6586467624370949,0.328104
-6.527716783173856,-1.7655473669493285,-1.2261893183388457,0.264885
-6.527716783173856,1.2613462645266713,-1.2261893183388457,0.292136
-6.527716783173856,1.2613462645266713,-1.0370084663715948,0.305597
-6.338535931206607,-1.3871856630148285,2.557427721006155,0.288186
-6.338535931206607,1.4505271164939222,1.989885165104405,0.31133
-6.149355079239356,-1.5763665149820785,2.557427721006155,0.290569
-5.960174227272107,-3.0898133307200792,-0.8478276144043448,0.242805
-5.960174227272107,-3.0898133307200792,-0.6586467624370949,0.24657
-5.960174227272107,-2.7114516267855784,-1.2261893183388457,0.240736
-5.960174227272107,-2.7114516267855784,-0.2802850585025949,0.260529
-5.960174227272107,-2.3330899228510784,-1.2261893183388457,0.24924
-5.960174227272107,-2.1439090708838284,-1.2261893183388457,0.254526
-5.960174227272107,1.4505271164939222,-2.550455282109595,0.258192
-5.960174227272107,1.8288888204284222,-1.4153701703060952,0.289043
-5.960174227272107,1.8288888204284222,1.422342609202655,0.33294
-5.960174227272107,2.207250524362922,-0.2802850585025949,0.33418
-5.770993375304856,-2.5222707748183284,-1.6045510222733452,0.232409
-5.770993375304856,-2.3330899228510784,-1.6045510222733452,0.236776
-5.770993375304856,-2.1439090708838284,0.09807664543190509,0.279273
-5.770993375304856,-2.1439090708838284,2.179066017071655,0.288103
-5.770993375304856,-2.1439090708838284,2.557427721006155,0.28268
-5.770993375304856,0.6938037086249214,3.3141511288751557,0.29984
-5.581812523337607,2.3964313763301712,1.611523461169905,0.304743
-5.392631671370356,0.8829845605921713,3.124970276907905,0.311204
-5.392631671370356,1.0721654125594204,-2.928816986044095,0.253722
-5.203450819403107,-3.6573558866218288,-0.0911042065353449,0.240901
-5.203450819403107,-2.9006324787528284,0.47643834936640506,0.260491
-5.203450819403107,-2.7114516267855784,-2.172093578175095,0.205762
-5.203450819403107,-2.5222707748183284,1.800704313137155,0.280782
-5.203450819403107,2.0180696723956713,-0.8478276144043448,0.30958
-5.014269967435856,-3.0898133307200792,0.47643834936640506,0.254468
-5.014269967435856,-2.7114516267855784,3.124970276907905,0.269187
-5.014269967435856,-0.6304622551458285,-2.928816986044095,0.223336
-4.825089115468607,-3.8465367385890787,-0.2802850585025949,0.233663
-4.825089115468607,0.5046228566576714,3.3141511288751557,0.33767
-4.825089115468607,2.585612228297422,2.368246869038905,0.291915
-4.635908263501356,-3.4681750346545788,0.28725749739915507,0.24224
-4.4467274115341064,-2.7114516267855784,3.3141511288751557,0.267832
-4.2575465595668565,-3.4681750346545788,-2.172093578175095,0.190153
-4.2575465595668565,-3.278994182687329,0.47643834936640506,0.243485
-4.2575465595668565,-1.9547282189165784,-2.928816986044095,0.186804
-4.2575465595668565,-1.5763665149820785,4.070874536744156,0.286361
-4.2575465595668565,0.8829845605921713,3.881693684776905,0.342652
-4.2575465595668565,1.0721654125594204,-2.739636134076845,0.250297
-4.2575465595668565,1.2613462645266713,3.503331980842405,0.344139
-4.2575465595668565,1.4505271164939222,2.935789424940654,0.339568
-4.2575465595668565,3.342335636166422,0.854800053300905,0.264228
-4.0683657075996065,-1.0088239590803285,-3.3071786899785955,0.188955
-4.0683657075996065,3.342335636166422,1.043980905268155,0.264785
-3.8791848556323565,-2.7114516267855784,2.746608572973405,0.261972
-3.8791848556323565,2.207250524362922,-1.4153701703060952,0.279399
-3.8791848556323565,3.153154784199171,1.800704313137155,0.274293
-3.6900040036651065,-3.8465367385890787,-1.9829127262078452,0.187917
-3.6900040036651065,-3.4681750346545788,-2.361274430142345,0.1819
-3.6900040036651065,-3.278994182687329,0.665619201333655,0.238168
-3.6900040036651065,1.0721654125594204,-3.3071786899785955,0.225099
-3.5008231516978565,-2.5222707748183284,-2.739636134076845,0.186424
-3.5008231516978565,-1.5763665149820785,-3.117997838011345,0.187386
-3.5008231516978565,1.2613462645266713,3.881693684776905,0.338629
-3.5008231516978565,1.8288888204284222,2.557427721006155,0.319161
-3.5008231516978565,2.963973932231922,-1.0370084663715948,0.261044
-3.5008231516978565,3.153154784199171,-1.2261893183388457,0.250206
-3.3116422997306065,-3.278994182687329,-2.550455282109595,0.179548
-3.3116422997306065,-2.3330899228510784,3.6925128328096557,0.265985
-3.3116422997306065,-1.7655473669493285,4.449236240678656,0.267407
-3.3116422997306065,-1.5763665149820785,-3.117997838011345,0.188437
-3.1224614477633565,-4.792440998425329,-0.8478276144043448,0.208536
-3.1224614477633565,-3.6573558866218288,-2.361274430142345,0.181096
-3.1224614477633565,2.585612228297422,-1.4153701703060952,0.246491
-3.1224614477633565,4.288239896002671,-2.361274430142345,0.208853
-3.1224614477633565,4.477420747969922,-0.6586467624370949,0.206775
-2.9332805957961066,-4.792440998425329,-1.0370084663715948,0.204682
-2.9332805957961066,-2.5222707748183284,2.935789424940654,0.251957
-2.9332805957961066,-0.25210055121132857,-3.6855403939130955,0.19112
-2.9332805957961066,-0.06291969924407859,-3.6855403939130955,0.193807
-2.9332805957961066,0.6938037086249214,4.070874536744156,0.323739
-2.7440997438288566,0.5046228566576714,4.070874536744156,0.312139
-2.5549188918616066,-2.3330899228510784,1.422342609202655,0.246133
-2.5549188918616066,-0.8196431071130785,4.827597944613156,0.24943
-2.5549188918616066,2.585612228297422,1.611523461169905,0.263842
-2.3657380398943566,-2.9006324787528284,-2.739636134076845,0.182817
-2.1765571879271066,-2.5222707748183284,1.611523461169905,0.225669
-2.1765571879271066,-1.9547282189165784,4.827597944613156,0.241893
-1.9873763359598566,-2.7114516267855784,2.746608572973405,0.220989
-1.9873763359598566,-0.25210055121132857,4.638417092645905,0.241978
-1.9873763359598566,0.8829845605921713,3.6925128328096557,0.28376
-1.9873763359598566,2.0180696723956713,2.557427721006155,0.274811
-1.9873763359598566,2.963973932231922,1.043980905268155,0.204778
-1.9873763359598566,4.666601599937171,0.09807664543190509,0.180378
-1.9873763359598566,5.423325007806173,-1.2261893183388457,0.186514
-1.7981954839926066,-2.5222707748183284,4.070874536744156,0.231063
-1.7981954839926066,5.423325007806173,-2.550455282109595,0.192296
-1.6090146320253567,-4.414079294490829,-0.2802850585025949,0.210693
-1.6090146320253567,-3.6573558866218288,-2.172093578175095,0.19262
-1.6090146320253567,-3.278994182687329,-2.550455282109595,0.189477
-1.6090146320253567,-2.9006324787528284,1.611523461169905,0.175422
-1.6090146320253567,1.2613462645266713,2.746608572973405,0.281806
-1.6090146320253567,2.585612228297422,1.422342609202655,0.229155
-1.4198337800581067,-0.25210055121132857,-3.4963595419458455,0.195058
-1.4198337800581067,2.3964313763301712,1.611523461169905,0.241718
-1.4198337800581067,5.990867563707922,-2.739636134076845,0.191683
-1.4198337800581067,5.990867563707922,-1.0370084663715948,0.173602
-1.2306529280908567,-1.1980048110475785,-3.4963595419458455,0.18768
-1.2306529280908567,0.5046228566576714,4.260055388711405,0.248644
-1.2306529280908567,1.2613462645266713,-1.9829127262078452,0.186057
-1.2306529280908567,2.0180696723956713,1.989885165104405,0.257703
-1.2306529280908567,2.963973932231922,1.233161757235405,0.193654
-1.2306529280908567,3.342335636166422,1.043980905268155,0.183639
-1.0414720761236067,-3.8465367385890787,0.28725749739915507,0.179937
-1.0414720761236067,-0.44128140317857856,-3.4963595419458455,0.194387
-1.0414720761236067,0.3154420046904214,1.233161757235405,0.241789
-1.0414720761236067,0.5046228566576714,-0.0911042065353449,0.209236
-1.0414720761236067,0.5046228566576714,0.09807664543190509,0.215838
-1.0414720761236067,1.0721654125594204,-1.9829127262078452,0.193666
-1.0414720761236067,1.6397079684611713,1.989885165104405,0.258239
-1.0414720761236067,2.3964313763301712,1.422342609202655,0.216372
-0.8522912241563567,-3.278994182687329,-2.361274430142345,0.211724
-0.8522912241563567,-1.9547282189165784,3.3141511288751557,0.223257
-0.8522912241563567,-0.06291969924407859,-0.2802850585025949,0.207559
-0.8522912241563567,0.8829845605921713,3.503331980842405,0.256987
-0.8522912241563567,3.720697340100922,-3.117997838011345,0.164613
-0.8522912241563567,4.855782451904422,0.28725749739915507,0.166198
-0.6631103721891076,-1.1980048110475785,3.881693684776905,0.228891
-0.6631103721891076,-0.44128140317857856,4.260055388711405,0.231254
-0.6631103721891076,4.855782451904422,-3.3071786899785955,0.169467
-0.6631103721891076,5.234144155838922,-3.3071786899785955,0.175148
-0.47392952022185675,-3.4681750346545788,-2.361274430142345,0.216257
-0.47392952022185675,-2.9006324787528284,-2.739636134076845,0.231529
-0.47392952022185675,-1.7655473669493285,-2.928816986044095,0.209898
-0.47392952022185675,-0.25210055121132857,2.179066017071655,0.220373
-0.47392952022185675,0.3154420046904214,-3.117997838011345,0.209457
-0.47392952022185675,0.5046228566576714,2.746608572973405,0.246001
-0.47392952022185675,0.8829845605921713,-2.172093578175095,0.206197
-0.47392952022185675,5.234144155838922,-3.3071786899785955,0.173373
-0.47392952022185675,6.180048415675173,-2.928816986044095,0.187409
-0.2847486682546059,-2.9006324787528284,-2.928816986044095,0.238002
-0.2847486682546059,-1.0088239590803285,2.935789424940654,0.213955
-0.2847486682546059,-0.8196431071130785,2.557427721006155,0.20849
-0.2847486682546059,-0.25210055121132857,-0.6586467624370949,0.203643
-0.2847486682546059,0.3154420046904214,-0.8478276144043448,0.1977
-0.2847486682546059,0.8829845605921713,-1.6045510222733452,0.194257
-0.2847486682546059,3.531516488133671,1.043980905268155,0.178562
-0.09556781628735678,-3.278994182687329,1.989885165104405,0.115821
-0.09556781628735678,-1.5763665149820785,2.179066017071655,0.157598
-0.09556781628735678,-0.6304622551458285,-0.2802850585025949,0.198143
-0.09556781628735678,-0.6304622551458285,-0.0911042065353449,0.190607
-0.09556781628735678,0.1262611527231714,-0.0911042065353449,0.200591
-0.09556781628735678,0.5046228566576714,-1.0370084663715948,0.194806
-0.09556781628735678,0.6938037086249214,-1.9829127262078452,0.207173
-0.09556781628735678,2.207250524362922,1.611523461169905,0.197246
0.0936130356798941,-3.4681750346545788,1.800704313137155,0.109411
0.0936130356798941,-1.5763665149820785,-2.739636134076845,0.21294
0.0936130356798941,0.5046228566576714,-2.172093578175095,0.211071
0.0936130356798941,0.6938037086249214,1.422342609202655,0.211922
0.0936130356798941,5.234144155838922,0.28725749739915507,0.160681
0.2827938876471432,-3.6573558866218288,-2.928816986044095,0.225577
0.2827938876471432,4.855782451904422,-3.117997838011345,0.16535
0.47197473961439407,-3.8465367385890787,0.47643834936640506,0.135272
0.47197473961439407,-0.6304622551458285,-1.9829127262078452,0.201748
0.47197473961439407,-0.6304622551458285,-1.7937318742405952,0.20012
0.47197473961439407,3.153154784199171,1.422342609202655,0.174195
0.47197473961439407,3.342335636166422,-2.739636134076845,0.15893
0.47197473961439407,5.044963303871673,0.47643834936640506,0.162756
0.47197473961439407,5.801686711740673,-2.550455282109595,0.182498
0.6611555915816432,-4.414079294490829,-0.8478276144043448,0.150898
0.6611555915816432,-0.8196431071130785,0.665619201333655,0.144629
0.6611555915816432,-0.6304622551458285,-0.2802850585025949,0.183742
0.6611555915816432,2.585612228297422,-2.172093578175095,0.166828
0.6611555915816432,3.720697340100922,1.233161757235405,0.167907
0.6611555915816432,4.855782451904422,-2.928816986044095,0.167211
0.850336443548894,-4.414079294490829,-1.7937318742405952,0.16128
0.850336443548894,-3.8465367385890787,0.09807664543190509,0.147387
0.850336443548894,-3.6573558866218288,0.665619201333655,0.120708
0.850336443548894,-2.9006324787528284,1.800704313137155,0.0958128
0.850336443548894,-0.06291969924407859,-0.0911042065353449,0.18185
0.850336443548894,5.612505859773422,-2.361274430142345,0.183881
0.850336443548894,5.990867563707922,-0.6586467624370949,0.172604
1.0395172955161431,-4.414079294490829,-1.7937318742405952,0.162705
1.0395172955161431,-4.224898442523578,-2.172093578175095,0.174193
1.0395172955161431,-3.8465367385890787,-2.739636134076845,0.206353
1.0395172955161431,-1.5763665149820785,-2.739636134076845,0.192283
1.0395172955161431,0.6938037086249214,-0.8478276144043448,0.165939
1.0395172955161431,2.3964313763301712,1.422342609202655,0.180457
1.0395172955161431,4.477420747969922,0.854800053300905,0.165694
1.228698147483394,-3.8465367385890787,0.28725749739915507,0.134927
1.228698147483394,-3.6573558866218288,0.47643834936640506,0.127862
1.228698147483394,0.3154420046904214,0.665619201333655,0.159298
1.417878999450643,-2.9006324787528284,-3.117997838011345,0.225398
1.417878999450643,-0.06291969924407859,-1.4153701703060952,0.169217
1.417878999450643,3.909878192068171,1.233161757235405,0.166861
1.607059851417894,-3.278994182687329,0.854800053300905,0.11184
1.607059851417894,-1.0088239590803285,1.043980905268155,0.129358
1.607059851417894,3.153154784199171,-2.361274430142345,0.158485
1.607059851417894,5.423325007806173,0.09807664543190509,0.177012
1.607059851417894,5.612505859773422,-2.361274430142345,0.181587
1.796240703385143,-5.359983554327079,-0.2802850585025949,0.147848
1.796240703385143,-4.603260146458078,-2.172093578175095,0.164574
1.796240703385143,-3.4681750346545788,0.854800053300905,0.113
1.796240703385143,-2.7114516267855784,1.043980905268155,0.107301
1.796240703385143,3.909878192068171,-2.550455282109595,0.162612
1.796240703385143,5.234144155838922,0.28725749739915507,0.179937
1.985421555352394,-4.035717590556329,-2.361274430142345,0.165697
1.985421555352394,-1.0088239590803285,1.233161757235405,0.128262
1.985421555352394,-0.8196431071130785,-1.9829127262078452,0.149734
1.985421555352394,0.8829845605921713,-1.4153701703060952,0.126751
1.985421555352394,3.720697340100922,-2.361274430142345,0.163203
2.174602407319643,-0.25210055121132857,1.043980905268155,0.136078
2.174602407319643,5.612505859773422,-2.172093578175095,0.184633
2.363783259286894,-0.25210055121132857,-1.7937318742405952,0.139571
2.363783259286894,2.0180696723956713,1.800704313137155,0.151831
2.363783259286894,2.207250524362922,1.800704313137155,0.154504
2.363783259286894,5.423325007806173,-2.172093578175095,0.183426
2.552964111254143,-5.927526110228829,-1.0370084663715948,0.159596
2.552964111254143,-5.549164406294329,-0.0911042065353449,0.141709
2.552964111254143,-1.9547282189165784,1.422342609202655,0.11706
2.552964111254143,4.099059044035422,1.989885165104405,0.142154
2.552964111254143,5.612505859773422,-0.6586467624370949,0.189808
2.552964111254143,5.612505859773422,-0.46946591046984487,0.188979
2.742144963221394,-5.549164406294329,-1.9829127262078452,0.156236
2.742144963221394,-4.603260146458078,0.854800053300905,0.1161
2.742144963221394,-0.8196431071130785,1.422342609202655,0.134586
2.742144963221394,0.8829845605921713,-1.6045510222733452,0.117038
2.742144963221394,5.612505859773422,-0.46946591046984487,0.186758
2.931325815188643,-2.9006324787528284,-2.550455282109595,0.133469
2.931325815188643,-2.5222707748183284,1.233161757235405,0.120881
2.931325815188643,-1.9547282189165784,-2.361274430142345,0.131135
2.931325815188643,-0.06291969924407859,1.422342609202655,0.143433
2.931325815188643,0.3154420046904214,1.611523461169905,0.144359
2.931325815188643,0.6938037086249214,1.800704313137155,0.145926
2.931325815188643,2.774793080264671,1.989885165104405,0.149415
2.931325815188643,3.342335636166422,2.179066017071655,0.140351
2.931325815188643,3.909878192068171,2.179066017071655,0.13854
2.931325815188643,4.855782451904422,-1.4153701703060952,0.178701
3.120506667155894,-1.9547282189165784,1.611523461169905,0.121899
3.120506667155894,-0.44128140317857856,1.611523461169905,0.135971
3.120506667155894,2.0180696723956713,-1.6045510222733452,0.137999
3.120506667155894,4.099059044035422,-1.4153701703060952,0.158768
3.120506667155894,5.801686711740673,1.043980905268155,0.17374
3.3096875191231447,-5.359983554327079,0.09807664543190509,0.136269
3.3096875191231447,-0.25210055121132857,-1.6045510222733452,0.129341
3.3096875191231447,1.4505271164939222,-1.6045510222733452,0.125536
3.3096875191231447,5.234144155838922,-0.8478276144043448,0.16795
3.498868371090394,-5.359983554327079,0.09807664543190509,0.137137
3.498868371090394,-2.5222707748183284,-2.172093578175095,0.122336
3.498868371090394,3.909878192068171,-1.4153701703060952,0.145355
3.498868371090394,4.288239896002671,2.179066017071655,0.141653
3.6880492230576447,-4.224898442523578,-2.361274430142345,0.122221
3.6880492230576447,-2.9006324787528284,1.611523461169905,0.116869
3.6880492230576447,-0.8196431071130785,1.989885165104405,0.125741
3.6880492230576447,-0.44128140317857856,-1.6045510222733452,0.128154
3.6880492230576447,1.8288888204284222,-1.4153701703060952,0.137679
3.6880492230576447,3.342335636166422,-1.4153701703060952,0.141799
3.6880492230576447,3.720697340100922,2.368246869038905,0.141188
3.877230075024894,-3.8465367385890787,-2.361274430142345,0.116739
3.877230075024894,-3.6573558866218288,-2.361274430142345,0.115743
3.877230075024894,-2.3330899228510784,-1.7937318742405952,0.125178
3.877230075024894,-2.3330899228510784,1.800704313137155,0.123556
3.877230075024894,-1.9547282189165784,-1.7937318742405952,0.12356
3.877230075024894,0.8829845605921713,2.179066017071655,0.14833
3.877230075024894,2.774793080264671,2.368246869038905,0.142945
3.877230075024894,3.909878192068171,2.368246869038905,0.143132
4.066410926992145,-5.549164406294329,0.09807664543190509,0.140402
4.066410926992145,-5.170802702359829,-1.4153701703060952,0.141726
4.066410926992145,-4.603260146458078,1.233161757235405,0.118727
4.066410926992145,0.8829845605921713,-1.2261893183388457,0.143199
4.066410926992145,3.153154784199171,-1.2261893183388457,0.140481
4.066410926992145,4.855782451904422,-0.8478276144043448,0.14531
4.066410926992145,5.423325007806173,1.043980905268155,0.166872
4.255591778959394,-4.224898442523578,1.422342609202655,0.117472
4.255591778959394,2.0180696723956713,-1.0370084663715948,0.153978
4.255591778959394,4.099059044035422,2.368246869038905,0.146845
4.255591778959394,5.234144155838922,-0.2802850585025949,0.154669
4.444772630926645,1.8288888204284222,-1.0370084663715948,0.152732
4.633953482893894,-5.549164406294329,0.47643834936640506,0.140637
4.633953482893894,-5.170802702359829,-1.4153701703060952,0.137599
4.633953482893894,-2.5222707748183284,-1.7937318742405952,0.114736
4.633953482893894,-1.3871856630148285,-1.6045510222733452,0.122395
4.633953482893894,0.1262611527231714,-1.2261893183388457,0.12975
4.823134334861145,-4.035717590556329,1.422342609202655,0.124686
4.823134334861145,-3.8465367385890787,-1.9829127262078452,0.11466
4.823134334861145,-3.6573558866218288,1.611523461169905,0.124382
4.823134334861145,-3.278994182687329,1.800704313137155,0.126265
4.823134334861145,-1.1980048110475785,1.989885165104405,0.145101
4.823134334861145,-1.0088239590803285,-1.4153701703060952,0.128086
4.823134334861145,2.585612228297422,-0.8478276144043448,0.143562
5.012315186828394,-5.738345258261579,-0.46946591046984487,0.150112
5.012315186828394,-2.5222707748183284,2.179066017071655,0.135967
5.012315186828394,-1.9547282189165784,-1.6045510222733452,0.118547
5.012315186828394,2.3964313763301712,-0.8478276144043448,0.137626
5.012315186828394,3.153154784199171,2.557427721006155,0.134124
5.012315186828394,3.342335636166422,2.557427721006155,0.138037
5.201496038795645,1.4505271164939222,2.557427721006155,0.100591
5.201496038795645,1.6397079684611713,-0.8478276144043448,0.135834
5.201496038795645,2.774793080264671,2.557427721006155,0.119001
5.201496038795645,4.855782451904422,0.09807664543190509,0.153219
5.390676890762894,-5.170802702359829,0.665619201333655,0.145046
5.390676890762894,-1.1980048110475785,2.179066017071655,0.155516
5.579857742730145,-5.170802702359829,-1.0370084663715948,0.143321
5.579857742730145,-4.981621850392578,0.665619201333655,0.145948
5.579857742730145,-0.6304622551458285,-0.8478276144043448,0.13725
5.769038594697394,-4.224898442523578,-1.2261893183388457,0.129657
5.769038594697394,-2.9006324787528284,2.557427721006155,0.134784
5.769038594697394,-2.5222707748183284,2.746608572973405,0.141135
5.769038594697394,-0.06291969924407859,1.989885165104405,0.170419
5.769038594697394,0.3154420046904214,-0.6586467624370949,0.130941
5.769038594697394,0.6938037086249214,-0.46946591046984487,0.132826
5.769038594697394,1.8288888204284222,-0.6586467624370949,0.113218
5.9582194466646445,-4.603260146458078,0.665619201333655,0.147541
5.9582194466646445,-3.8465367385890787,1.800704313137155,0.128083
5.9582194466646445,0.6938037086249214,1.800704313137155,0.130363
5.9582194466646445,3.342335636166422,-0.2802850585025949,0.13173
6.147400298631894,-4.603260146458078,-0.2802850585025949,0.148364
6.147400298631894,-4.603260146458078,0.665619201333655,0.147506
6.147400298631894,-3.4681750346545788,2.179066017071655,0.125921
6.147400298631894,-0.6304622551458285,-0.46946591046984487,0.153438
6.147400298631894,1.4505271164939222,2.179066017071655,0.0825861
6.147400298631894,4.099059044035422,0.09807664543190509,0.141954
6.3365811505991445,-4.603260146458078,0.28725749739915507,0.149628
6.3365811505991445,-0.8196431071130785,-0.6586467624370949,0.150342
6.3365811505991445,0.6938037086249214,0.47643834936640506,0.143036
6.3365811505991445,1.4505271164939222,1.989885165104405,0.0804235
6.3365811505991445,3.720697340100922,0.28725749739915507,0.137804
6.525762002566394,4.288239896002671,0.854800053300905,0.149865
6.7149428545336445,-4.603260146458078,0.47643834936640506,0.147795
6.7149428545336445,-3.6573558866218288,1.989885165104405,0.125378
6.7149428545336445,-2.7114516267855784,-1.0370084663715948,0.126714
6.7149428545336445,-1.1980048110475785,2.368246869038905,0.148483
6.904123706500894,-3.0898133307200792,-0.8478276144043448,0.125242
7.093304558468146,-2.1439090708838284,2.557427721006155,0.137296
7.2824854104353935,-4.224898442523578,1.233161757235405,0.138449
7.2824854104353935,-3.8465367385890787,1.611523461169905,0.130523
7.2824854104353935,-3.4681750346545788,1.800704313137155,0.125635
7.2824854104353935,-3.0898133307200792,-0.6586467624370949,0.123723
7.471666262402644,-2.5222707748183284,1.989885165104405,0.126748
7.471666262402644,-1.3871856630148285,-0.8478276144043448,0.143505
7.660847114369892,-3.0898133307200792,-0.2802850585025949,0.12349
7.660847114369892,-1.5763665149820785,1.233161757235405,0.129261
7.850027966337146,-3.4681750346545788,0.28725749739915507,0.128724
7.850027966337146,-3.278994182687329,1.043980905268155,0.126893
7.850027966337146,-3.0898133307200792,0.09807664543190509,0.12409
7.850027966337146,-1.1980048110475785,-0.0911042065353449,0.141636
8.039208818304393,-1.7655473669493285,0.09807664543190509,0.132966
8.039208818304393,-1.7655473669493285,0.28725749739915507,0.131358
