-7.340398034934539,-0.3047685003990095,-0.29364254959450253,0.126214
-7.180860631821838,-1.1024555159625127,0.6635818690817015,0.12265
-7.180860631821838,-0.7833807097371119,-0.7722547589326041,0.123571
-7.180860631821838,-0.6238433066244111,-0.7722547589326041,0.124069
-7.021323228709138,-1.2619929190752135,-0.7722547589326041,0.120781
-7.021323228709138,-0.4643059035117103,-0.9317921620453049,0.123423
-6.861785825596437,-1.2619929190752135,-0.9317921620453049,0.119828
-6.861785825596437,-0.7833807097371119,-1.0913295651580053,0.121778
-6.702248422483736,0.4929185151644937,-0.29364254959450253,0.125595
-6.542711019371035,-1.9001425315260159,-0.45317995270720335,0.114213
-6.542711019371035,0.17384370893909207,1.142194078419803,0.124147
-6.542711019371035,0.4929185151644937,-0.7722547589326041,0.125667
-6.383173616258335,-1.4215303221879143,1.142194078419803,0.118735
-6.383173616258335,-0.14523109728630956,1.6208062877579055,0.122691
-6.383173616258335,0.3333811120517929,-1.729479177608808,0.120947
-6.383173616258335,1.131068127615296,-1.729479177608808,0.124891
-6.223636213145634,-2.0596799346387167,0.5040444659690007,0.113185
-6.223636213145634,-1.9001425315260159,-0.7722547589326041,0.114883
-6.223636213145634,-0.9429181128498128,-1.5699417744961073,0.122886
-6.223636213145634,-0.4643059035117103,2.258955900208708,0.121612
-6.223636213145634,0.17384370893909207,-2.20809138694691,0.118267
-6.0640988100329345,-1.1024555159625127,1.7803436908706063,0.123996
-6.0640988100329345,-0.7833807097371119,-2.5271661931723113,0.125402
-6.0640988100329345,1.2906055307279969,-2.20809138694691,0.123848
-5.904561406920234,-2.378754740864118,-0.29364254959450253,0.114981
-5.904561406920234,-1.4215303221879143,1.4612688846452047,0.123695
-5.904561406920234,-1.2619929190752135,2.099418497096007,0.126394
-5.904561406920234,-0.4643059035117103,2.89710551265951,0.125547
-5.904561406920234,-0.3047685003990095,2.89710551265951,0.124184
-5.904561406920234,1.4501429338406968,-0.29364254959450253,0.14054
-5.904561406920234,1.9287551431787993,1.7803436908706063,0.135319
-5.745024003807533,-1.4215303221879143,-2.0485539838342093,0.127478
-5.745024003807533,1.4501429338406968,0.025432256630899097,0.142988
-5.745024003807533,1.9287551431787993,-0.6127173558199033,0.146659
-5.585486600694832,-2.5382921439768187,0.5040444659690007,0.12028
-5.585486600694832,-0.4643059035117103,-3.1653158056231137,0.128785
-5.585486600694832,-0.3047685003990095,-3.1653158056231137,0.127249
-5.585486600694832,1.7692177400660984,2.258955900208708,0.130599
-5.425949197582131,1.4501429338406968,-2.5271661931723113,0.125324
-5.425949197582131,2.0882925462915,-0.13410514648180172,0.156533
-5.425949197582131,2.0882925462915,0.025432256630899097,0.156677
-5.425949197582131,2.0882925462915,0.1849696597435999,0.156421
-5.425949197582131,2.0882925462915,1.9398810939833062,0.137674
-5.425949197582131,2.247829949404201,-0.13410514648180172,0.157865
-5.425949197582131,2.247829949404201,0.025432256630899097,0.158237
-5.425949197582131,2.247829949404201,0.1849696597435999,0.157562
-5.425949197582131,2.4073673525169017,-0.13410514648180172,0.158489
-5.425949197582131,2.4073673525169017,0.1849696597435999,0.158045
-5.425949197582131,2.5669047556296007,0.025432256630899097,0.158384
-5.26641179446943,-2.6978295470895195,0.5040444659690007,0.126112
-5.26641179446943,-2.2192173377514175,-1.0913295651580053,0.125628
-5.26641179446943,-1.740605128413316,-1.5699417744961073,0.128565
-5.26641179446943,1.9287551431787993,-2.20809138694691,0.133922
-5.26641179446943,2.247829949404201,1.6208062877579055,0.14337
-5.26641179446943,2.7264421587423016,-0.6127173558199033,0.154827
-5.10687439135673,-2.2192173377514175,1.142194078419803,0.128054
-5.10687439135673,-1.740605128413316,1.7803436908706063,0.131101
-5.10687439135673,-1.5810677253006151,2.5780307064341095,0.135144
-5.10687439135673,1.4501429338406968,2.5780307064341095,0.127002
-5.10687439135673,1.7692177400660984,-2.3676287900596105,0.131809
-5.10687439135673,2.4073673525169017,-1.0913295651580053,0.150999
-4.947336988244029,-1.740605128413316,-2.0485539838342093,0.133916
-4.947336988244029,0.3333811120517929,-3.1653158056231137,0.125766
-4.947336988244029,2.4073673525169017,-1.250866968270706,0.14895
-4.947336988244029,3.205054368080404,-0.7722547589326041,0.146936
-4.787799585131329,-2.0596799346387167,1.3017314815325038,0.133457
-4.787799585131329,-1.9001425315260159,1.4612688846452047,0.13389
-4.787799585131329,0.3333811120517929,-3.1653158056231137,0.127292
-4.787799585131329,2.247829949404201,1.6208062877579055,0.145152
-4.787799585131329,3.205054368080404,-0.9317921620453049,0.144185
-4.628262182018628,-2.85736695020222,0.1849696597435999,0.136759
-4.628262182018628,-0.4643059035117103,-3.3248532087358145,0.134324
-4.628262182018628,-0.3047685003990095,-3.3248532087358145,0.133175
-4.628262182018628,0.17384370893909207,3.216180318884912,0.129867
-4.628262182018628,3.6836665774185064,-0.45317995270720335,0.141913
-4.468724778905927,-1.9001425315260159,1.6208062877579055,0.139659
-4.468724778905927,1.6096803369533976,-2.3676287900596105,0.137322
-4.468724778905927,2.247829949404201,-1.5699417744961073,0.146497
-4.468724778905927,2.4073673525169017,1.4612688846452047,0.145961
-4.468724778905927,3.045516964967703,-1.250866968270706,0.140271
-4.309187375793227,-2.0596799346387167,1.6208062877579055,0.142423
-4.309187375793227,1.2906055307279969,2.5780307064341095,0.138137
-4.309187375793227,2.0882925462915,-1.729479177608808,0.146863
-4.309187375793227,3.6836665774185064,-0.7722547589326041,0.138671
-4.1496499726805265,0.8119933213898944,-2.8462409993977125,0.138906
-4.1496499726805265,2.0882925462915,-1.729479177608808,0.148485
-3.9901125695678257,-2.5382921439768187,0.5040444659690007,0.144828
-3.9901125695678257,-1.740605128413316,2.5780307064341095,0.141262
-3.9901125695678257,0.8119933213898944,2.89710551265951,0.140876
-3.830575166455125,-1.4215303221879143,2.7375681095468094,0.140376
-3.830575166455125,1.2906055307279969,-2.8462409993977125,0.143449
-3.830575166455125,1.7692177400660984,2.4184933033214087,0.146347
-3.830575166455125,2.247829949404201,1.7803436908706063,0.149987
-3.830575166455125,3.205054368080404,1.6208062877579055,0.13953
-3.830575166455125,3.5241291743058056,-1.410404371383407,0.137884
-3.671037763342424,-2.5382921439768187,0.8231192721944023,0.145295
-3.671037763342424,-0.3047685003990095,2.89710551265951,0.145985
-3.671037763342424,4.002741383643908,0.6635818690817015,0.139708
-3.511500360229724,-2.85736695020222,-1.8890165807215085,0.142068
-3.511500360229724,-2.85736695020222,1.4612688846452047,0.143689
-3.511500360229724,-2.5382921439768187,0.6635818690817015,0.146831
-3.511500360229724,-1.1024555159625127,-2.8462409993977125,0.139655
-3.511500360229724,1.2906055307279969,3.056642915772211,0.145253
-3.3519629571170233,-2.6978295470895195,2.4184933033214087,0.138228
-3.3519629571170233,-2.5382921439768187,-0.13410514648180172,0.150859
-3.3519629571170233,-2.5382921439768187,0.025432256630899097,0.151022
-3.3519629571170233,-2.5382921439768187,0.1849696597435999,0.15071
-3.3519629571170233,-1.1024555159625127,2.89710551265951,0.137865
-3.3519629571170233,0.17384370893909207,3.056642915772211,0.14541
-3.3519629571170233,2.0882925462915,-2.3676287900596105,0.151365
-3.3519629571170233,2.247829949404201,2.099418497096007,0.153058
-3.1924255540043225,-2.85736695020222,0.1849696597435999,0.148999
-3.1924255540043225,-0.3047685003990095,2.89710551265951,0.148395
-3.1924255540043225,2.5669047556296007,-2.0485539838342093,0.152473
-3.1924255540043225,4.162278786756607,-0.6127173558199033,0.139527
-3.1924255540043225,4.162278786756607,-0.45317995270720335,0.140107
-3.1924255540043225,4.162278786756607,-0.29364254959450253,0.140588
-3.1924255540043225,4.162278786756607,0.34450706285629984,0.140433
-3.1924255540043225,4.162278786756607,0.5040444659690007,0.139913
-3.0328881508916217,-3.176441756427621,0.025432256630899097,0.148014
-3.0328881508916217,-3.0169043533149207,0.5040444659690007,0.147958
-3.0328881508916217,-2.85736695020222,2.258955900208708,0.136731
-3.0328881508916217,0.4929185151644937,3.216180318884912,0.14459
-3.0328881508916217,3.8432039805312073,1.6208062877579055,0.145399
-3.0328881508916217,4.162278786756607,-0.9317921620453049,0.139955
-2.873350747778921,-3.335979159540322,-0.29364254959450253,0.147525
-2.873350747778921,-2.85736695020222,2.258955900208708,0.13523
-2.873350747778921,-1.9001425315260159,-3.005778402510413,0.126913
-2.873350747778921,-1.4215303221879143,3.056642915772211,0.127825
-2.873350747778921,0.3333811120517929,-3.1653158056231137,0.144882
-2.873350747778921,0.4929185151644937,3.216180318884912,0.144962
-2.873350747778921,1.6096803369533976,3.056642915772211,0.148731
-2.873350747778921,2.0882925462915,-2.5271661931723113,0.152845
-2.873350747778921,2.5669047556296007,2.099418497096007,0.155136
-2.713813344666221,-3.335979159540322,-0.6127173558199033,0.14695
-2.713813344666221,-2.85736695020222,-2.20809138694691,0.134326
-2.713813344666221,-0.9429181128498128,3.056642915772211,0.132128
-2.713813344666221,-0.6238433066244111,-3.005778402510413,0.138165
-2.713813344666221,1.9287551431787993,2.7375681095468094,0.151449
-2.55427594155352,-2.6978295470895195,2.4184933033214087,0.130472
-2.55427594155352,-2.2192173377514175,-2.8462409993977125,0.125181
-2.55427594155352,0.014306305826391252,-3.005778402510413,0.144491
-2.55427594155352,0.17384370893909207,3.056642915772211,0.144851
-2.55427594155352,0.8119933213898944,3.216180318884912,0.146079
-2.55427594155352,0.9715307245025953,3.216180318884912,0.146553
-2.55427594155352,3.045516964967703,-2.0485539838342093,0.154141
-2.55427594155352,3.8432039805312073,1.6208062877579055,0.148036
-2.3947385384408193,-2.85736695020222,1.9398810939833062,0.134597
-2.3947385384408193,-2.0596799346387167,2.89710551265951,0.122742
-2.3947385384408193,-0.4643059035117103,3.056642915772211,0.137191
-2.3947385384408193,0.3333811120517929,3.056642915772211,0.145097
-2.3947385384408193,2.247829949404201,-2.0485539838342093,0.157656
-2.3947385384408193,4.002741383643908,1.3017314815325038,0.144693
-2.2352011353281185,-1.2619929190752135,-3.1653158056231137,0.124925
-2.2352011353281185,0.6524559182771936,3.056642915772211,0.145683
-2.2352011353281185,2.0882925462915,-2.0485539838342093,0.156683
-2.2352011353281185,2.5669047556296007,1.9398810939833062,0.156516
-2.0756637322154177,-1.1024555159625127,3.216180318884912,0.126758
-2.0756637322154177,-0.14523109728630956,-3.005778402510413,0.139575
-2.0756637322154177,0.17384370893909207,2.89710551265951,0.14332
-2.0756637322154177,0.3333811120517929,2.89710551265951,0.144257
-2.0756637322154177,2.0882925462915,1.7803436908706063,0.158682
-1.9161263291027177,-3.814591368878424,0.025432256630899097,0.146601
-1.9161263291027177,-3.176441756427621,1.142194078419803,0.142704
-1.9161263291027177,-2.85736695020222,-1.410404371383407,0.14098
-1.9161263291027177,-1.4215303221879143,-3.1653158056231137,0.124417
-1.9161263291027177,-0.4643059035117103,-3.1653158056231137,0.134605
-1.9161263291027177,0.17384370893909207,-2.8462409993977125,0.142269
-1.9161263291027177,1.4501429338406968,2.5780307064341095,0.147262
-1.9161263291027177,2.7264421587423016,-1.729479177608808,0.152987
-1.9161263291027177,3.6836665774185064,1.3017314815325038,0.145152
-1.9161263291027177,3.8432039805312073,-0.29364254959450253,0.132393
-1.9161263291027177,3.8432039805312073,0.34450706285629984,0.132946
-1.756588925990017,-2.5382921439768187,1.9398810939833062,0.132173
-1.756588925990017,-2.0596799346387167,2.7375681095468094,0.122325
-1.756588925990017,-1.740605128413316,-3.005778402510413,0.123114
-1.756588925990017,-1.2619929190752135,3.216180318884912,0.126933
-1.756588925990017,1.4501429338406968,-2.20809138694691,0.146576
-1.756588925990017,2.0882925462915,1.3017314815325038,0.158464
-1.756588925990017,3.6836665774185064,0.34450706285629984,0.132169
-1.756588925990017,3.6836665774185064,0.8231192721944023,0.137973
-1.597051522877316,-2.0596799346387167,-2.6867035962850117,0.123172
-1.597051522877316,1.2906055307279969,-1.5699417744961073,0.151306
-1.597051522877316,2.4073673525169017,1.142194078419803,0.150404
-1.597051522877316,3.364591771193105,0.9826566753071031,0.139899
-1.4375141197646153,0.17384370893909207,-2.6867035962850117,0.139233
-1.4375141197646153,2.4073673525169017,-0.6127173558199033,0.148142
-1.4375141197646153,2.7264421587423016,-0.6127173558199033,0.140564
-1.4375141197646153,2.8859795618550024,-0.45317995270720335,0.137174
-1.4375141197646153,2.8859795618550024,-0.29364254959450253,0.136792
-1.4375141197646153,2.8859795618550024,-0.13410514648180172,0.13656
-1.4375141197646153,2.8859795618550024,0.025432256630899097,0.136502
-1.4375141197646153,2.8859795618550024,0.1849696597435999,0.136616
-1.4375141197646153,2.8859795618550024,0.34450706285629984,0.136904
-1.4375141197646153,2.8859795618550024,0.5040444659690007,0.137322
-1.2779767166519145,1.6096803369533976,1.142194078419803,0.13926
-1.2779767166519145,2.0882925462915,0.6635818690817015,0.145085
-1.1184393135392146,-2.6978295470895195,-1.250866968270706,0.140117
-1.1184393135392146,2.247829949404201,0.025432256630899097,0.133493
-0.9589019104265137,-0.14523109728630956,2.7375681095468094,0.136686
-0.9589019104265137,1.6096803369533976,-1.250866968270706,0.109866
-0.7993645073138129,-3.0169043533149207,0.8231192721944023,0.148331
-0.7993645073138129,2.0882925462915,0.8231192721944023,0.101202
-0.7993645073138129,2.247829949404201,-0.45317995270720335,0.103222
-0.6398271042011121,-1.5810677253006151,2.4184933033214087,0.128833
-0.6398271042011121,-1.4215303221879143,2.5780307064341095,0.130964
-0.6398271042011121,-1.1024555159625127,2.7375681095468094,0.13369
-0.6398271042011121,0.9715307245025953,1.6208062877579055,0.0962252
-0.6398271042011121,2.247829949404201,-0.6127173558199033,0.091519
-0.4802897010884113,-2.6978295470895195,-1.250866968270706,0.129826
-0.4802897010884113,-2.0596799346387167,-1.729479177608808,0.114613
-0.4802897010884113,-1.4215303221879143,2.258955900208708,0.127526
-0.3207522979757105,-3.176441756427621,-0.6127173558199033,0.159807
-0.3207522979757105,-0.9429181128498128,2.099418497096007,0.128306
-0.16121489486300966,-1.1024555159625127,-1.8890165807215085,0.11758
-0.16121489486300966,1.2906055307279969,1.6208062877579055,0.0763539
-0.16121489486300966,2.247829949404201,0.8231192721944023,0.0696861
-0.0016774917503106224,-1.740605128413316,1.7803436908706063,0.104234
0.1578599113623902,-2.6978295470895195,-1.250866968270706,0.126985
0.1578599113623902,-2.2192173377514175,-1.5699417744961073,0.106997
0.1578599113623902,-1.4215303221879143,1.7803436908706063,0.105049
0.1578599113623902,-1.2619929190752135,1.7803436908706063,0.107739
0.1578599113623902,-0.7833807097371119,-1.729479177608808,0.119225
0.1578599113623902,1.6096803369533976,1.4612688846452047,0.0653825
0.317397314475091,-1.4215303221879143,-1.729479177608808,0.103986
0.317397314475091,-1.1024555159625127,-1.729479177608808,0.110371
0.317397314475091,2.247829949404201,-0.7722547589326041,0.061475
0.317397314475091,2.4073673525169017,0.34450706285629984,0.0643889
0.4769347175877918,-3.335979159540322,0.1849696597435999,0.169734
0.4769347175877918,0.3333811120517929,1.6208062877579055,0.105831
0.4769347175877918,2.4073673525169017,-0.29364254959450253,0.0673486
0.6364721207004926,-1.5810677253006151,-1.5699417744961073,0.103118
0.6364721207004926,0.4929185151644937,-1.5699417744961073,0.0991909
0.7960095238131935,2.247829949404201,0.6635818690817015,0.0724049
0.7960095238131935,2.7264421587423016,0.1849696597435999,0.097228
0.9555469269258943,-3.176441756427621,0.025432256630899097,0.144177
0.9555469269258943,-2.6978295470895195,-0.9317921620453049,0.120921
0.9555469269258943,-1.1024555159625127,-1.5699417744961073,0.109189
0.9555469269258943,2.0882925462915,0.8231192721944023,0.0724467
0.9555469269258943,3.045516964967703,0.34450706285629984,0.106507
1.115084330038595,-3.0169043533149207,0.5040444659690007,0.119592
1.115084330038595,-2.378754740864118,1.142194078419803,0.0995612
1.115084330038595,1.4501429338406968,-1.0913295651580053,0.0704639
1.115084330038595,1.9287551431787993,-0.9317921620453049,0.0737306
1.115084330038595,3.045516964967703,0.6635818690817015,0.103926
1.274621733151296,-1.1024555159625127,1.6208062877579055,0.0995325
1.274621733151296,0.4929185151644937,1.4612688846452047,0.097968
1.274621733151296,1.131068127615296,1.142194078419803,0.0820758
1.274621733151296,1.2906055307279969,-1.0913295651580053,0.0782022
1.274621733151296,3.364591771193105,0.5040444659690007,0.107553
1.4341591362639967,-0.7833807097371119,-1.729479177608808,0.0965596
1.4341591362639967,1.4501429338406968,-1.0913295651580053,0.0800853
1.5936965393766958,-2.378754740864118,-1.410404371383407,0.0735909
1.5936965393766958,-1.9001425315260159,-1.5699417744961073,0.0785849
1.5936965393766958,-0.4643059035117103,1.7803436908706063,0.0931066
1.5936965393766958,1.7692177400660984,-1.250866968270706,0.0797289
1.5936965393766958,2.247829949404201,1.3017314815325038,0.0817102
1.5936965393766958,3.045516964967703,-1.0913295651580053,0.0933588
1.5936965393766958,3.364591771193105,0.8231192721944023,0.100094
1.7532339424893966,-2.6978295470895195,1.3017314815325038,0.0677725
1.7532339424893966,-0.7833807097371119,1.7803436908706063,0.0888499
1.7532339424893966,2.8859795618550024,-1.250866968270706,0.0870289
1.7532339424893966,3.6836665774185064,0.34450706285629984,0.104269
1.9127713456020974,-2.5382921439768187,1.4612688846452047,0.0662457
1.9127713456020974,0.6524559182771936,1.6208062877579055,0.0820083
1.9127713456020974,3.6836665774185064,-0.45317995270720335,0.101443
2.072308748714798,-1.740605128413316,-1.729479177608808,0.074249
2.072308748714798,-0.7833807097371119,1.7803436908706063,0.0853438
2.072308748714798,0.014306305826391252,1.7803436908706063,0.0835475
2.072308748714798,0.9715307245025953,1.6208062877579055,0.0774102
2.072308748714798,3.5241291743058056,0.8231192721944023,0.0937463
2.231846151827499,-2.85736695020222,1.3017314815325038,0.0636578
2.231846151827499,-1.9001425315260159,-1.729479177608808,0.0720592
2.231846151827499,-0.3047685003990095,1.7803436908706063,0.0845321
2.231846151827499,0.014306305826391252,1.7803436908706063,0.0821305
2.231846151827499,0.6524559182771936,-1.729479177608808,0.0771467
2.3913835549402,-1.9001425315260159,-1.729479177608808,0.0727992
2.3913835549402,-0.6238433066244111,-1.729479177608808,0.0864227
2.3913835549402,0.014306305826391252,1.7803436908706063,0.0812279
2.3913835549402,0.4929185151644937,1.7803436908706063,0.076639
2.3913835549402,1.131068127615296,-1.729479177608808,0.0723516
2.3913835549402,3.205054368080404,-1.250866968270706,0.0801177
2.3913835549402,3.364591771193105,-1.0913295651580053,0.0839476
2.5509209580529006,-3.4955165626530227,0.1849696597435999,0.0763825
2.7104583611656015,-0.7833807097371119,1.6208062877579055,0.0913676
2.7104583611656015,-0.14523109728630956,-1.729479177608808,0.0836408
2.7104583611656015,1.2906055307279969,1.7803436908706063,0.0688648
2.7104583611656015,1.4501429338406968,1.7803436908706063,0.0682017
2.7104583611656015,3.5241291743058056,0.9826566753071031,0.0837709
2.7104583611656015,3.8432039805312073,-0.13410514648180172,0.0979767
2.8699957642783023,-3.814591368878424,0.025432256630899097,0.102865
2.8699957642783023,2.5669047556296007,-1.729479177608808,0.065072
2.8699957642783023,3.364591771193105,-1.250866968270706,0.076043
3.029533167391003,-1.1024555159625127,1.6208062877579055,0.0909014
3.029533167391003,3.8432039805312073,0.8231192721944023,0.0875085
3.029533167391003,4.002741383643908,-0.6127173558199033,0.0923763
3.029533167391003,4.162278786756607,-0.29364254959450253,0.0971802
3.189070570503702,-4.133666175103825,0.5040444659690007,0.112919
3.189070570503702,-2.6978295470895195,1.3017314815325038,0.0893057
3.189070570503702,-2.0596799346387167,1.6208062877579055,0.084117
3.189070570503702,0.17384370893909207,1.7803436908706063,0.0777829
3.189070570503702,3.6836665774185064,1.142194078419803,0.0791874
3.189070570503702,4.162278786756607,0.6635818690817015,0.0928343
3.348607973616403,-2.85736695020222,-1.250866968270706,0.0961079
3.348607973616403,-2.5382921439768187,-1.410404371383407,0.0924286
3.348607973616403,-0.7833807097371119,1.6208062877579055,0.0925009
3.348607973616403,-0.6238433066244111,1.6208062877579055,0.0922893
3.348607973616403,0.17384370893909207,1.7803436908706063,0.0774734
3.348607973616403,1.131068127615296,-1.729479177608808,0.0691226
3.348607973616403,1.2906055307279969,-1.729479177608808,0.0677969
3.348607973616403,3.205054368080404,-1.5699417744961073,0.0664645
3.348607973616403,3.6836665774185064,-1.250866968270706,0.0766843
3.5081453767291038,0.17384370893909207,1.7803436908706063,0.0771942
3.5081453767291038,0.3333811120517929,1.7803436908706063,0.0752492
3.5081453767291038,1.6096803369533976,-1.729479177608808,0.064816
3.5081453767291038,2.7264421587423016,1.7803436908706063,0.0602554
3.6676827798418046,-2.85736695020222,-1.410404371383407,0.100592
3.6676827798418046,-1.2619929190752135,-1.729479177608808,0.0876093
3.6676827798418046,0.17384370893909207,1.7803436908706063,0.0769372
3.6676827798418046,1.131068127615296,1.6208062877579055,0.0718575
3.6676827798418046,1.2906055307279969,1.6208062877579055,0.0703319
3.6676827798418046,3.364591771193105,-1.5699417744961073,0.0675339
3.6676827798418046,3.8432039805312073,1.3017314815325038,0.0772701
3.6676827798418046,4.481353592982009,-0.7722547589326041,0.0951125
3.6676827798418046,4.64089099609471,0.5040444659690007,0.0999264
3.8272201829545054,-3.335979159540322,-1.410404371383407,0.0994151
3.8272201829545054,-2.2192173377514175,1.6208062877579055,0.0976014
3.8272201829545054,-1.5810677253006151,-1.729479177608808,0.0896963
3.8272201829545054,-1.1024555159625127,-1.729479177608808,0.0880022
3.8272201829545054,0.17384370893909207,1.7803436908706063,0.0766404
3.8272201829545054,0.4929185151644937,-1.729479177608808,0.0742724
3.8272201829545054,3.045516964967703,-1.729479177608808,0.0627544
3.8272201829545054,4.002741383643908,-1.250866968270706,0.0805323
3.8272201829545054,4.162278786756607,1.142194078419803,0.0848973
3.8272201829545054,4.80042839920741,-0.13410514648180172,0.103406
3.986757586067206,-4.293203578216525,-0.9317921620453049,0.109019
3.986757586067206,-3.0169043533149207,-1.5699417744961073,0.100063
3.986757586067206,0.17384370893909207,1.7803436908706063,0.0762142
3.986757586067206,2.8859795618550024,1.7803436908706063,0.061299
3.986757586067206,3.6836665774185064,1.4612688846452047,0.0725564
4.146294989179907,-3.655053965765723,-1.410404371383407,0.0991028
4.146294989179907,-3.176441756427621,1.6208062877579055,0.0991138
4.146294989179907,-0.6238433066244111,-1.729479177608808,0.0864129
4.146294989179907,0.17384370893909207,1.7803436908706063,0.0755912
4.146294989179907,1.6096803369533976,1.6208062877579055,0.0665647
4.146294989179907,2.0882925462915,1.7803436908706063,0.0601167
4.305832392292608,0.4929185151644937,-1.729479177608808,0.072373
4.305832392292608,2.0882925462915,1.7803436908706063,0.0601594
4.465369795405309,-4.133666175103825,-1.0913295651580053,0.102533
4.465369795405309,-2.6978295470895195,-1.8890165807215085,0.103354
4.465369795405309,-2.5382921439768187,-1.8890165807215085,0.104198
4.465369795405309,4.002741383643908,-1.250866968270706,0.0806698
4.465369795405309,4.162278786756607,1.142194078419803,0.0850168
4.465369795405309,4.80042839920741,0.1849696597435999,0.102943
4.624907198518008,-2.85736695020222,1.9398810939833062,0.104161
4.624907198518008,-1.9001425315260159,1.7803436908706063,0.106964
4.624907198518008,-0.9429181128498128,-1.5699417744961073,0.0956346
4.624907198518008,0.014306305826391252,1.7803436908706063,0.0751271
4.624907198518008,2.5669047556296007,1.7803436908706063,0.0607975
4.624907198518008,3.5241291743058056,1.4612688846452047,0.07173
4.7844446016307085,-3.176441756427621,-1.8890165807215085,0.103425
4.7844446016307085,-1.740605128413316,-1.729479177608808,0.108454
4.7844446016307085,0.014306305826391252,1.7803436908706063,0.0744216
4.7844446016307085,0.6524559182771936,1.7803436908706063,0.0666604
4.7844446016307085,2.4073673525169017,1.7803436908706063,0.0606701
4.7844446016307085,3.045516964967703,1.6208062877579055,0.0660544
4.7844446016307085,4.481353592982009,0.6635818690817015,0.095627
4.943982004743409,-4.293203578216525,-0.6127173558199033,0.105095
4.943982004743409,1.131068127615296,1.7803436908706063,0.0620033
4.943982004743409,1.2906055307279969,1.7803436908706063,0.0613767
4.943982004743409,3.045516964967703,-1.5699417744961073,0.0673299
4.943982004743409,4.481353592982009,-0.45317995270720335,0.097356
5.10351940785611,-3.655053965765723,-1.5699417744961073,0.102622
5.10351940785611,-3.4955165626530227,-1.729479177608808,0.104101
5.10351940785611,-1.740605128413316,1.7803436908706063,0.111334
5.10351940785611,2.247829949404201,1.7803436908706063,0.0615657
5.10351940785611,4.321816189869308,-0.45317995270720335,0.0956859
5.263056810968811,-1.9001425315260159,-1.8890165807215085,0.112584
5.263056810968811,-1.740605128413316,1.7803436908706063,0.112378
5.263056810968811,-1.1024555159625127,-1.250866968270706,0.109965
5.263056810968811,-0.4643059035117103,-1.5699417744961073,0.0863134
5.263056810968811,2.4073673525169017,-1.729479177608808,0.0635172
5.263056810968811,2.7264421587423016,1.6208062877579055,0.0662933
5.263056810968811,3.8432039805312073,-0.7722547589326041,0.08818
5.263056810968811,4.162278786756607,0.34450706285629984,0.0952202
5.422594214081512,-3.9741287719911242,0.8231192721944023,0.10423
5.422594214081512,-2.378754740864118,-2.0485539838342093,0.113935
5.422594214081512,-1.2619929190752135,-1.250866968270706,0.112555
5.422594214081512,0.17384370893909207,1.7803436908706063,0.0712222
5.582131617194213,-3.9741287719911242,-0.13410514648180172,0.109044
5.582131617194213,-3.9741287719911242,0.025432256630899097,0.109347
5.582131617194213,-3.9741287719911242,0.1849696597435999,0.108781
5.582131617194213,-0.7833807097371119,1.3017314815325038,0.0987796
5.582131617194213,-0.6238433066244111,-1.410404371383407,0.0926859
5.582131617194213,0.3333811120517929,1.7803436908706063,0.0691445
5.582131617194213,2.5669047556296007,1.6208062877579055,0.0676308
5.582131617194213,3.5241291743058056,-0.7722547589326041,0.0880402
5.582131617194213,3.6836665774185064,-0.45317995270720335,0.0932459
5.741669020306913,-3.814591368878424,-0.7722547589326041,0.105863
5.741669020306913,-2.85736695020222,1.9398810939833062,0.114348
5.741669020306913,-1.5810677253006151,1.4612688846452047,0.11353
5.741669020306913,-0.9429181128498128,1.142194078419803,0.105087
5.741669020306913,3.5241291743058056,0.6635818690817015,0.0903485
5.741669020306913,3.6836665774185064,0.025432256630899097,0.0962689
5.901206423419614,-1.2619929190752135,-0.9317921620453049,0.113099
5.901206423419614,-1.1024555159625127,0.9826566753071031,0.110081
5.901206423419614,3.205054368080404,-1.0913295651580053,0.0820581
5.901206423419614,3.5241291743058056,-0.6127173558199033,0.0914469
6.060743826532315,-2.0596799346387167,1.6208062877579055,0.115804
6.060743826532315,-1.4215303221879143,0.8231192721944023,0.113769
6.060743826532315,-0.6238433066244111,1.3017314815325038,0.0945899
6.060743826532315,2.7264421587423016,-1.410404371383407,0.0748923
6.220281229645014,-1.2619929190752135,0.6635818690817015,0.114188
6.220281229645014,-0.7833807097371119,1.142194078419803,0.101116
6.220281229645014,-0.6238433066244111,-1.250866968270706,0.0961518
6.220281229645014,-0.3047685003990095,-1.410404371383407,0.0874627
6.220281229645014,3.364591771193105,0.8231192721944023,0.0897909
6.379818632757715,-1.2619929190752135,0.5040444659690007,0.115655
6.379818632757715,0.6524559182771936,1.4612688846452047,0.0743376
6.379818632757715,3.5241291743058056,-0.45317995270720335,0.0959635
6.539356035870416,2.8859795618550024,1.142194078419803,0.0855288
6.539356035870416,3.5241291743058056,-0.29364254959450253,0.0984672
6.6988934389831165,0.8119933213898944,1.142194078419803,0.0822539
6.858430842095817,-0.7833807097371119,-0.7722547589326041,0.110656
6.858430842095817,0.8119933213898944,-0.9317921620453049,0.0882144
6.858430842095817,1.6096803369533976,0.9826566753071031,0.0848655
6.858430842095817,1.9287551431787993,-1.0913295651580053,0.083969
7.017968245208518,0.6524559182771936,-0.7722547589326041,0.0941616
7.017968245208518,1.2906055307279969,-0.45317995270720335,0.0960005
7.017968245208518,1.4501429338406968,-0.6127173558199033,0.0929831
7.017968245208518,2.247829949404201,0.9826566753071031,0.0895993
7.177505648321219,-0.7833807097371119,-0.13410514648180172,0.116979
7.177505648321219,0.014306305826391252,-0.7722547589326041,0.10305
7.33704305143392,-0.4643059035117103,0.1849696597435999,0.114525
7.33704305143392,-0.14523109728630956,-0.45317995270720335,0.10964
7.33704305143392,2.0882925462915,-0.45317995270720335,0.0981264
7.33704305143392,2.247829949404201,0.5040444659690007,0.0986309
7.33704305143392,2.4073673525169017,0.5040444659690007,0.0995461
7.33704305143392,2.5669047556296007,-0.45317995270720335,0.100759
