-5.164139302952915,-3.6833966970422716,0.34829385495889476,0.00376432
-5.164139302952915,-3.50467873683753,-0.009142065450590486,0.00195319
-5.164139302952915,-2.432370975609075,1.4206016161873487,-0.0246555
-4.985421342748173,-2.253653015404332,1.59931957639209,-0.0242308
-4.985421342748173,-1.8962170949948485,1.2418836559826065,-0.0252252
-4.985421342748173,-1.7174991347901054,0.8844477355731213,-0.0261921
-4.985421342748173,2.0355780295094856,-1.6176037072932727,0.0121512
-4.985421342748173,2.0355780295094856,-1.0814498266790453,0.0108365
-4.985421342748173,2.750449870328456,-1.6176037072932727,0.0160053
-4.80670338254343,-3.1472428164280446,1.9567554968015752,-0.0218539
-4.80670338254343,0.9632702682810308,-2.332475548112242,0.0192393
-4.80670338254343,1.8568600693047443,-2.689911468521727,0.0182032
-4.80670338254343,2.39301394991897,-2.332475548112242,0.0197701
-4.80670338254343,3.1078857907379387,-1.796321667498015,0.0158735
-4.627985422338687,-4.040832617451757,-0.36657798586007573,0.00655662
-4.627985422338687,-4.040832617451757,1.59931957639209,-0.0158367
-4.627985422338687,-2.253653015404332,1.9567554968015752,-0.0193378
-4.627985422338687,-1.5387811745853632,1.2418836559826065,-0.0208102
-4.627985422338687,-1.3600632143806202,0.527011815163636,-0.0238722
-4.627985422338687,3.2866037509426818,-1.9750396277027575,0.015057
-4.449267462133945,3.1078857907379387,-2.689911468521727,0.0178498
-4.449267462133945,3.465321711147423,-2.1537575879075,0.0131721
-4.270549501929203,-3.862114657247014,-0.9027318664743023,-0.0101328
-4.270549501929203,-3.1472428164280446,2.3141914172110605,-0.0165802
-4.270549501929203,2.0355780295094856,-0.009142065450590486,0.0119611
-4.270549501929203,3.822757631556909,-0.9027318664743023,0.00475093
-4.091831541724461,-3.862114657247014,2.1354734570063174,-0.0206531
-4.091831541724461,-1.8962170949948485,-1.0814498266790453,-0.0360956
-4.091831541724461,3.2866037509426818,-3.2260653491359546,0.0171864
-3.913113581519718,-4.576986498065985,1.4206016161873487,-0.018949
-3.913113581519718,-2.611088935813817,2.671627337620545,0.00672009
-3.913113581519718,-1.8962170949948485,3.207781218234774,0.0128814
-3.913113581519718,-1.7174991347901054,3.029063258030029,0.00704412
-3.913113581519718,-1.3600632143806202,2.1354734570063174,-0.00639394
-3.913113581519718,-1.002627293971135,0.34829385495889476,-0.0125668
-3.913113581519718,-1.002627293971135,1.4206016161873487,-0.0114296
-3.913113581519718,4.001475591761652,-2.5111935083169845,0.0103108
-3.7343956213149756,-3.6833966970422716,2.3141914172110605,-0.0160204
-3.7343956213149756,-2.7898068960185602,-1.4388857470885306,-0.037643
-3.7343956213149756,-1.002627293971135,-1.0814498266790453,-0.0294479
-3.7343956213149756,-0.8239093337663936,1.9567554968015752,-0.0136202
-3.7343956213149756,2.214295989714227,0.1695758947541517,0.0102178
-3.5556776611102334,-0.8239093337663936,-0.724013906269561,-0.021347
-3.5556776611102334,-0.8239093337663936,3.029063258030029,-0.00670131
-3.5556776611102334,1.1419882284857739,-0.5452959460648188,-0.00330279
-3.5556776611102334,3.644039671352168,-0.18786002565533355,-0.0148329
-3.5556776611102334,4.001475591761652,-0.9027318664743023,-0.024305
-3.3769597009054912,-4.755704458270726,-0.009142065450590486,-0.0198153
-3.3769597009054912,-3.1472428164280446,-1.4388857470885306,-0.0384824
-3.3769597009054912,-0.6451913735616515,-0.18786002565533355,-0.0114055
-3.3769597009054912,-0.4664734133569084,2.850345297825288,-0.0127854
-3.3769597009054912,0.4271163876668034,-2.8686294287264693,0.00883088
-3.3769597009054912,1.4994241488952582,-0.18786002565533355,-0.003076
-3.3769597009054912,3.465321711147423,-0.009142065450590486,-0.0172732
-3.3769597009054912,4.1801935519663935,-2.8686294287264693,0.0143747
-3.198241740700748,-3.6833966970422716,2.3141914172110605,-0.00975862
-3.198241740700748,0.4271163876668034,-1.2601677868837875,-0.0169629
-3.198241740700748,4.001475591761652,-0.009142065450590486,-0.0471419
-3.019523780496006,-4.576986498065985,1.4206016161873487,-0.0254745
-3.019523780496006,-0.10903749294742315,1.2418836559826065,-0.0172964
-3.019523780496006,3.822757631556909,0.34829385495889476,-0.0446898
-2.840805820291263,-4.398268537861242,-0.5452959460648188,-0.0309644
-2.840805820291263,-4.040832617451757,1.9567554968015752,-0.0179031
-2.840805820291263,-3.50467873683753,2.4929093774158035,0.00257925
-2.840805820291263,-3.325960776632787,3.5652171386442566,0.0258013
-2.840805820291263,0.06968046725731902,3.029063258030029,-0.0157412
-2.840805820291263,1.8568600693047443,0.1695758947541517,-0.00553037
-2.840805820291263,2.214295989714227,-3.583501269545439,0.00530248
-2.840805820291263,4.001475591761652,-3.2260653491359546,0.018183
-2.6620878600865217,-3.6833966970422716,2.1354734570063174,-0.00741386
-2.6620878600865217,-3.50467873683753,2.671627337620545,0.00622707
-2.6620878600865217,-3.50467873683753,2.850345297825288,0.00975168
-2.6620878600865217,-0.2877554531521662,3.7439350988489997,-0.00194945
-2.6620878600865217,0.2483984274620603,2.3141914172110605,-0.0195321
-2.6620878600865217,2.39301394991897,-3.583501269545439,0.00687589
-2.6620878600865217,2.750449870328456,0.34829385495889476,-0.00176454
-2.4833698998817795,-4.398268537861242,1.2418836559826065,-0.025265
-2.4833698998817795,-3.50467873683753,2.4929093774158035,0.00207945
-2.4833698998817795,-3.325960776632787,-1.2601677868837875,-0.0406661
-2.4833698998817795,-2.9685248562233024,-2.332475548112242,-0.0315926
-2.4833698998817795,0.9632702682810308,0.1695758947541517,-0.0292326
-2.4833698998817795,1.3207061886905151,-3.047347388931212,-0.00265605
-2.4833698998817795,2.750449870328456,-3.583501269545439,0.0111899
-2.4833698998817795,3.1078857907379387,0.7057297753683782,-0.0204239
-2.3046519396770364,-3.50467873683753,2.3141914172110605,-0.00145766
-2.3046519396770364,-0.6451913735616515,4.280088979463227,0.0144205
-2.3046519396770364,0.6058343478715456,3.029063258030029,-0.0148782
-2.3046519396770364,1.3207061886905151,0.34829385495889476,-0.019633
-2.3046519396770364,4.716347432580621,-1.796321667498015,-0.0542652
-2.3046519396770364,4.716347432580621,0.7057297753683782,-0.0544605
-2.1259339794722942,-4.040832617451757,1.2418836559826065,-0.0197681
-2.1259339794722942,-3.50467873683753,2.1354734570063174,-0.00453364
-2.1259339794722942,-3.1472428164280446,-2.1537575879075,-0.0363975
-2.1259339794722942,0.06968046725731902,-2.8686294287264693,-0.0243706
-2.1259339794722942,0.7845523080762877,1.0631656957778635,-0.0189568
-2.1259339794722942,0.7845523080762877,2.1354734570063174,-0.0201567
-2.1259339794722942,0.7845523080762877,2.850345297825288,-0.0163715
-2.1259339794722942,4.001475591761652,1.0631656957778635,-0.0411771
-1.9472160192675512,-0.4664734133569084,-3.2260653491359546,-0.0122914
-1.9472160192675512,2.39301394991897,-3.047347388931212,0.00184206
-1.9472160192675512,4.716347432580621,0.8844477355731213,-0.048058
-1.9472160192675512,4.895065392785364,-1.796321667498015,-0.0560366
-1.768498059062809,-2.432370975609075,-3.047347388931212,-0.0140001
-1.768498059062809,-2.0749350551995906,-3.2260653491359546,-0.00508339
-1.768498059062809,-0.4664734133569084,-3.2260653491359546,-0.0141358
-1.768498059062809,1.3207061886905151,-2.8686294287264693,-0.0273241
-1.768498059062809,3.1078857907379387,-2.689911468521727,0.00854978
-1.589780098858066,-3.1472428164280446,-2.1537575879075,-0.0391121
-1.589780098858066,-2.9685248562233024,-2.5111935083169845,-0.0334804
-1.589780098858066,-2.7898068960185602,3.7439350988489997,0.0086293
-1.589780098858066,0.9632702682810308,-2.689911468521727,-0.0380269
-1.589780098858066,1.3207061886905151,2.1354734570063174,-0.0167097
-1.589780098858066,4.716347432580621,-1.9750396277027575,-0.0500253
-1.589780098858066,5.25250131319485,-1.4388857470885306,-0.0586089
-1.4110621386533246,-3.325960776632787,2.1354734570063174,-0.0128757
-1.4110621386533246,-2.9685248562233024,-0.5452959460648188,-0.0209612
-1.4110621386533246,-2.611088935813817,-2.8686294287264693,-0.026068
-1.4110621386533246,-0.4664734133569084,4.994960820282198,0.033707
-1.4110621386533246,0.7845523080762877,3.7439350988489997,0.0035382
-1.4110621386533246,1.6781421090999995,-2.8686294287264693,-0.0271284
-1.4110621386533246,2.5717319101237113,-2.689911468521727,-0.00496622
-1.2323441784485825,-3.1472428164280446,-1.4388857470885306,-0.041912
-1.2323441784485825,-0.2877554531521662,-3.047347388931212,-0.0250569
-1.2323441784485825,2.39301394991897,1.2418836559826065,-0.00437774
-1.2323441784485825,3.822757631556909,1.4206016161873487,-0.0017131
-1.2323441784485825,5.073783352990105,1.2418836559826065,-0.00120964
-1.0536262182438394,-2.7898068960185602,-2.5111935083169845,-0.0399988
-1.0536262182438394,-2.611088935813817,3.5652171386442566,-0.00156083
-1.0536262182438394,-2.432370975609075,3.7439350988489997,0.00249441
-1.0536262182438394,-2.253653015404332,3.922653059053741,0.00694208
-1.0536262182438394,2.0355780295094856,-2.689911468521727,-0.0206567
-1.0536262182438394,2.214295989714227,1.4206016161873487,-0.00968567
-1.0536262182438394,2.9291678305331974,-2.332475548112242,0.00947865
-1.0536262182438394,2.9291678305331974,1.2418836559826065,-0.00100687
-1.0536262182438394,4.53762947237588,-1.9750396277027575,-0.0422727
-1.0536262182438394,5.25250131319485,0.7057297753683782,-0.0238424
-0.8749082580390972,-2.9685248562233024,-1.796321667498015,-0.0480355
-0.8749082580390972,-2.9685248562233024,-1.4388857470885306,-0.0456296
-0.8749082580390972,-2.9685248562233024,1.778037536596833,-0.0192463
-0.8749082580390972,-2.9685248562233024,2.671627337620545,-0.0148517
-0.8749082580390972,-2.0749350551995906,4.101371019258486,0.00930248
-0.8749082580390972,2.0355780295094856,1.59931957639209,-0.0115426
-0.8749082580390972,3.465321711147423,1.59931957639209,0.0085489
-0.8749082580390972,5.431219273399591,-0.36657798586007573,-0.0469749
-0.6961902978343542,-2.7898068960185602,1.9567554968015752,-0.019423
-0.6961902978343542,-2.611088935813817,-0.5452959460648188,-0.0293001
-0.6961902978343542,-2.0749350551995906,-2.8686294287264693,-0.0393211
-0.6961902978343542,-1.5387811745853632,-3.047347388931212,-0.0336118
-0.6961902978343542,-1.002627293971135,4.994960820282198,0.0350143
-0.6961902978343542,0.2483984274620603,-2.5111935083169845,-0.0182339
-0.6961902978343542,1.4994241488952582,2.850345297825288,0.00232645
-0.6961902978343542,1.6781421090999995,2.4929093774158035,-0.00141891
-0.6961902978343542,2.39301394991897,-2.332475548112242,3.67535e-05
-0.6961902978343542,3.1078857907379387,-2.1537575879075,0.014016
-0.6961902978343542,5.073783352990105,2.3141914172110605,0.0253501
-0.6961902978343542,5.609937233604333,1.59931957639209,0.0147085
-0.517472337629612,-2.611088935813817,-1.0814498266790453,-0.0472633
-0.517472337629612,-1.7174991347901054,-2.8686294287264693,-0.0433499
-0.517472337629612,1.8568600693047443,2.1354734570063174,-0.00244611
-0.517472337629612,2.750449870328456,-2.1537575879075,0.0141446
-0.517472337629612,4.895065392785364,2.4929093774158035,0.0249349
-0.3387543774248707,-2.432370975609075,0.1695758947541517,-0.0286217
-0.3387543774248707,-2.432370975609075,0.34829385495889476,-0.0268937
-0.3387543774248707,-2.0749350551995906,-2.5111935083169845,-0.0578632
-0.3387543774248707,-1.7174991347901054,-2.689911468521727,-0.0530515
-0.3387543774248707,-0.8239093337663936,-2.689911468521727,-0.0413152
-0.3387543774248707,0.7845523080762877,-2.5111935083169845,-0.0043679
-0.3387543774248707,1.8568600693047443,2.3141914172110605,0.00384391
-0.16003641722012762,-2.253653015404332,-0.36657798586007573,-0.0417366
-0.16003641722012762,-2.253653015404332,-0.18786002565533355,-0.0373531
-0.16003641722012762,-2.253653015404332,3.207781218234774,-0.0117414
-0.16003641722012762,-1.181345254175878,4.637524899872711,0.0257738
-0.16003641722012762,0.7845523080762877,3.5652171386442566,0.0222599
-0.16003641722012762,1.4994241488952582,-2.1537575879075,-0.00160831
-0.16003641722012762,2.39301394991897,1.9567554968015752,0.00255323
-0.16003641722012762,3.822757631556909,-1.6176037072932727,-0.00854786
0.018681542984614552,-2.253653015404332,-0.36657798586007573,-0.0483478
0.018681542984614552,-2.0749350551995906,2.1354734570063174,-0.0195037
0.018681542984614552,1.4994241488952582,-2.1537575879075,0.000317733
0.018681542984614552,2.0355780295094856,2.1354734570063174,0.0085587
0.018681542984614552,4.1801935519663935,-1.2601677868837875,-0.0135899
0.018681542984614552,4.358911512171135,2.671627337620545,0.0193443
0.018681542984614552,4.895065392785364,-1.0814498266790453,-0.00729689
0.018681542984614552,5.788655193809076,1.778037536596833,0.0150764
0.018681542984614552,5.967373154013817,0.8844477355731213,0.0077459
0.19739950318935673,-2.0749350551995906,-0.009142065450590486,-0.0398839
0.19739950318935673,-1.8962170949948485,1.9567554968015752,-0.0196618
0.19739950318935673,-1.7174991347901054,3.5652171386442566,-0.00332591
0.19739950318935673,2.0355780295094856,-1.9750396277027575,0.000285028
0.19739950318935673,2.39301394991897,-1.9750396277027575,-0.00030605
0.19739950318935673,3.822757631556909,-1.2601677868837875,-0.0023313
0.19739950318935673,5.431219273399591,2.3141914172110605,0.017482
0.19739950318935673,5.967373154013817,1.2418836559826065,0.0119463
0.3761174633940998,-0.8239093337663936,3.922653059053741,0.0137346
0.3761174633940998,-0.6451913735616515,3.922653059053741,0.0164377
0.3761174633940998,0.7845523080762877,-2.5111935083169845,0.00229376
0.3761174633940998,4.716347432580621,2.671627337620545,0.0173127
0.3761174633940998,5.609937233604333,2.1354734570063174,0.0164924
0.5548354235988429,-2.253653015404332,-0.009142065450590486,-0.0422195
0.5548354235988429,-1.3600632143806202,3.207781218234774,-0.00608111
0.5548354235988429,4.1801935519663935,2.671627337620545,0.0181169
0.5548354235988429,5.967373154013817,1.4206016161873487,0.0158092
0.7335533838035841,-2.9685248562233024,-2.1537575879075,-0.0701657
0.7335533838035841,-2.9685248562233024,-0.5452959460648188,-0.0517356
0.7335533838035841,-0.8239093337663936,3.207781218234774,0.00159257
0.7335533838035841,-0.10903749294742315,3.3864991784395153,0.0172307
0.7335533838035841,1.4994241488952582,3.029063258030029,0.0323359
0.7335533838035841,2.750449870328456,-1.796321667498015,-0.00993176
0.7335533838035841,3.644039671352168,2.4929093774158035,0.0231646
0.9122713440083272,-3.1472428164280446,-1.9750396277027575,-0.0674142
0.9122713440083272,-1.3600632143806202,1.0631656957778635,-0.0134369
0.9122713440083272,2.0355780295094856,-1.796321667498015,-0.00704876
0.9122713440083272,2.214295989714227,-1.796321667498015,-0.00883247
0.9122713440083272,2.5717319101237113,2.3141914172110605,0.0194582
0.9122713440083272,3.644039671352168,2.4929093774158035,0.0256846
0.9122713440083272,4.001475591761652,-1.0814498266790453,0.00927573
0.9122713440083272,6.146091114218562,0.7057297753683782,0.0165174
1.0909893042130685,-1.181345254175878,1.2418836559826065,-0.0122934
1.0909893042130685,-1.002627293971135,2.3141914172110605,-0.00966518
1.0909893042130685,3.644039671352168,2.4929093774158035,0.0284718
1.2697072644178133,-3.325960776632787,-0.36657798586007573,-0.017899
1.2697072644178133,2.0355780295094856,2.4929093774158035,0.0124552
1.4484252246225546,-3.6833966970422716,-0.9027318664743023,-0.0184032
1.4484252246225546,-1.5387811745853632,-3.047347388931212,-0.0541602
1.4484252246225546,0.06968046725731902,2.671627337620545,0.0149174
1.4484252246225546,1.3207061886905151,2.4929093774158035,0.0242369
1.627143184827296,-4.755704458270726,-0.009142065450590486,0.00792854
1.627143184827296,-3.325960776632787,-1.796321667498015,-0.0524194
1.627143184827296,-3.325960776632787,0.7057297753683782,0.00420529
1.627143184827296,-2.611088935813817,0.1695758947541517,-0.00867167
1.627143184827296,5.967373154013817,1.59931957639209,0.0266885
1.805861145032039,-3.325960776632787,-1.796321667498015,-0.0458166
1.805861145032039,-1.002627293971135,-2.8686294287264693,-0.0374571
1.805861145032039,-0.2877554531521662,1.778037536596833,-0.00425802
1.805861145032039,1.4994241488952582,2.4929093774158035,0.0130917
1.805861145032039,2.0355780295094856,-1.2601677868837875,-0.00139323
1.805861145032039,5.788655193809076,0.1695758947541517,0.0199619
1.9845791052367803,1.1419882284857739,2.3141914172110605,0.0175006
1.9845791052367803,2.214295989714227,-1.0814498266790453,0.00433357
2.163297065441525,-4.934422418475469,0.527011815163636,0.00420501
2.163297065441525,-4.755704458270726,-1.0814498266790453,-0.0031465
2.163297065441525,-0.4664734133569084,1.59931957639209,-0.0021902
2.163297065441525,0.6058343478715456,-1.9750396277027575,-0.00160694
2.163297065441525,1.1419882284857739,2.3141914172110605,0.0190858
2.163297065441525,1.4994241488952582,-1.6176037072932727,-0.00900042
2.163297065441525,2.750449870328456,-0.9027318664743023,0.00895875
2.163297065441525,3.2866037509426818,2.4929093774158035,0.0532584
2.163297065441525,3.644039671352168,-0.5452959460648188,0.0223801
2.163297065441525,4.895065392785364,-0.18786002565533355,0.0221026
2.163297065441525,5.788655193809076,1.59931957639209,0.0349182
2.3420150256462664,-4.398268537861242,-1.4388857470885306,-0.00422732
2.3420150256462664,-2.7898068960185602,0.8844477355731213,-0.000130026
2.3420150256462664,-2.611088935813817,0.7057297753683782,0.00174596
2.3420150256462664,-1.8962170949948485,0.7057297753683782,0.00853431
2.3420150256462664,-0.8239093337663936,1.2418836559826065,0.00199373
2.5207329858510077,-4.2195505776564985,-1.6176037072932727,-0.00174697
2.5207329858510077,-2.0749350551995906,-2.8686294287264693,-0.0136242
2.5207329858510077,5.431219273399591,1.778037536596833,0.0446442
2.6994509460557508,-0.2877554531521662,-2.1537575879075,0.0172096
2.6994509460557508,2.0355780295094856,-1.0814498266790453,0.00686362
2.878168906260492,-5.470576299089696,-0.009142065450590486,0.00419497
2.878168906260492,-4.755704458270726,-1.6176037072932727,0.00407908
2.878168906260492,-4.576986498065985,1.2418836559826065,0.00260615
2.878168906260492,-3.862114657247014,-2.332475548112242,0.00984201
2.878168906260492,-1.002627293971135,-2.332475548112242,0.00919044
2.878168906260492,4.1801935519663935,1.778037536596833,0.0825251
2.878168906260492,4.358911512171135,1.59931957639209,0.0735182
2.878168906260492,4.53762947237588,1.4206016161873487,0.0639116
3.056886866465237,-5.649294259294439,-0.724013906269561,0.0115283
3.056886866465237,-1.181345254175878,-2.332475548112242,0.00968387
3.056886866465237,0.4271163876668034,-1.6176037072932727,0.00567295
3.056886866465237,1.1419882284857739,-1.4388857470885306,-0.00117302
3.235604826669978,-3.1472428164280446,-3.2260653491359546,0.0189524
3.235604826669978,-0.8239093337663936,1.59931957639209,0.0199542
3.235604826669978,0.06968046725731902,2.3141914172110605,0.024312
3.235604826669978,3.2866037509426818,-0.18786002565533355,0.0239551
3.235604826669978,3.465321711147423,-0.009142065450590486,0.0308839
3.4143227868747212,-4.934422418475469,-1.796321667498015,0.0140327
3.4143227868747212,-2.253653015404332,1.0631656957778635,-0.0018996
3.4143227868747212,-1.7174991347901054,-2.8686294287264693,0.0117656
3.4143227868747212,-1.181345254175878,1.2418836559826065,0.00323339
3.4143227868747212,0.6058343478715456,-1.2601677868837875,0.00746429
3.5930407470794625,-5.113140378680211,0.8844477355731213,0.00554706
3.5930407470794625,-2.253653015404332,-3.2260653491359546,0.0162785
3.5930407470794625,1.8568600693047443,2.4929093774158035,0.0461031
3.5930407470794625,2.9291678305331974,-0.009142065450590486,0.0336142
3.771758707284204,-5.828012219499181,-0.18786002565533355,0.0185348
3.771758707284204,-0.2877554531521662,2.4929093774158035,0.030691
3.9504766674889487,-2.253653015404332,1.0631656957778635,0.00499927
3.9504766674889487,-2.0749350551995906,-3.047347388931212,0.0143398
3.9504766674889487,0.2483984274620603,-1.2601677868837875,0.00012318
3.9504766674889487,2.39301394991897,-0.18786002565533355,0.0335698
4.12919462769369,-5.649294259294439,-1.2601677868837875,0.0280587
4.12919462769369,-4.934422418475469,1.0631656957778635,0.00761718
4.12919462769369,-3.6833966970422716,1.9567554968015752,0.0250385
4.12919462769369,-1.7174991347901054,-2.689911468521727,0.0123518
4.307912587898433,-4.755704458270726,-1.796321667498015,0.0230705
4.307912587898433,-4.755704458270726,1.2418836559826065,0.0108297
4.307912587898433,-2.611088935813817,1.4206016161873487,0.0204895
4.307912587898433,-2.0749350551995906,-2.8686294287264693,0.0127046
4.307912587898433,-0.10903749294742315,-1.4388857470885306,-0.0109802
4.307912587898433,2.5717319101237113,2.3141914172110605,0.0618976
4.486630548103174,-3.6833966970422716,-2.332475548112242,0.0227452
4.486630548103174,1.1419882284857739,2.671627337620545,0.0294225
4.665348508307919,-4.755704458270726,0.8844477355731213,0.00878113
4.665348508307919,-4.576986498065985,-1.6176037072932727,0.0236586
4.665348508307919,-2.611088935813817,1.0631656957778635,0.0193943
4.665348508307919,-0.10903749294742315,2.4929093774158035,0.0314366
4.665348508307919,1.4994241488952582,2.671627337620545,0.0364537
4.665348508307919,2.9291678305331974,1.4206016161873487,0.0584025
4.84406646851266,-4.934422418475469,0.34829385495889476,0.00932887
4.84406646851266,-4.576986498065985,0.8844477355731213,0.0102931
4.84406646851266,-2.7898068960185602,1.0631656957778635,0.0213122
4.84406646851266,-2.432370975609075,-2.689911468521727,0.0146217
4.84406646851266,-1.8962170949948485,-2.5111935083169845,0.0146152
4.84406646851266,-1.002627293971135,0.8844477355731213,0.014092
4.84406646851266,-0.6451913735616515,2.1354734570063174,0.0364832
4.84406646851266,2.0355780295094856,-0.5452959460648188,0.0289192
5.022784428717402,-4.755704458270726,0.1695758947541517,0.0100701
5.022784428717402,-0.6451913735616515,-0.36657798586007573,-0.00544278
5.022784428717402,-0.6451913735616515,0.1695758947541517,5.61834e-05
5.022784428717402,-0.6451913735616515,1.9567554968015752,0.0347249
5.201502388922145,-4.398268537861242,-0.18786002565533355,0.0124605
5.201502388922145,-4.2195505776564985,-0.724013906269561,0.0179758
5.201502388922145,-4.040832617451757,0.527011815163636,0.0121023
5.201502388922145,-2.9685248562233024,0.1695758947541517,0.0189071
5.201502388922145,-1.3600632143806202,-0.5452959460648188,0.00953261
5.201502388922145,0.06968046725731902,2.1354734570063174,0.0279005
5.201502388922145,1.1419882284857739,-1.0814498266790453,0.038578
5.558938309331631,0.06968046725731902,-0.36657798586007573,0.0276467
5.558938309331631,1.4994241488952582,-0.5452959460648188,0.035713
5.558938309331631,2.214295989714227,1.2418836559826065,0.0374226
5.737656269536372,1.3207061886905151,-0.36657798586007573,0.0350024
5.9163742297411135,-2.0749350551995906,-1.796321667498015,0.0311048
5.9163742297411135,-2.0749350551995906,-0.724013906269561,0.0299195
