-6.297644291612432,-1.2141367782426036,-0.27274587081594337,0.0119359
-6.297644291612432,-0.183158815336796,-2.850190778080464,0.0111702
-6.297644291612432,0.6759894870847107,-0.4445755313002451,0.00607555
-6.125814631128131,-2.416944401632713,-0.4445755313002451,0.017205
-6.125814631128131,-0.870477457274001,-2.33470179662756,0.00661778
-6.125814631128131,-0.870477457274001,-1.9910424756589573,0.00318764
-6.125814631128131,-0.011329154852494305,-0.4445755313002451,0.00163455
-6.125814631128131,1.3633081290219167,-0.4445755313002451,0.00919758
-6.125814631128131,1.5351377895062184,-0.7882348522688476,0.00787863
-5.9539849706438295,-0.183158815336796,-0.27274587081594337,0.00264354
-5.9539849706438295,1.5351377895062184,-1.6473831546903552,-0.00178096
-5.782155310159528,-2.588774062117014,-1.131894173237451,0.0111765
-5.782155310159528,-1.2141367782426036,-2.33470179662756,0.00642627
-5.782155310159528,-0.5268181363053976,-3.365679759533368,0.0161466
-5.610325649675227,-1.557796099211206,-1.9910424756589573,0.00548491
-5.438495989190925,-2.588774062117014,-1.4755534942060535,0.00518977
-5.438495989190925,-2.588774062117014,0.24274311063695997,0.0145414
-5.438495989190925,-2.416944401632713,0.4145727711212608,0.0149081
-5.438495989190925,-2.2451147411484116,-1.819212815174656,0.00430467
-5.438495989190925,-1.3859664387269053,0.7582320920898642,0.0139829
-5.438495989190925,-1.2141367782426036,0.7582320920898642,0.0134768
-5.438495989190925,-0.3549884758210977,0.4145727711212608,0.00899627
-5.438495989190925,1.191478468537615,-2.850190778080464,-0.00230512
-5.2666663287066235,-2.416944401632713,-1.9910424756589573,0.00232727
-5.2666663287066235,-2.2451147411484116,-2.33470179662756,0.00423376
-5.2666663287066235,-1.557796099211206,-2.5065314571118615,0.00614049
-5.2666663287066235,-1.2141367782426036,-3.0220204385647658,0.00941353
-5.2666663287066235,0.1605005056318065,0.5864024316055625,0.00605175
-5.2666663287066235,0.1605005056318065,1.2737210735427684,0.0103714
-5.2666663287066235,2.0506267709591217,-0.9600645127531493,-0.00187561
-5.094836668222323,-2.760603722601316,-2.850190778080464,0.00815533
-5.094836668222323,-2.588774062117014,-3.0220204385647658,0.0102846
-5.094836668222323,0.5041598266004099,0.5864024316055625,-0.00100697
-5.094836668222323,2.0506267709591217,-0.7882348522688476,-0.0051072
-4.923007007738022,-3.1042630435699183,-1.9910424756589573,-0.002885
-4.923007007738022,-2.416944401632713,-3.365679759533368,0.0131773
-4.923007007738022,1.191478468537615,-3.0220204385647658,-0.00398862
-4.75117734725372,-3.1042630435699183,-0.9600645127531493,0.00017027
-4.75117734725372,-2.932433383085617,-0.27274587081594337,0.00660609
-4.75117734725372,0.5041598266004099,-3.5375094200176695,0.0017831
-4.75117734725372,0.6759894870847107,1.617380394511371,-0.0080592
-4.5793476867694185,-3.27609270405422,-0.9600645127531493,-0.00129232
-4.5793476867694185,-3.1042630435699183,-0.6164051917845468,0.00205416
-4.407518026285118,-3.619752025022822,-1.819212815174656,-0.00767986
-4.407518026285118,-1.2141367782426036,2.132869375964275,0.00724871
-4.407518026285118,-0.6986477967896993,-3.365679759533368,0.000762057
-4.407518026285118,2.0506267709591217,0.07091345015265826,-0.0494022
-4.407518026285118,2.3942860919277233,0.4145727711212608,-0.0555296
-4.235688365800816,-3.791581685507124,-1.3037238337217518,-0.00298539
-4.235688365800816,-3.619752025022822,-0.7882348522688476,0.00129443
-4.235688365800816,-2.588774062117014,1.4455507340270692,0.0176608
-4.235688365800816,1.7069674499905192,-2.5065314571118615,-0.00428542
-4.235688365800816,2.3942860919277233,0.07091345015265826,-0.0514859
-4.235688365800816,2.7379454128963268,0.5864024316055625,-0.0554935
-4.235688365800816,2.7379454128963268,1.2737210735427684,-0.0588003
-4.063858705316514,-3.27609270405422,-0.27274587081594337,0.00513724
-4.063858705316514,-1.7296257596955078,2.132869375964275,0.00853533
-4.063858705316514,-1.3859664387269053,-3.5375094200176695,0.000811293
-4.063858705316514,-1.0423071177583019,2.304699036448576,0.00489064
-4.063858705316514,-0.011329154852494305,-3.365679759533368,-0.00573644
-4.063858705316514,0.1605005056318065,2.304699036448576,-0.00053415
-4.063858705316514,1.878797110474821,-0.9600645127531493,-0.0213155
-3.8920290448322135,-3.963411345991425,-1.819212815174656,-0.00616384
-3.8920290448322135,-3.447922364538521,-3.1938500990490666,-3.76553e-05
-3.8920290448322135,0.8478191475690124,-3.1938500990490666,-0.00505298
-3.7201993843479126,-4.135241006475726,-1.3037238337217518,0.00158604
-3.7201993843479126,-3.619752025022822,-0.27274587081594337,0.00754554
-3.7201993843479126,-1.2141367782426036,2.304699036448576,0.00397585
-3.7201993843479126,-0.011329154852494305,-3.1938500990490666,-0.00776292
-3.7201993843479126,1.5351377895062184,2.476528696932877,-0.0534846
-3.548369723863611,-1.3859664387269053,2.304699036448576,0.00497059
-3.548369723863611,-0.183158815336796,2.304699036448576,0.000660182
-3.548369723863611,1.878797110474821,-2.1628721361432586,0.0032092
-3.3765400633793092,-0.011329154852494305,-3.0220204385647658,-0.00642356
-3.3765400633793092,1.0196488080533141,-3.0220204385647658,0.00243038
-3.3765400633793092,1.0196488080533141,2.476528696932877,-0.0424548
-3.3765400633793092,2.566115752412026,-0.4445755313002451,-0.0327836
-3.3765400633793092,3.768923375802135,-0.10091621033164344,0.0122526
-3.3765400633793092,3.768923375802135,0.5864024316055625,-0.00628522
-3.2047104028950084,1.7069674499905192,-1.131894173237451,-0.00380048
-3.2047104028950084,1.878797110474821,-0.7882348522688476,-0.0156706
-3.2047104028950084,3.768923375802135,1.1018914130584667,-0.0148205
-3.2047104028950084,4.45624201773934,0.7582320920898642,0.010146
-3.0328807424107067,-4.135241006475726,-0.7882348522688476,0.00682015
-3.0328807424107067,-2.2451147411484116,2.132869375964275,0.0152367
-3.0328807424107067,1.7069674499905192,2.6483583574171776,-0.0465068
-2.861051081926405,-2.0732850806641103,2.132869375964275,0.012579
-2.861051081926405,-0.3549884758210977,-2.678361117596163,-0.00577374
-2.861051081926405,1.5351377895062184,-1.3037238337217518,0.00732352
-2.689221421442104,-4.135241006475726,-1.3037238337217518,-0.000545343
-2.689221421442104,2.3942860919277233,-0.6164051917845468,-0.00911652
-2.689221421442104,3.768923375802135,-0.9600645127531493,0.0262778
-2.689221421442104,3.768923375802135,2.476528696932877,0.0159618
-2.689221421442104,4.799901338707944,-0.6164051917845468,0.0277576
-2.5173917609578025,-2.588774062117014,-3.1938500990490666,-0.0142912
-2.5173917609578025,-2.0732850806641103,-3.365679759533368,-0.013139
-2.5173917609578025,-1.9014554201798095,1.9610397154799735,0.00784713
-2.5173917609578025,-1.2141367782426036,1.9610397154799735,0.00074149
-2.5173917609578025,-1.0423071177583019,1.9610397154799735,-0.000343453
-2.5173917609578025,-0.3549884758210977,-2.5065314571118615,-0.00348389
-2.5173917609578025,-0.011329154852494305,-2.1628721361432586,-0.00194085
-2.5173917609578025,3.768923375802135,2.6483583574171776,0.021505
-2.3455621004735008,-2.588774062117014,-0.10091621033164344,-0.0182015
-2.3455621004735008,-2.588774062117014,1.1018914130584667,0.00530239
-2.3455621004735008,-1.9014554201798095,1.7892100549956726,0.00496827
-2.3455621004735008,-0.5268181363053976,-2.678361117596163,-0.0021493
-2.3455621004735008,-0.183158815336796,-1.819212815174656,-0.00732158
-2.3455621004735008,0.8478191475690124,-1.3037238337217518,0.00881179
-2.3455621004735008,1.3633081290219167,-1.131894173237451,0.0135422
-2.3455621004735008,4.9717309991922445,-0.6164051917845468,0.0241626
-2.3455621004735008,4.9717309991922445,1.7892100549956726,0.0166674
-2.3455621004735008,5.315390320160846,0.07091345015265826,0.0196549
-2.173732439989201,-3.27609270405422,-0.4445755313002451,-0.0179768
-2.173732439989201,-2.2451147411484116,1.2737210735427684,0.000917796
-2.173732439989201,-2.0732850806641103,1.4455507340270692,0.0010995
-2.173732439989201,2.0506267709591217,-0.9600645127531493,0.00380324
-2.173732439989201,4.628071678223641,2.476528696932877,0.0233024
-2.001902779504899,-3.447922364538521,-1.6473831546903552,-0.0245397
-2.001902779504899,-2.0732850806641103,0.7582320920898642,-0.0182604
-2.001902779504899,-0.183158815336796,-1.4755534942060535,-0.0182429
-2.001902779504899,2.2224564314434225,2.304699036448576,-0.0199513
-1.8300731190205974,-2.588774062117014,0.24274311063695997,-0.035398
-1.8300731190205974,-0.5268181363053976,-1.9910424756589573,-0.0028475
-1.8300731190205974,-0.3549884758210977,1.9610397154799735,-0.0110812
-1.8300731190205974,1.3633081290219167,-1.3037238337217518,0.00277278
-1.8300731190205974,1.5351377895062184,-1.3037238337217518,0.000715404
-1.8300731190205974,2.7379454128963268,-0.9600645127531493,0.00599179
-1.8300731190205974,2.9097750733806294,2.6483583574171776,0.0163344
-1.6582434585362966,-3.27609270405422,0.07091345015265826,-0.0332293
-1.6582434585362966,-3.1042630435699183,-1.4755534942060535,-0.0414669
-1.6582434585362966,-2.760603722601316,-1.9910424756589573,-0.0326045
-1.6582434585362966,-0.6986477967896993,-2.1628721361432586,0.000380739
-1.6582434585362966,5.6590496411294495,0.07091345015265826,0.0246447
-1.6582434585362966,5.83087930161375,0.7582320920898642,0.0276347
-1.486413798051995,-1.9014554201798095,-2.678361117596163,-0.00902172
-1.486413798051995,-1.3859664387269053,-2.678361117596163,-0.00143482
-1.486413798051995,0.3323301661161082,1.9610397154799735,0.0121746
-1.486413798051995,2.7379454128963268,2.476528696932877,0.0152932
-1.486413798051995,4.284412357255039,2.82018801790148,0.0276535
-1.486413798051995,5.315390320160846,-0.4445755313002451,0.0226552
-1.486413798051995,5.487219980645147,-0.27274587081594337,0.0244006
-1.3145841375676932,-2.932433383085617,0.7582320920898642,-0.0227909
-1.3145841375676932,1.191478468537615,-1.4755534942060535,-0.0032273
-1.3145841375676932,2.7379454128963268,-1.3037238337217518,0.00226098
-1.1427544770833924,-0.6986477967896993,-1.4755534942060535,-0.0080154
-1.1427544770833924,3.08160473386493,2.6483583574171776,0.0233738
-1.1427544770833924,4.284412357255039,-0.9600645127531493,0.0251221
-1.1427544770833924,5.143560659676547,2.132869375964275,0.0212157
-0.9709248165990907,0.8478191475690124,2.132869375964275,0.00216811
-0.9709248165990907,3.253434394349231,2.6483583574171776,0.0244444
-0.9709248165990907,3.5970937153178326,-1.131894173237451,0.0241354
-0.9709248165990907,4.284412357255039,2.6483583574171776,0.0235639
-0.799095156114789,-1.557796099211206,1.617380394511371,-0.0141955
-0.799095156114789,3.768923375802135,2.6483583574171776,0.0246969
-0.799095156114789,4.112582696770739,-0.9600645127531493,0.0302364
-0.6272654956304882,-4.135241006475726,-0.4445755313002451,-0.0398734
-0.6272654956304882,-1.9014554201798095,-1.9910424756589573,-0.0389227
-0.6272654956304882,-1.2141367782426036,2.132869375964275,-0.0112796
-0.6272654956304882,-0.183158815336796,2.6483583574171776,-0.0107288
-0.6272654956304882,0.3323301661161082,-1.819212815174656,0.00442942
-0.6272654956304882,4.112582696770739,2.476528696932877,0.0227117
-0.6272654956304882,4.9717309991922445,2.132869375964275,0.0241725
-0.6272654956304882,6.002708962098053,0.4145727711212608,0.046162
-0.45543583514618646,-3.27609270405422,-1.9910424756589573,-0.0563732
-0.45543583514618646,-3.1042630435699183,1.2737210735427684,0.0205885
-0.45543583514618646,-0.011329154852494305,3.1638473388700836,-0.0105609
-0.45543583514618646,1.3633081290219167,2.6483583574171776,0.0026166
-0.45543583514618646,3.940753036286436,-1.131894173237451,0.0270284
-0.45543583514618646,6.002708962098053,0.7582320920898642,0.0483445
-0.28360617466188476,-2.416944401632713,2.6483583574171776,-0.00380049
-0.11177651417758394,-3.27609270405422,-1.9910424756589573,-0.0538032
-0.11177651417758394,-1.9014554201798095,3.1638473388700836,-0.00701756
-0.11177651417758394,-1.3859664387269053,2.82018801790148,-0.00210622
-0.11177651417758394,-1.0423071177583019,-1.819212815174656,-0.0147153
-0.11177651417758394,-0.870477457274001,3.5075066598386853,-0.00836359
-0.11177651417758394,0.3323301661161082,3.851165980807287,-0.0036742
-0.11177651417758394,1.191478468537615,3.3356769993543844,0.00533805
-0.11177651417758394,5.83087930161375,0.7582320920898642,0.054562
0.060053146306717764,-3.963411345991425,0.930061752574165,0.0155923
0.060053146306717764,-1.3859664387269053,-1.819212815174656,-0.0325108
0.060053146306717764,-0.6986477967896993,-1.9910424756589573,-0.0102868
0.060053146306717764,1.3633081290219167,-1.9910424756589573,-0.00611068
0.060053146306717764,4.628071678223641,1.7892100549956726,0.0353534
0.060053146306717764,5.143560659676547,1.617380394511371,0.0425622
0.060053146306717764,5.315390320160846,-0.10091621033164344,0.0669889
0.23188280679101858,-4.307070666960028,0.7582320920898642,-0.00479951
0.23188280679101858,-3.963411345991425,1.1018914130584667,0.0168027
0.23188280679101858,-3.447922364538521,2.82018801790148,0.0086378
0.23188280679101858,1.191478468537615,-2.1628721361432586,-0.00610862
0.23188280679101858,4.799901338707944,-0.7882348522688476,0.0597604
0.4037124672753194,-4.822559648412931,-0.27274587081594337,-0.0456837
0.4037124672753194,-4.650729987928631,-0.7882348522688476,-0.0534763
0.4037124672753194,-4.135241006475726,-1.3037238337217518,-0.054594
0.4037124672753194,-3.791581685507124,2.304699036448576,0.0176057
0.4037124672753194,-3.447922364538521,3.1638473388700836,0.0085414
0.4037124672753194,-3.1042630435699183,3.5075066598386853,0.00376528
0.4037124672753194,-2.0732850806641103,-1.9910424756589573,-0.0388025
0.4037124672753194,-0.183158815336796,4.7103142832287945,0.00541826
0.5755421277596202,1.191478468537615,4.0229956412915895,0.0186712
0.5755421277596202,5.143560659676547,-0.4445755313002451,0.0861143
0.7473717882439228,-4.478900327444329,1.1018914130584667,-0.0111673
0.7473717882439228,-3.619752025022822,-1.6473831546903552,-0.0417705
0.7473717882439228,-2.932433383085617,4.0229956412915895,0.00682868
0.7473717882439228,-2.2451147411484116,4.7103142832287945,0.00647548
0.7473717882439228,1.191478468537615,4.366654962260193,0.0231687
0.7473717882439228,2.3942860919277233,2.992017678385781,0.0369255
0.7473717882439228,3.940753036286436,-1.6473831546903552,0.0253678
0.9192014487282236,-2.932433383085617,4.19482530177589,0.0103406
0.9192014487282236,2.3942860919277233,-2.33470179662756,0.00266805
0.9192014487282236,3.940753036286436,1.617380394511371,0.0295913
1.0910311092125262,-3.27609270405422,-2.5065314571118615,-0.000358487
1.0910311092125262,-3.27609270405422,-2.33470179662756,-0.00330885
1.0910311092125262,-3.27609270405422,3.851165980807287,0.0161422
1.0910311092125262,-2.932433383085617,4.366654962260193,0.0143463
1.0910311092125262,-2.0732850806641103,-3.0220204385647658,-0.00430267
1.0910311092125262,1.0196488080533141,-2.678361117596163,0.00436123
1.262860769696827,-5.166218969381534,-0.27274587081594337,-0.0489106
1.262860769696827,-5.166218969381534,0.07091345015265826,-0.044325
1.262860769696827,-3.791581685507124,3.5075066598386853,0.0242569
1.262860769696827,-2.0732850806641103,5.225803264681699,0.0203001
1.262860769696827,-1.557796099211206,5.225803264681699,0.0182596
1.262860769696827,0.3323301661161082,-2.850190778080464,0.0160356
1.262860769696827,2.9097750733806294,1.7892100549956726,0.0179176
1.262860769696827,3.5970937153178326,-1.9910424756589573,0.0287269
1.4346904301811279,0.1605005056318065,5.397632925166001,0.0312599
1.4346904301811279,1.5351377895062184,-2.678361117596163,0.000168776
1.4346904301811279,2.3942860919277233,-2.5065314571118615,0.00812331
1.6065200906654287,-0.011329154852494305,5.397632925166001,0.0319534
1.6065200906654287,1.5351377895062184,4.7103142832287945,0.0406701
1.6065200906654287,1.878797110474821,3.3356769993543844,0.0328631
1.6065200906654287,3.768923375802135,-2.33470179662756,0.0244414
1.6065200906654287,3.940753036286436,-2.1628721361432586,0.0265198
1.6065200906654287,4.628071678223641,-1.3037238337217518,0.0525757
1.7783497511497295,-4.822559648412931,0.930061752574165,-0.0312247
1.7783497511497295,-2.416944401632713,5.397632925166001,0.0341438
1.950179411634032,-4.822559648412931,-0.9600645127531493,-0.0477318
1.950179411634032,-4.478900327444329,2.6483583574171776,0.0362521
1.950179411634032,-3.27609270405422,4.19482530177589,0.0306935
1.950179411634032,-0.5268181363053976,-3.5375094200176695,0.0099346
1.950179411634032,1.7069674499905192,3.3356769993543844,0.0291635
1.950179411634032,2.2224564314434225,1.7892100549956726,0.0202255
1.950179411634032,3.768923375802135,1.2737210735427684,0.0231259
2.122009072118333,-4.307070666960028,1.4455507340270692,-0.0081197
2.122009072118333,-3.963411345991425,3.3356769993543844,0.0341853
2.122009072118333,-3.27609270405422,4.19482530177589,0.0324141
2.122009072118333,0.6759894870847107,5.397632925166001,0.043088
2.122009072118333,1.878797110474821,1.4455507340270692,0.0110008
2.122009072118333,2.9097750733806294,-3.1938500990490666,0.0237029
2.122009072118333,5.143560659676547,-0.6164051917845468,0.0663078
2.2938387326026355,-3.27609270405422,-3.709339080501971,0.0100965
2.2938387326026355,-3.27609270405422,4.0229956412915895,0.0325938
2.2938387326026355,-1.0423071177583019,5.225803264681699,0.0339392
2.2938387326026355,1.3633081290219167,4.882143943713095,0.043559
2.2938387326026355,1.5351377895062184,4.538484622744494,0.0403441
2.2938387326026355,1.878797110474821,2.132869375964275,0.0140878
2.2938387326026355,1.878797110474821,2.304699036448576,0.0154764
2.2938387326026355,3.940753036286436,0.7582320920898642,0.041404
2.2938387326026355,4.45624201773934,0.4145727711212608,0.0641991
2.4656683930869363,-4.650729987928631,-0.6164051917845468,-0.0413606
2.4656683930869363,-3.963411345991425,-1.9910424756589573,-0.000701542
2.4656683930869363,-3.27609270405422,-3.709339080501971,0.0109044
2.4656683930869363,1.3633081290219167,1.4455507340270692,0.000121679
2.4656683930869363,2.0506267709591217,0.930061752574165,0.00988154
2.4656683930869363,4.45624201773934,-2.5065314571118615,0.0216186
2.637498053571237,-3.963411345991425,-1.131894173237451,-0.0343162
2.637498053571237,-3.963411345991425,1.7892100549956726,0.00873591
2.637498053571237,-2.2451147411484116,0.24274311063695997,-0.0151652
2.637498053571237,-1.3859664387269053,-0.10091621033164344,-0.0133371
2.637498053571237,-1.0423071177583019,0.5864024316055625,-0.0062584
2.637498053571237,-0.6986477967896993,0.7582320920898642,-0.00492314
2.637498053571237,-0.3549884758210977,0.07091345015265826,0.0092558
2.637498053571237,-0.183158815336796,5.053973604197398,0.0334472
2.637498053571237,0.3323301661161082,-3.709339080501971,-0.0291808
2.637498053571237,0.3323301661161082,0.930061752574165,-0.00719573
2.637498053571237,0.6759894870847107,1.1018914130584667,-0.00807142
2.637498053571237,0.8478191475690124,1.2737210735427684,-0.00684559
2.637498053571237,1.0196488080533141,1.4455507340270692,-0.00471324
2.637498053571237,1.3633081290219167,3.5075066598386853,0.019896
2.637498053571237,2.9097750733806294,0.7582320920898642,0.0259757
2.809327714055538,-3.447922364538521,1.1018914130584667,-0.0293242
2.809327714055538,-3.1042630435699183,4.0229956412915895,0.0300195
2.809327714055538,-3.1042630435699183,4.19482530177589,0.0321627
2.809327714055538,-2.416944401632713,0.930061752574165,-0.0144657
2.809327714055538,-0.870477457274001,4.882143943713095,0.0303095
2.809327714055538,0.6759894870847107,1.617380394511371,-0.00748587
2.809327714055538,4.9717309991922445,0.07091345015265826,0.0541001
2.809327714055538,5.315390320160846,-0.4445755313002451,0.0535084
2.9811573745398405,-4.135241006475726,0.07091345015265826,-0.0427178
2.9811573745398405,-3.791581685507124,-2.850190778080464,0.0121982
2.9811573745398405,-3.447922364538521,1.9610397154799735,0.00467182
2.9811573745398405,-3.1042630435699183,1.617380394511371,-0.00630243
2.9811573745398405,-2.932433383085617,-0.9600645127531493,-0.0194182
2.9811573745398405,-2.416944401632713,1.2737210735427684,-0.0113582
2.9811573745398405,-1.557796099211206,-0.4445755313002451,-0.0129252
2.9811573745398405,-0.6986477967896993,-0.27274587081594337,0.00641349
2.9811573745398405,1.0196488080533141,3.3356769993543844,0.0104286
2.9811573745398405,2.3942860919277233,0.5864024316055625,0.018991
2.9811573745398405,2.7379454128963268,0.5864024316055625,0.0242834
2.9811573745398405,4.9717309991922445,0.07091345015265826,0.0501349
2.9811573745398405,5.315390320160846,-0.4445755313002451,0.0507294
3.1529870350241413,-3.1042630435699183,2.304699036448576,0.00487851
3.1529870350241413,-3.1042630435699183,2.476528696932877,0.00712319
3.1529870350241413,-2.760603722601316,-0.9600645127531493,-0.0124069
3.1529870350241413,-2.760603722601316,1.7892100549956726,-0.00514997
3.1529870350241413,-0.870477457274001,-0.4445755313002451,0.00316222
3.1529870350241413,-0.870477457274001,4.538484622744494,0.021468
3.1529870350241413,2.2224564314434225,-3.1938500990490666,-0.0141564
3.1529870350241413,3.940753036286436,-3.1938500990490666,0.0279678
3.324816695508444,-2.588774062117014,2.476528696932877,-0.000765452
3.324816695508444,-2.588774062117014,2.82018801790148,0.00285191
3.324816695508444,-2.588774062117014,3.5075066598386853,0.0124696
3.324816695508444,-2.2451147411484116,-4.396657722439176,0.016626
3.324816695508444,-2.0732850806641103,4.882143943713095,0.0344091
3.324816695508444,-1.3859664387269053,2.304699036448576,-0.00989382
3.324816695508444,-1.2141367782426036,4.538484622744494,0.0209401
3.324816695508444,-0.183158815336796,4.0229956412915895,0.0109222
3.324816695508444,0.3323301661161082,3.679336320322986,0.0080328
3.324816695508444,4.9717309991922445,-1.819212815174656,0.0271954
3.496646355992743,-2.2451147411484116,3.3356769993543844,0.00476633
3.496646355992743,-2.0732850806641103,2.82018801790148,-0.00375925
3.496646355992743,-1.7296257596955078,2.6483583574171776,-0.0076411
3.496646355992743,-1.557796099211206,2.6483583574171776,-0.00830245
3.496646355992743,-0.5268181363053976,3.3356769993543844,-0.00266283
3.496646355992743,2.0506267709591217,-3.1938500990490666,-0.0353807
3.496646355992743,2.0506267709591217,0.24274311063695997,0.0143947
3.668476016477044,0.3323301661161082,-0.4445755313002451,-0.00306859
3.668476016477044,0.6759894870847107,-0.4445755313002451,-0.00642493
3.668476016477044,2.3942860919277233,-3.0220204385647658,-0.0143464
3.668476016477044,4.799901338707944,-0.10091621033164344,0.0363359
3.8403056769613464,-3.27609270405422,-2.678361117596163,0.0117547
3.8403056769613464,3.768923375802135,0.24274311063695997,0.0199505
3.8403056769613464,4.284412357255039,0.07091345015265826,0.0259984
3.8403056769613464,4.45624201773934,-1.9910424756589573,0.0198271
4.012135337445647,0.5041598266004099,-0.6164051917845468,-0.0204735
4.012135337445647,0.6759894870847107,-0.6164051917845468,-0.0210779
4.012135337445647,1.5351377895062184,-0.4445755313002451,0.00587955
4.012135337445647,3.425264054833532,-2.850190778080464,0.0143734
4.012135337445647,4.799901338707944,-0.7882348522688476,0.0297359
4.18396499792995,-2.416944401632713,-3.365679759533368,0.0119378
4.18396499792995,-2.0732850806641103,-0.9600645127531493,0.0112217
4.18396499792995,-1.9014554201798095,-0.9600645127531493,0.0111084
4.18396499792995,4.45624201773934,-1.3037238337217518,0.0218533
4.355794658414251,1.7069674499905192,-0.4445755313002451,0.0133242
4.355794658414251,2.9097750733806294,-2.33470179662756,-0.000891435
4.527624318898551,-2.932433383085617,-1.9910424756589573,0.0152953
4.527624318898551,0.6759894870847107,-3.365679759533368,-0.0627228
4.527624318898551,1.7069674499905192,-2.678361117596163,-0.0542188
4.527624318898551,3.940753036286436,-1.131894173237451,0.0174402
4.527624318898551,3.940753036286436,-0.9600645127531493,0.0178297
4.699453979382852,1.191478468537615,-1.3037238337217518,-0.0408689
4.699453979382852,2.566115752412026,-0.10091621033164344,0.0270771
4.699453979382852,2.9097750733806294,-0.10091621033164344,0.0260684
4.871283639867155,-1.7296257596955078,-1.819212815174656,0.0130466
4.871283639867155,0.5041598266004099,-1.4755534942060535,-0.0507928
4.871283639867155,0.6759894870847107,-2.850190778080464,-0.0626592
