-6.084075778823467,-3.322104662315905,-0.5153545704419953,0.134123
-6.084075778823467,-2.9902936190411396,-1.013071135354144,0.12661
-5.918170257186084,-3.322104662315905,-1.1789766569915265,0.125912
-5.918170257186084,-3.156199140678522,0.14826751610753597,0.139556
-5.752264735548701,-3.8198212272280534,-0.5153545704419953,0.134067
-5.752264735548701,-3.6539157055906704,-0.017638005529846623,0.138972
-5.752264735548701,-3.156199140678522,-1.5107877002662926,0.121411
-5.752264735548701,-1.9948604892168422,-0.017638005529846623,0.133427
-5.752264735548701,-1.6630494459420762,-0.5153545704419953,0.128874
-5.752264735548701,-1.4971439243046936,-1.8425987435410582,0.131883
-5.586359213911319,-2.492577054128991,0.48007855938230204,0.140457
-5.586359213911319,-1.1653328810299284,-0.8471656137167609,0.136049
-5.586359213911319,-0.9994273593925449,-1.1789766569915265,0.139856
-5.420453692273936,-2.824388097403756,-2.008504265178441,0.119752
-5.420453692273936,1.6550609868055801,0.6459840810196846,0.132988
-5.420453692273936,2.1527775517177288,0.6459840810196846,0.136521
-5.254548170636553,-1.9948604892168422,0.6459840810196846,0.14641
-5.254548170636553,-1.6630494459420762,0.8118896026570672,0.149186
-5.254548170636553,-1.4971439243046936,0.9777951242944498,0.150782
-5.254548170636553,-1.331238402667311,-2.506220830090589,0.139479
-5.254548170636553,-1.331238402667311,0.14826751610753597,0.146553
-5.254548170636553,-1.1653328810299284,-0.18354352716722921,0.145189
-5.254548170636553,-1.1653328810299284,0.6459840810196846,0.150893
-5.254548170636553,-0.5017107944803971,-0.6812600920793779,0.153739
-5.254548170636553,-0.003994229568248464,-0.18354352716722921,0.152119
-5.254548170636553,2.484588594992494,1.3096061675692159,0.133663
-5.254548170636553,2.6504941166298783,0.8118896026570672,0.138221
-5.08864264899917,-1.8289549675794587,-2.672126351727972,0.131321
-5.08864264899917,-1.8289549675794587,1.3096061675692159,0.15052
-5.08864264899917,-1.6630494459420762,-2.672126351727972,0.13434
-5.08864264899917,-0.8335218377551623,-0.18354352716722921,0.152115
-5.08864264899917,-0.8335218377551623,1.3096061675692159,0.155799
-5.08864264899917,0.4937223353439002,1.8073227324813637,0.134387
-5.08864264899917,2.816399638267261,1.1437006459318324,0.136251
-4.922737127361787,-3.985726748865436,0.14826751610753597,0.135006
-4.922737127361787,-2.9902936190411396,0.8118896026570672,0.146538
-4.922737127361787,-0.33580527284301454,1.1437006459318324,0.154615
-4.922737127361787,-0.003994229568248464,0.48007855938230204,0.151593
-4.922737127361787,-0.003994229568248464,0.9777951242944498,0.148416
-4.922737127361787,-0.003994229568248464,1.8073227324813637,0.146046
-4.922737127361787,1.1573444218934315,-1.3448821786289091,0.147051
-4.922737127361787,1.323249943530814,2.1391337757561306,0.123091
-4.922737127361787,2.9823051599046435,0.6459840810196846,0.139359
-4.756831605724404,-3.156199140678522,-2.3403153084532065,0.120614
-4.756831605724404,-1.1653328810299284,-2.672126351727972,0.143531
-4.756831605724404,-0.8335218377551623,1.8073227324813637,0.157955
-4.590926084087021,-3.4880101839532878,0.8118896026570672,0.143512
-4.590926084087021,-1.9948604892168422,1.8073227324813637,0.150095
-4.590926084087021,-0.9994273593925449,1.9732282541187471,0.157632
-4.590926084087021,-0.6676163161177797,-2.3403153084532065,0.152524
-4.590926084087021,0.4937223353439002,2.6368503406682784,0.139594
-4.590926084087021,2.6504941166298783,-0.18354352716722921,0.142217
-4.425020562449639,-3.985726748865436,0.14826751610753597,0.132902
-4.425020562449639,-3.8198212272280534,0.8118896026570672,0.140406
-4.425020562449639,-3.6539157055906704,1.8073227324813637,0.139845
-4.425020562449639,-2.6584825757663735,-2.672126351727972,0.122697
-4.425020562449639,-0.8335218377551623,-2.506220830090589,0.149254
-4.259115040812256,-4.1516322705028195,-1.6766932219036752,0.120391
-4.259115040812256,-4.1516322705028195,-0.3494490488046118,0.124744
-4.259115040812256,-3.985726748865436,0.14826751610753597,0.132552
-4.259115040812256,-0.6676163161177797,-2.3403153084532065,0.15239
-4.259115040812256,0.9914389002560489,2.802755862305661,0.132516
-4.093209519174873,-3.8198212272280534,-2.3403153084532065,0.12507
-4.093209519174873,-2.326671532491608,1.9732282541187471,0.144401
-4.093209519174873,0.4937223353439002,-2.1744097868158234,0.146222
-4.093209519174873,2.9823051599046435,-0.5153545704419953,0.140562
-3.92730399753749,0.16191129206913413,-2.1744097868158234,0.14979
-3.7613984759001076,-4.649348835414967,1.1437006459318324,0.131902
-3.7613984759001076,1.4891554651681975,-3.0039373950027377,0.126198
-3.7613984759001076,2.816399638267261,-2.506220830090589,0.121315
-3.5954929542627245,-0.9994273593925449,2.1391337757561306,0.157977
-3.5954929542627245,-0.8335218377551623,2.1391337757561306,0.159451
-3.5954929542627245,-0.003994229568248464,-2.1744097868158234,0.152944
-3.5954929542627245,1.323249943530814,2.802755862305661,0.129457
-3.5954929542627245,2.6504941166298783,-2.672126351727972,0.117969
-3.5954929542627245,3.148210681542026,0.48007855938230204,0.126233
-3.5954929542627245,3.645927246454174,-1.5107877002662926,0.132567
-3.4295874326253415,-4.1516322705028195,-0.6812600920793779,0.128259
-3.4295874326253415,-2.160766010854225,-2.672126351727972,0.13528
-3.4295874326253415,-0.6676163161177797,-2.008504265178441,0.159943
-3.4295874326253415,3.645927246454174,-1.013071135354144,0.132189
-3.263681910987959,-4.1516322705028195,2.470944819030896,0.127113
-3.263681910987959,-3.322104662315905,-2.672126351727972,0.137878
-3.263681910987959,-2.326671532491608,-2.672126351727972,0.138415
-3.263681910987959,-0.6676163161177797,-2.008504265178441,0.161883
-3.263681910987959,-0.003994229568248464,-2.3403153084532065,0.152314
-3.263681910987959,0.3278168137065167,2.802755862305661,0.144573
-3.263681910987959,1.1573444218934315,2.802755862305661,0.132006
-3.0977763893505754,-4.1516322705028195,2.470944819030896,0.125097
-3.0977763893505754,0.6596278569812837,-3.335748438277504,0.142216
-3.0977763893505754,2.9823051599046435,0.31417303774491856,0.124264
-2.931870867713193,-2.160766010854225,-2.672126351727972,0.148291
-2.931870867713193,-1.4971439243046936,-2.672126351727972,0.147557
-2.931870867713193,-1.331238402667311,2.1391337757561306,0.154611
-2.931870867713193,-0.5017107944803971,1.9732282541187471,0.163611
-2.931870867713193,0.3278168137065167,2.6368503406682784,0.14407
-2.931870867713193,2.816399638267261,1.9732282541187471,0.122369
-2.931870867713193,2.9823051599046435,0.48007855938230204,0.121797
-2.931870867713193,3.645927246454174,-1.6766932219036752,0.123524
-2.7659653460758102,-3.985726748865436,-1.6766932219036752,0.142482
-2.7659653460758102,-3.985726748865436,-0.8471656137167609,0.137161
-2.7659653460758102,-3.4880101839532878,-2.3403153084532065,0.146531
-2.7659653460758102,-0.6676163161177797,-2.506220830090589,0.150497
-2.7659653460758102,-0.6676163161177797,1.8073227324813637,0.171432
-2.7659653460758102,3.645927246454174,-1.3448821786289091,0.121651
-2.6000598244384276,-3.985726748865436,2.470944819030896,0.119568
-2.6000598244384276,-1.4971439243046936,2.470944819030896,0.149232
-2.6000598244384276,2.484588594992494,-3.0039373950027377,0.117571
-2.6000598244384276,2.6504941166298783,-2.838031873365355,0.116388
-2.6000598244384276,2.816399638267261,-2.672126351727972,0.116239
-2.6000598244384276,2.9823051599046435,1.641417210843981,0.122889
-2.434154302801045,-3.6539157055906704,-1.5107877002662926,0.147823
-2.434154302801045,-3.322104662315905,2.802755862305661,0.12086
-2.434154302801045,-1.8289549675794587,-3.0039373950027377,0.147996
-2.434154302801045,-1.4971439243046936,-3.0039373950027377,0.144931
-2.434154302801045,-0.5017107944803971,1.8073227324813637,0.173688
-2.434154302801045,0.8255333786186663,2.470944819030896,0.138923
-2.2682487811636616,-3.8198212272280534,2.470944819030896,0.118625
-2.2682487811636616,-3.322104662315905,-1.6766932219036752,0.152844
-2.2682487811636616,0.16191129206913413,2.1391337757561306,0.147012
-2.2682487811636616,3.3141162031794087,-0.6812600920793779,0.113499
-2.102343259526279,-4.649348835414967,0.14826751610753597,0.124471
-2.102343259526279,-3.4880101839532878,-1.013071135354144,0.148178
-2.102343259526279,0.6596278569812837,2.305039297393513,0.141752
-2.102343259526279,2.3186830733551114,-3.0039373950027377,0.119394
-2.102343259526279,2.484588594992494,-2.838031873365355,0.117548
-2.102343259526279,2.816399638267261,0.6459840810196846,0.120019
-1.9364377378888964,-4.649348835414967,0.8118896026570672,0.118864
-1.9364377378888964,-3.8198212272280534,-0.8471656137167609,0.143829
-1.9364377378888964,1.6550609868055801,-3.335748438277504,0.129993
-1.9364377378888964,2.9823051599046435,-2.1744097868158234,0.114749
-1.7705322162515138,-4.649348835414967,0.31417303774491856,0.125411
-1.7705322162515138,0.16191129206913413,2.802755862305661,0.162159
-1.7705322162515138,2.816399638267261,1.9732282541187471,0.120384
-1.6046266946141312,-3.985726748865436,-0.6812600920793779,0.142704
-1.6046266946141312,-3.6539157055906704,2.305039297393513,0.120857
-1.6046266946141312,-2.9902936190411396,-2.008504265178441,0.151785
-1.6046266946141312,-0.9994273593925449,2.470944819030896,0.144926
-1.6046266946141312,1.4891554651681975,2.470944819030896,0.147627
-1.6046266946141312,2.3186830733551114,2.9686613839430445,0.13906
-1.6046266946141312,2.6504941166298783,-2.3403153084532065,0.115553
-1.6046266946141312,2.816399638267261,-2.1744097868158234,0.114625
-1.6046266946141312,2.9823051599046435,0.9777951242944498,0.104327
-1.4387211729767477,-2.824388097403756,-2.3403153084532065,0.150051
-1.4387211729767477,-0.33580527284301454,-3.1698429166401207,0.144639
-1.4387211729767477,1.323249943530814,2.6368503406682784,0.156575
-1.4387211729767477,2.816399638267261,3.134566905580427,0.134949
-1.4387211729767477,2.9823051599046435,-1.8425987435410582,0.113741
-1.4387211729767477,2.9823051599046435,0.6459840810196846,0.0991061
-1.4387211729767477,2.9823051599046435,2.9686613839430445,0.130514
-1.2728156513393651,-4.317537792140202,0.9777951242944498,0.122194
-1.2728156513393651,-4.1516322705028195,-0.3494490488046118,0.139667
-1.2728156513393651,-3.6539157055906704,-0.6812600920793779,0.14471
-1.2728156513393651,-1.6630494459420762,-3.0039373950027377,0.143736
-1.2728156513393651,-1.331238402667311,2.470944819030896,0.139738
-1.2728156513393651,2.6504941166298783,0.14826751610753597,0.107807
-1.2728156513393651,3.4800217248167913,0.6459840810196846,0.091452
-1.1069101297019825,-4.317537792140202,0.31417303774491856,0.131383
-1.1069101297019825,-3.322104662315905,2.1391337757561306,0.124497
-1.1069101297019825,3.148210681542026,0.14826751610753597,0.0943842
-1.1069101297019825,3.148210681542026,3.3004724272178088,0.132755
-1.1069101297019825,3.4800217248167913,2.6368503406682784,0.120653
-1.1069101297019825,3.8118327680915565,0.48007855938230204,0.0896915
-0.9410046080646,-3.8198212272280534,1.1437006459318324,0.122681
-0.9410046080646,-3.6539157055906704,1.3096061675692159,0.121894
-0.9410046080646,-3.156199140678522,-1.1789766569915265,0.138608
-0.9410046080646,-2.824388097403756,2.305039297393513,0.132345
-0.9410046080646,-2.160766010854225,-2.672126351727972,0.145338
-0.9410046080646,-1.6630494459420762,-2.838031873365355,0.145845
-0.9410046080646,0.3278168137065167,3.6322834704925757,0.218152
-0.9410046080646,2.6504941166298783,-1.8425987435410582,0.114901
-0.9410046080646,2.9823051599046435,-0.8471656137167609,0.109988
-0.9410046080646,3.645927246454174,-0.017638005529846623,0.0889121
-0.7750990864272165,-3.8198212272280534,0.14826751610753597,0.135159
-0.7750990864272165,-2.9902936190411396,1.641417210843981,0.126646
-0.7750990864272165,-2.6584825757663735,1.9732282541187471,0.131701
-0.7750990864272165,-2.326671532491608,-2.506220830090589,0.143371
-0.7750990864272165,-1.8289549675794587,1.9732282541187471,0.125642
-0.7750990864272165,-0.6676163161177797,-3.0039373950027377,0.144454
-0.7750990864272165,2.1527775517177288,3.7981889921299583,0.146608
-0.7750990864272165,2.9823051599046435,-0.8471656137167609,0.104308
-0.7750990864272165,3.148210681542026,-0.5153545704419953,0.0966472
-0.609193564789833,-3.4880101839532878,0.31417303774491856,0.132124
-0.609193564789833,-3.322104662315905,-1.5107877002662926,0.133623
-0.609193564789833,-3.156199140678522,0.9777951242944498,0.128896
-0.609193564789833,-2.9902936190411396,1.1437006459318324,0.129714
-0.609193564789833,0.9914389002560489,-2.008504265178441,0.135056
-0.609193564789833,2.816399638267261,-1.3448821786289091,0.104372
-0.609193564789833,3.3141162031794087,-0.8471656137167609,0.0932592
-0.609193564789833,4.309549333003706,-0.017638005529846623,0.090421
-0.609193564789833,4.641360376278471,0.48007855938230204,0.0951173
-0.609193564789833,4.973171419553236,1.3096061675692159,0.106236
-0.609193564789833,4.973171419553236,1.4755116892065985,0.108236
-0.4432880431524504,-3.322104662315905,0.31417303774491856,0.129045
-0.4432880431524504,-0.5017107944803971,-2.838031873365355,0.145563
-0.4432880431524504,0.9914389002560489,3.466377948855193,0.201436
-0.4432880431524504,1.1573444218934315,-1.8425987435410582,0.124012
-0.4432880431524504,1.323249943530814,-1.8425987435410582,0.119708
-0.4432880431524504,2.9823051599046435,-1.3448821786289091,0.096174
-0.4432880431524504,3.148210681542026,3.6322834704925757,0.130494
-0.4432880431524504,3.645927246454174,2.9686613839430445,0.123986
-0.4432880431524504,4.807265897915854,0.48007855938230204,0.0980877
-0.2773825215150678,3.148210681542026,3.6322834704925757,0.128611
-0.2773825215150678,3.977738289728939,-1.013071135354144,0.0918034
-0.2773825215150678,4.309549333003706,-0.6812600920793779,0.0927211
-0.2773825215150678,5.139076941190619,0.8118896026570672,0.105614
-0.2773825215150678,5.304982462828002,1.3096061675692159,0.111968
-0.11147699987768522,-0.33580527284301454,-2.672126351727972,0.142535
-0.11147699987768522,0.8255333786186663,-2.008504265178441,0.12823
-0.11147699987768522,1.323249943530814,3.466377948855193,0.166631
-0.11147699987768522,2.1527775517177288,-2.008504265178441,0.100814
-0.11147699987768522,2.816399638267261,3.7981889921299583,0.128777
-0.11147699987768522,3.3141162031794087,3.466377948855193,0.124303
-0.11147699987768522,4.475454854641089,-1.013071135354144,0.0939968
-0.11147699987768522,4.807265897915854,2.470944819030896,0.118169
-0.11147699987768522,4.973171419553236,-1.013071135354144,0.0963487
-0.11147699987768522,4.973171419553236,0.31417303774491856,0.102633
-0.11147699987768522,5.139076941190619,-0.5153545704419953,0.101407
0.05442852175969737,-2.492577054128991,1.3096061675692159,0.128856
0.05442852175969737,-1.1653328810299284,2.9686613839430445,0.126576
0.05442852175969737,-0.003994229568248464,-2.672126351727972,0.13784
0.05442852175969737,4.807265897915854,-1.5107877002662926,0.0915554
0.05442852175969737,4.973171419553236,-1.5107877002662926,0.0919758
0.05442852175969737,5.139076941190619,-1.5107877002662926,0.0926546
0.22033404339708085,-0.6676163161177797,3.3004724272178088,0.155655
0.22033404339708085,1.323249943530814,-2.1744097868158234,0.113095
0.22033404339708085,3.645927246454174,2.9686613839430445,0.11699
0.22033404339708085,6.134510071014916,-0.8471656137167609,0.105411
0.22033404339708085,6.134510071014916,-0.6812600920793779,0.106426
0.38623956503446344,-0.9994273593925449,-2.672126351727972,0.133161
0.38623956503446344,0.6596278569812837,-2.506220830090589,0.127691
0.38623956503446344,1.323249943530814,3.3004724272178088,0.146483
0.38623956503446344,5.968604549377534,-0.017638005529846623,0.107703
0.5521450866718451,-2.9902936190411396,-2.3403153084532065,0.127671
0.5521450866718451,-2.6584825757663735,-2.506220830090589,0.127228
0.5521450866718451,0.3278168137065167,-2.838031873365355,0.129952
0.5521450866718451,0.6596278569812837,3.134566905580427,0.165523
0.5521450866718451,1.8209665084429618,-2.506220830090589,0.107918
0.5521450866718451,5.470887984465384,1.9732282541187471,0.118853
0.5521450866718451,6.134510071014916,-1.5107877002662926,0.0970771
0.7180506083092295,-2.492577054128991,1.1437006459318324,0.110816
0.7180506083092295,-0.6676163161177797,2.9686613839430445,0.121085
0.7180506083092295,1.323249943530814,-2.506220830090589,0.116664
0.7180506083092295,1.323249943530814,3.134566905580427,0.129943
0.7180506083092295,4.807265897915854,2.6368503406682784,0.113144
0.8839561299466121,-0.6676163161177797,-3.0039373950027377,0.127142
0.8839561299466121,1.4891554651681975,3.134566905580427,0.117225
0.8839561299466121,2.6504941166298783,-2.506220830090589,0.105257
0.8839561299466121,5.304982462828002,-2.3403153084532065,0.0856761
0.8839561299466121,5.470887984465384,1.8073227324813637,0.116207
0.8839561299466121,6.300415592652299,-1.5107877002662926,0.0949937
0.8839561299466121,6.4663211142896815,-1.1789766569915265,0.0986344
1.0498616515839947,-2.824388097403756,0.14826751610753597,0.0967813
1.0498616515839947,-2.6584825757663735,1.3096061675692159,0.0979286
1.2157671732213773,-2.824388097403756,-0.017638005529846623,0.0921274
1.2157671732213773,-2.824388097403756,0.14826751610753597,0.0908545
1.2157671732213773,-2.824388097403756,0.31417303774491856,0.090087
1.2157671732213773,-2.824388097403756,0.48007855938230204,0.0897178
1.2157671732213773,-2.824388097403756,0.6459840810196846,0.089637
1.2157671732213773,-2.824388097403756,0.8118896026570672,0.0897628
1.2157671732213773,1.6550609868055801,2.9686613839430445,0.100794
1.2157671732213773,5.139076941190619,2.1391337757561306,0.110383
1.3816726948587617,-0.16989975120563106,2.305039297393513,0.103491
1.3816726948587617,1.4891554651681975,-2.838031873365355,0.122126
1.3816726948587617,4.475454854641089,2.470944819030896,0.0992376
1.3816726948587617,5.304982462828002,0.8118896026570672,0.10378
1.5475782164961442,-2.9902936190411396,0.31417303774491856,0.0783067
1.5475782164961442,-2.824388097403756,-0.8471656137167609,0.0907684
1.5475782164961442,-2.6584825757663735,-1.5107877002662926,0.100174
1.5475782164961442,-2.6584825757663735,2.1391337757561306,0.0971003
1.5475782164961442,-2.326671532491608,-1.8425987435410582,0.104219
1.5475782164961442,1.323249943530814,2.470944819030896,0.0921827
1.5475782164961442,3.4800217248167913,-2.838031873365355,0.111006
1.5475782164961442,6.4663211142896815,-1.1789766569915265,0.0904593
1.7134837381335268,-2.9902936190411396,1.641417210843981,0.0832851
1.7134837381335268,-2.824388097403756,-0.8471656137167609,0.0841391
1.7134837381335268,-2.824388097403756,1.9732282541187471,0.0899781
1.7134837381335268,0.3278168137065167,-2.838031873365355,0.124273
1.7134837381335268,1.9868720300803462,2.470944819030896,0.081298
1.8793892597709094,2.1527775517177288,2.1391337757561306,0.0767029
1.8793892597709094,2.3186830733551114,-2.838031873365355,0.11948
1.8793892597709094,2.6504941166298783,2.305039297393513,0.0755287
1.8793892597709094,3.3141162031794087,2.305039297393513,0.0791232
1.8793892597709094,4.475454854641089,1.8073227324813637,0.0923244
2.045294781408292,-3.156199140678522,0.14826751610753597,0.0668407
2.045294781408292,-2.6584825757663735,2.305039297393513,0.094118
2.045294781408292,-2.326671532491608,-2.008504265178441,0.085642
2.045294781408292,-2.160766010854225,-2.1744097868158234,0.0890203
2.045294781408292,3.8118327680915565,1.9732282541187471,0.0824304
2.045294781408292,5.470887984465384,-2.506220830090589,0.0873579
2.045294781408292,5.802699027740149,-2.008504265178441,0.0839828
2.2112003030456746,-2.160766010854225,-2.3403153084532065,0.0862133
2.2112003030456746,-1.8289549675794587,2.802755862305661,0.104682
2.2112003030456746,0.8255333786186663,1.1437006459318324,0.0750097
2.2112003030456746,1.323249943530814,-2.672126351727972,0.12292
2.2112003030456746,2.1527775517177288,0.9777951242944498,0.0786541
2.2112003030456746,3.148210681542026,-2.506220830090589,0.110336
2.2112003030456746,3.3141162031794087,1.8073227324813637,0.0763664
2.2112003030456746,3.8118327680915565,-3.0039373950027377,0.108481
2.2112003030456746,4.475454854641089,0.9777951242944498,0.0947178
2.2112003030456746,5.802699027740149,0.31417303774491856,0.0862062
2.377105824683057,-3.322104662315905,1.641417210843981,0.0725162
2.377105824683057,-3.156199140678522,-0.017638005529846623,0.0630779
2.377105824683057,-2.824388097403756,2.305039297393513,0.0899879
2.377105824683057,-1.1653328810299284,-3.1698429166401207,0.109436
2.377105824683057,-0.003994229568248464,-2.838031873365355,0.118064
2.377105824683057,2.1527775517177288,0.8118896026570672,0.0754006
2.377105824683057,2.6504941166298783,1.1437006459318324,0.0744259
2.377105824683057,5.968604549377534,-1.5107877002662926,0.0835237
2.377105824683057,6.134510071014916,-0.3494490488046118,0.0834202
2.54301134632044,-2.6584825757663735,-2.008504265178441,0.0714273
2.54301134632044,-2.492577054128991,2.6368503406682784,0.0981773
2.54301134632044,-0.16989975120563106,2.1391337757561306,0.0777881
2.54301134632044,1.4891554651681975,-2.506220830090589,0.118579
2.54301134632044,3.8118327680915565,-2.838031873365355,0.10439
2.54301134632044,4.807265897915854,-2.838031873365355,0.0957129
2.54301134632044,5.968604549377534,-1.3448821786289091,0.0833024
2.7089168679578224,0.6596278569812837,0.48007855938230204,0.0681561
2.7089168679578224,1.6550609868055801,0.31417303774491856,0.0700112
2.7089168679578224,2.484588594992494,-2.1744097868158234,0.109959
2.7089168679578224,2.6504941166298783,-2.008504265178441,0.106964
2.7089168679578224,2.816399638267261,0.6459840810196846,0.0756574
2.7089168679578224,5.802699027740149,-1.5107877002662926,0.0835397
2.874822389595205,-3.6539157055906704,0.9777951242944498,0.0604885
2.874822389595205,-2.6584825757663735,2.9686613839430445,0.0993763
2.874822389595205,-1.9948604892168422,2.9686613839430445,0.100053
2.874822389595205,0.9914389002560489,-0.6812600920793779,0.0778627
2.874822389595205,1.1573444218934315,-1.3448821786289091,0.090641
2.874822389595205,2.816399638267261,-1.1789766569915265,0.0944597
2.874822389595205,2.9823051599046435,-1.1789766569915265,0.0949838
2.874822389595205,5.470887984465384,-1.8425987435410582,0.0830865
3.0407279112325893,-2.6584825757663735,3.134566905580427,0.101159
3.0407279112325893,-2.492577054128991,-2.506220830090589,0.0730802
3.0407279112325893,-1.9948604892168422,-3.0039373950027377,0.0868076
3.0407279112325893,-0.8335218377551623,-3.5016539599148864,0.111101
3.0407279112325893,0.6596278569812837,-1.5107877002662926,0.0861727
3.0407279112325893,1.8209665084429618,-1.1789766569915265,0.0867144
3.0407279112325893,1.9868720300803462,-1.1789766569915265,0.0874912
3.0407279112325893,1.9868720300803462,-1.013071135354144,0.0845533
3.0407279112325893,1.9868720300803462,-0.8471656137167609,0.0817996
3.0407279112325893,3.148210681542026,-0.5153545704419953,0.0881925
3.0407279112325893,3.645927246454174,-2.008504265178441,0.0910186
3.0407279112325893,4.973171419553236,0.6459840810196846,0.0961476
3.0407279112325893,5.139076941190619,-2.008504265178441,0.0831418
3.0407279112325893,5.470887984465384,-1.6766932219036752,0.0833966
3.206633432869972,-3.322104662315905,2.802755862305661,0.0928428
3.206633432869972,-0.6676163161177797,2.470944819030896,0.0738368
3.206633432869972,0.16191129206913413,-3.0039373950027377,0.109191
3.206633432869972,5.470887984465384,-1.5107877002662926,0.0848247
3.3725389545073545,-3.8198212272280534,0.9777951242944498,0.0594685
3.3725389545073545,-2.824388097403756,3.3004724272178088,0.102802
3.3725389545073545,-0.9994273593925449,-3.5016539599148864,0.107009
3.3725389545073545,-0.33580527284301454,2.1391337757561306,0.0645255
3.3725389545073545,-0.003994229568248464,-3.1698429166401207,0.10917
3.3725389545073545,0.3278168137065167,0.31417303774491856,0.0592138
3.3725389545073545,0.6596278569812837,-1.1789766569915265,0.0727212
3.538444476144737,-3.4880101839532878,2.802755862305661,0.0925557
3.538444476144737,0.3278168137065167,-2.672126351727972,0.0984995
3.538444476144737,0.4937223353439002,-2.1744097868158234,0.0878511
3.7043499977821197,-3.8198212272280534,0.48007855938230204,0.0550693
3.7043499977821197,-3.8198212272280534,1.8073227324813637,0.0711429
3.7043499977821197,-0.003994229568248464,0.48007855938230204,0.058665
3.7043499977821197,0.4937223353439002,-2.008504265178441,0.0817766
3.7043499977821197,3.977738289728939,-0.8471656137167609,0.091365
3.7043499977821197,3.977738289728939,-0.3494490488046118,0.0949069
3.8702555194195023,-3.8198212272280534,1.8073227324813637,0.0718087
3.8702555194195023,-0.9994273593925449,-3.335748438277504,0.102785
3.8702555194195023,-0.16989975120563106,1.4755116892065985,0.0549329
3.8702555194195023,4.309549333003706,-0.6812600920793779,0.0957949
3.8702555194195023,4.641360376278471,-0.18354352716722921,0.101033
4.036161041056885,-0.5017107944803971,2.1391337757561306,0.0607436
4.036161041056885,0.4937223353439002,-1.1789766569915265,0.0637736
4.2020665626942675,-3.8198212272280534,-0.18354352716722921,0.0544114
4.2020665626942675,-2.9902936190411396,-2.1744097868158234,0.0654935
4.2020665626942675,-0.6676163161177797,2.305039297393513,0.0633029
4.2020665626942675,-0.5017107944803971,-3.0039373950027377,0.0987417
4.36797208433165,-3.6539157055906704,-0.8471656137167609,0.0544964
4.36797208433165,-3.322104662315905,2.9686613839430445,0.0973
4.36797208433165,-3.156199140678522,-2.008504265178441,0.0641073
4.36797208433165,-3.156199140678522,3.134566905580427,0.0998913
4.533877605969033,-3.6539157055906704,1.8073227324813637,0.077698
4.533877605969033,-2.6584825757663735,-2.506220830090589,0.0751665
4.533877605969033,-2.6584825757663735,3.3004724272178088,0.100198
4.533877605969033,-2.326671532491608,-2.672126351727972,0.0815807
4.533877605969033,-0.33580527284301454,0.6459840810196846,0.0548729
4.533877605969033,-0.003994229568248464,-0.18354352716722921,0.0540525
4.699783127606417,0.16191129206913413,-1.3448821786289091,0.0623028
4.8656886492438,-3.6539157055906704,-0.8471656137167609,0.058939
5.031594170881182,-3.8198212272280534,1.1437006459318324,0.0726173
5.031594170881182,-2.9902936190411396,2.470944819030896,0.0921676
5.031594170881182,-1.4971439243046936,2.470944819030896,0.0734329
5.031594170881182,-0.5017107944803971,1.1437006459318324,0.0522477
5.031594170881182,-0.33580527284301454,-2.008504265178441,0.0771547
5.031594170881182,-0.33580527284301454,0.48007855938230204,0.051731
5.197499692518565,-1.331238402667311,2.1391337757561306,0.0675807
5.363405214155947,-3.8198212272280534,-0.18354352716722921,0.0665322
5.363405214155947,-0.33580527284301454,0.14826751610753597,0.0519275
5.52931073579333,-3.4880101839532878,-0.6812600920793779,0.070219
5.52931073579333,-1.9948604892168422,-2.838031873365355,0.0963503
5.52931073579333,-1.6630494459420762,1.9732282541187471,0.0727664
5.52931073579333,-1.1653328810299284,-2.672126351727972,0.0950019
5.52931073579333,-0.8335218377551623,1.3096061675692159,0.0567637
5.52931073579333,-0.5017107944803971,0.48007855938230204,0.0527847
5.52931073579333,-0.33580527284301454,-0.18354352716722921,0.0541877
5.695216257430713,-2.160766010854225,1.9732282541187471,0.0824577
5.695216257430713,-0.9994273593925449,-2.506220830090589,0.092677
5.861121779068097,-3.6539157055906704,-0.18354352716722921,0.0759841
5.861121779068097,-0.6676163161177797,0.14826751610753597,0.056288
5.861121779068097,-0.5017107944803971,-0.6812600920793779,0.0616238
6.0270273007054795,-3.8198212272280534,0.48007855938230204,0.0830899
6.0270273007054795,-3.8198212272280534,0.6459840810196846,0.0846952
6.0270273007054795,-0.8335218377551623,0.14826751610753597,0.0592313
6.192932822342862,-2.6584825757663735,-2.008504265178441,0.0923827
6.192932822342862,-1.9948604892168422,-2.506220830090589,0.0993971
6.192932822342862,-0.8335218377551623,-1.6766932219036752,0.0810944
6.3588383439802465,-3.6539157055906704,0.6459840810196846,0.0906269
6.3588383439802465,-2.492577054128991,-1.1789766569915265,0.0897494
6.3588383439802465,-2.160766010854225,1.641417210843981,0.0843389
6.3588383439802465,-1.8289549675794587,1.4755116892065985,0.0779
6.3588383439802465,-1.331238402667311,-0.6812600920793779,0.0754877
6.524743865617629,-2.160766010854225,-1.8425987435410582,0.0954085
6.524743865617629,-1.8289549675794587,-2.008504265178441,0.0967884
6.524743865617629,-1.4971439243046936,-1.1789766569915265,0.084136
6.690649387255012,-3.156199140678522,0.14826751610753597,0.0924328
6.690649387255012,-1.9948604892168422,1.1437006459318324,0.0838684
6.856554908892394,-2.9902936190411396,0.48007855938230204,0.0951756
6.856554908892394,-2.160766010854225,0.8118896026570672,0.0877604
