-8.7081782405438,1.3144820063664913,-0.33567456607256396,0.155614
-8.7081782405438,1.3144820063664913,0.3547619879759454,0.148438
-8.535569102031673,1.4870911448786188,0.8725894035123263,0.140911
-8.535569102031673,2.1775276989271264,-0.8535019816089457,0.144456
-8.535569102031673,2.695355114463509,1.045198542024453,0.129616
-8.535569102031673,2.8679642529756366,0.6999802650001987,0.128283
-8.362959963519545,-0.756827655779035,1.7356350960729623,0.142864
-8.362959963519545,-0.5842185172669083,0.8725894035123263,0.15729
-8.362959963519545,0.45143631380585525,1.2178076805365805,0.146103
-8.362959963519545,2.0049185604150006,1.390416819048708,0.134555
-8.362959963519545,2.5227459759513815,-0.8535019816089457,0.138755
-8.190350825007418,-1.10204593280329,1.390416819048708,0.149628
-8.190350825007418,-0.9294367942911617,0.8725894035123263,0.1587
-8.190350825007418,-0.5842185172669083,2.253462511609344,0.133807
-8.190350825007418,-0.2390002402426541,2.4260716501214707,0.130774
-8.190350825007418,0.45143631380585525,0.6999802650001987,0.157831
-8.190350825007418,0.6240454523179828,2.771289927145726,0.134944
-8.190350825007418,0.7966545908301095,0.8725894035123263,0.152579
-8.190350825007418,0.969263729342237,2.0808533730972165,0.136671
-8.190350825007418,0.969263729342237,2.253462511609344,0.136607
-8.190350825007418,0.969263729342237,2.4260716501214707,0.136912
-8.190350825007418,3.558400807024145,1.045198542024453,0.133323
-8.190350825007418,3.558400807024145,1.2178076805365805,0.1352
-8.017741686495292,1.3144820063664913,1.7356350960729623,0.143571
-8.017741686495292,1.3144820063664913,1.9082442345850898,0.142563
-8.017741686495292,3.0405733914877624,2.0808533730972165,0.146501
-8.017741686495292,3.3857916685120193,1.9082442345850898,0.144993
-8.017741686495292,3.7310099455362726,0.8725894035123263,0.131815
-7.845132547983164,1.4870911448786188,2.9438990656578525,0.148236
-7.845132547983164,2.695355114463509,2.253462511609344,0.148583
-7.672523409471037,0.6240454523179828,-0.5082837045846915,0.187715
-7.672523409471037,3.21318252999989,-0.8535019816089457,0.132249
-7.672523409471037,3.7310099455362726,0.009543710951690265,0.130003
-7.499914270958909,2.0049185604150006,-1.3713293971453275,0.150003
-7.499914270958909,3.9036190840483984,1.7356350960729623,0.143405
-7.327305132446782,-1.4472642098275443,0.8725894035123263,0.158441
-7.327305132446782,-0.5842185172669083,3.11650820416998,0.131577
-7.327305132446782,1.3144820063664913,3.634335619706361,0.149672
-7.327305132446782,3.0405733914877624,2.4260716501214707,0.152776
-7.327305132446782,3.7310099455362726,-0.6808928430968191,0.133121
-7.154695993934655,0.45143631380585525,-1.0261111201210729,0.228473
-7.154695993934655,4.076228222560526,0.3547619879759454,0.128322
-6.982086855422528,-1.4472642098275443,2.253462511609344,0.136136
-6.982086855422528,-1.2746550713154168,2.5986807886335983,0.13443
-6.982086855422528,-0.06639110173052654,-1.3713293971453275,0.242084
-6.982086855422528,0.45143631380585525,-1.3713293971453275,0.231791
-6.809477716910401,-1.4472642098275443,0.8725894035123263,0.160352
-6.809477716910401,-1.4472642098275443,2.4260716501214707,0.135992
-6.809477716910401,1.6597002833907455,3.4617264811942334,0.150939
-6.636868578398273,4.076228222560526,1.045198542024453,0.131434
-6.4642594398861455,-1.619873348339671,2.253462511609344,0.140882
-6.4642594398861455,-0.9294367942911617,0.18215284946381693,0.202521
-6.4642594398861455,-0.9294367942911617,3.2891173426821076,0.132981
-6.4642594398861455,-0.756827655779035,-1.3713293971453275,0.241532
-6.4642594398861455,1.832309421902873,3.11650820416998,0.152669
-6.4642594398861455,3.7310099455362726,-1.1987202586332004,0.147705
-6.4642594398861455,3.9036190840483984,-1.0261111201210729,0.146149
-6.291650301374019,-1.619873348339671,1.5630259575608347,0.150653
-6.291650301374019,-0.9294367942911617,-1.1987202586332004,0.238227
-6.291650301374019,2.0049185604150006,-1.3713293971453275,0.180044
-6.291650301374019,2.695355114463509,2.253462511609344,0.157032
-6.291650301374019,3.7310099455362726,-1.1987202586332004,0.150135
-6.291650301374019,3.9036190840483984,-1.0261111201210729,0.148419
-6.119041162861892,-0.756827655779035,-1.5439385356574546,0.236429
-6.119041162861892,1.832309421902873,-1.3713293971453275,0.19529
-5.773822885837637,-1.10204593280329,3.2891173426821076,0.142042
-5.773822885837637,1.1418728678543637,-1.8891568126817093,0.209848
-5.60121374732551,-2.137700763876053,0.527371126488072,0.182872
-5.60121374732551,-1.619873348339671,1.5630259575608347,0.166399
-5.60121374732551,1.1418728678543637,3.11650820416998,0.145471
-5.428604608813383,-1.10204593280329,-1.5439385356574546,0.206561
-5.428604608813383,3.21318252999989,-1.0261111201210729,0.167642
-5.428604608813383,3.558400807024145,0.527371126488072,0.146718
-5.255995470301256,-1.9650916253639261,1.2178076805365805,0.177632
-5.255995470301256,1.6597002833907455,-1.8891568126817093,0.210171
-5.255995470301256,2.1775276989271264,-1.3713293971453275,0.215579
-5.255995470301256,2.5227459759513815,2.253462511609344,0.162284
-5.255995470301256,3.0405733914877624,1.2178076805365805,0.158623
-5.255995470301256,3.558400807024145,-0.1630654275604373,0.155957
-5.083386331789128,-1.4472642098275443,-2.7522025052423453,0.165947
-5.083386331789128,-1.2746550713154168,2.771289927145726,0.157469
-5.083386331789128,-0.9294367942911617,-2.7522025052423453,0.165964
-4.910777193277001,-2.137700763876053,-2.234375089705963,0.167146
-4.910777193277001,-2.137700763876053,-1.7165476741695818,0.171661
-4.910777193277001,-1.619873348339671,1.5630259575608347,0.172682
-4.910777193277001,-1.2746550713154168,2.4260716501214707,0.163413
-4.910777193277001,0.7966545908301095,2.5986807886335983,0.157592
-4.910777193277001,2.350136837439254,-0.8535019816089457,0.215803
-4.738168054764874,-2.137700763876053,-2.5795933667302178,0.162774
-4.738168054764874,-1.10204593280329,-3.0974207822665996,0.155565
-4.738168054764874,-1.10204593280329,2.253462511609344,0.166202
-4.738168054764874,-0.5842185172669083,-2.924811643754472,0.153818
-4.738168054764874,-0.06639110173052654,-2.5795933667302178,0.156383
-4.738168054764874,0.6240454523179828,2.4260716501214707,0.161267
-4.738168054764874,2.1775276989271264,-1.3713293971453275,0.216222
-4.738168054764874,2.8679642529756366,1.5630259575608347,0.163705
-4.565558916252747,-2.31030990238818,-0.6808928430968191,0.177416
-4.565558916252747,0.10621803678160102,2.253462511609344,0.164729
-4.565558916252747,1.1418728678543637,-2.7522025052423453,0.108787
-4.39294977774062,-2.31030990238818,-2.5795933667302178,0.159636
-4.39294977774062,0.45143631380585525,-3.0974207822665996,0.100406
-4.39294977774062,0.969263729342237,2.253462511609344,0.1673
-4.39294977774062,2.1775276989271264,-1.0261111201210729,0.212208
-4.220340639228493,-2.31030990238818,-0.8535019816089457,0.17725
-4.220340639228493,-0.41160937875478076,-3.0974207822665996,0.132125
-4.220340639228493,0.6240454523179828,-3.2700299207787267,0.0858121
-4.220340639228493,1.3144820063664913,2.253462511609344,0.168095
-4.220340639228493,2.5227459759513815,0.8725894035123263,0.17282
-4.220340639228493,2.5227459759513815,1.7356350960729623,0.168226
-4.047731500716365,-2.4829190409003075,-2.234375089705963,0.159614
-4.047731500716365,-0.9294367942911617,-3.2700299207787267,0.140739
-4.047731500716365,0.969263729342237,1.9082442345850898,0.173895
-4.047731500716365,1.1418728678543637,-3.2700299207787267,0.0758013
-4.047731500716365,2.0049185604150006,-2.234375089705963,0.111914
-4.047731500716365,2.1775276989271264,1.9082442345850898,0.169825
-3.8751223622042383,-2.4829190409003075,-2.234375089705963,0.158983
-3.8751223622042383,-2.4829190409003075,-0.8535019816089457,0.171921
-3.8751223622042383,-0.2390002402426541,-3.2700299207787267,0.106241
-3.8751223622042383,-0.2390002402426541,1.9082442345850898,0.168571
-3.8751223622042383,-0.06639110173052654,1.9082442345850898,0.170555
-3.7025132236921108,-2.6555281794124346,-1.1987202586332004,0.164284
-3.7025132236921108,-0.2390002402426541,1.9082442345850898,0.167689
-3.7025132236921108,-0.06639110173052654,1.9082442345850898,0.169773
-3.7025132236921108,1.3144820063664913,0.18215284946381693,0.192955
-3.7025132236921108,1.3144820063664913,0.527371126488072,0.189791
-3.7025132236921108,2.1775276989271264,-1.7165476741695818,0.124066
-3.529904085179983,1.832309421902873,-2.924811643754472,0.0817936
-3.3572949466678565,-3.1733555949488164,-1.0261111201210729,0.151969
-3.3572949466678565,-2.6555281794124346,0.18215284946381693,0.160501
-3.184685808155729,-1.10204593280329,1.390416819048708,0.155999
-3.184685808155729,0.2788271752937277,-3.6152481978029813,0.0706024
-3.184685808155729,0.2788271752937277,1.7356350960729623,0.169677
-3.184685808155729,0.7966545908301095,-3.6152481978029813,0.0650418
-3.184685808155729,2.1775276989271264,-2.0617659511938364,0.112566
-3.184685808155729,2.1775276989271264,-1.5439385356574546,0.125812
-3.0120766696436023,-2.8281373179245617,0.3547619879759454,0.152098
-3.0120766696436023,-1.9650916253639261,0.527371126488072,0.159523
-3.0120766696436023,1.3144820063664913,-0.33567456607256396,0.156101
-3.0120766696436023,2.0049185604150006,-2.5795933667302178,0.101612
-2.8394675311314748,-0.41160937875478076,1.5630259575608347,0.156526
-2.666858392619347,-3.51857387197307,-1.1987202586332004,0.141589
-2.666858392619347,0.7966545908301095,0.009543710951690265,0.149966
-2.666858392619347,1.1418728678543637,-0.33567456607256396,0.153982
-2.4942492541072205,0.6240454523179828,0.527371126488072,0.139353
-2.4942492541072205,2.0049185604150006,-2.0617659511938364,0.144306
-2.321640115595093,0.7966545908301095,0.009543710951690265,0.129127
-2.321640115595093,1.4870911448786188,-0.6808928430968191,0.166587
-2.1490309770829654,-3.51857387197307,-0.1630654275604373,0.138247
-2.1490309770829654,-3.000746456436689,-2.234375089705963,0.136343
-2.1490309770829654,-2.8281373179245617,-2.5795933667302178,0.137135
-2.1490309770829654,-1.619873348339671,-3.2700299207787267,0.136343
-2.1490309770829654,1.3144820063664913,-2.924811643754472,0.115188
-2.1490309770829654,1.4870911448786188,-2.7522025052423453,0.127921
-1.9764218385708396,0.10621803678160102,1.045198542024453,0.100616
-1.9764218385708396,0.969263729342237,-0.1630654275604373,0.12142
-1.9764218385708396,1.3144820063664913,-2.7522025052423453,0.13379
-1.9764218385708396,1.4870911448786188,-2.5795933667302178,0.147112
-1.803812700058712,-0.2390002402426541,1.2178076805365805,0.0921013
-1.803812700058712,1.4870911448786188,-1.0261111201210729,0.188004
-1.6312035615465845,0.45143631380585525,0.8725894035123263,0.0926184
-1.6312035615465845,0.6240454523179828,0.6999802650001987,0.0940482
-1.6312035615465845,1.3144820063664913,-1.0261111201210729,0.182939
-1.458594423034457,-3.51857387197307,-0.6808928430968191,0.129795
-1.458594423034457,1.1418728678543637,-1.0261111201210729,0.165609
-1.2859852845223294,-2.6555281794124346,-2.7522025052423453,0.13328
-1.2859852845223294,-2.4829190409003075,0.527371126488072,0.110224
-1.2859852845223294,0.7966545908301095,-1.8891568126817093,0.176401
-1.2859852845223294,0.7966545908301095,0.527371126488072,0.0958814
-1.1133761460102036,-1.9650916253639261,1.045198542024453,0.0952417
-1.1133761460102036,-0.9294367942911617,1.390416819048708,0.0878442
-1.1133761460102036,0.10621803678160102,1.2178076805365805,0.0931191
-1.1133761460102036,0.45143631380585525,1.045198542024453,0.0978643
-0.9407670074980761,-0.756827655779035,-2.4069842282180907,0.127015
-0.9407670074980761,0.2788271752937277,1.390416819048708,0.0966503
-0.7681578689859467,-1.7924824868517986,1.390416819048708,0.0820046
-0.7681578689859467,-1.2746550713154168,1.5630259575608347,0.0812453
-0.7681578689859467,0.969263729342237,-0.33567456607256396,0.098338
-0.7681578689859467,1.3144820063664913,0.527371126488072,0.114258
-0.595548730473821,-1.619873348339671,-2.5795933667302178,0.123491
-0.595548730473821,-1.2746550713154168,-2.4069842282180907,0.122436
-0.595548730473821,-0.9294367942911617,-2.0617659511938364,0.119591
-0.4229395919616934,-4.209010426021579,-0.6808928430968191,0.109302
-0.4229395919616934,-4.036401287509452,-0.1630654275604373,0.0966351
-0.4229395919616934,-3.1733555949488164,-2.234375089705963,0.117869
-0.2503304534495676,-3.863792148997325,-1.8891568126817093,0.118512
-0.2503304534495676,1.832309421902873,0.8725894035123263,0.11801
-0.07772131493744006,-1.619873348339671,1.7356350960729623,0.065926
0.09488782357468928,-4.209010426021579,-0.5082837045846915,0.0995874
0.09488782357468928,-2.4829190409003075,1.390416819048708,0.0625649
0.09488782357468928,0.45143631380585525,2.253462511609344,0.0824638
0.09488782357468928,1.832309421902873,1.390416819048708,0.114273
0.26749696208681506,-4.209010426021579,-0.6808928430968191,0.101924
0.26749696208681506,-4.036401287509452,0.18215284946381693,0.0808584
0.26749696208681506,-0.9294367942911617,2.253462511609344,0.0601982
0.26749696208681506,0.6240454523179828,2.253462511609344,0.0848082
0.4401061005989426,-3.863792148997325,-1.7165476741695818,0.106106
0.4401061005989426,-3.000746456436689,-2.234375089705963,0.0919515
0.4401061005989426,-2.8281373179245617,1.390416819048708,0.0581063
0.4401061005989426,-0.41160937875478076,2.4260716501214707,0.0629355
0.4401061005989426,-0.2390002402426541,2.4260716501214707,0.0653542
0.4401061005989426,1.1418728678543637,2.0808533730972165,0.0966211
0.6127152391110684,-1.9650916253639261,1.5630259575608347,0.0646694
0.6127152391110684,-0.756827655779035,2.4260716501214707,0.0580148
0.785324377623196,-4.209010426021579,0.18215284946381693,0.0806135
0.785324377623196,-2.4829190409003075,-2.234375089705963,0.076291
0.785324377623196,-2.137700763876053,-2.234375089705963,0.0726747
0.785324377623196,-2.137700763876053,1.5630259575608347,0.0627664
0.785324377623196,-1.10204593280329,-1.8891568126817093,0.0687798
0.785324377623196,-0.756827655779035,-1.7165476741695818,0.0700818
0.9579335161353253,-4.209010426021579,-0.8535019816089457,0.100073
0.9579335161353253,-3.3459647334609435,-1.8891568126817093,0.0887398
0.9579335161353253,-1.10204593280329,2.4260716501214707,0.0552156
0.9579335161353253,-0.9294367942911617,-1.7165476741695818,0.0659257
0.9579335161353253,1.6597002833907455,0.18215284946381693,0.0869757
1.130542654647451,-1.7924824868517986,2.0808533730972165,0.055579
1.3031517931595786,-3.1733555949488164,-1.8891568126817093,0.0802117
1.3031517931595786,-1.9650916253639261,-2.0617659511938364,0.0618315
1.3031517931595786,-0.2390002402426541,-1.1987202586332004,0.0616251
1.4757609316717044,-3.863792148997325,-1.5439385356574546,0.0928289
1.4757609316717044,-3.51857387197307,-1.7165476741695818,0.0859015
1.4757609316717044,-2.6555281794124346,1.9082442345850898,0.0539941
1.648370070183832,-4.036401287509452,1.045198542024453,0.0679026
1.648370070183832,-3.863792148997325,1.2178076805365805,0.0644747
1.648370070183832,-2.8281373179245617,1.9082442345850898,0.0546253
1.648370070183832,-0.41160937875478076,-1.0261111201210729,0.0594451
1.648370070183832,-0.2390002402426541,-1.0261111201210729,0.0576903
1.8209792086959595,-3.863792148997325,1.2178076805365805,0.0658145
1.8209792086959595,-3.000746456436689,-1.8891568126817093,0.0717943
1.8209792086959595,-1.2746550713154168,2.5986807886335983,0.0577883
1.8209792086959595,0.6240454523179828,-0.6808928430968191,0.0551109
1.8209792086959595,1.3144820063664913,0.8725894035123263,0.0802379
1.993588347208087,-4.726837841557961,-0.8535019816089457,0.101446
1.993588347208087,-4.036401287509452,1.045198542024453,0.0708165
1.993588347208087,-2.31030990238818,-1.8891568126817093,0.060398
1.993588347208087,-2.31030990238818,2.253462511609344,0.0575558
1.993588347208087,0.10621803678160102,-0.8535019816089457,0.0524859
1.993588347208087,1.3144820063664913,1.2178076805365805,0.0825816
2.1661974857202146,-4.726837841557961,-0.8535019816089457,0.10175
2.1661974857202146,-1.10204593280329,-1.1987202586332004,0.0555863
2.1661974857202146,-0.41160937875478076,2.771289927145726,0.0657303
2.1661974857202146,-0.06639110173052654,2.771289927145726,0.0696869
2.3388066242323404,-4.036401287509452,-1.5439385356574546,0.0916945
2.3388066242323404,-0.41160937875478076,2.771289927145726,0.0669544
2.3388066242323404,0.10621803678160102,2.771289927145726,0.0733173
2.511415762744468,-4.554228703045833,-1.0261111201210729,0.100905
2.511415762744468,-1.10204593280329,2.5986807886335983,0.0653541
2.511415762744468,-0.2390002402426541,2.771289927145726,0.0702155
2.511415762744468,0.10621803678160102,2.771289927145726,0.0745745
2.511415762744468,1.832309421902873,-0.6808928430968191,0.0774647
2.511415762744468,1.832309421902873,-0.5082837045846915,0.0746872
2.511415762744468,2.1775276989271264,-1.1987202586332004,0.0830197
2.511415762744468,2.1775276989271264,0.009543710951690265,0.067951
2.511415762744468,3.0405733914877624,-1.0261111201210729,0.0711354
2.511415762744468,3.0405733914877624,0.18215284946381693,0.0656592
2.6840249012565955,-2.6555281794124346,2.253462511609344,0.0668199
2.6840249012565955,-0.06639110173052654,-0.6808928430968191,0.0482495
2.6840249012565955,2.0049185604150006,-1.3713293971453275,0.0836837
2.6840249012565955,2.5227459759513815,0.527371126488072,0.0617999
2.856634039768723,-3.51857387197307,1.5630259575608347,0.0731754
2.856634039768723,-1.2746550713154168,-1.1987202586332004,0.0554923
2.856634039768723,-0.9294367942911617,-1.0261111201210729,0.0541951
2.856634039768723,-0.5842185172669083,-0.8535019816089457,0.0514239
3.0292431782808507,-4.036401287509452,0.8725894035123263,0.0853061
3.0292431782808507,-2.6555281794124346,-1.3713293971453275,0.0684304
3.0292431782808507,-2.31030990238818,-1.3713293971453275,0.0641695
3.0292431782808507,-0.41160937875478076,2.5986807886335983,0.0719815
3.0292431782808507,1.1418728678543637,0.6999802650001987,0.0503406
3.0292431782808507,1.3144820063664913,-0.6808928430968191,0.0666616
3.0292431782808507,2.0049185604150006,0.6999802650001987,0.0517378
3.0292431782808507,2.695355114463509,1.2178076805365805,0.0593467
3.0292431782808507,3.9036190840483984,-0.8535019816089457,0.0526816
3.201852316792978,-4.209010426021579,0.009543710951690265,0.0957198
3.201852316792978,1.3144820063664913,-1.0261111201210729,0.072456
3.201852316792978,1.4870911448786188,0.3547619879759454,0.0435873
3.201852316792978,1.6597002833907455,-1.5439385356574546,0.0806635
3.201852316792978,2.695355114463509,1.390416819048708,0.0574675
3.201852316792978,3.0405733914877624,1.5630259575608347,0.065302
3.374461455305104,-4.209010426021579,0.3547619879759454,0.0927444
3.374461455305104,-3.3459647334609435,-0.8535019816089457,0.0845493
3.374461455305104,-2.6555281794124346,-1.0261111201210729,0.0748707
3.374461455305104,-2.31030990238818,2.9438990656578525,0.0752746
3.374461455305104,0.969263729342237,1.9082442345850898,0.0692991
3.374461455305104,1.3144820063664913,0.3547619879759454,0.0352044
3.374461455305104,3.7310099455362726,1.7356350960729623,0.0781033
3.5470705938172316,-2.8281373179245617,2.771289927145726,0.0715997
3.5470705938172316,-1.7924824868517986,-1.3713293971453275,0.0704224
3.5470705938172316,-0.41160937875478076,-0.6808928430968191,0.051711
3.5470705938172316,-0.41160937875478076,2.253462511609344,0.0667387
3.5470705938172316,0.2788271752937277,2.253462511609344,0.0666273
3.5470705938172316,0.7966545908301095,1.9082442345850898,0.0610269
3.5470705938172316,3.0405733914877624,-1.8891568126817093,0.057194
3.719679732329359,-0.5842185172669083,-1.0261111201210729,0.0629192
3.719679732329359,0.2788271752937277,-0.6808928430968191,0.039573
3.719679732329359,0.2788271752937277,2.0808533730972165,0.0535593
3.719679732329359,0.7966545908301095,1.7356350960729623,0.0428239
3.719679732329359,1.1418728678543637,1.2178076805365805,0.0271581
3.719679732329359,1.832309421902873,1.2178076805365805,0.0335424
3.719679732329359,2.8679642529756366,1.7356350960729623,0.0553838
3.719679732329359,3.9036190840483984,-1.5439385356574546,0.038802
3.719679732329359,4.248837361072655,-1.1987202586332004,0.0372951
3.8922888708414867,-3.51857387197307,-0.5082837045846915,0.0854876
3.8922888708414867,-2.31030990238818,-1.3713293971453275,0.0767072
3.8922888708414867,-0.41160937875478076,2.0808533730972165,0.0514867
3.8922888708414867,0.10621803678160102,-0.8535019816089457,0.049079
3.8922888708414867,0.7966545908301095,1.7356350960729623,0.0292761
3.8922888708414867,1.3144820063664913,-1.3713293971453275,0.072315
3.8922888708414867,3.3857916685120193,-1.8891568126817093,0.04513
3.8922888708414867,4.766664776609034,1.045198542024453,0.0759851
4.064898009353614,-3.000746456436689,2.771289927145726,0.0712504
4.064898009353614,-2.4829190409003075,3.11650820416998,0.0780696
4.064898009353614,-1.7924824868517986,-1.8891568126817093,0.078172
4.064898009353614,-0.5842185172669083,-1.5439385356574546,0.0723672
4.064898009353614,0.10621803678160102,-1.0261111201210729,0.0585955
4.23750714786574,-0.2390002402426541,-1.3713293971453275,0.0708706
4.23750714786574,1.3144820063664913,-1.7165476741695818,0.0745704
4.23750714786574,3.9036190840483984,-1.8891568126817093,0.0380225
4.23750714786574,4.766664776609034,-0.6808928430968191,0.0367679
4.410116286377868,-4.381619564533707,0.6999802650001987,0.0891175
4.410116286377868,-4.381619564533707,0.8725894035123263,0.0880345
4.410116286377868,3.21318252999989,-2.234375089705963,0.0529325
4.582725424889995,-4.036401287509452,0.009543710951690265,0.0879653
4.582725424889995,-3.863792148997325,-0.1630654275604373,0.0863857
4.582725424889995,-3.51857387197307,2.0808533730972165,0.0680279
4.582725424889995,-3.000746456436689,-0.6808928430968191,0.0818674
4.582725424889995,-2.137700763876053,3.11650820416998,0.0793136
4.582725424889995,0.969263729342237,-2.234375089705963,0.0775276
4.582725424889995,1.832309421902873,1.7356350960729623,0.0330274
4.582725424889995,2.350136837439254,-2.0617659511938364,0.0686391
4.582725424889995,3.21318252999989,-2.4069842282180907,0.0580718
4.582725424889995,4.076228222560526,1.5630259575608347,0.0725032
4.582725424889995,4.421446499584781,-1.7165476741695818,0.0380895
4.582725424889995,4.766664776609034,-1.1987202586332004,0.036702
4.755334563402123,-4.209010426021579,1.045198542024453,0.084316
4.755334563402123,-0.9294367942911617,-2.0617659511938364,0.0779089
4.755334563402123,-0.9294367942911617,2.4260716501214707,0.0562319
4.755334563402123,-0.41160937875478076,-1.8891568126817093,0.0757908
4.755334563402123,2.350136837439254,-2.234375089705963,0.0707616
4.755334563402123,4.766664776609034,-1.3713293971453275,0.0393644
4.92794370191425,-3.51857387197307,-0.1630654275604373,0.0831052
4.92794370191425,-2.6555281794124346,-1.3713293971453275,0.0775209
4.92794370191425,-1.4472642098275443,2.771289927145726,0.0717897
4.92794370191425,-0.9294367942911617,-2.0617659511938364,0.077332
4.92794370191425,0.45143631380585525,-2.4069842282180907,0.0776018
5.100552840426376,-3.1733555949488164,1.9082442345850898,0.0690289
5.100552840426376,-1.2746550713154168,2.4260716501214707,0.0634512
5.100552840426376,-0.2390002402426541,2.253462511609344,0.0157531
5.100552840426376,0.2788271752937277,-2.4069842282180907,0.0768114
5.100552840426376,2.0049185604150006,-2.234375089705963,0.075718
5.100552840426376,4.939273915121162,-1.3713293971453275,0.0451664
5.273161978938504,-3.6911830104851977,0.6999802650001987,0.080387
5.273161978938504,-3.6911830104851977,0.8725894035123263,0.0794003
5.273161978938504,-2.6555281794124346,-1.1987202586332004,0.0759273
5.273161978938504,-1.4472642098275443,-2.0617659511938364,0.0767074
5.273161978938504,2.1775276989271264,2.253462511609344,0.0562584
5.273161978938504,4.766664776609034,0.527371126488072,0.0649999
5.273161978938504,5.111883053633291,-1.1987202586332004,0.049481
5.273161978938504,5.284492192145417,-0.6808928430968191,0.0551706
5.445771117450629,-3.3459647334609435,0.8725894035123263,0.0774178
5.445771117450629,-2.8281373179245617,-0.6808928430968191,0.0786198
5.445771117450629,-2.4829190409003075,-1.3713293971453275,0.0740509
5.445771117450629,4.594055638096909,0.6999802650001987,0.0683176
5.618380255962759,-3.1733555949488164,0.527371126488072,0.0782566
5.618380255962759,2.1775276989271264,-2.5795933667302178,0.0783441
5.618380255962759,4.076228222560526,-2.5795933667302178,0.0610453
5.618380255962759,4.248837361072655,-2.4069842282180907,0.0569339
5.618380255962759,4.939273915121162,0.527371126488072,0.0693682
5.618380255962759,5.111883053633291,0.3547619879759454,0.0695861
5.7909893944748845,-1.9650916253639261,1.7356350960729623,0.0692568
5.7909893944748845,-1.4472642098275443,-1.7165476741695818,0.0717863
5.7909893944748845,-1.4472642098275443,1.7356350960729623,0.062984
5.7909893944748845,1.4870911448786188,2.0808533730972165,0.0527048
5.7909893944748845,2.0049185604150006,-2.4069842282180907,0.076562
5.7909893944748845,2.1775276989271264,-2.5795933667302178,0.0781276
5.7909893944748845,4.076228222560526,-2.5795933667302178,0.0619281
5.7909893944748845,4.248837361072655,-2.4069842282180907,0.0578527
5.7909893944748845,5.284492192145417,0.18215284946381693,0.0717724
5.7909893944748845,5.457101330657545,-0.33567456607256396,0.0692161
5.963598532987014,0.10621803678160102,1.9082442345850898,0.0181373
5.963598532987014,0.7966545908301095,-2.4069842282180907,0.0724306
5.963598532987014,2.350136837439254,2.4260716501214707,0.0709282
5.963598532987014,3.0405733914877624,2.253462511609344,0.0740722
6.13620767149914,-3.000746456436689,0.009543710951690265,0.0765246
6.13620767149914,0.7966545908301095,1.5630259575608347,0.0431244
6.13620767149914,4.248837361072655,0.8725894035123263,0.0679126
6.308816810011265,-1.9650916253639261,-1.0261111201210729,0.0680488
6.481425948523395,-0.41160937875478076,-1.3713293971453275,0.0678743
6.481425948523395,-0.2390002402426541,-1.5439385356574546,0.0662408
6.481425948523395,-0.2390002402426541,1.2178076805365805,0.0460356
6.481425948523395,3.7310099455362726,1.045198542024453,0.0610707
6.481425948523395,4.248837361072655,-2.0617659511938364,0.0558311
6.6540350870355205,-2.6555281794124346,0.8725894035123263,0.0767085
6.6540350870355205,0.45143631380585525,1.2178076805365805,0.0553746
6.6540350870355205,1.4870911448786188,1.7356350960729623,0.0635188
6.6540350870355205,3.9036190840483984,-2.234375089705963,0.0590591
6.6540350870355205,4.076228222560526,-2.0617659511938364,0.0562342
6.6540350870355205,4.248837361072655,-1.8891568126817093,0.0547047
6.6540350870355205,4.939273915121162,0.3547619879759454,0.074377
6.6540350870355205,5.284492192145417,-0.6808928430968191,0.0720903
6.82664422554765,-2.6555281794124346,0.18215284946381693,0.0768248
6.82664422554765,-2.4829190409003075,0.8725894035123263,0.0766901
6.82664422554765,-2.31030990238818,1.045198542024453,0.0758175
6.82664422554765,-0.756827655779035,0.6999802650001987,0.0694036
6.82664422554765,2.0049185604150006,-1.3713293971453275,0.0552409
6.82664422554765,2.695355114463509,-2.234375089705963,0.0642356
6.82664422554765,3.7310099455362726,0.6999802650001987,0.0529355
6.82664422554765,4.939273915121162,0.18215284946381693,0.0739298
6.999253364059776,-1.2746550713154168,-0.33567456607256396,0.0718128
6.999253364059776,-0.9294367942911617,-0.33567456607256396,0.0720403
6.999253364059776,2.1775276989271264,-1.1987202586332004,0.0487293
7.171862502571905,-1.9650916253639261,0.527371126488072,0.0764638
7.171862502571905,-1.619873348339671,0.009543710951690265,0.0743871
7.171862502571905,-0.756827655779035,0.009543710951690265,0.0726848
7.171862502571905,3.21318252999989,-1.5439385356574546,0.0486755
7.171862502571905,4.076228222560526,0.18215284946381693,0.0553792
7.344471641084031,-0.5842185172669083,-0.5082837045846915,0.0717689
7.344471641084031,-0.41160937875478076,-0.8535019816089457,0.070243
7.344471641084031,1.832309421902873,0.18215284946381693,0.0552867
7.344471641084031,3.0405733914877624,-0.5082837045846915,0.0373067
7.344471641084031,3.0405733914877624,-0.33567456607256396,0.0365978
7.344471641084031,3.21318252999989,-0.33567456607256396,0.037924
7.344471641084031,3.3857916685120193,-0.33567456607256396,0.0399794
7.344471641084031,3.558400807024145,-0.33567456607256396,0.0426448
7.344471641084031,3.7310099455362726,-0.33567456607256396,0.0458362
7.344471641084031,3.9036190840483984,-0.33567456607256396,0.0493942
7.689689918108286,-0.06639110173052654,0.3547619879759454,0.0719084
7.689689918108286,0.45143631380585525,-1.0261111201210729,0.0686706
7.862299056620412,0.2788271752937277,-0.6808928430968191,0.0713498
