-5.625041009483633,0.22879241189454635,0.8035143149813031,0.141172
-5.625041009483633,0.38315128684682254,1.7296675646949637,0.158136
-5.625041009483633,0.5375101617990996,1.4209498147904105,0.152864
-5.470682134531356,-0.6973608378191143,0.9578731899335802,0.158399
-5.470682134531356,0.5375101617990996,0.49479656507674985,0.12844
-5.470682134531356,0.8462279117036529,0.8035143149813031,0.138734
-5.470682134531356,0.8462279117036529,1.4209498147904105,0.14871
-5.316323259579079,-0.6973608378191143,0.649155440029026,0.145473
-5.316323259579079,-0.07992533801000778,2.347103064504071,0.156807
-5.316323259579079,0.07443353694226928,0.1860788151721957,0.118425
-5.316323259579079,0.07443353694226928,2.347103064504071,0.153168
-5.161964384626803,-2.39530846229416,0.9578731899335802,0.131637
-5.161964384626803,-1.6235140875327758,0.1860788151721957,0.122798
-5.161964384626803,-1.0060785877236684,0.8035143149813031,0.151724
-5.161964384626803,-0.38864308791456104,0.1860788151721957,0.121587
-5.161964384626803,0.5375101617990996,2.347103064504071,0.137225
-5.161964384626803,0.8462279117036529,0.03171994021991864,0.124552
-5.007605509674526,-2.85838508715099,0.8035143149813031,0.126896
-5.007605509674526,-1.4691552125804987,1.1122320648858564,0.148977
-5.007605509674526,-1.1604374626759455,0.3404376901244728,0.130831
-5.007605509674526,-0.38864308791456104,2.5014619394563473,0.149409
-5.007605509674526,-0.07992533801000778,-0.12263893473235754,0.110114
-5.007605509674526,1.154945661608207,2.038385314599517,0.131699
-4.8532466347222485,-2.85838508715099,1.1122320648858564,0.126901
-4.8532466347222485,-2.39530846229416,1.4209498147904105,0.130116
-4.8532466347222485,-2.0865907123896057,-0.5857155595891879,0.101315
-4.8532466347222485,-1.777872962485052,-0.5857155595891879,0.100199
-4.8532466347222485,-1.777872962485052,1.4209498147904105,0.141329
-4.8532466347222485,-0.8517197127713914,0.03171994021991864,0.12025
-4.8532466347222485,0.07443353694226928,2.6558208144086253,0.127151
-4.8532466347222485,0.8462279117036529,-0.2769978096846346,0.122889
-4.8532466347222485,1.7723811614173153,1.5753086897426867,0.151334
-4.698887759769972,-3.0127439621032672,1.1122320648858564,0.124165
-4.698887759769972,-2.549667337246437,-0.5857155595891879,0.103486
-4.698887759769972,-2.2409495873418828,1.5753086897426867,0.129643
-4.698887759769972,-1.932231837437329,1.5753086897426867,0.135292
-4.698887759769972,-1.4691552125804987,-0.7400744345414649,0.0958502
-4.698887759769972,-0.5430019628668381,-0.2769978096846346,0.110112
-4.698887759769972,0.38315128684682254,-0.4313566846369117,0.110474
-4.698887759769972,1.00058678665593,2.5014619394563473,0.106321
-4.698887759769972,1.9267400363695915,1.5753086897426867,0.15355
-4.544528884817695,-2.549667337246437,-0.7400744345414649,0.0995949
-4.544528884817695,-1.0060785877236684,-0.7400744345414649,0.0972367
-4.544528884817695,-0.6973608378191143,2.5014619394563473,0.135746
-4.544528884817695,1.9267400363695915,1.7296675646949637,0.145624
-4.544528884817695,2.2354577862741447,1.1122320648858564,0.175647
-4.390170009865418,-3.3214617120078205,0.1860788151721957,0.117942
-4.390170009865418,-2.549667337246437,-0.8944333094937416,0.0961721
-4.390170009865418,-1.777872962485052,1.7296675646949637,0.132343
-4.390170009865418,-0.07992533801000778,2.8101796893609023,0.102786
-4.390170009865418,1.154945661608207,-0.4313566846369117,0.14085
-4.235811134913142,0.07443353694226928,-0.7400744345414649,0.108869
-4.081452259960864,-2.2409495873418828,-1.3575099343505728,0.0854427
-4.081452259960864,2.0810989113218685,0.03171994021991864,0.188748
-4.081452259960864,2.3898166612264227,0.8035143149813031,0.188127
-4.081452259960864,2.3898166612264227,0.9578731899335802,0.183862
-3.927093385008588,-3.167102837055544,-0.8944333094937416,0.104102
-3.927093385008588,-1.0060785877236684,-1.3575099343505728,0.0857281
-3.927093385008588,0.22879241189454635,2.9645385643131794,0.0747183
-3.927093385008588,1.9267400363695915,-0.12263893473235754,0.185813
-3.927093385008588,2.3898166612264227,0.9578731899335802,0.184515
-3.772734510056311,-1.1604374626759455,2.038385314599517,0.12272
-3.772734510056311,2.0810989113218685,0.03171994021991864,0.191805
-3.618375635104034,-3.938897211816928,-0.5857155595891879,0.114473
-3.618375635104034,-2.2409495873418828,1.8840264396472408,0.103347
-3.618375635104034,-1.0060785877236684,2.192744189551794,0.11138
-3.618375635104034,-0.5430019628668381,2.6558208144086253,0.0869293
-3.618375635104034,0.8462279117036529,-0.7400744345414649,0.135155
-3.4640167601517575,-3.4758205869600975,0.649155440029026,0.109519
-3.4640167601517575,-3.3214617120078205,-1.666227684255126,0.0968332
-3.4640167601517575,-0.6973608378191143,2.5014619394563473,0.090765
-3.4640167601517575,-0.38864308791456104,-1.3575099343505728,0.0958267
-3.4640167601517575,1.154945661608207,2.8101796893609023,0.0707756
-3.4640167601517575,2.0810989113218685,0.03171994021991864,0.190979
-3.309657885199481,-2.549667337246437,-1.9749454341596797,0.0855542
-3.309657885199481,-0.8517197127713914,-1.5118688093028494,0.089461
-3.309657885199481,2.2354577862741447,-0.2769978096846346,0.180629
-3.155299010247204,-1.777872962485052,-1.9749454341596797,0.0811799
-3.155299010247204,0.6918690367513767,-1.2031510593982957,0.119244
-3.155299010247204,1.4636634115127611,-0.5857155595891879,0.165919
-3.155299010247204,2.3898166612264227,0.649155440029026,0.181028
-3.0009401352949268,-3.167102837055544,1.2665909398381334,0.0930248
-2.8465812603426497,-4.556332711626036,-0.2769978096846346,0.117103
-2.8465812603426497,-4.0932560867692045,0.3404376901244728,0.107304
-2.8465812603426497,1.3093045365604832,2.5014619394563473,0.0894406
-2.8465812603426497,2.3898166612264227,1.4209498147904105,0.16055
-2.8465812603426497,2.544175536178697,1.1122320648858564,0.165987
-2.8465812603426497,3.1616110359878054,-0.5857155595891879,0.173904
-2.8465812603426497,3.1616110359878054,0.1860788151721957,0.170366
-2.692222385390373,-4.401973836673759,-1.5118688093028494,0.117033
-2.692222385390373,-3.7845383368646512,0.649155440029026,0.0996308
-2.692222385390373,0.07443353694226928,-1.666227684255126,0.100582
-2.537863510438096,-4.0932560867692045,-1.820586559207403,0.111261
-2.537863510438096,-2.85838508715099,-2.2836631840642334,0.0893581
-2.537863510438096,-2.7040262121987135,1.5753086897426867,0.084379
-2.537863510438096,-2.39530846229416,1.7296675646949637,0.085109
-2.537863510438096,-1.0060785877236684,2.038385314599517,0.0974357
-2.537863510438096,0.38315128684682254,2.5014619394563473,0.0787566
-2.537863510438096,2.544175536178697,-1.3575099343505728,0.170551
-2.537863510438096,3.1616110359878054,0.649155440029026,0.165887
-2.38350463548582,-3.4758205869600975,0.9578731899335802,0.0903763
-2.38350463548582,-2.2409495873418828,1.7296675646949637,0.0847649
-2.38350463548582,-1.932231837437329,-2.43802205901651,0.0811475
-2.38350463548582,-0.23428421296228397,2.192744189551794,0.0919463
-2.38350463548582,0.5375101617990996,2.347103064504071,0.0902767
-2.38350463548582,0.6918690367513767,2.347103064504071,0.0941319
-2.38350463548582,1.6180222864650382,2.347103064504071,0.13682
-2.2291457605335427,-3.7845383368646512,-1.9749454341596797,0.106947
-2.2291457605335427,0.6918690367513767,2.192744189551794,0.107683
-2.2291457605335427,2.0810989113218685,-1.5118688093028494,0.165731
-2.2291457605335427,2.852893286083251,-1.3575099343505728,0.175334
-2.2291457605335427,2.852893286083251,1.7296675646949637,0.163706
-2.0747868855812657,-4.556332711626036,-1.2031510593982957,0.118329
-2.0747868855812657,-2.2409495873418828,1.5753086897426867,0.0836861
-2.0747868855812657,-1.932231837437329,-2.592380933968787,0.0828711
-2.0747868855812657,3.007252161035529,1.5753086897426867,0.165715
-2.0747868855812657,3.3159699109400833,0.8035143149813031,0.167707
-1.9204280106289895,-3.630179461912374,-1.9749454341596797,0.107322
-1.9204280106289895,-2.85838508715099,1.2665909398381334,0.0820863
-1.9204280106289895,-2.39530846229416,-2.592380933968787,0.0867235
-1.9204280106289895,-1.777872962485052,1.5753086897426867,0.0888273
-1.9204280106289895,0.22879241189454635,1.8840264396472408,0.118284
-1.9204280106289895,0.6918690367513767,2.038385314599517,0.130626
-1.9204280106289895,1.6180222864650382,2.5014619394563473,0.152777
-1.9204280106289895,1.9267400363695915,2.5014619394563473,0.158583
-1.9204280106289895,3.6246876608446357,-0.4313566846369117,0.178486
-1.7660691356767124,-4.401973836673759,-1.2031510593982957,0.116527
-1.7660691356767124,-3.7845383368646512,-1.820586559207403,0.111453
-1.7660691356767124,-1.1604374626759455,-2.592380933968787,0.0884813
-1.7660691356767124,-0.07992533801000778,-2.2836631840642334,0.10558
-1.7660691356767124,1.6180222864650382,-1.666227684255126,0.163219
-1.7660691356767124,2.0810989113218685,-1.666227684255126,0.172579
-1.7660691356767124,2.0810989113218685,2.5014619394563473,0.163166
-1.7660691356767124,3.1616110359878054,-1.2031510593982957,0.182535
-1.6117102607244354,-3.938897211816928,0.3404376901244728,0.0945017
-1.6117102607244354,-3.630179461912374,0.649155440029026,0.0892426
-1.6117102607244354,-1.932231837437329,1.2665909398381334,0.0901497
-1.6117102607244354,-1.6235140875327758,-2.7467398089210637,0.0882355
-1.6117102607244354,2.2354577862741447,-1.820586559207403,0.175963
-1.6117102607244354,2.698534411130975,-1.5118688093028494,0.18166
-1.6117102607244354,3.1616110359878054,-1.2031510593982957,0.185033
-1.6117102607244354,4.087764285701468,-0.4313566846369117,0.17399
-1.6117102607244354,4.087764285701468,-0.12263893473235754,0.170341
-1.4573513857721583,-3.3214617120078205,0.8035143149813031,0.0857115
-1.4573513857721583,-2.39530846229416,-2.7467398089210637,0.0920304
-1.4573513857721583,-1.777872962485052,1.1122320648858564,0.0954559
-1.4573513857721583,3.779046535796912,-1.0487921844460186,0.18261
-1.4573513857721583,4.242123160653744,-0.8944333094937416,0.177026
-1.302992510819882,-4.0932560867692045,-0.8944333094937416,0.111074
-1.302992510819882,-2.85838508715099,0.9578731899335802,0.0834617
-1.302992510819882,-0.23428421296228397,1.7296675646949637,0.116297
-1.302992510819882,0.38315128684682254,-2.2836631840642334,0.130111
-1.302992510819882,2.3898166612264227,2.347103064504071,0.174007
-1.302992510819882,2.852893286083251,-1.5118688093028494,0.186696
-1.302992510819882,3.3159699109400833,1.7296675646949637,0.17912
-1.302992510819882,4.550840910558298,0.3404376901244728,0.159819
-1.302992510819882,4.705199785510574,-0.5857155595891879,0.170079
-1.148633635867605,-3.7845383368646512,0.03171994021991864,0.0942813
-1.148633635867605,-3.0127439621032672,0.8035143149813031,0.083524
-1.148633635867605,-2.0865907123896057,0.9578731899335802,0.0914893
-1.148633635867605,2.544175536178697,-2.592380933968787,0.172302
-1.148633635867605,3.1616110359878054,1.8840264396472408,0.181724
-1.148633635867605,3.3159699109400833,-1.3575099343505728,0.188102
-1.148633635867605,3.93340541074919,1.8840264396472408,0.174426
-1.148633635867605,4.8595586604628505,-0.12263893473235754,0.163034
-0.994274760915328,-3.7845383368646512,-1.0487921844460186,0.112028
-0.994274760915328,-3.630179461912374,-1.820586559207403,0.115092
-0.994274760915328,-0.5430019628668381,1.5753086897426867,0.116794
-0.994274760915328,-0.23428421296228397,-2.592380933968787,0.121692
-0.994274760915328,1.154945661608207,2.192744189551794,0.164739
-0.994274760915328,3.1616110359878054,-1.5118688093028494,0.188139
-0.994274760915328,3.6246876608446357,-1.5118688093028494,0.184089
-0.994274760915328,4.550840910558298,1.5753086897426867,0.166401
-0.8399158859630518,-3.3214617120078205,0.3404376901244728,0.0857287
-0.8399158859630518,-2.85838508715099,-2.7467398089210637,0.107145
-0.8399158859630518,-1.1604374626759455,1.2665909398381334,0.115021
-0.8399158859630518,-0.5430019628668381,1.5753086897426867,0.12209
-0.8399158859630518,2.0810989113218685,-3.0554575588256174,0.166435
-0.8399158859630518,2.2354577862741447,2.192744189551794,0.182439
-0.8399158859630518,3.007252161035529,2.038385314599517,0.184709
-0.8399158859630518,3.6246876608446357,2.192744189551794,0.178581
-0.8399158859630518,3.779046535796912,2.192744189551794,0.177119
-0.8399158859630518,4.8595586604628505,0.8035143149813031,0.158505
-0.6855570110107747,-3.3214617120078205,0.1860788151721957,0.0866635
-0.6855570110107747,-3.0127439621032672,0.49479656507674985,0.0832784
-0.6855570110107747,-1.3147963376282217,-2.7467398089210637,0.111355
-0.6855570110107747,-1.0060785877236684,1.5753086897426867,0.126465
-0.6855570110107747,0.07443353694226928,1.5753086897426867,0.14035
-0.6855570110107747,0.38315128684682254,1.5753086897426867,0.153943
-0.6855570110107747,3.4703287858923595,-1.666227684255126,0.18332
-0.5311981360584976,-3.3214617120078205,0.03171994021991864,0.0881108
-0.5311981360584976,-2.85838508715099,0.49479656507674985,0.0835356
-0.5311981360584976,-2.549667337246437,0.649155440029026,0.085514
-0.5311981360584976,-2.0865907123896057,0.8035143149813031,0.0944709
-0.5311981360584976,-1.3147963376282217,1.7296675646949637,0.128827
-0.5311981360584976,-0.8517197127713914,1.8840264396472408,0.133381
-0.5311981360584976,0.6918690367513767,-2.7467398089210637,0.153338
-0.5311981360584976,3.1616110359878054,-2.1293043091119563,0.174054
-0.5311981360584976,5.013917535415128,0.649155440029026,0.159445
-0.37683926110622146,-3.4758205869600975,-0.4313566846369117,0.0960588
-0.37683926110622146,-3.3214617120078205,-0.12263893473235754,0.0900114
-0.37683926110622146,-1.6235140875327758,1.7296675646949637,0.125349
-0.37683926110622146,2.3898166612264227,1.8840264396472408,0.197864
-0.37683926110622146,2.852893286083251,-2.7467398089210637,0.165561
-0.37683926110622146,4.705199785510574,1.8840264396472408,0.166569
-0.37683926110622146,5.168276410367405,-0.7400744345414649,0.165358
-0.2224803861539444,-3.4758205869600975,-2.2836631840642334,0.120768
-0.2224803861539444,-3.4758205869600975,-0.5857155595891879,0.0988039
-0.2224803861539444,-3.167102837055544,-2.592380933968787,0.120202
-0.2224803861539444,-2.2409495873418828,0.649155440029026,0.0921961
-0.2224803861539444,-0.07992533801000778,1.8840264396472408,0.143913
-0.2224803861539444,0.07443353694226928,1.7296675646949637,0.149065
-0.2224803861539444,0.22879241189454635,1.5753086897426867,0.157117
-0.2224803861539444,2.698534411130975,-2.9010986838733404,0.163181
-0.2224803861539444,4.396482035606022,2.192744189551794,0.169951
-0.06812151120166732,-1.1604374626759455,2.347103064504071,0.131919
-0.06812151120166732,-0.6973608378191143,2.347103064504071,0.134904
-0.06812151120166732,-0.07992533801000778,2.038385314599517,0.142307
-0.06812151120166732,0.07443353694226928,1.8840264396472408,0.147516
-0.06812151120166732,0.38315128684682254,1.5753086897426867,0.166794
-0.06812151120166732,1.154945661608207,1.7296675646949637,0.204479
-0.06812151120166732,2.852893286083251,-2.7467398089210637,0.162006
0.08623736375060886,-3.4758205869600975,-0.8944333094937416,0.10546
0.08623736375060886,3.007252161035529,2.192744189551794,0.181086
0.08623736375060886,5.168276410367405,-0.5857155595891879,0.161278
0.08623736375060886,5.168276410367405,0.03171994021991864,0.162555
0.24059623870288593,-2.2409495873418828,0.649155440029026,0.0954848
0.24059623870288593,-2.2409495873418828,0.8035143149813031,0.0977442
0.24059623870288593,-2.2409495873418828,0.9578731899335802,0.100304
0.24059623870288593,-1.932231837437329,2.038385314599517,0.119635
0.24059623870288593,-1.6235140875327758,-2.592380933968787,0.132677
0.24059623870288593,-1.1604374626759455,2.5014619394563473,0.129567
0.24059623870288593,-0.23428421296228397,2.347103064504071,0.134395
0.24059623870288593,3.6246876608446357,2.347103064504071,0.170922
0.24059623870288593,3.779046535796912,2.347103064504071,0.169679
0.24059623870288593,3.93340541074919,-1.666227684255126,0.16967
0.24059623870288593,4.8595586604628505,1.5753086897426867,0.160833
0.394955113655163,-3.3214617120078205,-1.9749454341596797,0.124089
0.394955113655163,-3.3214617120078205,-1.0487921844460186,0.109215
0.394955113655163,-3.0127439621032672,-0.5857155595891879,0.0982458
0.394955113655163,-2.549667337246437,-0.12263893473235754,0.0914809
0.394955113655163,1.4636634115127611,-3.0554575588256174,0.161563
0.5493139886074392,-1.4691552125804987,-2.7467398089210637,0.137559
0.5493139886074392,3.007252161035529,2.038385314599517,0.178146
0.5493139886074392,3.1616110359878054,-2.1293043091119563,0.164083
0.5493139886074392,3.3159699109400833,-1.820586559207403,0.170806
0.7036728635597171,-2.39530846229416,0.649155440029026,0.0922416
0.7036728635597171,-1.6235140875327758,-2.43802205901651,0.135657
0.7036728635597171,0.07443353694226928,2.347103064504071,0.12985
0.8580317385119942,-2.549667337246437,-1.3575099343505728,0.116695
0.8580317385119942,-2.2409495873418828,-0.5857155595891879,0.100478
0.8580317385119942,-0.8517197127713914,2.6558208144086253,0.125311
0.8580317385119942,0.38315128684682254,2.192744189551794,0.135495
0.8580317385119942,2.544175536178697,-2.7467398089210637,0.156323
0.8580317385119942,4.705199785510574,-0.8944333094937416,0.157142
0.8580317385119942,5.013917535415128,0.3404376901244728,0.162979
1.0123906134642713,-2.39530846229416,0.1860788151721957,0.0891415
1.0123906134642713,-2.0865907123896057,-1.0487921844460186,0.110812
1.0123906134642713,-1.6235140875327758,-2.1293043091119563,0.132265
1.0123906134642713,-1.3147963376282217,2.6558208144086253,0.124584
1.0123906134642713,0.6918690367513767,-3.0554575588256174,0.154318
1.0123906134642713,1.6180222864650382,-2.9010986838733404,0.161944
1.0123906134642713,1.6180222864650382,1.7296675646949637,0.214558
1.0123906134642713,1.9267400363695915,-2.9010986838733404,0.159281
1.0123906134642713,3.779046535796912,-1.3575099343505728,0.166645
1.1667494884165475,-2.2409495873418828,2.038385314599517,0.105839
1.1667494884165475,-1.0060785877236684,2.8101796893609023,0.123499
1.1667494884165475,3.93340541074919,1.7296675646949637,0.156888
1.1667494884165475,4.242123160653744,1.5753086897426867,0.155735
1.3211083633688245,-1.6235140875327758,-1.820586559207403,0.123664
1.3211083633688245,0.8462279117036529,1.8840264396472408,0.148455
1.3211083633688245,1.00058678665593,1.7296675646949637,0.165433
1.3211083633688245,2.3898166612264227,-2.7467398089210637,0.157991
1.3211083633688245,3.007252161035529,-2.2836631840642334,0.161862
1.3211083633688245,4.8595586604628505,-0.2769978096846346,0.1595
1.4754672383211007,1.4636634115127611,-2.7467398089210637,0.161777
1.4754672383211007,1.4636634115127611,1.4209498147904105,0.199096
1.4754672383211007,3.007252161035529,1.4209498147904105,0.17526
1.6298261132733787,-1.932231837437329,-1.3575099343505728,0.103849
1.6298261132733787,-1.777872962485052,3.427615189170009,0.122451
1.6298261132733787,-1.4691552125804987,-1.9749454341596797,0.121086
1.6298261132733787,1.00058678665593,-2.592380933968787,0.160279
1.6298261132733787,1.9267400363695915,-2.7467398089210637,0.160287
1.6298261132733787,1.9267400363695915,0.9578731899335802,0.207062
1.6298261132733787,2.2354577862741447,0.8035143149813031,0.204113
1.6298261132733787,3.1616110359878054,-1.820586559207403,0.169064
1.6298261132733787,3.3159699109400833,1.4209498147904105,0.166134
1.784184988225653,-2.7040262121987135,1.2665909398381334,0.0845289
1.784184988225653,-2.7040262121987135,1.4209498147904105,0.0860532
1.784184988225653,-2.0865907123896057,-1.0487921844460186,0.0947491
1.784184988225653,-1.3147963376282217,-2.1293043091119563,0.12274
1.784184988225653,-1.0060785877236684,3.581974064122287,0.120954
1.784184988225653,-0.6973608378191143,3.427615189170009,0.117141
1.784184988225653,0.07443353694226928,-2.9010986838733404,0.147335
1.784184988225653,0.8462279117036529,1.8840264396472408,0.126965
1.938543863177931,-2.549667337246437,2.8101796893609023,0.107025
1.938543863177931,-1.3147963376282217,-2.1293043091119563,0.11871
1.938543863177931,1.154945661608207,-2.43802205901651,0.159802
1.938543863177931,1.9267400363695915,-2.592380933968787,0.161951
1.938543863177931,2.2354577862741447,-0.2769978096846346,0.183952
1.938543863177931,2.544175536178697,0.03171994021991864,0.188165
1.938543863177931,2.698534411130975,0.649155440029026,0.184036
2.092902738130207,0.07443353694226928,2.9645385643131794,0.105265
2.092902738130207,0.6918690367513767,-2.592380933968787,0.152042
2.092902738130207,1.7723811614173153,-0.2769978096846346,0.16458
2.092902738130207,2.698534411130975,-2.1293043091119563,0.166701
2.247261613082485,-2.7040262121987135,2.6558208144086253,0.101278
2.247261613082485,-2.549667337246437,3.1188974392654556,0.111384
2.247261613082485,-2.0865907123896057,-1.0487921844460186,0.0879788
2.247261613082485,3.007252161035529,0.3404376901244728,0.177773
2.247261613082485,3.1616110359878054,-0.2769978096846346,0.17909
2.247261613082485,3.779046535796912,0.8035143149813031,0.168979
2.247261613082485,4.242123160653744,0.03171994021991864,0.170871
2.247261613082485,4.242123160653744,0.3404376901244728,0.169776
2.4016204880347614,-2.0865907123896057,-1.0487921844460186,0.0864202
2.4016204880347614,-1.932231837437329,-1.5118688093028494,0.0910702
2.4016204880347614,-1.3147963376282217,-2.2836631840642334,0.110186
2.4016204880347614,1.4636634115127611,-2.1293043091119563,0.15607
2.4016204880347614,3.4703287858923595,0.1860788151721957,0.175747
2.4016204880347614,3.6246876608446357,0.3404376901244728,0.174209
2.5559793629870393,-2.85838508715099,1.5753086897426867,0.0834236
2.5559793629870393,-2.85838508715099,1.7296675646949637,0.0851353
2.5559793629870393,-2.7040262121987135,2.8101796893609023,0.103039
2.5559793629870393,-2.39530846229416,0.3404376901244728,0.0832971
2.5559793629870393,-2.2409495873418828,3.581974064122287,0.119317
2.5559793629870393,-2.0865907123896057,-1.0487921844460186,0.0851657
2.5559793629870393,-0.8517197127713914,-2.7467398089210637,0.12214
2.5559793629870393,0.8462279117036529,1.2665909398381334,0.112089
2.5559793629870393,1.00058678665593,-2.592380933968787,0.147481
2.5559793629870393,2.0810989113218685,-1.5118688093028494,0.161459
2.7103382379393155,-2.85838508715099,1.8840264396472408,0.0863527
2.7103382379393155,-2.0865907123896057,-0.4313566846369117,0.0871473
2.7103382379393155,-0.6973608378191143,-2.9010986838733404,0.124987
2.7103382379393155,1.6180222864650382,-1.5118688093028494,0.14416
2.8646971128915917,-2.85838508715099,1.5753086897426867,0.0823913
2.8646971128915917,-2.85838508715099,1.7296675646949637,0.0841137
2.8646971128915917,-2.39530846229416,0.3404376901244728,0.0824979
2.8646971128915917,1.4636634115127611,-1.820586559207403,0.138469
2.8646971128915917,1.4636634115127611,-0.12263893473235754,0.117802
2.8646971128915917,1.6180222864650382,-0.8944333094937416,0.128597
3.019055987843868,-2.39530846229416,3.2732563142177327,0.112472
3.019055987843868,-2.0865907123896057,3.581974064122287,0.118255
3.173414862796146,-2.7040262121987135,2.347103064504071,0.0934986
3.173414862796146,0.07443353694226928,2.9645385643131794,0.0963514
3.173414862796146,1.4636634115127611,-1.666227684255126,0.127581
3.3277737377484238,-2.39530846229416,2.9645385643131794,0.106973
3.3277737377484238,0.6918690367513767,2.038385314599517,0.0913899
3.3277737377484238,1.3093045365604832,-2.1293043091119563,0.130919
3.3277737377484238,1.4636634115127611,-1.5118688093028494,0.121745
3.4821326127007,-2.549667337246437,0.3404376901244728,0.0773378
3.4821326127007,-2.2409495873418828,-0.5857155595891879,0.079428
3.4821326127007,-0.23428421296228397,-3.0554575588256174,0.129205
3.4821326127007,-0.07992533801000778,2.9645385643131794,0.0965828
3.4821326127007,1.3093045365604832,-1.9749454341596797,0.126137
3.636491487652978,-2.39530846229416,-0.12263893473235754,0.0779484
3.636491487652978,0.22879241189454635,2.6558208144086253,0.0916071
3.636491487652978,0.5375101617990996,-2.9010986838733404,0.134659
3.636491487652978,1.154945661608207,0.49479656507674985,0.0963404
3.790850362605254,-2.7040262121987135,1.7296675646949637,0.0855717
3.790850362605254,-1.6235140875327758,-1.820586559207403,0.0907114
3.790850362605254,-1.1604374626759455,-2.2836631840642334,0.103447
3.790850362605254,-0.8517197127713914,3.1188974392654556,0.108999
3.790850362605254,-0.23428421296228397,-2.9010986838733404,0.126309
3.790850362605254,1.154945661608207,-1.9749454341596797,0.122561
3.790850362605254,1.3093045365604832,-1.3575099343505728,0.111951
3.9452092375575303,1.3093045365604832,0.03171994021991864,0.0953463
4.0995681125098065,-2.2409495873418828,-0.7400744345414649,0.080082
4.0995681125098065,1.3093045365604832,-0.5857155595891879,0.0990928
4.253926987462084,-2.7040262121987135,1.1122320648858564,0.0821397
4.253926987462084,-2.7040262121987135,1.2665909398381334,0.0833902
4.253926987462084,0.5375101617990996,-2.1293043091119563,0.123932
4.408285862414361,0.8462279117036529,1.2665909398381334,0.0880152
4.408285862414361,1.154945661608207,0.3404376901244728,0.0923118
4.562644737366639,0.8462279117036529,1.1122320648858564,0.0884034
4.717003612318915,-2.549667337246437,1.7296675646949637,0.0933556
4.717003612318915,-2.39530846229416,2.192744189551794,0.101285
4.717003612318915,1.00058678665593,0.49479656507674985,0.0918753
4.871362487271191,-1.777872962485052,-1.2031510593982957,0.0919999
4.871362487271191,0.38315128684682254,1.8840264396472408,0.092208
5.025721362223467,-2.0865907123896057,-0.12263893473235754,0.088656
5.025721362223467,0.6918690367513767,0.8035143149813031,0.0926998
5.180080237175745,-2.39530846229416,1.5753086897426867,0.0985357
5.180080237175745,-2.0865907123896057,0.49479656507674985,0.0928616
5.180080237175745,-0.6973608378191143,2.8101796893609023,0.111198
5.180080237175745,0.22879241189454635,1.7296675646949637,0.0956902
5.180080237175745,0.8462279117036529,0.1860788151721957,0.096664
5.334439112128021,-2.2409495873418828,2.038385314599517,0.107666
5.334439112128021,-1.3147963376282217,2.8101796893609023,0.117011
5.334439112128021,-1.0060785877236684,2.8101796893609023,0.115508
5.334439112128021,0.8462279117036529,-0.4313566846369117,0.103745
5.334439112128021,0.8462279117036529,-0.2769978096846346,0.101976
5.488797987080299,-1.4691552125804987,-1.2031510593982957,0.104037
5.488797987080299,-0.23428421296228397,2.192744189551794,0.105751
5.643156862032575,-0.23428421296228397,1.4209498147904105,0.10589
5.643156862032575,-0.23428421296228397,1.7296675646949637,0.105848
5.797515736984853,-1.6235140875327758,2.192744189551794,0.117323
5.797515736984853,-1.4691552125804987,-0.5857155595891879,0.10646
5.797515736984853,-1.3147963376282217,-1.0487921844460186,0.109802
5.797515736984853,-1.1604374626759455,0.9578731899335802,0.112202
5.797515736984853,-1.0060785877236684,-1.3575099343505728,0.114761
5.797515736984853,-1.0060785877236684,0.9578731899335802,0.112863
5.797515736984853,-0.8517197127713914,0.49479656507674985,0.113682
5.797515736984853,-0.6973608378191143,1.1122320648858564,0.112124
5.797515736984853,-0.6973608378191143,2.192744189551794,0.114162
6.106233486889406,0.07443353694226928,-0.2769978096846346,0.115739
