-7.22967246669264,0.08280194531432628,0.9466800336236174,-0.076268
-7.22967246669264,0.5681167131727554,0.784908444337475,-0.070221
-7.22967246669264,1.376974659603472,-1.4798938056685302,0.00670575
-7.22967246669264,1.7005178381757577,-0.3474926806655283,0.000612025
-7.0679008774064975,0.2445735346004687,-0.3474926806655283,-0.0397985
-7.0679008774064975,0.40634512388661204,-0.8328074485239574,-0.0249664
-6.906129288120354,-0.7260560011163903,0.9466800336236174,-0.0694595
-6.906129288120354,2.0240610167480435,-0.023949502093241648,-0.00336784
-6.744357698834211,0.2445735346004687,1.9173095693404774,-0.0810465
-6.744357698834211,0.40634512388661204,1.9173095693404774,-0.0820554
-6.744357698834211,2.5093757846064744,-1.4798938056685302,0.0229507
-6.744357698834211,2.6711473738926177,-0.9945790378101012,0.0195749
-6.744357698834211,2.6711473738926177,-0.8328074485239574,0.0175824
-6.5825861095480676,-0.7260560011163903,-0.3474926806655283,-0.0478404
-6.5825861095480676,0.08280194531432628,-1.641665394954674,-0.0269374
-6.420814520261924,-1.2113707689748194,0.784908444337475,-0.05231
-6.420814520261924,-0.5642844118302479,-0.8328074485239574,-0.037833
-6.420814520261924,2.6711473738926177,-1.4798938056685302,0.0202021
-6.259042930975781,-0.4025128225441037,-1.4798938056685302,-0.0329895
-6.259042930975781,0.40634512388661204,-2.126980162813103,-0.0212608
-6.259042930975781,1.862289427461901,0.9466800336236174,-0.0504892
-6.097271341689638,-1.2113707689748194,2.4026243371989064,-0.00509635
-6.097271341689638,-0.24074123325796037,2.240852747912763,-0.0538455
-6.097271341689638,0.08280194531432628,-2.126980162813103,-0.0272101
-6.097271341689638,2.185832606034187,0.4613652657651883,-0.025204
-5.935499752403494,-1.8584571261193927,2.0790811586266207,-0.00359211
-5.935499752403494,1.376974659603472,-2.288751752099247,0.00349839
-5.773728163117352,-2.182000304691679,2.240852747912763,0.000624814
-5.773728163117352,-2.182000304691679,2.4026243371989064,0.00326077
-5.773728163117352,-1.6966855368332499,1.270223212195904,-0.014344
-5.773728163117352,-1.6966855368332499,3.211482283629623,0.0172687
-5.773728163117352,-1.534913947547106,0.1378220871929008,-0.0261627
-5.773728163117352,2.8329189631787592,-0.5092642699516707,-0.00418722
-5.611956573831208,-1.6966855368332499,0.299593676479045,-0.0177668
-5.611956573831208,2.0240610167480435,1.1084516229097607,-0.0500751
-5.611956573831208,2.347604195320331,0.4613652657651883,-0.0273508
-5.611956573831208,2.6711473738926177,-1.4798938056685302,0.00657861
-5.450184984545064,1.2152030703173287,-2.4505233413853897,0.00576966
-5.450184984545064,1.5387462488896144,-2.288751752099247,0.0110558
-5.450184984545064,1.5387462488896144,1.9173095693404774,-0.0639962
-5.288413395258922,1.862289427461901,-2.126980162813103,0.0129035
-5.126641805972779,-1.534913947547106,3.696797051488053,0.0185324
-5.126641805972779,-1.049599179688677,3.696797051488053,0.0174063
-4.964870216686635,-2.5055434832639656,3.0497106943434797,0.00745204
-4.964870216686635,-2.3437718939778227,0.4613652657651883,0.00488528
-4.964870216686635,-2.0202287154055356,3.535025462201908,0.0144177
-4.964870216686635,0.891659891745042,2.240852747912763,-0.0484758
-4.964870216686635,1.7005178381757577,1.5937663907681907,-0.0519544
-4.803098627400492,-2.6673150725501085,2.8879391050573355,0.00538907
-4.803098627400492,-2.0202287154055356,-0.023949502093241648,0.00151403
-4.803098627400492,-1.3731423582609628,-1.318122216382387,-0.0177429
-4.6413270381143485,-3.3144014296946813,2.0790811586266207,0.0135703
-4.6413270381143485,-0.4025128225441037,-2.774066519957676,-0.00574912
-4.479555448828206,-0.8878275904025337,3.696797051488053,0.0093221
-4.479555448828206,2.347604195320331,0.1378220871929008,-0.0266634
-4.479555448828206,2.5093757846064744,-0.18572109137938497,-0.0251248
-4.317783859542063,-2.9908582511223956,0.4613652657651883,0.0206324
-4.317783859542063,-2.3437718939778227,0.1378220871929008,0.0136836
-4.317783859542063,-0.5642844118302479,3.535025462201908,0.00471931
-4.317783859542063,1.7005178381757577,-2.9358381092438193,0.0300784
-4.1560122702559195,-1.8584571261193927,-1.156350627096244,-0.00540523
-4.1560122702559195,-1.3731423582609628,3.696797051488053,0.00782508
-4.1560122702559195,-1.2113707689748194,3.696797051488053,0.00748841
-4.1560122702559195,0.2445735346004687,2.5643959264850498,-0.00469896
-4.1560122702559195,1.2152030703173287,1.5937663907681907,-0.0274391
-4.1560122702559195,2.185832606034187,-2.126980162813103,0.00959344
-4.1560122702559195,2.5093757846064744,-0.8328074485239574,-0.0205337
-3.994240680969777,-1.8584571261193927,3.535025462201908,0.00755665
-3.994240680969777,0.2445735346004687,2.5643959264850498,-0.0019416
-3.994240680969777,1.376974659603472,0.9466800336236174,-0.0181958
-3.994240680969777,2.347604195320331,-1.641665394954674,-0.00465221
-3.994240680969777,2.347604195320331,-0.3474926806655283,-0.0224369
-3.832469091683633,1.862289427461901,0.1378220871929008,-0.0172794
-3.6706975023974895,-3.4761730189808246,1.1084516229097607,0.0263161
-3.6706975023974895,-2.3437718939778227,-0.5092642699516707,0.016386
-3.6706975023974895,-0.7260560011163903,-2.4505233413853897,0.0162096
-3.6706975023974895,-0.5642844118302479,-2.6122949306715326,0.0176804
-3.508925913111346,-2.5055434832639656,-0.6710358592378141,0.0172869
-3.508925913111346,-2.3437718939778227,-0.9945790378101012,0.0132766
-3.508925913111346,-1.8584571261193927,-1.641665394954674,0.0116116
-3.508925913111346,-0.7260560011163903,-2.4505233413853897,0.0211418
-3.347154323825203,-3.1526298404085384,0.784908444337475,0.0251585
-3.347154323825203,-2.182000304691679,3.211482283629623,0.00944592
-3.347154323825203,-2.0202287154055356,-1.641665394954674,0.0128544
-3.347154323825203,-0.8878275904025337,-2.4505233413853897,0.0243797
-3.347154323825203,-0.7260560011163903,3.535025462201908,0.0121582
-3.1853827345390604,-2.829086661836252,0.4613652657651883,0.026329
-3.1853827345390604,-2.182000304691679,-1.641665394954674,0.012328
-3.1853827345390604,0.40634512388661204,1.755537980054334,0.0113167
-3.1853827345390604,0.7298883024588978,1.270223212195904,0.00544657
-3.1853827345390604,2.185832606034187,-1.156350627096244,0.00195184
-3.023611145252917,-2.9908582511223956,2.0790811586266207,0.0124246
-3.023611145252917,-2.829086661836252,0.4613652657651883,0.026589
-3.023611145252917,-2.829086661836252,0.6231368550513317,0.0249396
-3.023611145252917,-2.5055434832639656,2.726167515771192,0.00895413
-3.023611145252917,-1.3731423582609628,-2.6122949306715326,0.0261244
-3.023611145252917,-1.3731423582609628,3.535025462201908,0.0162391
-3.023611145252917,-0.8878275904025337,3.535025462201908,0.0179468
-3.023611145252917,-0.24074123325796037,3.211482283629623,0.0186238
-3.023611145252917,0.2445735346004687,-2.9358381092438193,0.0389195
-3.023611145252917,0.7298883024588978,1.1084516229097607,0.00741935
-3.023611145252917,2.347604195320331,-0.8328074485239574,0.0118365
-2.8618395559667738,-2.5055434832639656,2.5643959264850498,0.00894171
-2.8618395559667738,-0.7260560011163903,-2.774066519957676,0.0337401
-2.7000679666806313,-2.182000304691679,2.8879391050573355,0.0131043
-2.7000679666806313,-0.4025128225441037,3.211482283629623,0.0252262
-2.7000679666806313,1.0534314810311853,-2.6122949306715326,0.0379628
-2.7000679666806313,2.6711473738926177,-0.023949502093241648,0.0256034
-2.538296377394487,-0.5642844118302479,3.211482283629623,0.0280784
-2.538296377394487,0.2445735346004687,-2.4505233413853897,0.0374343
-2.538296377394487,1.7005178381757577,0.784908444337475,0.0203704
-2.538296377394487,2.6711473738926177,-0.9945790378101012,0.0218048
-2.538296377394487,2.8329189631787592,-0.5092642699516707,0.0257105
-2.3765247881083438,-2.6673150725501085,-1.4798938056685302,0.00500411
-2.3765247881083438,-2.3437718939778227,-1.9652085735269598,0.0089535
-2.3765247881083438,-2.182000304691679,2.240852747912763,0.012476
-2.3765247881083438,-1.3731423582609628,3.211482283629623,0.0255603
-2.3765247881083438,0.891659891745042,-2.126980162813103,0.0309112
-2.3765247881083438,2.8329189631787592,-0.8328074485239574,0.0245177
-2.2147531988222005,-0.8878275904025337,3.0497106943434797,0.0315731
-2.2147531988222005,0.7298883024588978,-2.126980162813103,0.0320081
-2.052981609536057,-1.6966855368332499,1.9173095693404774,0.0204813
-2.052981609536057,-1.6966855368332499,2.4026243371989064,0.0229048
-2.052981609536057,-0.4025128225441037,2.4026243371989064,0.0372106
-2.052981609536057,-0.07896964397181705,-2.6122949306715326,0.0364816
-2.052981609536057,2.9946905524649043,-0.18572109137938497,0.0287352
-1.8912100202499147,-2.829086661836252,-1.156350627096244,-0.00719692
-1.8912100202499147,-1.6966855368332499,1.1084516229097607,0.0197919
-1.8912100202499147,-1.3731423582609628,1.9173095693404774,0.0270918
-1.8912100202499147,-1.049599179688677,2.4026243371989064,0.0336251
-1.8912100202499147,-0.4025128225441037,-2.774066519957676,0.0371481
-1.8912100202499147,0.08280194531432628,-2.4505233413853897,0.0350263
-1.8912100202499147,0.7298883024588978,1.755537980054334,0.0320812
-1.8912100202499147,1.7005178381757577,-2.288751752099247,0.0254487
-1.7294384309637714,-1.8584571261193927,0.9466800336236174,0.0154934
-1.7294384309637714,0.40634512388661204,2.0790811586266207,0.0368237
-1.7294384309637714,1.2152030703173287,1.270223212195904,0.0298425
-1.7294384309637714,2.5093757846064744,-1.641665394954674,0.020463
-1.7294384309637714,2.5093757846064744,0.784908444337475,0.0290948
-1.7294384309637714,2.6711473738926177,0.6231368550513317,0.0292914
-1.7294384309637714,2.8329189631787592,-1.156350627096244,0.024018
-1.567666841677628,-0.5642844118302479,2.240852747912763,0.0380639
-1.567666841677628,-0.07896964397181705,-2.4505233413853897,0.0343388
-1.567666841677628,0.08280194531432628,2.240852747912763,0.0387932
-1.567666841677628,1.376974659603472,1.270223212195904,0.0317879
-1.567666841677628,1.862289427461901,-2.4505233413853897,0.0285151
-1.4058952523914856,-3.1526298404085384,-0.18572109137938497,-0.0408044
-1.4058952523914856,-2.5055434832639656,0.6231368550513317,-0.0175366
-1.4058952523914856,1.0534314810311853,1.5937663907681907,0.0342358
-1.2441236631053423,-3.3144014296946813,-0.3474926806655283,-0.0518666
-1.2441236631053423,-1.3731423582609628,-2.4505233413853897,0.0223082
-1.2441236631053423,-1.3731423582609628,1.5937663907681907,0.0229128
-1.2441236631053423,-0.8878275904025337,2.0790811586266207,0.0327774
-1.2441236631053423,1.0534314810311853,-2.774066519957676,0.0353174
-1.2441236631053423,1.5387462488896144,1.5937663907681907,0.035887
-1.2441236631053423,2.9946905524649043,0.784908444337475,0.0319242
-1.2441236631053423,3.1564621417510477,-0.3474926806655283,0.0319318
-1.2441236631053423,3.1564621417510477,-0.023949502093241648,0.0321607
-1.082352073819198,-2.829086661836252,-1.4798938056685302,-0.0476605
-1.082352073819198,-2.5055434832639656,-1.641665394954674,-0.0374769
-1.082352073819198,-2.0202287154055356,0.9466800336236174,-0.00551218
-1.082352073819198,0.2445735346004687,-2.4505233413853897,0.0327519
-1.082352073819198,2.9946905524649043,1.4319948014820465,0.0365152
-0.9205804845330547,0.2445735346004687,-2.4505233413853897,0.0321611
-0.9205804845330547,1.2152030703173287,1.755537980054334,0.0370036
-0.9205804845330547,3.1564621417510477,1.4319948014820465,0.0366885
-0.9205804845330547,3.318233731037189,0.784908444337475,0.0322042
-0.7588088952469114,-3.637944608266968,-0.18572109137938497,-0.0623511
-0.7588088952469114,-3.3144014296946813,-1.318122216382387,-0.0598666
-0.7588088952469114,-0.5642844118302479,2.0790811586266207,0.0314012
-0.7588088952469114,0.5681167131727554,1.9173095693404774,0.0354432
-0.7588088952469114,3.4800053203233343,0.6231368550513317,0.0325034
-0.5970373059607699,-3.4761730189808246,0.4613652657651883,-0.0582517
-0.5970373059607699,0.891659891745042,1.755537980054334,0.0355329
-0.5970373059607699,1.376974659603472,-2.774066519957676,0.035691
-0.43526571667462477,-1.3731423582609628,1.4319948014820465,0.0196358
-0.43526571667462477,-0.4025128225441037,1.9173095693404774,0.0287831
-0.43526571667462477,-0.07896964397181705,-1.9652085735269598,0.0295087
-0.43526571667462477,3.803548498895619,-0.8328074485239574,0.0439244
-0.27349412738848144,-3.799716197553111,-0.5092642699516707,-0.065643
-0.27349412738848144,-2.9908582511223956,-1.8034369842408169,-0.055653
-0.27349412738848144,-1.3731423582609628,1.4319948014820465,0.0190842
-0.27349412738848144,-0.4025128225441037,-1.8034369842408169,0.0315022
-0.27349412738848144,1.5387462488896144,-2.6122949306715326,0.0341128
-0.27349412738848144,1.862289427461901,-2.4505233413853897,0.0338742
-0.27349412738848144,3.803548498895619,-0.9945790378101012,0.0456421
-0.27349412738848144,3.9653200881817625,0.1378220871929008,0.0409601
-0.1117225381023399,-3.637944608266968,-1.156350627096244,-0.0646653
-0.1117225381023399,-1.3731423582609628,1.4319948014820465,0.0181909
-0.1117225381023399,1.5387462488896144,2.240852747912763,0.0396516
-0.1117225381023399,3.641776909609476,0.9466800336236174,0.0356993
-0.1117225381023399,3.803548498895619,0.6231368550513317,0.037536
-0.1117225381023399,3.9653200881817625,-0.8328074485239574,0.0481737
-0.1117225381023399,3.9653200881817625,0.299593676479045,0.0412465
0.050049051183805204,-0.4025128225441037,1.5937663907681907,0.0232371
0.050049051183805204,-0.24074123325796037,1.5937663907681907,0.0234774
0.050049051183805204,0.891659891745042,1.755537980054334,0.0309744
0.050049051183805204,2.9946905524649043,2.0790811586266207,0.0448983
0.050049051183805204,4.127091677467906,-0.3474926806655283,0.0487413
0.21182064046994675,-3.799716197553111,-0.023949502093241648,-0.0644798
0.21182064046994675,0.5681167131727554,1.5937663907681907,0.0259472
0.21182064046994675,0.891659891745042,1.755537980054334,0.0290586
0.21182064046994675,2.6711473738926177,2.240852747912763,0.0454577
0.21182064046994675,3.641776909609476,-1.318122216382387,0.0479413
0.3735922297560901,-3.1526298404085384,0.9466800336236174,-0.0531073
0.3735922297560901,-1.534913947547106,-1.9652085735269598,-0.0166113
0.3735922297560901,-0.4025128225441037,1.5937663907681907,0.0141367
0.3735922297560901,2.5093757846064744,-1.641665394954674,0.0352328
0.3735922297560901,2.5093757846064744,2.240852747912763,0.0446241
0.5353638190422334,-2.5055434832639656,-1.9652085735269598,-0.049605
0.5353638190422334,1.2152030703173287,1.9173095693404774,0.0297951
0.6971354083283767,0.5681167131727554,1.755537980054334,0.0151729
0.8589069976145183,-2.6673150725501085,-1.8034369842408169,-0.0538534
0.8589069976145183,-2.3437718939778227,1.1084516229097607,-0.034008
0.8589069976145183,-1.534913947547106,-1.8034369842408169,-0.0199595
0.8589069976145183,-0.07896964397181705,1.755537980054334,0.00148424
0.8589069976145183,2.8329189631787592,-1.4798938056685302,0.0399157
0.8589069976145183,3.318233731037189,1.270223212195904,0.0469175
0.8589069976145183,3.4800053203233343,1.1084516229097607,0.0490581
1.0206785869006634,-1.8584571261193927,1.1084516229097607,-0.0146212
1.0206785869006634,2.8329189631787592,1.5937663907681907,0.0449467
1.0206785869006634,3.1564621417510477,-1.318122216382387,0.0451104
1.0206785869006634,3.318233731037189,1.270223212195904,0.0500636
1.0206785869006634,3.803548498895619,0.9466800336236174,0.0569316
1.1824501761868067,-2.182000304691679,0.9466800336236174,-0.029101
1.34422176547295,4.127091677467906,-0.18572109137938497,0.0581253
1.5059933547590934,-3.3144014296946813,-0.6710358592378141,-0.0382447
1.5059933547590934,-1.534913947547106,-1.4798938056685302,-0.0179709
1.5059933547590934,-0.8878275904025337,-1.8034369842408169,-0.0137196
1.5059933547590934,-0.4025128225441037,1.755537980054334,-0.00846915
1.5059933547590934,3.318233731037189,-0.8328074485239574,0.0496452
1.5059933547590934,3.641776909609476,-0.6710358592378141,0.0517515
1.5059933547590934,3.641776909609476,1.5937663907681907,0.0507804
1.667764944045235,-2.5055434832639656,0.6231368550513317,-0.0286168
1.667764944045235,-1.534913947547106,-1.4798938056685302,-0.0173471
1.667764944045235,-0.8878275904025337,-1.8034369842408169,-0.0153426
1.667764944045235,0.2445735346004687,1.755537980054334,0.00165
1.667764944045235,4.612406445326336,0.299593676479045,0.0582412
1.667764944045235,4.612406445326336,0.784908444337475,0.0587809
1.82953653333138,-3.3144014296946813,-0.9945790378101012,-0.0126959
1.82953653333138,-2.6673150725501085,-1.318122216382387,-0.0251765
1.82953653333138,0.5681167131727554,1.755537980054334,0.00808223
1.9913081226175215,0.7298883024588978,-1.641665394954674,0.00167484
1.9913081226175215,3.9653200881817625,1.755537980054334,0.0458965
2.1530797119036666,2.347604195320331,-1.318122216382387,0.024972
2.1530797119036666,2.6711473738926177,1.9173095693404774,0.0388636
2.1530797119036666,4.288863266754047,1.5937663907681907,0.0476114
2.1530797119036666,4.4506348560401925,1.4319948014820465,0.0498718
2.31485130118981,1.0534314810311853,1.9173095693404774,0.007596
2.31485130118981,3.803548498895619,1.9173095693404774,0.0403247
2.4766228904759515,-0.07896964397181705,-1.8034369842408169,-0.011572
2.4766228904759515,0.5681167131727554,1.755537980054334,0.0062285
2.4766228904759515,2.0240610167480435,-1.4798938056685302,0.0142212
2.4766228904759515,4.774178034612479,0.299593676479045,0.0490092
2.6383944797620966,-2.5055434832639656,-1.8034369842408169,-0.0156008
2.6383944797620966,-2.182000304691679,1.4319948014820465,-0.0210398
2.6383944797620966,-0.07896964397181705,-1.8034369842408169,-0.0118257
2.6383944797620966,2.0240610167480435,-1.4798938056685302,0.0139601
2.6383944797620966,2.8329189631787592,2.240852747912763,0.0369326
2.800166069048238,-1.6966855368332499,1.5937663907681907,-0.0222834
2.800166069048238,-0.5642844118302479,1.755537980054334,-0.0127435
2.800166069048238,0.40634512388661204,-1.641665394954674,-0.00283008
2.800166069048238,4.612406445326336,-0.18572109137938497,0.0428842
2.800166069048238,4.612406445326336,1.1084516229097607,0.0465587
2.9619376583343815,-3.961487786839254,-0.6710358592378141,0.0136324
2.9619376583343815,-3.961487786839254,-0.023949502093241648,0.0106926
2.9619376583343815,-3.4761730189808246,0.784908444337475,-0.00620417
2.9619376583343815,-3.1526298404085384,-1.641665394954674,-0.00539306
2.9619376583343815,-2.0202287154055356,-1.9652085735269598,-0.0201151
2.9619376583343815,-1.8584571261193927,1.5937663907681907,-0.0229386
2.9619376583343815,-1.3731423582609628,-1.9652085735269598,-0.0225665
2.9619376583343815,-0.07896964397181705,-1.8034369842408169,-0.0131172
2.9619376583343815,2.0240610167480435,2.0790811586266207,0.031007
2.9619376583343815,3.641776909609476,2.240852747912763,0.0398186
2.9619376583343815,3.803548498895619,-1.318122216382387,0.040918
3.123709247620525,-3.961487786839254,-0.5092642699516707,0.0132802
3.123709247620525,-3.961487786839254,-0.18572109137938497,0.0118601
3.123709247620525,-3.4761730189808246,0.784908444337475,-0.00657667
3.123709247620525,-3.3144014296946813,0.9466800336236174,-0.0106858
3.123709247620525,-2.0202287154055356,1.5937663907681907,-0.0233699
3.123709247620525,4.127091677467906,-1.156350627096244,0.0422501
3.123709247620525,4.4506348560401925,-0.6710358592378141,0.0414367
3.123709247620525,4.612406445326336,0.784908444337475,0.0470591
3.285480836906668,-3.3144014296946813,0.9466800336236174,-0.0109707
3.285480836906668,-2.3437718939778227,-1.9652085735269598,-0.0189381
3.285480836906668,0.7298883024588978,-1.641665394954674,-0.00242834
3.285480836906668,3.9653200881817625,2.0790811586266207,0.0424127
3.285480836906668,4.612406445326336,0.299593676479045,0.0458947
3.4472524261928097,-3.1526298404085384,1.1084516229097607,-0.0149485
3.4472524261928097,-2.182000304691679,1.5937663907681907,-0.0244253
3.4472524261928097,0.40634512388661204,1.9173095693404774,-0.00283476
3.4472524261928097,2.6711473738926177,-1.4798938056685302,0.037268
3.609024015478955,-3.1526298404085384,1.1084516229097607,-0.0152116
3.609024015478955,-1.3731423582609628,-1.9652085735269598,-0.0242824
3.609024015478955,2.347604195320331,2.4026243371989064,0.0419982
3.609024015478955,2.6711473738926177,-1.4798938056685302,0.0386523
3.770795604765098,-3.637944608266968,0.299593676479045,0.00295538
3.770795604765098,-2.9908582511223956,-1.641665394954674,-0.0102328
3.770795604765098,-2.3437718939778227,-1.9652085735269598,-0.0209797
3.770795604765098,-0.4025128225441037,-1.641665394954674,-0.0158117
3.770795604765098,3.803548498895619,2.240852747912763,0.0473572
3.770795604765098,3.9653200881817625,2.0790811586266207,0.0463216
3.770795604765098,4.288863266754047,1.4319948014820465,0.0444032
3.9325671940512414,-3.637944608266968,-0.6710358592378141,0.0102483
3.9325671940512414,-2.9908582511223956,1.270223212195904,-0.0187026
3.9325671940512414,-2.3437718939778227,1.5937663907681907,-0.0254077
3.9325671940512414,0.08280194531432628,1.9173095693404774,-0.0118194
3.9325671940512414,0.7298883024588978,1.9173095693404774,9.06402e-05
3.9325671940512414,4.127091677467906,1.755537980054334,0.0456999
4.094338783337385,-1.534913947547106,-1.9652085735269598,-0.0257845
4.094338783337385,-1.534913947547106,1.5937663907681907,-0.023005
4.094338783337385,1.2152030703173287,-1.4798938056685302,0.000290212
4.094338783337385,1.7005178381757577,-1.156350627096244,0.0179553
4.094338783337385,3.4800053203233343,-1.4798938056685302,0.0494687
4.094338783337385,4.127091677467906,1.5937663907681907,0.0456703
4.094338783337385,4.288863266754047,0.6231368550513317,0.044362
4.256110372623526,-3.799716197553111,-0.3474926806655283,0.0132826
4.256110372623526,0.7298883024588978,-1.641665394954674,-0.0108665
4.256110372623526,2.0240610167480435,1.9173095693404774,0.0394779
4.256110372623526,2.185832606034187,2.0790811586266207,0.0424569
4.417881961909671,-2.9908582511223956,-1.641665394954674,-0.00900123
4.417881961909671,-2.829086661836252,1.4319948014820465,-0.0193609
4.417881961909671,0.891659891745042,1.9173095693404774,0.00150236
4.417881961909671,3.1564621417510477,-1.318122216382387,0.0473202
4.417881961909671,3.9653200881817625,-0.9945790378101012,0.050835
4.579653551195813,-3.961487786839254,-0.023949502093241648,0.0152194
4.579653551195813,-2.829086661836252,1.4319948014820465,-0.0181131
4.579653551195813,2.6711473738926177,-0.9945790378101012,0.0411057
4.741425140481958,-2.829086661836252,1.4319948014820465,-0.0167896
4.741425140481958,1.376974659603472,1.755537980054334,0.0150107
4.741425140481958,3.641776909609476,0.6231368550513317,0.0397785
4.9031967297681,-1.8584571261193927,-1.9652085735269598,-0.021905
4.9031967297681,-0.4025128225441037,1.9173095693404774,-0.0201078
4.9031967297681,1.862289427461901,-0.9945790378101012,0.0175331
4.9031967297681,2.6711473738926177,-0.3474926806655283,0.0407246
4.9031967297681,2.8329189631787592,1.4319948014820465,0.0456478
4.9031967297681,2.9946905524649043,1.4319948014820465,0.0459471
4.9031967297681,3.1564621417510477,-0.5092642699516707,0.0440888
4.9031967297681,3.1564621417510477,0.4613652657651883,0.039694
4.9031967297681,3.1564621417510477,0.6231368550513317,0.0399343
4.9031967297681,3.1564621417510477,1.270223212195904,0.0448075
4.9031967297681,3.318233731037189,0.1378220871929008,0.0404816
5.064968319054243,2.185832606034187,-0.6710358592378141,0.0297913
5.064968319054243,2.5093757846064744,0.9466800336236174,0.0439744
5.226739908340388,-3.799716197553111,0.6231368550513317,0.0124584
5.226739908340388,-3.4761730189808246,0.9466800336236174,0.00226619
5.226739908340388,-2.5055434832639656,-1.8034369842408169,-0.0116971
5.226739908340388,-0.5642844118302479,1.9173095693404774,-0.0199293
5.226739908340388,1.0534314810311853,-1.4798938056685302,-0.00621836
5.226739908340388,1.376974659603472,-1.318122216382387,0.00152716
5.226739908340388,1.376974659603472,1.755537980054334,0.0146783
5.226739908340388,2.0240610167480435,-0.8328074485239574,0.0230799
5.38851149762653,-1.534913947547106,1.755537980054334,-0.0200753
5.38851149762653,0.5681167131727554,1.9173095693404774,-0.00444456
5.550283086912673,-3.4761730189808246,-1.318122216382387,0.0142244
5.550283086912673,-2.3437718939778227,1.4319948014820465,-0.0131921
5.550283086912673,-1.534913947547106,-1.8034369842408169,-0.0187281
5.550283086912673,-1.049599179688677,-1.8034369842408169,-0.0202263
5.550283086912673,2.5093757846064744,0.6231368550513317,0.0476245
5.712054676198816,-2.9908582511223956,-1.4798938056685302,0.00466756
5.712054676198816,-2.5055434832639656,1.270223212195904,-0.00814358
5.712054676198816,0.5681167131727554,-1.4798938056685302,-0.0114733
5.712054676198816,1.5387462488896144,1.5937663907681907,0.0234878
5.712054676198816,2.5093757846064744,0.299593676479045,0.0470419
5.87382626548496,-3.1526298404085384,-1.318122216382387,0.0114578
5.87382626548496,-1.2113707689748194,1.755537980054334,-0.0135899
5.87382626548496,0.08280194531432628,1.755537980054334,-0.00725918
6.035597854771101,-2.9908582511223956,0.784908444337475,0.00782951
6.035597854771101,-2.6673150725501085,-1.318122216382387,0.00443322
6.035597854771101,-1.8584571261193927,-1.4798938056685302,-0.00747324
6.035597854771101,-1.8584571261193927,1.4319948014820465,-0.00856741
6.035597854771101,-1.534913947547106,1.5937663907681907,-0.0102654
6.035597854771101,-1.2113707689748194,-1.641665394954674,-0.0128972
6.035597854771101,-0.8878275904025337,1.755537980054334,-0.0107605
6.035597854771101,-0.5642844118302479,1.755537980054334,-0.00988689
6.035597854771101,1.5387462488896144,1.4319948014820465,0.0278616
6.035597854771101,1.862289427461901,1.270223212195904,0.0364424
6.197369444057246,-1.3731423582609628,1.5937663907681907,-0.00762768
6.197369444057246,0.2445735346004687,-1.318122216382387,-0.00723963
6.197369444057246,0.5681167131727554,1.4319948014820465,0.00821051
6.359141033343388,-1.2113707689748194,-1.4798938056685302,-0.00645589
6.359141033343388,0.40634512388661204,1.270223212195904,0.0102091
6.359141033343388,2.0240610167480435,-0.023949502093241648,0.0402462
6.520912622629533,-2.0202287154055356,0.9466800336236174,0.00657261
6.520912622629533,-1.6966855368332499,-1.156350627096244,0.00300451
6.520912622629533,-1.6966855368332499,1.270223212195904,0.00162917
6.520912622629533,0.08280194531432628,-1.156350627096244,-0.000759097
6.520912622629533,0.08280194531432628,1.270223212195904,0.00843114
6.520912622629533,1.376974659603472,0.9466800336236174,0.0322497
6.520912622629533,1.862289427461901,0.299593676479045,0.0406933
6.682684211915676,-2.182000304691679,-0.3474926806655283,0.0185386
6.682684211915676,-2.0202287154055356,-0.6710358592378141,0.0146544
6.682684211915676,0.40634512388661204,0.784908444337475,0.0211808
6.682684211915676,0.5681167131727554,-0.3474926806655283,0.0186273
6.682684211915676,0.7298883024588978,-0.023949502093241648,0.024589
6.682684211915676,0.891659891745042,0.1378220871929008,0.0273395
6.682684211915676,1.0534314810311853,0.1378220871929008,0.0289343
6.844455801201818,-2.0202287154055356,0.6231368550513317,0.0163602
7.006227390487963,-1.6966855368332499,0.9466800336236174,0.0156622
7.167998979774106,-1.6966855368332499,0.784908444337475,0.02058
7.167998979774106,-1.534913947547106,0.9466800336236174,0.0191655
7.167998979774106,-0.24074123325796037,-0.8328074485239574,0.0158379
7.653313747632533,-0.7260560011163903,-0.3474926806655283,0.0306231
