-6.748990645292876,-0.7324087735020326,-0.305309319505894,0.153943
-6.572769343156893,-1.437293982045964,-0.4815306216418769,0.152286
-6.572769343156893,-0.7324087735020326,-0.833973225913843,0.153899
-6.572769343156893,-0.3799661692300669,-0.6577519237778602,0.154314
-6.572769343156893,-0.20374486709408401,0.047133284766071704,0.155829
-6.220326738884927,-1.6135152841819478,0.5757971911740212,0.147183
-6.220326738884927,-1.437293982045964,0.752018493310004,0.149778
-6.220326738884927,-0.5561874713660497,0.9282397954459869,0.168133
-6.220326738884927,-0.20374486709408401,-1.010194528049826,0.155054
-6.044105436748944,-1.9659578884539144,-0.4815306216418769,0.152919
-6.044105436748944,-0.3799661692300669,1.1044610975819698,0.178467
-6.044105436748944,0.1486977371778817,-0.833973225913843,0.156924
-5.867884134612961,0.1486977371778817,-1.010194528049826,0.157412
-5.867884134612961,0.32491903931386545,-0.833973225913843,0.158273
-5.867884134612961,0.32491903931386545,0.752018493310004,0.170038
-5.867884134612961,0.5011403414498492,0.5757971911740212,0.166446
-5.867884134612961,0.6773616435858312,0.22335458690205545,0.163132
-5.691662832476978,-2.1421791905898973,0.5757971911740212,0.131499
-5.691662832476978,1.029804247857797,1.2806823997179526,0.161448
-5.691662832476978,1.3822468521297644,-0.4815306216418769,0.14909
-5.691662832476978,1.5584681542657464,0.047133284766071704,0.148643
-5.515441530340995,-2.1421791905898973,-1.010194528049826,0.159741
-5.515441530340995,0.6773616435858312,1.4569037018539355,0.17223
-5.515441530340995,1.2060255499937806,-1.5388584344577754,0.148735
-5.515441530340995,1.7346894564017301,-0.833973225913843,0.145347
-5.339220228205011,-2.670843096997846,-1.3626371323217925,0.156029
-5.339220228205011,-2.494621794861863,0.047133284766071704,0.149086
-5.339220228205011,-2.494621794861863,2.1617889103978687,0.0926814
-5.339220228205011,-1.9659578884539144,-1.3626371323217925,0.161368
-5.339220228205011,-1.6135152841819478,2.8666741189418,0.158957
-5.339220228205011,-0.9086300756380155,-1.5388584344577754,0.162621
-5.339220228205011,0.5011403414498492,1.6331250039899183,0.180685
-5.339220228205011,1.3822468521297644,-1.7150797365937582,0.147962
-5.162998926069029,-3.1995070034057944,-1.3626371323217925,0.156307
-5.162998926069029,0.5011403414498492,1.8093463061259012,0.179811
-4.986777623933046,-3.551949607677761,-0.4815306216418769,0.156976
-4.986777623933046,-2.8470643991338287,1.1044610975819698,0.0976255
-4.986777623933046,-1.437293982045964,3.042895421077783,0.158332
-4.986777623933046,-1.0848513777739983,-1.7150797365937582,0.166473
-4.986777623933046,2.087132060673696,-1.3626371323217925,0.14439
-4.986777623933046,2.7920172692176273,-0.4815306216418769,0.148131
-4.986777623933046,3.4969024777615587,0.047133284766071704,0.142165
-4.810556321797064,2.6157959670816435,-0.833973225913843,0.144246
-4.810556321797064,3.6731237798975425,0.3995758890380383,0.136991
-4.810556321797064,3.8493450820335244,-0.12908801736991116,0.136746
-4.63433501966108,-3.3757283055417773,-1.7150797365937582,0.154474
-4.63433501966108,-0.9086300756380155,-2.067522340865724,0.162954
-4.63433501966108,-0.3799661692300669,-1.7150797365937582,0.168161
-4.63433501966108,0.1486977371778817,-1.891301038729741,0.158344
-4.63433501966108,0.5011403414498492,-2.067522340865724,0.153584
-4.458113717525096,-3.551949607677761,0.047133284766071704,0.155782
-4.458113717525096,-1.2610726799099812,-2.41996494513769,0.157752
-4.458113717525096,0.1486977371778817,2.5142315146698344,0.153224
-4.458113717525096,0.6773616435858312,1.985567608261885,0.152264
-4.281892415389114,-3.0232857012698116,0.5757971911740212,0.14758
-4.281892415389114,1.029804247857797,1.985567608261885,0.145929
-4.281892415389114,2.4395746649456616,-1.3626371323217925,0.133897
-4.281892415389114,2.9682385713536092,-1.3626371323217925,0.123105
-4.1056711132531305,-3.0232857012698116,-2.067522340865724,0.148727
-4.1056711132531305,-0.9086300756380155,3.042895421077783,0.12111
-4.1056711132531305,2.263353362809678,1.4569037018539355,0.138762
-4.1056711132531305,2.6157959670816435,1.2806823997179526,0.131246
-3.9294498111171476,-3.9043922119497267,-1.010194528049826,0.162453
-3.9294498111171476,-3.0232857012698116,-2.067522340865724,0.149092
-3.9294498111171476,0.1486977371778817,2.3380102125338516,0.117903
-3.9294498111171476,1.2060255499937806,-2.067522340865724,0.145715
-3.9294498111171476,1.5584681542657464,1.8093463061259012,0.139763
-3.9294498111171476,4.554230290577456,-0.6577519237778602,0.123273
-3.9294498111171476,4.906672894849423,-0.4815306216418769,0.123652
-3.9294498111171476,5.259115499121391,-0.305309319505894,0.124022
-3.753228508981165,-1.7897365863179315,2.8666741189418,0.0935927
-3.753228508981165,1.7346894564017301,1.6331250039899183,0.138399
-3.753228508981165,2.087132060673696,1.4569037018539355,0.135868
-3.753228508981165,5.787779405529339,-0.12908801736991116,0.124696
-3.577007206845182,-3.9043922119497267,-1.3626371323217925,0.158441
-3.577007206845182,-3.3757283055417773,0.3995758890380383,0.175709
-3.577007206845182,-2.8470643991338287,1.6331250039899183,0.14842
-3.577007206845182,-0.027523564958100266,2.3380102125338516,0.0993334
-3.400785904709199,-2.670843096997846,-2.2437436430017073,0.15105
-3.400785904709199,-0.027523564958100266,2.1617889103978687,0.0948678
-3.400785904709199,5.787779405529339,0.5757971911740212,0.116961
-3.400785904709199,6.140222009801304,0.047133284766071704,0.124115
-3.2245646025732153,-4.785498722629642,-0.6577519237778602,0.151092
-3.2245646025732153,-2.8470643991338287,-2.067522340865724,0.154337
-3.2245646025732153,-2.1421791905898973,-2.596186247273673,0.154568
-3.2245646025732153,-0.027523564958100266,-1.7150797365937582,0.152475
-3.2245646025732153,3.3206811756255767,1.6331250039899183,0.0954377
-3.0483433004372325,-3.551949607677761,0.752018493310004,0.180982
-3.0483433004372325,4.20178768630549,1.4569037018539355,0.0918758
-2.8721219983012496,-2.8470643991338287,-2.067522340865724,0.155209
-2.8721219983012496,4.025566384169508,-1.891301038729741,0.0899095
-2.8721219983012496,6.316443311937288,0.22335458690205545,0.119751
-2.6959006961652667,-5.137941326901608,-0.833973225913843,0.144658
-2.6959006961652667,-4.08061351408571,-2.067522340865724,0.13967
-2.6959006961652667,3.8493450820335244,1.6331250039899183,0.0867038
-2.519679394029284,-5.137941326901608,-0.4815306216418769,0.14282
-2.519679394029284,-4.961720024765626,-1.5388584344577754,0.141562
-2.519679394029284,-4.609277420493658,-1.891301038729741,0.139314
-2.519679394029284,-1.437293982045964,-2.41996494513769,0.16061
-2.519679394029284,-0.3799661692300669,-1.5388584344577754,0.141458
-2.519679394029284,1.5584681542657464,1.6331250039899183,0.11164
-2.519679394029284,2.4395746649456616,-1.891301038729741,0.0990967
-2.519679394029284,5.787779405529339,0.9282397954459869,0.103775
-2.343458091893301,-4.2568348162216925,0.752018493310004,0.149052
-2.343458091893301,0.1486977371778817,1.6331250039899183,0.0884716
-2.343458091893301,5.964000707665322,0.752018493310004,0.10645
-2.167236789757318,-4.609277420493658,0.5757971911740212,0.138942
-2.167236789757318,-4.433056118357676,1.1044610975819698,0.140131
-2.167236789757318,0.32491903931386545,1.6331250039899183,0.087925
-2.167236789757318,0.5011403414498492,-1.5388584344577754,0.108125
-2.167236789757318,3.144459873489593,-1.891301038729741,0.0896561
-2.167236789757318,5.787779405529339,-1.3626371323217925,0.104826
-2.167236789757318,5.964000707665322,-1.1864158301858088,0.108856
-2.167236789757318,6.316443311937288,-0.4815306216418769,0.117185
-1.9910154876213353,-4.961720024765626,0.047133284766071704,0.136368
-1.9910154876213353,-0.5561874713660497,-1.1864158301858088,0.135831
-1.9910154876213353,4.906672894849423,-1.891301038729741,0.0896301
-1.8147941854853524,0.32491903931386545,1.4569037018539355,0.0911115
-1.8147941854853524,1.5584681542657464,1.6331250039899183,0.108705
-1.6385728833493696,-5.314162629037591,-0.6577519237778602,0.129965
-1.6385728833493696,-4.609277420493658,1.985567608261885,0.130582
-1.6385728833493696,-1.9659578884539144,-2.41996494513769,0.150227
-1.6385728833493696,1.029804247857797,-1.5388584344577754,0.114875
-1.6385728833493696,1.3822468521297644,-1.7150797365937582,0.110851
-1.6385728833493696,1.5584681542657464,1.6331250039899183,0.10727
-1.6385728833493696,3.6731237798975425,-1.891301038729741,0.0872375
-1.4623515812133858,-5.490383931173573,-1.1864158301858088,0.123449
-1.4623515812133858,-4.433056118357676,-1.891301038729741,0.132684
-1.4623515812133858,-1.2610726799099812,1.2806823997179526,0.152825
-1.4623515812133858,1.029804247857797,-1.5388584344577754,0.114224
-1.4623515812133858,1.5584681542657464,1.6331250039899183,0.105831
-1.4623515812133858,5.787779405529339,0.752018493310004,0.100229
-1.286130279077402,-6.195269139717506,-0.6577519237778602,0.117692
-1.286130279077402,-5.490383931173573,0.22335458690205545,0.117328
-1.286130279077402,-5.314162629037591,0.5757971911740212,0.117716
-1.286130279077402,-2.8470643991338287,-2.772407549409656,0.143035
-1.286130279077402,6.140222009801304,-0.4815306216418769,0.114211
-1.1099089769414192,-3.728170909813744,-2.41996494513769,0.133795
-1.1099089769414192,-3.1995070034057944,2.1617889103978687,0.129102
-1.1099089769414192,-1.437293982045964,-1.5388584344577754,0.133683
-1.1099089769414192,1.910910758537712,-1.891301038729741,0.0980396
-1.1099089769414192,2.087132060673696,-1.891301038729741,0.0963476
-0.9336876748054364,-6.547711743989472,-0.6577519237778602,0.112801
-0.9336876748054364,-5.84282653544554,-1.7150797365937582,0.111551
-0.9336876748054364,-2.670843096997846,1.8093463061259012,0.129552
-0.9336876748054364,2.6157959670816435,1.6331250039899183,0.0923884
-0.7574663726694535,-3.551949607677761,-2.41996494513769,0.134683
-0.7574663726694535,-3.551949607677761,2.3380102125338516,0.121128
-0.7574663726694535,-2.494621794861863,-2.596186247273673,0.143379
-0.7574663726694535,-2.1421791905898973,-2.41996494513769,0.142847
-0.7574663726694535,-1.2610726799099812,-1.5388584344577754,0.107673
-0.7574663726694535,-1.2610726799099812,1.2806823997179526,0.110629
-0.7574663726694535,-0.027523564958100266,-1.7150797365937582,0.097378
-0.7574663726694535,0.1486977371778817,1.4569037018539355,0.103645
-0.7574663726694535,2.6157959670816435,-1.891301038729741,0.091799
-0.7574663726694535,3.144459873489593,-1.891301038729741,0.0889134
-0.7574663726694535,6.316443311937288,0.22335458690205545,0.110319
-0.5812450705334706,-0.9086300756380155,1.4569037018539355,0.0959737
-0.5812450705334706,5.435336801257373,-1.7150797365937582,0.0912634
-0.40502376839748777,-6.547711743989472,0.047133284766071704,0.100519
-0.40502376839748777,0.8535829457218149,-1.7150797365937582,0.120972
-0.40502376839748777,6.49266461407327,-0.12908801736991116,0.115521
-0.2288024662615049,-6.019047837581523,-1.891301038729741,0.100604
-0.2288024662615049,-4.609277420493658,-2.2437436430017073,0.105984
-0.2288024662615049,-4.2568348162216925,-2.2437436430017073,0.113035
-0.2288024662615049,-0.9086300756380155,-1.7150797365937582,0.0877607
-0.2288024662615049,1.3822468521297644,1.6331250039899183,0.114842
-0.2288024662615049,1.910910758537712,-1.891301038729741,0.101576
-0.2288024662615049,6.49266461407327,-0.4815306216418769,0.117267
-0.05258116412552205,-6.723933046125455,-1.010194528049826,0.101748
-0.05258116412552205,-2.8470643991338287,-1.891301038729741,0.132597
-0.05258116412552205,2.263353362809678,-1.891301038729741,0.0981979
-0.05258116412552205,3.144459873489593,1.6331250039899183,0.0896819
-0.05258116412552205,4.554230290577456,-1.891301038729741,0.0853463
-0.05258116412552205,5.435336801257373,1.1044610975819698,0.0913293
0.1236401380104617,-5.84282653544554,0.9282397954459869,0.0960684
0.1236401380104617,-3.551949607677761,1.985567608261885,0.109051
0.1236401380104617,-3.0232857012698116,-1.7150797365937582,0.127375
0.1236401380104617,5.259115499121391,1.1044610975819698,0.0912395
0.1236401380104617,6.316443311937288,-0.833973225913843,0.116684
0.29986144014644367,-3.551949607677761,-2.2437436430017073,0.120678
0.29986144014644367,-0.20374486709408401,-1.7150797365937582,0.10032
0.29986144014644367,1.3822468521297644,-1.7150797365937582,0.126168
0.29986144014644367,1.5584681542657464,-1.7150797365937582,0.121736
0.29986144014644367,1.7346894564017301,-1.7150797365937582,0.117332
0.29986144014644367,6.316443311937288,0.047133284766071704,0.116952
0.4760827422824274,-2.1421791905898973,-0.6577519237778602,0.0966235
0.4760827422824274,-0.20374486709408401,1.4569037018539355,0.107793
0.4760827422824274,0.6773616435858312,-1.7150797365937582,0.131877
0.4760827422824274,2.087132060673696,1.4569037018539355,0.112849
0.4760827422824274,2.263353362809678,-1.7150797365937582,0.109143
0.4760827422824274,2.263353362809678,1.4569037018539355,0.109149
0.6523040444184112,-6.019047837581523,0.9282397954459869,0.0949786
0.6523040444184112,-4.785498722629642,1.4569037018539355,0.106643
0.6523040444184112,-3.3757283055417773,1.6331250039899183,0.108384
0.6523040444184112,-1.6135152841819478,-1.010194528049826,0.0799688
0.6523040444184112,1.2060255499937806,-1.7150797365937582,0.12975
0.6523040444184112,3.144459873489593,1.4569037018539355,0.0994566
0.8285253465543931,-4.961720024765626,1.4569037018539355,0.105706
0.8285253465543931,-4.785498722629642,1.4569037018539355,0.106399
0.8285253465543931,-2.31840049272588,-0.4815306216418769,0.101856
0.8285253465543931,-1.7897365863179315,1.1044610975819698,0.10721
0.8285253465543931,3.4969024777615587,-1.7150797365937582,0.100023
0.8285253465543931,4.378008988441474,0.9282397954459869,0.100045
0.8285253465543931,4.554230290577456,-1.1864158301858088,0.106095
0.8285253465543931,5.082894196985407,-1.010194528049826,0.109283
1.0047466486903769,-6.371490441853489,-0.4815306216418769,0.0879051
1.0047466486903769,-4.961720024765626,1.4569037018539355,0.106257
1.0047466486903769,-2.670843096997846,-0.4815306216418769,0.105869
1.0047466486903769,-1.437293982045964,1.4569037018539355,0.10646
1.0047466486903769,4.378008988441474,0.752018493310004,0.105364
1.0047466486903769,5.082894196985407,-0.4815306216418769,0.115622
1.0047466486903769,5.259115499121391,-0.305309319505894,0.115647
1.1809679508263589,-3.9043922119497267,1.1044610975819698,0.106668
1.1809679508263589,-3.0232857012698116,-0.6577519237778602,0.104887
1.1809679508263589,-2.8470643991338287,-0.305309319505894,0.105642
1.1809679508263589,-2.494621794861863,-0.12908801736991116,0.105174
1.1809679508263589,-2.1421791905898973,-0.12908801736991116,0.0977632
1.1809679508263589,-1.9659578884539144,-0.833973225913843,0.0978479
1.1809679508263589,-1.437293982045964,-1.5388584344577754,0.103647
1.1809679508263589,1.029804247857797,1.8093463061259012,0.117724
1.3571892529623426,-5.84282653544554,-1.1864158301858088,0.0892296
1.3571892529623426,-4.08061351408571,1.1044610975819698,0.105614
1.3571892529623426,-3.0232857012698116,0.22335458690205545,0.106641
1.3571892529623426,-2.8470643991338287,0.3995758890380383,0.108762
1.3571892529623426,-2.1421791905898973,-0.305309319505894,0.09646
1.3571892529623426,-2.1421791905898973,-0.12908801736991116,0.0966027
1.3571892529623426,-0.5561874713660497,-1.7150797365937582,0.106452
1.3571892529623426,0.1486977371778817,1.6331250039899183,0.113613
1.3571892529623426,3.3206811756255767,1.1044610975819698,0.111152
1.3571892529623426,3.8493450820335244,0.9282397954459869,0.109121
1.3571892529623426,4.20178768630549,-1.010194528049826,0.114656
1.5334105550983264,-6.195269139717506,-0.12908801736991116,0.0921234
1.5334105550983264,-6.019047837581523,-0.6577519237778602,0.0890811
1.5334105550983264,-4.609277420493658,-2.2437436430017073,0.103884
1.5334105550983264,-3.3757283055417773,-0.305309319505894,0.0997327
1.5334105550983264,0.1486977371778817,-1.7150797365937582,0.112818
1.5334105550983264,1.2060255499937806,-2.067522340865724,0.118843
1.5334105550983264,2.7920172692176273,1.1044610975819698,0.120291
1.5334105550983264,4.20178768630549,-0.833973225913843,0.118369
1.7096318572343083,-5.490383931173573,-1.1864158301858088,0.0885419
1.7096318572343083,-1.7897365863179315,-1.7150797365937582,0.110516
1.7096318572343083,-0.027523564958100266,1.8093463061259012,0.108165
1.7096318572343083,0.5011403414498492,-1.891301038729741,0.113231
1.7096318572343083,2.087132060673696,-1.891301038729741,0.122954
1.7096318572343083,3.6731237798975425,0.752018493310004,0.117368
1.885853159370292,-4.785498722629642,-1.7150797365937582,0.0954641
1.885853159370292,0.5011403414498492,1.8093463061259012,0.10996
1.885853159370292,2.6157959670816435,-1.3626371323217925,0.124689
1.885853159370292,2.7920172692176273,-1.1864158301858088,0.125551
2.062074461506274,-4.961720024765626,-1.010194528049826,0.0879618
2.062074461506274,-4.785498722629642,-1.1864158301858088,0.089317
2.062074461506274,-4.785498722629642,0.9282397954459869,0.106938
2.062074461506274,-4.08061351408571,-1.1864158301858088,0.0947011
2.062074461506274,-4.08061351408571,0.047133284766071704,0.0944053
2.062074461506274,-2.31840049272588,-1.010194528049826,0.102668
2.062074461506274,-1.6135152841819478,1.985567608261885,0.108205
2.062074461506274,2.9682385713536092,0.5757971911740212,0.124262
2.062074461506274,3.8493450820335244,-0.12908801736991116,0.125995
2.238295763642258,-4.433056118357676,0.22335458690205545,0.0976079
2.238295763642258,-2.31840049272588,-1.010194528049826,0.100896
2.238295763642258,-0.7324087735020326,2.1617889103978687,0.105219
2.238295763642258,2.9682385713536092,-0.4815306216418769,0.127092
2.4145170657782398,-2.31840049272588,-0.305309319505894,0.0913814
2.4145170657782398,-1.9659578884539144,1.6331250039899183,0.101804
2.4145170657782398,-0.9086300756380155,2.1617889103978687,0.104155
2.4145170657782398,-0.7324087735020326,2.1617889103978687,0.103979
2.5907383679142235,2.087132060673696,-1.7150797365937582,0.117571
2.5907383679142235,2.263353362809678,-1.5388584344577754,0.117297
2.7669596700502055,-1.6135152841819478,1.8093463061259012,0.0972176
2.7669596700502055,-0.7324087735020326,-2.067522340865724,0.102999
2.7669596700502055,-0.3799661692300669,-2.067522340865724,0.103676
2.7669596700502055,-0.027523564958100266,2.5142315146698344,0.1038
2.7669596700502055,2.4395746649456616,0.3995758890380383,0.105145
2.7669596700502055,2.4395746649456616,0.752018493310004,0.107714
2.9431809721861892,0.32491903931386545,2.6904528168058173,0.101369
2.9431809721861892,2.263353362809678,-0.6577519237778602,0.102743
3.119402274322171,-1.9659578884539144,0.9282397954459869,0.0837973
3.119402274322171,-1.437293982045964,1.8093463061259012,0.0901207
3.119402274322171,-0.9086300756380155,-2.41996494513769,0.102232
3.119402274322171,1.7346894564017301,1.2806823997179526,0.0964557
3.119402274322171,1.910910758537712,-1.1864158301858088,0.101652
3.295623576458155,-1.7897365863179315,-1.1864158301858088,0.0851151
3.295623576458155,1.2060255499937806,1.8093463061259012,0.084235
3.4718448785941387,1.3822468521297644,1.6331250039899183,0.0780303
3.4718448785941387,1.5584681542657464,1.1044610975819698,0.078284
3.6480661807301207,-1.7897365863179315,1.2806823997179526,0.0713357
3.6480661807301207,-0.20374486709408401,-3.1248501536816224,0.1026
3.6480661807301207,1.5584681542657464,-0.833973225913843,0.0737346
3.6480661807301207,1.5584681542657464,1.2806823997179526,0.0713601
3.8242874828661044,-1.7897365863179315,1.4569037018539355,0.067362
3.8242874828661044,0.6773616435858312,-2.772407549409656,0.089309
4.000508785002086,-1.9659578884539144,-0.833973225913843,0.0628732
4.000508785002086,0.1486977371778817,3.3953380253497487,0.0954381
4.000508785002086,1.5584681542657464,1.8093463061259012,0.0644586
4.17673008713807,1.3822468521297644,-1.891301038729741,0.0659732
4.352951389274052,-1.7897365863179315,-1.891301038729741,0.0666422
4.352951389274052,-1.2610726799099812,2.8666741189418,0.0770371
4.352951389274052,-1.0848513777739983,3.042895421077783,0.0816423
4.352951389274052,-0.20374486709408401,3.3953380253497487,0.0919566
4.352951389274052,0.5011403414498492,3.219116723213766,0.0877202
4.352951389274052,1.2060255499937806,-2.2437436430017073,0.0685892
4.529172691410036,-1.9659578884539144,0.9282397954459869,0.0500164
4.529172691410036,-0.7324087735020326,-3.1248501536816224,0.0916891
4.529172691410036,0.1486977371778817,-3.1248501536816224,0.090896
4.529172691410036,0.5011403414498492,-2.9486288515456396,0.0855402
4.529172691410036,1.7346894564017301,0.9282397954459869,0.0508133
4.705393993546018,-0.9086300756380155,3.042895421077783,0.0789006
4.881615295682003,1.3822468521297644,-2.067522340865724,0.0594691
4.881615295682003,1.7346894564017301,1.8093463061259012,0.0519272
5.057836597817985,-1.7897365863179315,1.8093463061259012,0.0493696
5.057836597817985,-0.3799661692300669,-2.9486288515456396,0.0869751
5.234057899953969,-1.7897365863179315,-1.7150797365937582,0.0527057
5.234057899953969,-1.7897365863179315,-0.305309319505894,0.0445374
5.234057899953969,-0.3799661692300669,3.042895421077783,0.0817048
5.234057899953969,1.3822468521297644,2.5142315146698344,0.0634028
5.234057899953969,1.7346894564017301,1.985567608261885,0.053045
5.410279202089953,-1.7897365863179315,-0.4815306216418769,0.0432923
5.410279202089953,1.7346894564017301,-1.5388584344577754,0.0498001
5.410279202089953,1.7346894564017301,0.3995758890380383,0.0456332
5.586500504225935,-1.6135152841819478,-1.891301038729741,0.0539305
5.586500504225935,-1.2610726799099812,2.5142315146698344,0.0591662
5.7627218063619186,-1.7897365863179315,-1.3626371323217925,0.0455815
5.7627218063619186,-1.0848513777739983,2.6904528168058173,0.0637247
5.7627218063619186,0.1486977371778817,-2.9486288515456396,0.0845845
5.7627218063619186,1.910910758537712,0.5757971911740212,0.0428758
5.7627218063619186,1.910910758537712,1.6331250039899183,0.0495703
5.9389431084979005,-1.437293982045964,-2.067522340865724,0.0576135
5.9389431084979005,1.910910758537712,-0.833973225913843,0.0443985
5.9389431084979005,1.910910758537712,1.6331250039899183,0.05012
6.115164410633884,-0.5561874713660497,3.219116723213766,0.0790489
6.115164410633884,1.029804247857797,3.219116723213766,0.0820128
6.115164410633884,1.3822468521297644,2.8666741189418,0.0727641
6.115164410633884,1.5584681542657464,-2.067522340865724,0.0595308
6.291385712769866,-0.027523564958100266,-3.1248501536816224,0.0876451
6.291385712769866,1.910910758537712,1.4569037018539355,0.0495932
6.46760701490585,-1.437293982045964,1.985567608261885,0.0505447
6.46760701490585,1.3822468521297644,2.8666741189418,0.0755436
6.46760701490585,1.910910758537712,1.2806823997179526,0.0487455
6.643828317041832,-1.6135152841819478,0.3995758890380383,0.0396428
6.643828317041832,-0.7324087735020326,3.042895421077783,0.0755051
6.643828317041832,1.2060255499937806,-2.596186247273673,0.0758007
6.643828317041832,1.2060255499937806,3.042895421077783,0.0813923
6.643828317041832,1.910910758537712,-0.6577519237778602,0.0467177
6.820049619177816,0.5011403414498492,3.3953380253497487,0.0902345
6.996270921313798,-1.437293982045964,1.1044610975819698,0.0435511
6.996270921313798,-1.0848513777739983,-2.2437436430017073,0.0676785
6.996270921313798,-1.0848513777739983,2.1617889103978687,0.0581809
6.996270921313798,1.2060255499937806,-2.41996494513769,0.0764141
6.996270921313798,1.5584681542657464,-1.3626371323217925,0.0586646
7.172492223449781,-1.437293982045964,0.752018493310004,0.0434618
7.172492223449781,-0.7324087735020326,-2.596186247273673,0.0794544
7.172492223449781,1.3822468521297644,-1.5388584344577754,0.0645553
7.348713525585765,-0.9086300756380155,-2.067522340865724,0.0693484
7.348713525585765,-0.7324087735020326,2.1617889103978687,0.0652398
7.348713525585765,-0.5561874713660497,-2.596186247273673,0.0821747
7.348713525585765,0.32491903931386545,3.042895421077783,0.087579
7.348713525585765,1.029804247857797,2.5142315146698344,0.0799223
7.348713525585765,1.3822468521297644,1.4569037018539355,0.0656723
7.524934827721747,-1.0848513777739983,1.1044610975819698,0.051529
7.524934827721747,0.8535829457218149,2.1617889103978687,0.0784688
7.524934827721747,1.7346894564017301,0.752018493310004,0.0595141
7.701156129857731,-1.0848513777739983,-0.4815306216418769,0.0529346
7.701156129857731,-0.5561874713660497,-1.3626371323217925,0.0681515
7.877377431993713,-1.0848513777739983,0.3995758890380383,0.053435
7.877377431993713,0.8535829457218149,1.4569037018539355,0.0768577
8.053598734129698,-0.7324087735020326,0.9282397954459869,0.0616946
8.053598734129698,0.6773616435858312,-1.010194528049826,0.0780083
8.22982003626568,-0.3799661692300669,1.1044610975819698,0.0701787
8.22982003626568,0.8535829457218149,-0.833973225913843,0.0782174
8.75848394267363,0.1486977371778817,-0.305309319505894,0.0827984
8.75848394267363,0.8535829457218149,-0.12908801736991116,0.0853391
