-7.34729903490798,-1.4620605337488208,-0.4893254019201354,0.0310843
-7.34729903490798,-0.788360796444425,0.8580740726886571,0.0433991
-7.34729903490798,-0.619935862118326,0.521224204036459,0.0606356
-7.34729903490798,0.5590386781643684,-0.32090046759403634,0.163326
-7.178874100581881,-2.3041852053793166,0.689649138362558,0.00631273
-7.178874100581881,-1.7989104024010194,-0.6577503362462345,0.0246698
-7.178874100581881,-0.9567857307705232,-0.6577503362462345,0.0616326
-7.178874100581881,-0.619935862118326,-0.4893254019201354,0.0869112
-7.178874100581881,0.7274636124904674,0.352799269710359,0.152333
-7.178874100581881,1.0643134811426647,0.015949401058161783,0.171361
-7.010449166255782,-2.4726101397054157,-0.15247553326793728,0.0110053
-7.010449166255782,-2.4726101397054157,0.689649138362558,0.00770705
-7.010449166255782,-2.3041852053793166,1.0264990070147562,0.0087328
-7.010449166255782,-1.9673353367271185,1.3633488756669543,0.0125526
-7.010449166255782,-1.1252106650966232,1.5317738099930533,0.0291531
-7.010449166255782,-0.4515109277922269,-0.8261752705723344,0.103075
-7.010449166255782,0.8958885468165665,-0.9946002048984335,0.169175
-7.010449166255782,1.2327384154687646,-0.6577503362462345,0.180557
-6.842024231929683,-2.6410350740315147,0.521224204036459,0.0102038
-6.842024231929683,-1.7989104024010194,-0.9946002048984335,0.0337016
-6.673599297603584,-2.6410350740315147,0.8580740726886571,0.013339
-6.673599297603584,-1.7989104024010194,1.7001987443191533,0.0210952
-6.505174363277484,-2.8094600083576142,0.521224204036459,0.0163621
-6.505174363277484,-2.6410350740315147,1.0264990070147562,0.0166997
-6.505174363277484,-1.2936355994227222,1.8686236786452524,0.0334344
-6.505174363277484,-0.619935862118326,1.7001987443191533,0.0520315
-6.505174363277484,0.8958885468165665,1.0264990070147562,0.111576
-6.505174363277484,1.5695882841209627,-0.6577503362462345,0.178069
-6.336749428951386,-2.3041852053793166,-0.9946002048984335,0.0324498
-6.336749428951386,1.0643134811426647,-1.3314500735506316,0.152869
-6.168324494625287,-1.6304854680749203,-1.3314500735506316,0.0539908
-6.168324494625287,0.22218880951217024,1.5317738099930533,0.0774538
-5.999899560299187,0.8958885468165665,-1.4998750078767307,0.132774
-5.831474625973088,-3.146309877009812,0.015949401058161783,0.0194827
-5.831474625973088,-2.8094600083576142,-0.6577503362462345,0.0300985
-5.831474625973088,-2.4726101397054157,-0.9946002048984335,0.0388506
-5.831474625973088,-0.11466105914002878,1.7001987443191533,0.0734872
-5.831474625973088,1.5695882841209627,0.521224204036459,0.132905
-5.663049691646989,-1.2936355994227222,2.0370486129713505,0.0500971
-5.663049691646989,-0.788360796444425,-1.6682999422028288,0.0758103
-5.49462475732089,-2.9778849426837133,-0.6577503362462345,0.0284311
-5.49462475732089,-0.11466105914002878,1.7001987443191533,0.0794249
-5.3261998229947904,-3.4831597456620105,1.0264990070147562,0.00403604
-5.3261998229947904,-2.6410350740315147,-0.9946002048984335,0.0409305
-5.157774888668691,-0.11466105914002878,-1.8367248765289288,0.0871188
-5.157774888668691,0.053763875186071175,-1.8367248765289288,0.090262
-5.157774888668691,1.7380132184470618,-0.6577503362462345,0.149257
-4.989349954342592,-3.6515846799881095,0.18437433538426085,0.00749904
-4.989349954342592,-3.6515846799881095,0.8580740726886571,0.00292778
-4.989349954342592,2.243288021425359,-0.9946002048984335,0.137098
-4.820925020016492,-3.4831597456620105,1.3633488756669543,0.00512763
-4.820925020016492,-2.8094600083576142,-0.9946002048984335,0.0406447
-4.820925020016492,-1.7989104024010194,2.2054735472974496,0.0451475
-4.820925020016492,0.053763875186071175,-1.8367248765289288,0.0925684
-4.820925020016492,2.411712955751459,0.015949401058161783,0.12799
-4.652500085690394,-2.8094600083576142,-0.9946002048984335,0.0424549
-4.652500085690394,1.9064381527731609,-1.6682999422028288,0.119134
-4.652500085690394,2.07486308709926,0.521224204036459,0.114206
-4.652500085690394,2.748562824403656,-1.3314500735506316,0.134498
-4.484075151364295,-3.4831597456620105,-0.32090046759403634,0.0209245
-4.484075151364295,-3.4831597456620105,1.3633488756669543,0.00954963
-4.484075151364295,-1.4620605337488208,-1.3314500735506316,0.0889519
-4.484075151364295,1.0643134811426647,1.3633488756669543,0.0952937
-4.484075151364295,1.7380132184470618,-1.8367248765289288,0.110704
-4.484075151364295,2.9169877587297552,0.015949401058161783,0.126443
-4.315650217038195,-2.9778849426837133,1.8686236786452524,0.0222562
-4.315650217038195,-1.1252106650966232,2.0370486129713505,0.0728115
-4.315650217038195,0.7274636124904674,1.5317738099930533,0.0932202
-4.315650217038195,2.748562824403656,0.352799269710359,0.116127
-4.315650217038195,2.9169877587297552,0.18437433538426085,0.121767
-4.315650217038195,3.2538376273819534,-0.4893254019201354,0.135857
-4.147225282712097,-3.4831597456620105,-0.15247553326793728,0.0258509
-4.147225282712097,-2.3041852053793166,-1.1630251392245325,0.0650622
-4.147225282712097,-0.788360796444425,-1.6682999422028288,0.0888704
-4.147225282712097,1.2327384154687646,1.3633488756669543,0.092121
-4.147225282712097,2.580137890077558,-1.8367248765289288,0.124418
-3.978800348385998,-2.3041852053793166,2.0370486129713505,0.0474893
-3.978800348385998,2.580137890077558,0.689649138362558,0.103779
-3.810375414059899,-0.28308599346612784,-1.8367248765289288,0.0876973
-3.810375414059899,0.22218880951217024,-2.005149810855028,0.0849625
-3.810375414059899,1.9064381527731609,1.1949239413408552,0.0896706
-3.810375414059899,3.2538376273819534,0.015949401058161783,0.126838
-3.6419504797338,-3.146309877009812,1.1949239413408552,0.0421702
-3.6419504797338,-0.9567857307705232,2.0370486129713505,0.0807829
-3.4735255454077008,-3.146309877009812,0.18437433538426085,0.0580934
-3.4735255454077008,-2.6410350740315147,1.5317738099930533,0.0631618
-3.4735255454077008,-1.9673353367271185,1.8686236786452524,0.0755635
-3.4735255454077008,-1.1252106650966232,2.0370486129713505,0.0816419
-3.4735255454077008,-0.9567857307705232,2.0370486129713505,0.0824188
-3.4735255454077008,-0.28308599346612784,1.8686236786452524,0.0874
-3.4735255454077008,3.0854126930558543,0.352799269710359,0.117798
-3.305100611081601,-2.6410350740315147,-0.6577503362462345,0.0781898
-3.305100611081601,-2.6410350740315147,1.3633488756669543,0.0757615
-3.305100611081601,-1.1252106650966232,2.0370486129713505,0.0839356
-3.305100611081601,2.07486308709926,1.1949239413408552,0.0893619
-3.305100611081601,4.095962299012449,0.015949401058161783,0.124766
-3.1366756767555017,-2.135760271053218,1.7001987443191533,0.0891497
-3.1366756767555017,-1.1252106650966232,2.0370486129713505,0.086535
-3.1366756767555017,-0.28308599346612784,-1.6682999422028288,0.091431
-3.1366756767555017,2.07486308709926,1.1949239413408552,0.0900215
-3.1366756767555017,2.580137890077558,-2.341999679507226,0.119596
-2.9682507424294027,-2.6410350740315147,-0.6577503362462345,0.0872606
-2.9682507424294027,-1.2936355994227222,-1.4998750078767307,0.0844132
-2.9682507424294027,-1.1252106650966232,2.0370486129713505,0.0895239
-2.9682507424294027,-0.788360796444425,-1.4998750078767307,0.0919721
-2.9682507424294027,-0.619935862118326,-1.4998750078767307,0.0946341
-2.7998258081033036,-1.2936355994227222,-1.4998750078767307,0.0848265
-2.7998258081033036,-0.9567857307705232,-1.4998750078767307,0.0892946
-2.7998258081033036,4.2643872333385495,-2.1735747451811265,0.116761
-2.7998258081033036,4.769662036316845,-0.6577503362462345,0.117591
-2.6314008737772046,-2.6410350740315147,1.5317738099930533,0.10618
-2.6314008737772046,-1.4620605337488208,2.0370486129713505,0.0981148
-2.6314008737772046,1.7380132184470618,-2.1735747451811265,0.105929
-2.6314008737772046,3.0854126930558543,-3.0156994168116222,0.120374
-2.6314008737772046,3.5906874960341515,0.8580740726886571,0.121751
-2.4629759394511055,-2.135760271053218,1.8686236786452524,0.106501
-2.4629759394511055,-1.4620605337488208,-1.4998750078767307,0.0840896
-2.4629759394511055,-0.788360796444425,2.0370486129713505,0.0975232
-2.4629759394511055,1.4011633497948637,-2.1735747451811265,0.0990311
-2.4629759394511055,1.9064381527731609,1.1949239413408552,0.097042
-2.2945510051250073,-1.6304854680749203,2.0370486129713505,0.10767
-2.2945510051250073,1.0643134811426647,-2.1735747451811265,0.093806
-2.2945510051250073,1.4011633497948637,1.3633488756669543,0.0976388
-2.2945510051250073,4.432812167664647,-2.341999679507226,0.115577
-2.2945510051250073,4.769662036316845,-1.3314500735506316,0.120828
-2.2945510051250073,4.938086970642946,-0.8261752705723344,0.117379
-2.1261260707989074,-1.6304854680749203,2.0370486129713505,0.112769
-2.1261260707989074,4.769662036316845,-1.4998750078767307,0.122087
-1.9577011364728083,-3.3147348113359114,1.0264990070147562,0.127627
-1.9577011364728083,-2.3041852053793166,1.8686236786452524,0.121872
-1.9577011364728083,-0.788360796444425,2.0370486129713505,0.110042
-1.9577011364728083,-0.11466105914002878,1.8686236786452524,0.100743
-1.7892762021467092,-2.8094600083576142,-0.6577503362462345,0.106451
-1.6208512678206102,-1.7989104024010194,-1.3314500735506316,0.0912114
-1.6208512678206102,1.2327384154687646,1.3633488756669543,0.105286
-1.4524263334945111,-2.8094600083576142,1.5317738099930533,0.138675
-1.4524263334945111,3.0854126930558543,-3.0156994168116222,0.109144
-1.4524263334945111,3.422262561708054,-3.0156994168116222,0.109384
-1.284001399168412,-2.3041852053793166,-0.8261752705723344,0.109038
-1.284001399168412,-1.6304854680749203,-1.3314500735506316,0.0950351
-1.284001399168412,-1.1252106650966232,2.0370486129713505,0.157671
-1.284001399168412,-0.28308599346612784,-1.8367248765289288,0.0821802
-1.115576464842313,-1.2936355994227222,-1.4998750078767307,0.0924671
-1.115576464842313,-0.9567857307705232,-1.6682999422028288,0.0864244
-1.115576464842313,-0.11466105914002878,1.8686236786452524,0.129761
-1.115576464842313,0.3906137438382693,1.7001987443191533,0.115352
-1.115576464842313,0.7274636124904674,1.5317738099930533,0.111611
-1.115576464842313,2.411712955751459,1.0264990070147562,0.089726
-1.115576464842313,3.2538376273819534,-2.8472744824855236,0.105878
-1.115576464842313,3.422262561708054,-2.8472744824855236,0.105925
-1.115576464842313,4.2643872333385495,-2.510424613833325,0.109671
-1.115576464842313,4.938086970642946,-0.32090046759403634,0.11222
-1.115576464842313,5.106511904969043,-1.1630251392245325,0.117641
-1.115576464842313,5.106511904969043,-0.9946002048984335,0.116817
-0.947151530516213,-0.28308599346612784,-1.8367248765289288,0.0770319
-0.947151530516213,0.053763875186071175,-1.8367248765289288,0.0766369
-0.947151530516213,0.8958885468165665,1.3633488756669543,0.114794
-0.947151530516213,1.4011633497948637,-2.1735747451811265,0.0701997
-0.947151530516213,2.411712955751459,1.0264990070147562,0.0873111
-0.947151530516213,3.9275373646863496,0.521224204036459,0.111737
-0.778726596190114,-2.8094600083576142,0.521224204036459,0.138269
-0.778726596190114,-1.9673353367271185,2.2054735472974496,0.183009
-0.778726596190114,-1.7989104024010194,2.3738984816235487,0.188883
-0.778726596190114,-1.6304854680749203,-1.1630251392245325,0.112373
-0.778726596190114,-1.4620605337488208,-1.3314500735506316,0.105109
-0.778726596190114,0.7274636124904674,-1.8367248765289288,0.0680139
-0.778726596190114,3.422262561708054,0.521224204036459,0.108839
-0.778726596190114,4.769662036316845,-0.15247553326793728,0.112941
-0.6103016618640158,-2.6410350740315147,0.521224204036459,0.134588
-0.6103016618640158,-2.6410350740315147,0.8580740726886571,0.136988
-0.6103016618640158,-2.3041852053793166,-0.15247553326793728,0.132328
-0.6103016618640158,-1.1252106650966232,-1.6682999422028288,0.086525
-0.6103016618640158,2.748562824403656,-2.341999679507226,0.102126
-0.6103016618640158,3.7591124303602506,0.352799269710359,0.112874
-0.44187672753791674,-1.6304854680749203,2.7107483502757486,0.196458
-0.2734517932118177,-1.9673353367271185,-0.6577503362462345,0.135837
-0.2734517932118177,-0.11466105914002878,2.3738984816235487,0.150799
-0.2734517932118177,0.053763875186071175,2.2054735472974496,0.14147
-0.10502685888571861,0.5590386781643684,-2.341999679507226,0.0400887
-0.10502685888571861,3.5906874960341515,0.015949401058161783,0.116148
0.06339807544038223,-2.4726101397054157,0.015949401058161783,0.123405
0.06339807544038223,1.4011633497948637,-1.8367248765289288,0.0429747
0.06339807544038223,3.422262561708054,-0.15247553326793728,0.116075
0.06339807544038223,3.7591124303602506,-2.1735747451811265,0.117363
0.23182300976647952,0.7274636124904674,1.5317738099930533,0.125873
0.23182300976647952,1.7380132184470618,-1.6682999422028288,0.0516067
0.23182300976647952,4.601237101990748,-1.4998750078767307,0.130255
0.23182300976647952,4.601237101990748,-0.8261752705723344,0.129698
0.4002479440925786,-1.1252106650966232,2.879173284601846,0.180324
0.4002479440925786,1.0643134811426647,-2.1735747451811265,0.0434659
0.4002479440925786,2.243288021425359,0.18437433538426085,0.0907372
0.4002479440925786,3.2538376273819534,-1.1630251392245325,0.119908
0.4002479440925786,3.5906874960341515,-0.6577503362462345,0.126119
0.4002479440925786,4.095962299012449,-0.6577503362462345,0.129901
0.5686728784186776,-0.28308599346612784,-2.678849548159424,0.046101
0.5686728784186776,-0.28308599346612784,2.7107483502757486,0.14844
0.5686728784186776,0.7274636124904674,2.0370486129713505,0.135185
0.5686728784186776,0.8958885468165665,-2.341999679507226,0.0457783
0.5686728784186776,0.8958885468165665,1.0264990070147562,0.135096
0.5686728784186776,2.243288021425359,-0.32090046759403634,0.0894541
0.7370978127447767,-2.8094600083576142,1.8686236786452524,0.155449
0.7370978127447767,-1.6304854680749203,2.7107483502757486,0.18134
0.7370978127447767,0.8958885468165665,1.0264990070147562,0.136403
0.9055227470708775,-2.8094600083576142,0.015949401058161783,0.137124
0.9055227470708775,-1.1252106650966232,-2.341999679507226,0.0592581
0.9055227470708775,0.8958885468165665,1.0264990070147562,0.139073
0.9055227470708775,1.4011633497948637,-1.6682999422028288,0.0632981
1.0739476813969748,0.053763875186071175,3.216023153254044,0.144342
1.0739476813969748,0.8958885468165665,0.8580740726886571,0.145425
1.0739476813969748,1.2327384154687646,1.5317738099930533,0.143832
1.0739476813969748,1.5695882841209627,-0.6577503362462345,0.102319
1.0739476813969748,1.5695882841209627,2.7107483502757486,0.14393
1.0739476813969748,2.411712955751459,0.015949401058161783,0.139213
1.2423726157230757,-2.9778849426837133,-0.32090046759403634,0.139946
1.2423726157230757,-2.6410350740315147,-0.6577503362462345,0.138578
1.2423726157230757,1.4011633497948637,3.216023153254044,0.140046
1.2423726157230757,1.7380132184470618,2.2054735472974496,0.145075
1.2423726157230757,1.7380132184470618,2.5423234159496477,0.143926
1.2423726157230757,2.07486308709926,1.0264990070147562,0.148568
1.410797550049173,-1.7989104024010194,-1.1630251392245325,0.107881
1.410797550049173,-1.1252106650966232,-2.1735747451811265,0.0699902
1.410797550049173,1.5695882841209627,-0.8261752705723344,0.119342
1.410797550049173,2.9169877587297552,0.521224204036459,0.149574
1.5792224843752738,1.9064381527731609,2.0370486129713505,0.146644
1.5792224843752738,3.0854126930558543,0.18437433538426085,0.149268
1.5792224843752738,3.0854126930558543,0.352799269710359,0.149462
1.747647418701371,-3.4831597456620105,1.5317738099930533,0.143234
1.747647418701371,0.8958885468165665,-1.8367248765289288,0.10603
1.747647418701371,1.2327384154687646,-1.3314500735506316,0.124021
1.916072353027472,-3.4831597456620105,1.3633488756669543,0.141216
1.916072353027472,-1.1252106650966232,-1.8367248765289288,0.0915252
1.916072353027472,-0.619935862118326,3.384448087580143,0.142793
1.916072353027472,2.243288021425359,1.8686236786452524,0.148287
1.916072353027472,3.2538376273819534,0.18437433538426085,0.147845
2.084497287353571,-0.4515109277922269,3.721297956232341,0.137273
2.084497287353571,2.243288021425359,2.7107483502757486,0.139917
2.084497287353571,2.580137890077558,2.3738984816235487,0.141839
2.084497287353571,3.0854126930558543,-0.4893254019201354,0.143407
2.2529222216796683,-2.8094600083576142,2.879173284601846,0.15966
2.2529222216796683,-2.135760271053218,-2.005149810855028,0.100497
2.2529222216796683,-1.9673353367271185,-1.6682999422028288,0.102881
2.2529222216796683,-1.4620605337488208,-3.0156994168116222,0.105684
2.2529222216796683,-1.2936355994227222,-2.8472744824855236,0.104596
2.2529222216796683,-1.2936355994227222,-2.1735747451811265,0.10035
2.2529222216796683,-1.1252106650966232,-1.8367248765289288,0.106251
2.2529222216796683,-1.1252106650966232,3.047598218927945,0.155326
2.2529222216796683,-0.9567857307705232,-1.8367248765289288,0.110822
2.2529222216796683,0.053763875186071175,4.058147824884539,0.132712
2.421347156005769,-2.4726101397054157,-1.6682999422028288,0.105903
2.421347156005769,-1.7989104024010194,-3.52097421978992,0.110866
2.5897720903318664,-3.3147348113359114,0.521224204036459,0.141722
2.5897720903318664,-3.3147348113359114,1.1949239413408552,0.143384
2.5897720903318664,-2.9778849426837133,-2.1735747451811265,0.108093
2.5897720903318664,-0.619935862118326,-2.1735747451811265,0.126601
2.5897720903318664,0.3906137438382693,-1.8367248765289288,0.16811
2.7581970246579672,-1.7989104024010194,-4.0262490227682175,0.11604
2.7581970246579672,-1.4620605337488208,2.879173284601846,0.16068
2.7581970246579672,0.5590386781643684,-1.8367248765289288,0.16987
2.7581970246579672,1.4011633497948637,3.721297956232341,0.133136
2.7581970246579672,2.07486308709926,-1.3314500735506316,0.151177
2.9266219589840645,-2.9778849426837133,-0.32090046759403634,0.14442
2.9266219589840645,-2.8094600083576142,-0.8261752705723344,0.129692
2.9266219589840645,-0.788360796444425,-4.194673957094317,0.130541
2.9266219589840645,2.411712955751459,-1.3314500735506316,0.147242
3.0950468933101654,-2.8094600083576142,2.0370486129713505,0.157902
3.0950468933101654,-1.9673353367271185,2.5423234159496477,0.164541
3.0950468933101654,-0.11466105914002878,4.394997693536737,0.142045
3.2634718276362644,-3.3147348113359114,-1.6682999422028288,0.117426
3.2634718276362644,-2.8094600083576142,-0.15247553326793728,0.144601
3.2634718276362644,0.053763875186071175,-2.678849548159424,0.147964
3.2634718276362644,1.2327384154687646,3.889722890558442,0.132917
3.2634718276362644,1.4011633497948637,-1.6682999422028288,0.169436
3.4318967619623635,-3.6515846799881095,-2.005149810855028,0.123224
3.4318967619623635,-2.8094600083576142,-0.15247553326793728,0.143025
3.4318967619623635,0.3906137438382693,-2.678849548159424,0.152224
3.4318967619623635,2.580137890077558,3.552873021906244,0.134144
3.4318967619623635,3.0854126930558543,3.384448087580143,0.138333
3.4318967619623635,3.5906874960341515,2.879173284601846,0.141844
3.6003216962884625,-3.146309877009812,-0.8261752705723344,0.12877
3.6003216962884625,1.7380132184470618,-1.6682999422028288,0.166027
3.6003216962884625,3.422262561708054,-0.6577503362462345,0.148491
3.6003216962884625,3.422262561708054,0.352799269710359,0.148826
3.7687466306145616,2.580137890077558,-1.4998750078767307,0.156753
3.7687466306145616,3.2538376273819534,3.216023153254044,0.136737
3.7687466306145616,3.422262561708054,3.047598218927945,0.137819
3.9371715649406607,-3.9884345486403077,-3.3525492854638204,0.131229
3.9371715649406607,-3.4831597456620105,-1.6682999422028288,0.12785
3.9371715649406607,-1.1252106650966232,2.879173284601846,0.154679
3.9371715649406607,0.8958885468165665,3.889722890558442,0.13638
3.9371715649406607,1.4011633497948637,3.552873021906244,0.134355
3.9371715649406607,1.9064381527731609,-1.6682999422028288,0.164975
4.105596499266758,-2.8094600083576142,-4.194673957094317,0.114095
4.105596499266758,-2.4726101397054157,0.521224204036459,0.159869
4.105596499266758,-0.11466105914002878,4.058147824884539,0.145766
4.105596499266758,2.580137890077558,3.384448087580143,0.129521
4.274021433592859,-2.8094600083576142,0.352799269710359,0.154693
4.274021433592859,1.9064381527731609,-1.6682999422028288,0.163963
4.274021433592859,1.9064381527731609,3.384448087580143,0.13023
4.442446367918958,-3.146309877009812,-4.0262490227682175,0.115722
4.442446367918958,-0.788360796444425,-4.194673957094317,0.120375
4.442446367918958,0.3906137438382693,-3.0156994168116222,0.149625
4.442446367918958,0.3906137438382693,3.552873021906244,0.140594
4.442446367918958,3.2538376273819534,2.5423234159496477,0.129366
4.610871302245057,-3.4831597456620105,-0.6577503362462345,0.139572
4.610871302245057,-3.3147348113359114,-3.8578240884421175,0.117074
4.610871302245057,-1.1252106650966232,-4.194673957094317,0.113458
4.610871302245057,-0.11466105914002878,2.5423234159496477,0.151596
4.610871302245057,2.07486308709926,3.216023153254044,0.127776
4.779296236571156,-3.3147348113359114,-1.6682999422028288,0.12856
4.779296236571156,-2.4726101397054157,-4.0262490227682175,0.107612
4.779296236571156,1.7380132184470618,-1.8367248765289288,0.157038
4.779296236571156,2.07486308709926,-1.1630251392245325,0.162806
4.779296236571156,2.580137890077558,-0.9946002048984335,0.161237
4.779296236571156,2.580137890077558,2.879173284601846,0.125466
4.779296236571156,2.9169877587297552,-0.6577503362462345,0.157854
4.779296236571156,2.9169877587297552,0.18437433538426085,0.15073
4.779296236571156,2.9169877587297552,1.3633488756669543,0.136239
4.947721170897255,-3.3147348113359114,-2.005149810855028,0.121391
4.947721170897255,-0.788360796444425,-3.689399154116019,0.111609
4.947721170897255,0.053763875186071175,1.7001987443191533,0.161074
4.947721170897255,2.07486308709926,3.047598218927945,0.12815
4.947721170897255,2.748562824403656,-0.15247553326793728,0.154548
5.116146105223354,-2.9778849426837133,0.18437433538426085,0.150282
5.116146105223354,-1.9673353367271185,-3.8578240884421175,0.103682
5.116146105223354,-1.7989104024010194,-3.8578240884421175,0.103884
5.116146105223354,0.22218880951217024,1.3633488756669543,0.163425
5.116146105223354,0.22218880951217024,1.5317738099930533,0.160717
5.116146105223354,0.22218880951217024,1.7001987443191533,0.158176
5.116146105223354,1.9064381527731609,-0.32090046759403634,0.159063
5.116146105223354,1.9064381527731609,0.015949401058161783,0.157325
5.116146105223354,2.580137890077558,2.5423234159496477,0.127165
5.116146105223354,2.748562824403656,1.5317738099930533,0.133918
5.284571039549453,-3.3147348113359114,-0.9946002048984335,0.131264
5.284571039549453,-3.146309877009812,-2.510424613833325,0.108226
5.284571039549453,-1.9673353367271185,-3.689399154116019,0.100976
5.284571039549453,-1.7989104024010194,-3.689399154116019,0.101061
5.284571039549453,-0.788360796444425,-3.1841243511377213,0.106801
5.284571039549453,0.3906137438382693,1.1949239413408552,0.163321
5.452995973875552,0.5590386781643684,1.3633488756669543,0.158728
5.452995973875552,1.4011633497948637,-1.1630251392245325,0.147523
5.621420908201653,-0.11466105914002878,-2.1735747451811265,0.136984
5.621420908201653,0.053763875186071175,-2.1735747451811265,0.13922
5.78984584252775,-2.6410350740315147,-1.6682999422028288,0.105393
5.78984584252775,-2.4726101397054157,-0.15247553326793728,0.138982
5.78984584252775,-0.619935862118326,0.521224204036459,0.15997
5.78984584252775,0.5590386781643684,0.689649138362558,0.164589
5.78984584252775,1.4011633497948637,2.3738984816235487,0.143949
5.958270776853849,-2.4726101397054157,-1.3314500735506316,0.110127
5.958270776853849,-2.135760271053218,-2.1735747451811265,0.0917958
5.958270776853849,-1.1252106650966232,-0.4893254019201354,0.143918
5.958270776853849,-0.619935862118326,-1.6682999422028288,0.131412
5.958270776853849,1.0643134811426647,0.015949401058161783,0.158088
6.1266957111799485,-1.6304854680749203,-1.4998750078767307,0.109404
6.1266957111799485,-1.6304854680749203,-1.3314500735506316,0.113552
6.2951206455060476,0.3906137438382693,-0.9946002048984335,0.145401
6.2951206455060476,0.3906137438382693,0.18437433538426085,0.159534
