-7.9065832512970005,-1.1234844890431477,0.5352939676507402,0.11949
-7.743675518544637,-1.612207687300237,0.046570769393650124,0.117786
-7.580767785792274,-1.612207687300237,-0.2792446961110766,0.114234
-7.580767785792274,-1.4492999545478744,1.3498326314125562,0.131259
-7.580767785792274,-0.6347612907860576,-0.44215242886344,0.107376
-7.41786005303991,-1.4492999545478744,1.5127403641649204,0.131881
-7.41786005303991,-0.9605767562907843,-0.9308756271205301,0.111811
-7.41786005303991,-0.797669023538421,-0.9308756271205301,0.111016
-7.41786005303991,0.016869640223395876,0.6982017004031036,0.101372
-7.092044587535183,-0.797669023538421,1.675648096917283,0.127232
-7.092044587535183,-0.30894582528133085,-1.4195988253776197,0.115464
-7.092044587535183,-0.1460380925289675,-1.2566910926252564,0.111362
-7.092044587535183,0.6685005712328485,0.861109433155467,0.0993543
-6.92913685478282,-2.263838618309691,-0.2792446961110766,0.112994
-6.92913685478282,-2.100930885557327,-0.6050601616158024,0.112869
-6.92913685478282,-0.1460380925289675,1.5127403641649204,0.117825
-6.92913685478282,0.3426851057281217,1.5127403641649204,0.114062
-6.92913685478282,0.9943160367375761,1.5127403641649204,0.115394
-6.92913685478282,1.1572237694899385,0.861109433155467,0.103881
-6.92913685478282,1.1572237694899385,1.1869248986601928,0.109472
-6.766229122030457,0.016869640223395876,1.675648096917283,0.120907
-6.766229122030457,0.3426851057281217,1.8385558296696463,0.122559
-6.766229122030457,1.1572237694899385,-0.11633696335871324,0.0982479
-6.766229122030457,1.4830392349946653,1.0240171659078303,0.110364
-6.766229122030457,1.4830392349946653,1.3498326314125562,0.115941
-6.44041365652573,-2.100930885557327,-1.2566910926252564,0.119856
-6.44041365652573,-1.286392221795511,-2.0712297563870727,0.13695
-6.44041365652573,-1.286392221795511,1.8385558296696463,0.133233
-6.44041365652573,-0.9605767562907843,1.8385558296696463,0.134189
-6.114598191021004,-1.7751154200526011,1.675648096917283,0.129054
-6.114598191021004,-0.30894582528133085,-2.0712297563870727,0.139062
-6.114598191021004,1.320131502242302,-0.9308756271205301,0.116129
-5.788782725516277,-2.100930885557327,-1.4195988253776197,0.126414
-5.788782725516277,-1.612207687300237,1.8385558296696463,0.134333
-5.788782725516277,2.1346701660041187,1.3498326314125562,0.123511
-5.625874992763913,-1.612207687300237,2.0014635624220105,0.137129
-5.625874992763913,0.8314083039852118,2.653094493431463,0.137752
-5.462967260011551,-2.263838618309691,-0.9308756271205301,0.119813
-5.300059527259187,-1.9380231528049645,-1.4195988253776197,0.133868
-5.300059527259187,2.297577898756481,0.5352939676507402,0.126593
-5.137151794506824,-2.426746351062054,1.5127403641649204,0.126256
-5.137151794506824,-2.263838618309691,-0.7679678943681667,0.122937
-4.974244061754461,0.9943160367375761,-1.4195988253776197,0.151652
-4.8113363290020965,-2.589654083814417,0.5352939676507402,0.121243
-4.8113363290020965,-2.589654083814417,0.861109433155467,0.122479
-4.8113363290020965,-2.589654083814417,1.0240171659078303,0.123734
-4.8113363290020965,-1.612207687300237,2.653094493431463,0.14854
-4.8113363290020965,1.4830392349946653,2.164371295174373,0.130174
-4.8113363290020965,2.297577898756481,-0.6050601616158024,0.149881
-4.648428596249734,-2.589654083814417,1.3498326314125562,0.131159
-4.648428596249734,-2.426746351062054,2.0014635624220105,0.141399
-4.648428596249734,1.6459469677470286,1.8385558296696463,0.12794
-4.485520863497371,-2.589654083814417,0.5352939676507402,0.132032
-4.485520863497371,-2.100930885557327,-1.0937833598728925,0.151085
-4.485520863497371,-1.7751154200526011,2.653094493431463,0.151984
-4.485520863497371,0.016869640223395876,2.3272790279267364,0.130507
-4.485520863497371,1.4830392349946653,1.8385558296696463,0.12797
-4.485520863497371,1.808854700499392,1.3498326314125562,0.129191
-4.485520863497371,1.9717624332517563,-0.9308756271205301,0.159847
-4.485520863497371,2.297577898756481,0.046570769393650124,0.145918
-4.322613130745007,-2.589654083814417,0.5352939676507402,0.1376
-4.322613130745007,-2.589654083814417,0.6982017004031036,0.136616
-4.322613130745007,-2.589654083814417,0.861109433155467,0.136111
-4.322613130745007,-2.589654083814417,1.3498326314125562,0.137805
-4.322613130745007,0.17977737297575835,-1.9083220236347098,0.171815
-4.159705397992644,-0.4718535580336942,-2.3970452218917995,0.17076
-4.159705397992644,1.9717624332517563,-0.6050601616158024,0.162506
-4.159705397992644,1.9717624332517563,0.5352939676507402,0.144121
-3.9967976652402806,-2.426746351062054,1.8385558296696463,0.149105
-3.9967976652402806,1.4830392349946653,1.1869248986601928,0.141778
-3.9967976652402806,1.6459469677470286,-0.7679678943681667,0.169058
-3.833889932487917,0.9943160367375761,-0.9308756271205301,0.178852
-3.833889932487917,1.320131502242302,-0.7679678943681667,0.175894
-3.833889932487917,1.320131502242302,1.1869248986601928,0.149922
-3.670982199735554,-1.9380231528049645,-1.9083220236347098,0.156157
-3.670982199735554,-1.612207687300237,2.4901867606790997,0.162527
-3.670982199735554,0.3426851057281217,1.8385558296696463,0.145404
-3.670982199735554,0.8314083039852118,1.5127403641649204,0.152002
-3.670982199735554,1.4830392349946653,0.6982017004031036,0.170001
-3.5080744669831905,0.17977737297575835,-2.234137489139436,0.178922
-3.5080744669831905,0.6685005712328485,-1.5825065581299826,0.183058
-3.345166734230827,-1.7751154200526011,-2.0712297563870727,0.158856
-3.345166734230827,-0.1460380925289675,2.164371295174373,0.160516
-3.345166734230827,1.1572237694899385,-0.6050601616158024,0.197178
-3.345166734230827,1.1572237694899385,1.1869248986601928,0.188643
-3.1822590014784637,-1.612207687300237,2.4901867606790997,0.16784
-3.1822590014784637,-0.1460380925289675,-2.3970452218917995,0.178082
-3.1822590014784637,0.3426851057281217,1.675648096917283,0.176405
-3.1822590014784637,0.6685005712328485,1.5127403641649204,0.18552
-3.0193512687261013,-2.263838618309691,-1.7454142908823465,0.160014
-3.0193512687261013,-2.100930885557327,1.3498326314125562,0.165792
-3.0193512687261013,-1.9380231528049645,2.164371295174373,0.164562
-3.0193512687261013,-1.612207687300237,2.653094493431463,0.166983
-3.0193512687261013,-0.9605767562907843,-2.3970452218917995,0.170115
-3.0193512687261013,-0.1460380925289675,-2.3970452218917995,0.177868
-3.0193512687261013,0.016869640223395876,2.3272790279267364,0.165032
-3.0193512687261013,0.6685005712328485,-2.3970452218917995,0.178092
-3.0193512687261013,1.1572237694899385,1.3498326314125562,0.197339
-3.0193512687261013,1.320131502242302,-1.4195988253776197,0.182693
-2.856443535973738,-2.263838618309691,-1.7454142908823465,0.162188
-2.6935358032213736,-1.7751154200526011,-2.0712297563870727,0.163901
-2.6935358032213736,-1.286392221795511,-2.234137489139436,0.166838
-2.6935358032213736,2.623393364261208,-0.6050601616158024,0.156326
-2.6935358032213736,2.9492088297659365,-0.11633696335871324,0.149289
-2.530628070469011,-3.078377282071507,-0.11633696335871324,0.169015
-2.530628070469011,-2.100930885557327,-2.0712297563870727,0.163615
-2.530628070469011,-0.6347612907860576,3.141817691688553,0.161375
-2.530628070469011,1.808854700499392,-1.7454142908823465,0.176117
-2.367720337716648,-2.426746351062054,1.1869248986601928,0.160484
-2.367720337716648,-2.263838618309691,-2.234137489139436,0.161305
-2.367720337716648,1.6459469677470286,-2.3970452218917995,0.174996
-2.2048126049642836,-2.9154695493191443,-0.44215242886344,0.17089
-2.2048126049642836,-2.589654083814417,0.6982017004031036,0.166288
-2.2048126049642836,-1.612207687300237,-2.722860687396526,0.153284
-2.2048126049642836,0.505592838480486,2.4901867606790997,0.158836
-2.2048126049642836,0.9943160367375761,1.8385558296696463,0.172444
-2.2048126049642836,1.808854700499392,-2.234137489139436,0.175451
-2.2048126049642836,1.808854700499392,1.5127403641649204,0.129237
-2.2048126049642836,1.9717624332517563,-1.7454142908823465,0.176398
-2.2048126049642836,2.297577898756481,1.5127403641649204,0.104886
-2.041904872211921,-2.752561816566781,-0.11633696335871324,0.171277
-2.041904872211921,-2.589654083814417,1.3498326314125562,0.155022
-2.041904872211921,-2.426746351062054,-2.559952954644163,0.154082
-2.041904872211921,-2.426746351062054,1.8385558296696463,0.151232
-2.041904872211921,1.1572237694899385,2.4901867606790997,0.150886
-2.041904872211921,3.600839760775388,-0.9308756271205301,0.216622
-2.041904872211921,3.7637474935277524,0.046570769393650124,0.182691
-1.8789971394595577,3.437932028023024,1.0240171659078303,0.111398
-1.8789971394595577,3.600839760775388,-1.0937833598728925,0.220027
-1.7160894067071943,-2.589654083814417,-0.7679678943681667,0.167059
-1.7160894067071943,-2.426746351062054,2.0014635624220105,0.149634
-1.7160894067071943,-2.100930885557327,2.4901867606790997,0.151741
-1.7160894067071943,-0.4718535580336942,3.141817691688553,0.153475
-1.7160894067071943,2.1346701660041187,1.8385558296696463,0.109754
-1.7160894067071943,3.2750242952706614,1.3498326314125562,0.0954247
-1.7160894067071943,3.7637474935277524,0.5352939676507402,0.148133
-1.553181673954831,-2.9154695493191443,-2.234137489139436,0.151783
-1.553181673954831,-2.589654083814417,-0.7679678943681667,0.163114
-1.553181673954831,-0.9605767562907843,3.141817691688553,0.153917
-1.553181673954831,0.17977737297575835,3.141817691688553,0.144167
-1.553181673954831,3.600839760775388,-1.2566910926252564,0.221854
-1.3902739412024676,-2.589654083814417,1.8385558296696463,0.150217
-1.3902739412024676,3.437932028023024,-1.4195988253776197,0.2152
-1.2273662084501034,-2.9154695493191443,-1.2566910926252564,0.150612
-1.2273662084501034,-1.612207687300237,-3.374491618405979,0.137048
-1.2273662084501034,3.112116562518299,-2.3970452218917995,0.166083
-1.2273662084501034,3.437932028023024,1.3498326314125562,0.0924335
-1.0644584756977409,-2.9154695493191443,-1.2566910926252564,0.146561
-1.0644584756977409,-2.752561816566781,-0.9308756271205301,0.147117
-1.0644584756977409,-2.589654083814417,1.8385558296696463,0.150507
-1.0644584756977409,0.9943160367375761,3.46763315719328,0.133054
-1.0644584756977409,1.4830392349946653,-2.722860687396526,0.163919
-1.0644584756977409,3.2750242952706614,1.5127403641649204,0.0868107
-1.0644584756977409,3.7637474935277524,0.861109433155467,0.115368
-0.9015507429453784,-2.263838618309691,-3.048676152901253,0.137138
-0.9015507429453784,2.623393364261208,1.8385558296696463,0.0934672
-0.9015507429453784,3.437932028023024,1.3498326314125562,0.0905999
-0.9015507429453784,3.926655226280115,-0.7679678943681667,0.20736
-0.9015507429453784,3.926655226280115,0.37238623489837686,0.14671
-0.7386430101930141,-0.9605767562907843,-3.8632148166630693,0.144071
-0.7386430101930141,-0.4718535580336942,-3.8632148166630693,0.149036
-0.7386430101930141,1.9717624332517563,-3.2115838856536163,0.149424
-0.7386430101930141,1.9717624332517563,2.9789099589361907,0.13694
-0.7386430101930141,2.9492088297659365,1.675648096917283,0.0870285
-0.7386430101930141,3.600839760775388,-1.7454142908823465,0.172204
-0.5757352774406517,-2.752561816566781,-0.6050601616158024,0.129229
-0.5757352774406517,-1.4492999545478744,-3.700307083910706,0.138994
-0.5757352774406517,0.016869640223395876,-3.700307083910706,0.152998
-0.5757352774406517,1.808854700499392,3.141817691688553,0.135188
-0.5757352774406517,2.297577898756481,-3.374491618405979,0.145977
-0.5757352774406517,3.7637474935277524,0.6982017004031036,0.118152
-0.5757352774406517,3.926655226280115,-0.44215242886344,0.182322
-0.4128275446882874,-2.426746351062054,1.675648096917283,0.14917
-0.4128275446882874,0.505592838480486,-3.2115838856536163,0.156353
-0.4128275446882874,3.600839760775388,-2.722860687396526,0.14908
-0.4128275446882874,3.7637474935277524,-0.9308756271205301,0.180458
-0.4128275446882874,3.926655226280115,-0.44215242886344,0.173166
-0.24991981193592316,-2.752561816566781,-2.3970452218917995,0.139283
-0.24991981193592316,-2.589654083814417,-2.559952954644163,0.140134
-0.24991981193592316,-2.263838618309691,1.675648096917283,0.147588
-0.24991981193592316,-1.4492999545478744,-3.700307083910706,0.139143
-0.24991981193592316,-0.30894582528133085,-3.8632148166630693,0.150273
-0.24991981193592316,0.17977737297575835,3.6305408899456424,0.12554
-0.24991981193592316,0.505592838480486,-3.2115838856536163,0.155088
-0.24991981193592316,1.9717624332517563,2.8160022261838265,0.135069
-0.08701207918356069,-2.589654083814417,0.37238623489837686,0.124468
-0.08701207918356069,-1.612207687300237,-3.537399351158343,0.137418
-0.08701207918356069,0.6685005712328485,-3.048676152901253,0.153221
-0.08701207918356069,0.9943160367375761,-3.048676152901253,0.148268
-0.08701207918356069,2.1346701660041187,2.164371295174373,0.13261
-0.08701207918356069,2.297577898756481,1.675648096917283,0.119816
-0.08701207918356069,2.9492088297659365,-3.374491618405979,0.140742
-0.08701207918356069,3.7637474935277524,-2.3970452218917995,0.144979
0.07589565356880179,-3.7300082130809606,-1.4195988253776197,0.110995
0.07589565356880179,-3.078377282071507,-0.11633696335871324,0.102449
0.07589565356880179,-2.589654083814417,-2.722860687396526,0.136812
0.07589565356880179,-1.286392221795511,-3.700307083910706,0.140181
0.07589565356880179,3.7637474935277524,-2.3970452218917995,0.142145
0.23880338632116427,-1.9380231528049645,-3.048676152901253,0.135316
0.23880338632116427,-0.30894582528133085,-3.700307083910706,0.148382
0.23880338632116427,3.926655226280115,0.6982017004031036,0.135409
0.4017111190735285,-2.752561816566781,-3.048676152901253,0.130234
0.4017111190735285,-1.612207687300237,1.8385558296696463,0.133626
0.4017111190735285,-1.612207687300237,2.0014635624220105,0.134508
0.4017111190735285,-1.612207687300237,2.164371295174373,0.135369
0.4017111190735285,1.6459469677470286,-3.374491618405979,0.132925
0.4017111190735285,1.808854700499392,2.653094493431463,0.137877
0.4017111190735285,4.741193890041931,-0.44215242886344,0.137299
0.4017111190735285,4.741193890041931,-0.2792446961110766,0.138538
0.5646188518258928,-2.100930885557327,1.0240171659078303,0.11304
0.5646188518258928,-1.286392221795511,3.141817691688553,0.136569
0.5646188518258928,0.016869640223395876,-3.2115838856536163,0.148129
0.5646188518258928,1.4830392349946653,-3.374491618405979,0.133682
0.5646188518258928,1.4830392349946653,2.8160022261838265,0.135833
0.5646188518258928,2.297577898756481,-3.374491618405979,0.130416
0.5646188518258928,2.9492088297659365,-3.2115838856536163,0.132965
0.5646188518258928,3.926655226280115,-2.0712297563870727,0.133587
0.5646188518258928,3.926655226280115,0.861109433155467,0.136001
0.7275265845782553,-1.1234844890431477,-3.2115838856536163,0.133373
0.7275265845782553,1.9717624332517563,2.8160022261838265,0.138784
0.8904343173306195,-3.8929159458333236,-3.048676152901253,0.129124
0.8904343173306195,-1.7751154200526011,1.5127403641649204,0.111863
0.8904343173306195,-1.612207687300237,1.675648096917283,0.116577
0.8904343173306195,-1.286392221795511,2.8160022261838265,0.132725
0.8904343173306195,-0.30894582528133085,-2.885768420148889,0.138433
0.8904343173306195,3.437932028023024,1.0240171659078303,0.138096
0.8904343173306195,3.600839760775388,-2.559952954644163,0.130751
1.053342050082982,-1.9380231528049645,-3.048676152901253,0.11441
1.053342050082982,1.320131502242302,-3.374491618405979,0.134701
1.053342050082982,1.4830392349946653,-3.374491618405979,0.132645
1.053342050082982,4.904101622794295,-0.44215242886344,0.125017
1.053342050082982,4.904101622794295,-0.2792446961110766,0.126535
1.2162497828353445,-4.381639144090414,-1.5825065581299826,0.107842
1.2162497828353445,-3.404192747576234,0.37238623489837686,0.0833331
1.2162497828353445,-1.7751154200526011,1.675648096917283,0.106222
1.2162497828353445,-0.1460380925289675,3.141817691688553,0.120898
1.2162497828353445,4.252470691784842,-2.234137489139436,0.12218
1.3791575155877087,-0.797669023538421,2.653094493431463,0.117246
1.3791575155877087,0.505592838480486,2.8160022261838265,0.115435
1.5420652483400712,-4.218731411338051,-0.44215242886344,0.0869585
1.5420652483400712,-3.7300082130809606,0.37238623489837686,0.0806126
1.5420652483400712,-2.426746351062054,1.1869248986601928,0.095429
1.5420652483400712,-1.7751154200526011,1.8385558296696463,0.102193
1.5420652483400712,-1.1234844890431477,-2.722860687396526,0.101921
1.5420652483400712,-0.797669023538421,2.4901867606790997,0.106526
1.5420652483400712,-0.30894582528133085,2.8160022261838265,0.10141
1.5420652483400712,1.9717624332517563,3.141817691688553,0.131641
1.5420652483400712,3.926655226280115,0.861109433155467,0.133921
1.5420652483400712,4.089562959032479,-2.559952954644163,0.123559
1.5420652483400712,4.741193890041931,0.046570769393650124,0.122372
1.7049729810924354,-0.6347612907860576,2.653094493431463,0.0924397
1.7049729810924354,0.3426851057281217,-2.559952954644163,0.135577
1.7049729810924354,1.808854700499392,3.141817691688553,0.127606
1.7049729810924354,1.9717624332517563,3.141817691688553,0.129313
1.7049729810924354,4.578286157289568,-2.0712297563870727,0.118386
1.8678807138447997,-3.078377282071507,-3.2115838856536163,0.108468
1.8678807138447997,-3.078377282071507,1.0240171659078303,0.0862633
1.8678807138447997,-2.752561816566781,-3.2115838856536163,0.102932
1.8678807138447997,-2.426746351062054,1.5127403641649204,0.0926235
1.8678807138447997,-1.612207687300237,-2.885768420148889,0.0925266
1.8678807138447997,-0.4718535580336942,2.8160022261838265,0.0792913
1.8678807138447997,0.17977737297575835,2.9789099589361907,0.0798256
1.8678807138447997,0.3426851057281217,-2.234137489139436,0.129195
1.8678807138447997,0.505592838480486,-2.559952954644163,0.134484
1.8678807138447997,2.297577898756481,-2.722860687396526,0.126289
1.8678807138447997,3.112116562518299,2.164371295174373,0.134732
1.8678807138447997,3.926655226280115,-2.722860687396526,0.124373
1.8678807138447997,4.741193890041931,-1.5825065581299826,0.113382
2.030788446597162,-1.7751154200526011,2.0014635624220105,0.0972838
2.030788446597162,-0.797669023538421,-2.234137489139436,0.0920237
2.030788446597162,1.320131502242302,2.9789099589361907,0.112731
2.030788446597162,3.112116562518299,2.0014635624220105,0.133487
2.030788446597162,3.600839760775388,0.861109433155467,0.140249
2.030788446597162,4.578286157289568,-0.2792446961110766,0.1132
2.030788446597162,4.741193890041931,-1.2566910926252564,0.110456
2.1936961793495247,-4.218731411338051,-1.7454142908823465,0.116359
2.1936961793495247,-1.4492999545478744,2.164371295174373,0.0962922
2.1936961793495247,-1.1234844890431477,-2.3970452218917995,0.0862707
2.1936961793495247,-0.9605767562907843,-2.234137489139436,0.0875855
2.1936961793495247,0.9943160367375761,-2.3970452218917995,0.129135
2.1936961793495247,2.4604856315088455,-2.559952954644163,0.120556
2.356603912101889,-4.5445468768427775,-0.6050601616158024,0.0995171
2.356603912101889,-3.2412850148238705,1.1869248986601928,0.0875525
2.356603912101889,-3.078377282071507,-2.885768420148889,0.100879
2.356603912101889,-2.263838618309691,1.8385558296696463,0.0919901
2.356603912101889,0.505592838480486,-1.2566910926252564,0.111369
2.356603912101889,0.6685005712328485,-1.2566910926252564,0.117689
2.356603912101889,3.926655226280115,0.37238623489837686,0.125363
2.356603912101889,4.415378424537204,-0.44215242886344,0.109822
2.5195116448542514,-1.4492999545478744,2.164371295174373,0.0930067
2.5195116448542514,-1.1234844890431477,-2.0712297563870727,0.082872
2.5195116448542514,-0.4718535580336942,-1.4195988253776197,0.0913569
2.5195116448542514,1.808854700499392,-1.9083220236347098,0.119342
2.5195116448542514,3.2750242952706614,-2.722860687396526,0.11859
2.6824193776066156,-3.2412850148238705,-2.559952954644163,0.102133
2.6824193776066156,-2.752561816566781,-2.722860687396526,0.0910905
2.6824193776066156,-1.9380231528049645,2.0014635624220105,0.0917771
2.845327110358978,0.6685005712328485,-1.0937833598728925,0.0981033
2.845327110358978,0.8314083039852118,2.9789099589361907,0.0582007
2.845327110358978,3.600839760775388,0.6982017004031036,0.117234
2.845327110358978,4.089562959032479,-0.6050601616158024,0.102578
2.845327110358978,4.252470691784842,-2.0712297563870727,0.115172
3.0082348431113424,-3.2412850148238705,1.3498326314125562,0.0933663
3.0082348431113424,-2.589654083814417,-2.559952954644163,0.0854677
3.0082348431113424,-2.426746351062054,-2.559952954644163,0.0826616
3.0082348431113424,-1.286392221795511,2.164371295174373,0.0829598
3.0082348431113424,-0.6347612907860576,-1.2566910926252564,0.0855779
3.0082348431113424,-0.6347612907860576,2.8160022261838265,0.0447942
3.0082348431113424,0.17977737297575835,-0.9308756271205301,0.0868588
3.0082348431113424,0.505592838480486,-0.9308756271205301,0.0894366
3.0082348431113424,2.297577898756481,-1.9083220236347098,0.0903129
3.171142575863705,-3.2412850148238705,-2.3970452218917995,0.099299
3.171142575863705,3.926655226280115,-1.0937833598728925,0.0922354
3.3340503086160673,-3.7300082130809606,0.6982017004031036,0.111835
3.3340503086160673,-2.9154695493191443,-2.3970452218917995,0.0913462
3.3340503086160673,0.8314083039852118,-1.2566910926252564,0.0729113
3.3340503086160673,0.9943160367375761,-1.4195988253776197,0.0727055
3.3340503086160673,3.600839760775388,-1.5825065581299826,0.0876594
3.4969580413684316,-4.707454609595141,-0.6050601616158024,0.12108
3.4969580413684316,-0.6347612907860576,-1.0937833598728925,0.0791987
3.4969580413684316,0.9943160367375761,-1.4195988253776197,0.0651739
3.4969580413684316,3.2750242952706614,1.0240171659078303,0.0798102
3.659865774120794,-4.707454609595141,-0.9308756271205301,0.125274
3.659865774120794,-1.1234844890431477,2.164371295174373,0.0523181
3.8227735068731583,-2.426746351062054,-2.0712297563870727,0.0851571
3.8227735068731583,-2.263838618309691,2.4901867606790997,0.0407487
3.9856812396255226,-3.7300082130809606,0.6982017004031036,0.139119
3.9856812396255226,-1.286392221795511,-1.2566910926252564,0.0809732
3.9856812396255226,1.6459469677470286,-1.7454142908823465,0.0425748
3.9856812396255226,3.2750242952706614,-1.4195988253776197,0.0373248
4.148588972377885,-4.381639144090414,-0.7679678943681667,0.13276
4.148588972377885,-3.404192747576234,1.8385558296696463,0.0781214
4.148588972377885,-2.589654083814417,2.4901867606790997,0.0405282
4.148588972377885,-1.286392221795511,-1.0937833598728925,0.0834132
4.148588972377885,-0.30894582528133085,0.37238623489837686,0.0649394
4.148588972377885,0.17977737297575835,2.164371295174373,0.0187174
4.148588972377885,1.1572237694899385,1.3498326314125562,0.0146382
4.148588972377885,1.808854700499392,-1.7454142908823465,0.0362669
4.3114967051302475,0.016869640223395876,1.3498326314125562,0.023014
4.3114967051302475,0.3426851057281217,1.1869248986601928,0.0173625
4.3114967051302475,0.505592838480486,1.3498326314125562,0.0136889
4.3114967051302475,0.505592838480486,1.5127403641649204,0.0137802
4.474404437882612,-3.7300082130809606,-1.2566910926252564,0.128578
4.474404437882612,-3.7300082130809606,-0.44215242886344,0.154082
4.474404437882612,-2.9154695493191443,-1.2566910926252564,0.117241
4.474404437882612,-2.9154695493191443,2.3272790279267364,0.0512644
4.474404437882612,-2.589654083814417,-1.0937833598728925,0.117117
4.474404437882612,-2.589654083814417,2.4901867606790997,0.0401002
4.474404437882612,-0.9605767562907843,2.164371295174373,0.0217272
4.474404437882612,3.2750242952706614,-1.0937833598728925,0.0228074
4.474404437882612,3.2750242952706614,0.5352939676507402,0.0355461
4.474404437882612,3.437932028023024,0.2094785021460135,0.0337209
4.637312170634974,-2.9154695493191443,-0.7679678943681667,0.143694
4.637312170634974,0.9943160367375761,0.5352939676507402,0.00614308
4.637312170634974,3.112116562518299,-1.0937833598728925,0.0190013
4.8002199033873385,-3.7300082130809606,1.1869248986601928,0.146497
4.8002199033873385,-1.7751154200526011,2.4901867606790997,0.0253947
4.8002199033873385,2.623393364261208,-1.2566910926252564,0.0164542
4.963127636139703,-1.612207687300237,-0.6050601616158024,0.08155
4.963127636139703,-0.797669023538421,1.8385558296696463,0.0160103
4.963127636139703,-0.4718535580336942,0.6982017004031036,0.0242677
4.963127636139703,1.4830392349946653,0.5352939676507402,0.00555651
4.963127636139703,2.623393364261208,0.5352939676507402,0.0186874
5.126035368892065,2.297577898756481,-0.7679678943681667,0.0137371
5.126035368892065,2.623393364261208,0.046570769393650124,0.0155273
5.6147585671491544,-1.612207687300237,-0.11633696335871324,0.0684723
5.6147585671491544,-0.9605767562907843,0.5352939676507402,0.0308401
5.6147585671491544,-0.9605767562907843,1.1869248986601928,0.0231711
5.940574032653881,-1.612207687300237,0.861109433155467,0.0544238
