-6.907361212661275,-1.569224210201654,0.8143973734471999,0.0306973
-6.907361212661275,-1.409601609558417,0.8143973734471999,0.0302474
-6.907361212661275,-1.0903564082719432,0.33552957151748863,0.0242792
-6.747738612018038,-1.2499790089151799,1.1336425747336731,0.0281489
-6.747738612018038,-0.7711112069854691,0.17590697087425244,0.0163037
-6.588116011374801,-2.3673372134178385,0.4951521721607257,0.025821
-6.588116011374801,-2.2077146127746015,0.974019974090437,0.02633
-6.268870810088327,-2.526959814061075,0.016284370231015366,0.0200784
-6.10924820944509,-2.3673372134178385,1.2932651753769102,0.0150078
-6.10924820944509,-1.8884694114881277,1.6125103766633844,0.0168189
-6.10924820944509,-1.409601609558417,-0.9414512336284062,0.00570364
-5.949625608801853,-2.2077146127746015,-0.7818286329851691,0.0176191
-5.949625608801853,-2.048092012131365,-0.9414512336284062,0.0156618
-5.949625608801853,-2.048092012131365,1.6125103766633844,0.0122176
-5.949625608801853,-1.0903564082719432,-1.1010738342716433,-0.00292933
-5.949625608801853,-0.7711112069854691,1.6125103766633844,0.0194184
-5.7900030081586165,-2.3673372134178385,1.4528877760201473,0.00663972
-5.7900030081586165,-1.409601609558417,-1.420319035558117,0.00103692
-5.7900030081586165,-0.9307338076287062,1.7721329773066214,0.0179774
-5.7900030081586165,-0.611488606342232,-1.1010738342716433,-0.0125806
-5.7900030081586165,-0.13262080441252166,1.7721329773066214,0.0190189
-5.7900030081586165,0.027001796230715414,-0.46258343169869587,-0.0153261
-5.7900030081586165,0.027001796230715414,1.6125103766633844,0.0161965
-5.7900030081586165,0.1866243968739525,0.974019974090437,0.00318212
-5.630380407515379,-2.8462050153475493,0.6547747728039628,0.00282855
-5.630380407515379,-0.611488606342232,-1.26069643491488,-0.0147981
-5.630380407515379,-0.4518660056989958,2.251000779236332,0.0220055
-5.470757806872142,-1.2499790089151799,-1.8991868374878278,-0.00411875
-5.470757806872142,0.3462469975171887,-0.3029608310554588,-0.019895
-5.470757806872142,0.6654921988036628,0.8143973734471999,-0.00545763
-5.470757806872142,0.8251147994468999,1.9317555779498585,0.0188143
-5.311135206228906,-1.7288468108448907,1.9317555779498585,0.00118786
-5.311135206228906,0.984737400090137,1.4528877760201473,0.00666475
-5.151512605585669,-3.005827615990786,0.4951521721607257,-0.00644552
-5.151512605585669,-1.0903564082719432,2.410623379879569,0.00953227
-5.151512605585669,-0.9307338076287062,2.570245980522806,0.0131695
-5.151512605585669,-0.4518660056989958,2.889491181809279,0.0234837
-5.151512605585669,0.984737400090137,0.8143973734471999,-0.00746221
-4.991890004942432,-3.005827615990786,0.6547747728039628,-0.0103382
-4.991890004942432,0.027001796230715414,-1.1010738342716433,-0.025267
-4.991890004942432,0.1866243968739525,3.0491137824525163,0.0311696
-4.991890004942432,0.8251147994468999,2.729868581166043,0.0305266
-4.832267404299195,-2.048092012131365,-2.6972998407040123,0.0145569
-4.832267404299195,-2.048092012131365,1.9317555779498585,-0.0107826
-4.832267404299195,-1.569224210201654,2.251000779236332,-0.00372345
-4.832267404299195,-0.4518660056989958,3.0491137824525163,0.0223465
-4.672644803655958,-3.644318018563734,-0.9414512336284062,0.00765737
-4.672644803655958,-3.4846954179204968,-0.46258343169869587,-0.00159424
-4.672644803655958,-1.409601609558417,-2.537677240060775,-0.00181469
-4.672644803655958,1.3039826013766103,1.1336425747336731,-0.00173481
-4.513022203012721,0.8251147994468999,2.889491181809279,0.0299265
-4.353399602369484,-3.644318018563734,-1.7395642368445907,0.0195737
-4.353399602369484,0.1866243968739525,-0.9414512336284062,-0.0247614
-4.193777001726247,-1.8884694114881277,-2.6972998407040123,0.00906368
-4.193777001726247,-0.611488606342232,3.0491137824525163,0.0141568
-4.193777001726247,0.8251147994468999,2.889491181809279,0.0275241
-4.03415440108301,-3.644318018563734,-1.26069643491488,0.00590539
-4.03415440108301,-3.644318018563734,-1.1010738342716433,0.00264555
-4.03415440108301,-2.3673372134178385,1.6125103766633844,-0.0227055
-4.03415440108301,-0.4518660056989958,-2.2184320387743015,-0.021434
-4.03415440108301,0.027001796230715414,-1.420319035558117,-0.0254002
-4.03415440108301,0.8251147994468999,2.889491181809279,0.025749
-4.03415440108301,1.4636052020198473,1.1336425747336731,0.00208458
-4.03415440108301,1.4636052020198473,1.6125103766633844,0.0110421
-3.8745318004397733,-3.3250728172772597,-2.058809438131065,0.0193133
-3.8745318004397733,-2.6865824147043122,-2.537677240060775,0.0219663
-3.8745318004397733,-1.409601609558417,2.570245980522806,-0.00748139
-3.8745318004397733,0.027001796230715414,-1.579941636201354,-0.0257496
-3.8745318004397733,0.1866243968739525,-0.9414512336284062,-0.020445
-3.8745318004397733,0.5058695981604258,-0.6222060323419321,-0.0215582
-3.8745318004397733,1.4636052020198473,0.6547747728039628,-0.00689203
-3.8745318004397733,1.6232278026630844,1.9317555779498585,0.0152851
-3.714909199796536,-2.8462050153475493,-2.3780546394175386,0.021761
-3.714909199796536,-1.7288468108448907,-2.6972998407040123,0.00716127
-3.714909199796536,0.027001796230715414,-1.7395642368445907,-0.0255747
-3.555286599153299,-3.4846954179204968,-1.26069643491488,0.0005739
-3.555286599153299,-3.3250728172772597,-1.7395642368445907,0.0107955
-3.555286599153299,-0.29224340505575874,3.0491137824525163,0.0188211
-3.555286599153299,0.3462469975171887,3.3683589837389905,0.0256876
-3.555286599153299,1.4636052020198473,2.889491181809279,0.015073
-3.395663998510063,-3.3250728172772597,-1.579941636201354,0.00627808
-3.395663998510063,1.6232278026630844,0.4951521721607257,-0.00352178
-3.395663998510063,2.580963406522506,2.251000779236332,0.0222554
-3.236041397866826,-2.3673372134178385,0.8143973734471999,-0.0211454
-3.236041397866826,-1.409601609558417,2.410623379879569,-0.0110172
-3.236041397866826,-0.611488606342232,2.889491181809279,0.0121738
-3.236041397866826,0.8251147994468999,-0.7818286329851691,-0.0208128
-3.076418797223589,-2.6865824147043122,0.4951521721607257,-0.0228055
-3.076418797223589,1.7828504033063215,3.2087363830957534,0.0136896
-3.076418797223589,2.261718205236032,2.889491181809279,0.0162221
-3.076418797223589,2.421340805879269,0.8143973734471999,0.0135399
-2.9167961965803517,-3.3250728172772597,-1.26069643491488,-0.00293566
-2.9167961965803517,-2.6865824147043122,-2.6972998407040123,0.0255459
-2.9167961965803517,-1.2499790089151799,2.410623379879569,-0.00794524
-2.9167961965803517,0.027001796230715414,3.8472267856687017,0.0295309
-2.9167961965803517,2.580963406522506,2.729868581166043,0.0198403
-2.7571735959371146,-2.526959814061075,0.4951521721607257,-0.0210918
-2.7571735959371146,1.4636052020198473,3.6876041850254646,0.0197604
-2.7571735959371146,2.1020956045927948,0.4951521721607257,0.00501041
-2.5975509952938785,-2.048092012131365,0.974019974090437,-0.0186785
-2.5975509952938785,-1.7288468108448907,1.7721329773066214,-0.0188041
-2.5975509952938785,0.984737400090137,4.006849386311939,0.0266757
-2.4379283946506414,-3.165450216634023,-2.058809438131065,0.0171859
-2.4379283946506414,-0.611488606342232,3.3683589837389905,0.0208504
-2.4379283946506414,0.8251147994468999,-1.26069643491488,-0.01239
-2.4379283946506414,1.1443600007333732,-0.7818286329851691,-0.0114573
-2.4379283946506414,2.1020956045927948,3.2087363830957534,0.0153633
-2.2783057940074043,-3.165450216634023,-2.058809438131065,0.0182135
-2.2783057940074043,-0.4518660056989958,-2.537677240060775,-0.00116206
-2.118683193364167,-2.6865824147043122,-2.8569224413472494,0.032815
-2.118683193364167,-1.8884694114881277,-3.176167642633723,0.0302147
-2.118683193364167,-1.7288468108448907,-3.176167642633723,0.0281439
-2.118683193364167,-1.569224210201654,1.7721329773066214,-0.0133502
-1.9590605927209301,-3.165450216634023,-1.420319035558117,0.00755609
-1.9590605927209301,-1.7288468108448907,1.4528877760201473,-0.0149804
-1.9590605927209301,-0.4518660056989958,3.5279815843822275,0.0224631
-1.9590605927209301,0.027001796230715414,-2.058809438131065,-0.00311202
-1.9590605927209301,1.1443600007333732,-1.26069643491488,-0.00786552
-1.9590605927209301,1.4636052020198473,-0.9414512336284062,-0.00958418
-1.9590605927209301,1.6232278026630844,-0.6222060323419321,-0.00886479
-1.9590605927209301,2.261718205236032,3.0491137824525163,0.0187137
-1.799437992077694,-3.005827615990786,-2.2184320387743015,0.0257864
-1.799437992077694,-2.8462050153475493,-2.537677240060775,0.0310821
-1.799437992077694,-2.6865824147043122,0.016284370231015366,-0.00961946
-1.799437992077694,-1.0903564082719432,2.0913781785930947,0.000765465
-1.799437992077694,-0.4518660056989958,-2.3780546394175386,0.00700141
-1.799437992077694,1.1443600007333732,-1.579941636201354,-0.00858404
-1.799437992077694,2.261718205236032,0.016284370231015366,-0.00809729
-1.799437992077694,2.740586007165743,0.8143973734471999,0.00205978
-1.799437992077694,2.9002086078089793,1.2932651753769102,0.0111307
-1.6398153914344569,-3.005827615990786,-0.7818286329851691,0.00492685
-1.6398153914344569,-2.048092012131365,-3.016545041990486,0.0332692
-1.6398153914344569,-2.048092012131365,0.8143973734471999,-0.010984
-1.6398153914344569,-1.409601609558417,1.6125103766633844,-0.00746706
-1.6398153914344569,0.6654921988036628,-1.8991868374878278,-0.00304314
-1.6398153914344569,0.984737400090137,-1.8991868374878278,-0.0055148
-1.6398153914344569,0.984737400090137,3.8472267856687017,0.0240977
-1.6398153914344569,2.1020956045927948,-1.26069643491488,-0.0172569
-1.6398153914344569,2.580963406522506,0.016284370231015366,-0.0112028
-1.6398153914344569,2.9002086078089793,0.8143973734471999,-0.00179956
-1.6398153914344569,2.9002086078089793,0.974019974090437,0.00170942
-1.6398153914344569,2.9002086078089793,1.1336425747336731,0.00533935
-1.6398153914344569,2.9002086078089793,1.2932651753769102,0.00888063
-1.6398153914344569,2.9002086078089793,1.4528877760201473,0.0120804
-1.4801927907912198,-2.8462050153475493,-2.2184320387743015,0.0275194
-1.4801927907912198,-2.526959814061075,0.016284370231015366,-0.00143981
-1.4801927907912198,-1.8884694114881277,-3.016545041990486,0.0307565
-1.4801927907912198,-1.569224210201654,1.2932651753769102,-0.00893132
-1.4801927907912198,-0.29224340505575874,3.3683589837389905,0.0201471
-1.4801927907912198,-0.13262080441252166,3.5279815843822275,0.0219866
-1.4801927907912198,1.9424730039495586,3.3683589837389905,0.0227505
-1.4801927907912198,2.421340805879269,-1.7395642368445907,-0.0185539
-1.4801927907912198,2.421340805879269,-1.579941636201354,-0.0186531
-1.4801927907912198,2.421340805879269,2.889491181809279,0.0216527
-1.4801927907912198,3.0598312084522163,1.1336425747336731,0.00193142
-1.3205701901479827,-1.409601609558417,-3.176167642633723,0.0266025
-1.3205701901479827,-1.2499790089151799,-3.176167642633723,0.0257886
-1.3205701901479827,-0.611488606342232,-2.8569224413472494,0.0199128
-1.3205701901479827,2.1020956045927948,3.3683589837389905,0.0243541
-1.3205701901479827,2.740586007165743,-1.579941636201354,-0.018819
-1.3205701901479827,2.740586007165743,-0.46258343169869587,-0.013206
-1.3205701901479827,3.0598312084522163,1.4528877760201473,0.00800222
-1.3205701901479827,3.3790764097386905,1.1336425747336731,-0.000722117
-1.1609475895047456,-3.165450216634023,-1.579941636201354,0.0236459
-1.1609475895047456,-2.3673372134178385,-2.6972998407040123,0.0273446
-1.1609475895047456,2.9002086078089793,-2.3780546394175386,-0.0150383
-1.1609475895047456,2.9002086078089793,-0.6222060323419321,-0.0124455
-1.1609475895047456,3.2194538090954534,-1.7395642368445907,-0.0185485
-1.0013249888615086,0.8251147994468999,-3.3357902432769597,0.0216159
-1.0013249888615086,4.017566812311639,-0.7818286329851691,-0.0172546
-1.0013249888615086,4.177189412954876,0.016284370231015366,-0.0135972
-1.0013249888615086,4.177189412954876,0.17590697087425244,-0.0121151
-1.0013249888615086,4.177189412954876,0.33552957151748863,-0.0103232
-0.8417023882182724,-3.165450216634023,-1.8991868374878278,0.0248783
-0.8417023882182724,-0.13262080441252166,-3.016545041990486,0.0257138
-0.8417023882182724,1.4636052020198473,3.8472267856687017,0.026344
-0.8417023882182724,3.5386990103819276,1.9317555779498585,0.0160974
-0.8417023882182724,3.8579442116684017,-2.058809438131065,-0.0132447
-0.8417023882182724,4.336812013598111,-0.9414512336284062,-0.0143787
-0.8417023882182724,4.336812013598111,0.4951521721607257,-0.00631402
-0.6820797875750353,-3.4846954179204968,-1.1010738342716433,0.0282917
-0.6820797875750353,-3.005827615990786,-0.1433382304122217,0.0224799
-0.6820797875750353,-1.8884694114881277,0.4951521721607257,-0.000448792
-0.6820797875750353,0.8251147994468999,-3.655035444563434,0.0297284
-0.6820797875750353,1.1443600007333732,3.8472267856687017,0.024453
-0.6820797875750353,1.9424730039495586,3.8472267856687017,0.030607
-0.6820797875750353,2.1020956045927948,-3.3357902432769597,0.00850554
-0.6820797875750353,4.336812013598111,1.2932651753769102,0.00737276
-0.5224571869317982,-3.005827615990786,-2.2184320387743015,0.0222331
-0.5224571869317982,-2.8462050153475493,-2.3780546394175386,0.0209463
-0.5224571869317982,-2.048092012131365,0.33552957151748863,0.00679223
-0.5224571869317982,-1.409601609558417,-3.655035444563434,0.0283199
-0.5224571869317982,-1.0903564082719432,2.251000779236332,0.0214359
-0.5224571869317982,-0.29224340505575874,-3.3357902432769597,0.0306668
-0.5224571869317982,4.336812013598111,-1.8991868374878278,-0.00922943
-0.5224571869317982,4.49643461424135,-1.579941636201354,-0.00963571
-0.5224571869317982,4.49643461424135,1.1336425747336731,0.00748834
-0.5224571869317982,4.815679815527824,-0.7818286329851691,-0.00648384
-0.36283458628856113,-1.569224210201654,-3.655035444563434,0.0271644
-0.36283458628856113,-0.611488606342232,3.0491137824525163,0.0228168
-0.36283458628856113,0.3462469975171887,3.5279815843822275,0.0187146
-0.36283458628856113,0.6654921988036628,3.6876041850254646,0.0203827
-0.36283458628856113,2.1020956045927948,-3.495412843920197,0.0154192
-0.36283458628856113,4.656057214884585,0.6547747728039628,0.003738
-0.36283458628856113,4.9753024161710595,-0.7818286329851691,-0.0026997
-0.20321198564532406,-2.526959814061075,0.17590697087425244,0.0195488
-0.20321198564532406,0.6654921988036628,3.6876041850254646,0.0200278
-0.20321198564532406,4.017566812311639,2.410623379879569,0.0324744
-0.20321198564532406,4.49643461424135,-2.058809438131065,-0.00218439
-0.20321198564532406,5.134925016814297,-0.6222060323419321,0.00193574
-0.043589385002087866,-3.4846954179204968,-1.420319035558117,0.0273612
-0.043589385002087866,-2.526959814061075,0.17590697087425244,0.0208275
-0.043589385002087866,-1.8884694114881277,0.4951521721607257,0.00779905
-0.043589385002087866,1.9424730039495586,-3.655035444563434,0.0227137
-0.043589385002087866,3.0598312084522163,2.729868581166043,0.0330844
-0.043589385002087866,4.177189412954876,-3.016545041990486,0.0101406
-0.043589385002087866,4.336812013598111,-2.6972998407040123,0.00623745
0.11603321564114921,-3.3250728172772597,-1.7395642368445907,0.0246906
0.11603321564114921,-2.526959814061075,0.17590697087425244,0.0222054
0.11603321564114921,-1.569224210201654,1.1336425747336731,0.0115196
0.11603321564114921,-1.0903564082719432,-3.655035444563434,0.0274113
0.11603321564114921,-0.611488606342232,3.0491137824525163,0.0264152
0.11603321564114921,1.6232278026630844,-3.814658045206671,0.0279312
0.11603321564114921,2.9002086078089793,2.889491181809279,0.0338995
0.2756558162843863,-0.13262080441252166,-3.3357902432769597,0.0330754
0.2756558162843863,3.3790764097386905,2.729868581166043,0.0365157
0.2756558162843863,4.49643461424135,-2.6972998407040123,0.0128049
0.2756558162843863,4.9753024161710595,0.4951521721607257,0.0154839
0.43527841692762337,-3.165450216634023,-0.46258343169869587,0.0275958
0.43527841692762337,-2.3673372134178385,0.6547747728039628,0.0198946
0.43527841692762337,-1.2499790089151799,1.9317555779498585,0.0317294
0.43527841692762337,2.261718205236032,3.5279815843822275,0.0346164
0.43527841692762337,4.656057214884585,-2.2184320387743015,0.0123574
0.43527841692762337,5.613792818744008,-0.6222060323419321,0.0208717
0.5949010175708604,-1.7288468108448907,-3.3357902432769597,0.0202962
0.5949010175708604,-0.9307338076287062,2.410623379879569,0.0357375
0.5949010175708604,0.984737400090137,-3.814658045206671,0.0317272
0.5949010175708604,1.1443600007333732,-3.814658045206671,0.0308092
0.5949010175708604,2.261718205236032,3.3683589837389905,0.0335895
0.5949010175708604,3.3790764097386905,2.729868581166043,0.0364012
0.5949010175708604,4.336812013598111,-3.3357902432769597,0.0264155
0.7545236182140975,-2.2077146127746015,1.4528877760201473,0.0188716
0.7545236182140975,-0.29224340505575874,-3.016545041990486,0.0245283
0.7545236182140975,-0.29224340505575874,2.889491181809279,0.0290054
0.7545236182140975,0.6654921988036628,-3.655035444563434,0.0309914
0.7545236182140975,2.421340805879269,2.889491181809279,0.0303349
0.7545236182140975,5.454170218100771,-1.420319035558117,0.0229471
0.9141462188573346,1.7828504033063215,-3.495412843920197,0.0228495
0.9141462188573346,2.740586007165743,-3.814658045206671,0.0282976
0.9141462188573346,2.9002086078089793,2.570245980522806,0.0292222
0.9141462188573346,4.49643461424135,2.0913781785930947,0.0351278
0.9141462188573346,5.773415419387245,-0.6222060323419321,0.0310995
1.0737688195005717,-0.29224340505575874,-2.8569224413472494,0.0198132
1.0737688195005717,0.984737400090137,2.729868581166043,0.020161
1.0737688195005717,1.1443600007333732,-3.495412843920197,0.0222073
1.0737688195005717,4.656057214884585,1.1336425747336731,0.026469
1.0737688195005717,5.613792818744008,-1.26069643491488,0.0299514
1.2333914201438088,-3.3250728172772597,-0.46258343169869587,0.0253361
1.2333914201438088,-3.005827615990786,-2.2184320387743015,0.0162112
1.2333914201438088,-2.2077146127746015,1.7721329773066214,0.0217117
1.2333914201438088,-1.569224210201654,2.0913781785930947,0.0306884
1.2333914201438088,0.027001796230715414,2.251000779236332,0.031976
1.2333914201438088,0.1866243968739525,-2.8569224413472494,0.018281
1.2333914201438088,0.5058695981604258,2.251000779236332,0.02514
1.2333914201438088,1.1443600007333732,-3.3357902432769597,0.0175798
1.2333914201438088,1.1443600007333732,2.0913781785930947,0.0207701
1.2333914201438088,1.3039826013766103,-3.3357902432769597,0.0169778
1.2333914201438088,4.336812013598111,-3.3357902432769597,0.0324856
1.2333914201438088,5.773415419387245,-0.7818286329851691,0.0346481
1.393014020787044,-3.005827615990786,-2.3780546394175386,0.0162723
1.393014020787044,1.4636052020198473,1.7721329773066214,0.0160652
1.393014020787044,2.9002086078089793,2.251000779236332,0.020052
1.393014020787044,4.815679815527824,-1.8991868374878278,0.0245054
1.552636621430283,-2.8462050153475493,-2.6972998407040123,0.016959
1.552636621430283,-2.8462050153475493,1.6125103766633844,0.0245749
1.552636621430283,0.5058695981604258,1.6125103766633844,0.0298411
1.552636621430283,0.6654921988036628,1.6125103766633844,0.0278452
1.552636621430283,0.8251147994468999,1.6125103766633844,0.0257469
1.552636621430283,0.984737400090137,1.6125103766633844,0.0233634
1.552636621430283,1.4636052020198473,1.6125103766633844,0.0149774
1.552636621430283,2.9002086078089793,2.0913781785930947,0.0158464
1.552636621430283,4.49643461424135,0.8143973734471999,0.021056
1.552636621430283,5.613792818744008,-1.1010738342716433,0.0345045
1.7122592220735182,-3.803940619206971,0.17590697087425244,0.0283399
1.7122592220735182,-3.165450216634023,-1.26069643491488,0.0109323
1.7122592220735182,-1.569224210201654,2.251000779236332,0.0334664
1.7122592220735182,-0.9307338076287062,2.251000779236332,0.0396328
1.7122592220735182,1.6232278026630844,-2.8569224413472494,0.00350333
1.7122592220735182,3.5386990103819276,1.9317555779498585,0.0184197
1.7122592220735182,4.336812013598111,0.8143973734471999,0.0170574
1.871881822716757,-3.165450216634023,-1.1010738342716433,0.00872518
1.871881822716757,-1.0903564082719432,2.570245980522806,0.0407137
1.871881822716757,-0.13262080441252166,1.9317555779498585,0.0401958
1.871881822716757,0.1866243968739525,1.9317555779498585,0.0385468
1.871881822716757,1.4636052020198473,-0.6222060323419321,-0.00128142
1.871881822716757,1.4636052020198473,1.6125103766633844,0.022572
1.871881822716757,1.7828504033063215,-0.6222060323419321,-0.00475589
1.871881822716757,2.261718205236032,1.4528877760201473,0.00357939
1.871881822716757,3.5386990103819276,-3.495412843920197,0.0292971
2.0315044233599924,-3.165450216634023,-1.26069643491488,0.00441575
2.0315044233599924,-2.3673372134178385,2.0913781785930947,0.0259847
2.0315044233599924,1.6232278026630844,-0.9414512336284062,-0.00258302
2.0315044233599924,1.9424730039495586,0.17590697087425244,-0.00730506
2.0315044233599924,2.1020956045927948,-0.1433382304122217,-0.0088839
2.0315044233599924,2.740586007165743,-3.176167642633723,0.0134823
2.0315044233599924,3.2194538090954534,-3.3357902432769597,0.0223503
2.0315044233599924,4.336812013598111,-1.7395642368445907,0.0156601
2.0315044233599924,5.294547617457534,-0.1433382304122217,0.0309741
2.1911270240032295,-3.803940619206971,0.4951521721607257,0.0268923
2.1911270240032295,-3.165450216634023,-1.420319035558117,0.000830012
2.1911270240032295,-3.165450216634023,-0.9414512336284062,0.00116162
2.1911270240032295,-3.005827615990786,-2.537677240060775,0.012357
2.1911270240032295,-2.526959814061075,2.251000779236332,0.0242016
2.1911270240032295,-2.3673372134178385,2.570245980522806,0.0254443
2.1911270240032295,1.3039826013766103,-1.26069643491488,0.00649927
2.1911270240032295,1.6232278026630844,-1.7395642368445907,-0.00536986
2.1911270240032295,1.6232278026630844,-1.579941636201354,-0.00463727
2.1911270240032295,1.6232278026630844,1.7721329773066214,0.0279648
2.1911270240032295,1.7828504033063215,-1.26069643491488,-0.00534686
2.1911270240032295,1.9424730039495586,-1.1010738342716433,-0.00704479
2.1911270240032295,2.421340805879269,0.6547747728039628,-0.00710377
2.1911270240032295,2.580963406522506,0.8143973734471999,-0.00591338
2.1911270240032295,3.3790764097386905,-3.016545041990486,0.0174832
2.1911270240032295,3.8579442116684017,-2.058809438131065,0.00920264
2.3507496246464665,-3.4846954179204968,-0.46258343169869587,0.0050341
2.3507496246464665,-3.3250728172772597,1.4528877760201473,0.030121
2.3507496246464665,-3.165450216634023,-1.8991868374878278,0.00207045
2.3507496246464665,-3.165450216634023,-1.7395642368445907,-0.000240584
2.3507496246464665,-2.6865824147043122,2.410623379879569,0.0225838
2.3507496246464665,-0.9307338076287062,3.3683589837389905,0.0435882
2.3507496246464665,-0.7711112069854691,-2.8569224413472494,-0.00337755
2.3507496246464665,-0.4518660056989958,2.889491181809279,0.0433379
2.3507496246464665,0.3462469975171887,-2.537677240060775,0.0128111
2.3507496246464665,1.1443600007333732,-1.420319035558117,0.0142298
2.3507496246464665,2.580963406522506,-2.3780546394175386,-0.00266109
2.3507496246464665,2.9002086078089793,0.33552957151748863,-0.00996097
2.3507496246464665,3.0598312084522163,-2.537677240060775,0.003849
2.5103722252897036,-3.644318018563734,0.8143973734471999,0.026511
2.5103722252897036,-2.526959814061075,-2.8569224413472494,0.0073781
2.5103722252897036,-2.048092012131365,-3.016545041990486,0.00370892
2.5103722252897036,-1.7288468108448907,-3.016545041990486,-0.000455882
2.5103722252897036,1.6232278026630844,-0.9414512336284062,0.0116099
2.5103722252897036,1.7828504033063215,-0.46258343169869587,0.00685838
2.5103722252897036,2.9002086078089793,-1.420319035558117,-0.0100166
2.5103722252897036,2.9002086078089793,-0.7818286329851691,-0.0115846
2.5103722252897036,3.0598312084522163,-0.3029608310554588,-0.0103612
2.5103722252897036,3.2194538090954534,-0.1433382304122217,-0.00901898
2.5103722252897036,3.5386990103819276,-1.26069643491488,-0.0046409
2.5103722252897036,3.8579442116684017,-1.1010738342716433,-0.00023872
2.6699948259329407,-3.005827615990786,-0.9414512336284062,-0.0239324
2.6699948259329407,-2.2077146127746015,3.3683589837389905,0.0301911
2.6699948259329407,1.4636052020198473,-1.26069643491488,0.017784
2.6699948259329407,1.7828504033063215,-0.7818286329851691,0.0117019
2.6699948259329407,1.9424730039495586,0.4951521721607257,0.00774122
2.8296174265761778,-2.3673372134178385,-2.6972998407040123,-0.00468264
2.8296174265761778,1.4636052020198473,2.251000779236332,0.0334976
2.8296174265761778,1.9424730039495586,-0.1433382304122217,0.00875053
2.989240027219413,-3.644318018563734,1.1336425747336731,0.0261286
2.989240027219413,-3.3250728172772597,-0.1433382304122217,-0.0188957
2.989240027219413,-0.7711112069854691,-2.3780546394175386,-0.0254577
2.989240027219413,-0.4518660056989958,3.3683589837389905,0.0392861
2.989240027219413,0.1866243968739525,-2.058809438131065,0.00389041
2.989240027219413,1.9424730039495586,1.6125103766633844,0.0242417
3.148862627862652,-3.644318018563734,0.974019974090437,0.0210983
3.148862627862652,-2.526959814061075,-2.058809438131065,-0.0401042
3.148862627862652,-0.9307338076287062,-2.2184320387743015,-0.0404295
3.148862627862652,-0.611488606342232,3.5279815843822275,0.0376529
3.148862627862652,-0.29224340505575874,-2.058809438131065,-0.0188404
3.148862627862652,-0.29224340505575874,3.2087363830957534,0.0366443
3.148862627862652,1.6232278026630844,-1.26069643491488,0.0208178
3.308485228505887,-2.3673372134178385,-2.058809438131065,-0.0567942
3.308485228505887,-2.2077146127746015,3.5279815843822275,0.028329
3.308485228505887,-2.048092012131365,-2.2184320387743015,-0.0534996
3.308485228505887,-0.611488606342232,3.5279815843822275,0.0354543
3.308485228505887,-0.4518660056989958,-1.8991868374878278,-0.0363874
3.308485228505887,-0.29224340505575874,3.2087363830957534,0.0344453
3.468107829149126,-3.3250728172772597,-0.6222060323419321,-0.0693923
3.468107829149126,-3.3250728172772597,-0.1433382304122217,-0.051724
3.468107829149126,-2.6865824147043122,3.2087363830957534,0.0248272
3.468107829149126,-0.4518660056989958,3.3683589837389905,0.0327215
3.468107829149126,1.1443600007333732,-1.579941636201354,0.0185656
3.468107829149126,1.7828504033063215,1.7721329773066214,0.0236263
3.6277304297923614,-3.3250728172772597,0.17590697087425244,-0.0409743
3.6277304297923614,-3.3250728172772597,0.33552957151748863,-0.028675
3.6277304297923614,-2.6865824147043122,3.2087363830957534,0.0254166
3.7873530304355985,-2.3673372134178385,3.3683589837389905,0.0274145
3.7873530304355985,-2.048092012131365,3.5279815843822275,0.0279728
3.7873530304355985,-1.7288468108448907,-2.2184320387743015,-0.085956
3.7873530304355985,-1.409601609558417,-2.2184320387743015,-0.08508
3.7873530304355985,-0.13262080441252166,-1.579941636201354,-0.0437539
3.7873530304355985,1.9424730039495586,-0.3029608310554588,0.0152272
3.7873530304355985,1.9424730039495586,0.974019974090437,0.021336
3.9469756310788355,-3.9635632198502075,1.6125103766633844,0.025986
3.9469756310788355,-3.644318018563734,0.8143973734471999,-0.000950765
3.9469756310788355,-2.8462050153475493,-1.7395642368445907,-0.0912713
3.9469756310788355,-0.13262080441252166,2.729868581166043,0.0251817
3.9469756310788355,1.9424730039495586,0.17590697087425244,0.0183518
4.106598231722073,-3.803940619206971,1.1336425747336731,0.0110704
4.106598231722073,-3.165450216634023,2.889491181809279,0.0242704
4.106598231722073,-2.526959814061075,3.2087363830957534,0.0272814
4.106598231722073,-1.569224210201654,3.5279815843822275,0.0264509
4.106598231722073,0.5058695981604258,-1.420319035558117,-0.0135248
4.106598231722073,0.6654921988036628,-1.420319035558117,-0.00684661
4.106598231722073,1.6232278026630844,1.6125103766633844,0.0199317
4.106598231722073,1.7828504033063215,-0.46258343169869587,0.0128622
4.26622083236531,-3.803940619206971,1.2932651753769102,0.0131296
4.26622083236531,-3.644318018563734,0.974019974090437,-0.000844972
4.26622083236531,-1.569224210201654,-2.2184320387743015,-0.0944879
4.26622083236531,0.1866243968739525,2.251000779236332,0.0246731
4.425843433008547,-3.3250728172772597,0.6547747728039628,-0.0332541
4.425843433008547,-2.526959814061075,-1.8991868374878278,-0.0948381
4.425843433008547,1.7828504033063215,0.016284370231015366,0.0150119
4.425843433008547,1.7828504033063215,1.1336425747336731,0.0215137
4.585466033651782,-2.048092012131365,-2.058809438131065,-0.0952774
4.585466033651782,0.3462469975171887,2.0913781785930947,0.024444
4.745088634295021,-2.3673372134178385,3.0491137824525163,0.023945
4.745088634295021,1.1443600007333732,-0.6222060323419321,-0.000399746
4.745088634295021,1.7828504033063215,0.8143973734471999,0.0224428
4.904711234938256,-2.048092012131365,-1.8991868374878278,-0.0949685
4.904711234938256,-0.9307338076287062,-1.8991868374878278,-0.0973869
4.904711234938256,0.1866243968739525,-0.7818286329851691,-0.0414086
4.904711234938256,1.3039826013766103,1.6125103766633844,0.02586
5.064333835581495,-3.165450216634023,-0.1433382304122217,-0.0920281
5.064333835581495,-3.005827615990786,0.33552957151748863,-0.0781582
5.064333835581495,-2.8462050153475493,0.6547747728039628,-0.0600464
5.064333835581495,-1.569224210201654,-1.8991868374878278,-0.0974678
5.064333835581495,-0.29224340505575874,-1.26069643491488,-0.0840357
5.064333835581495,0.1866243968739525,-0.6222060323419321,-0.0369448
5.22395643622473,-2.2077146127746015,2.889491181809279,0.0222269
5.22395643622473,0.984737400090137,-0.3029608310554588,0.00368458
5.22395643622473,0.984737400090137,1.6125103766633844,0.0296411
5.383579036867969,-2.6865824147043122,1.7721329773066214,-0.0012003
5.383579036867969,-0.7711112069854691,-1.420319035558117,-0.0967816
5.383579036867969,-0.29224340505575874,1.9317555779498585,0.0302022
5.383579036867969,0.984737400090137,1.4528877760201473,0.0309337
5.5432016375112045,-2.6865824147043122,0.016284370231015366,-0.0926294
5.5432016375112045,-2.526959814061075,-0.9414512336284062,-0.0986971
5.5432016375112045,-0.4518660056989958,2.0913781785930947,0.0312568
5.5432016375112045,-0.29224340505575874,0.33552957151748863,-0.0198595
5.5432016375112045,0.8251147994468999,0.016284370231015366,0.0105853
5.5432016375112045,1.1443600007333732,0.33552957151748863,0.0216364
5.702824238154442,-1.8884694114881277,1.1336425747336731,-0.0189584
5.702824238154442,-1.2499790089151799,2.729868581166043,0.0319042
5.702824238154442,-0.9307338076287062,2.570245980522806,0.0332728
5.702824238154442,-0.7711112069854691,0.016284370231015366,-0.0693354
5.702824238154442,-0.7711112069854691,2.410623379879569,0.033037
5.702824238154442,-0.611488606342232,1.7721329773066214,0.0273634
5.862446838797679,-2.048092012131365,1.9317555779498585,0.0134653
5.862446838797679,-1.8884694114881277,-0.7818286329851691,-0.0997486
5.862446838797679,-1.7288468108448907,0.17590697087425244,-0.0844415
5.862446838797679,-1.569224210201654,0.17590697087425244,-0.0826697
5.862446838797679,-0.9307338076287062,1.6125103766633844,0.0206288
