-6.121651594030435,0.5820435989407953,-0.05577316104598751,0.154688
-6.121651594030435,0.5820435989407953,0.28846296307966224,0.15782
-5.777415469904785,-0.7949008975618037,0.11634490101683781,0.15468
-5.777415469904785,1.0983977851292694,0.9769352113309617,0.170386
-5.60529740784196,-0.9670189596246281,-1.4327176575485856,0.158547
-5.60529740784196,-0.9670189596246281,0.28846296307966224,0.158192
-5.60529740784196,-0.10642864931050422,-1.4327176575485856,0.154343
-5.60529740784196,-0.10642864931050422,0.9769352113309617,0.16275
-5.433179345779136,-1.311255083750277,1.8375255216450865,0.152444
-5.433179345779136,-1.1391370216874526,1.493289397519436,0.155043
-5.433179345779136,0.23780747481514553,1.3211713354566115,0.170538
-5.433179345779136,1.786870033380568,0.632699087205312,0.169982
-5.261061283716311,-1.6554912078759276,-1.0884815334229367,0.166438
-5.261061283716311,-0.27854671137332865,2.870233894022034,0.166943
-5.088943221653485,-1.827609269938752,-0.5721273472344617,0.170085
-5.088943221653485,-1.6554912078759276,-1.2605995954857612,0.165249
-5.088943221653485,-1.311255083750277,2.870233894022034,0.155681
-5.088943221653485,1.9589880954433934,-0.22789122310881282,0.156319
-4.916825159590661,-2.343963456127227,2.009643583707911,0.152552
-4.916825159590661,-1.827609269938752,2.525997769896385,0.152724
-4.916825159590661,-0.45066477343615396,-1.9490718437370607,0.150373
-4.916825159590661,0.0656894127523211,-1.9490718437370607,0.150846
-4.916825159590661,0.23780747481514553,-1.9490718437370607,0.151511
-4.916825159590661,1.786870033380568,2.6981158319592087,0.143662
-4.7447070975278365,-2.516081518190051,0.46058102514248755,0.1687
-4.7447070975278365,-1.9997273320015774,2.525997769896385,0.153894
-4.7447070975278365,-1.827609269938752,2.6981158319592087,0.154375
-4.7447070975278365,-1.6554912078759276,2.870233894022034,0.154518
-4.7447070975278365,1.6147519713177445,-1.4327176575485856,0.152092
-4.572589035465011,-2.6881995802528764,0.46058102514248755,0.168571
-4.572589035465011,-1.827609269938752,-1.0884815334229367,0.165301
-4.572589035465011,-1.311255083750277,3.2144700181476846,0.155015
-4.572589035465011,-0.6227828354989793,3.38658808021051,0.159377
-4.572589035465011,0.0656894127523211,-2.1211899057998846,0.148653
-4.400470973402186,1.9589880954433934,3.2144700181476846,0.132194
-4.400470973402186,3.163814529883167,2.009643583707911,0.134804
-4.228352911339362,-0.7949008975618037,-1.9490718437370607,0.14615
-4.228352911339362,1.0983977851292694,3.38658808021051,0.140459
-4.228352911339362,2.647460343694693,0.8048171492681364,0.150052
-4.228352911339362,2.9916964678203435,2.6981158319592087,0.129596
-4.056234849276537,1.9589880954433934,-1.2605995954857612,0.15638
-4.056234849276537,3.163814529883167,1.3211713354566115,0.136056
-3.884116787213712,-2.6881995802528764,2.35387970783356,0.152888
-3.884116787213712,-2.171845394064402,2.870233894022034,0.157362
-3.884116787213712,1.0983977851292694,-2.29330796786271,0.161041
-3.711998725150887,-0.6227828354989793,-1.9490718437370607,0.141757
-3.711998725150887,1.6147519713177445,-1.9490718437370607,0.163436
-3.539880663088063,-3.3766718285041755,-2.1211899057998846,0.115061
-3.539880663088063,-3.2045537664413506,-1.9490718437370607,0.113533
-3.539880663088063,-2.516081518190051,-1.604835719611411,0.117171
-3.539880663088063,-2.343963456127227,-1.604835719611411,0.119136
-3.539880663088063,-1.9997273320015774,-1.7769537816742353,0.120824
-3.539880663088063,-1.827609269938752,-2.465426029925535,0.114996
-3.539880663088063,-1.6554912078759276,-2.29330796786271,0.117216
-3.539880663088063,-1.6554912078759276,-2.1211899057998846,0.119204
-3.539880663088063,-0.9670189596246281,-1.7769537816742353,0.139867
-3.539880663088063,0.40992553687796995,3.730824204336159,0.153357
-3.539880663088063,2.647460343694693,0.632699087205312,0.148312
-3.3677626010252375,-3.8930260146926496,-2.29330796786271,0.120703
-3.3677626010252375,-3.3766718285041755,-1.604835719611411,0.113158
-3.3677626010252375,-3.032435704378526,0.9769352113309617,0.15534
-3.3677626010252375,-2.8603176423157013,-3.3260163402396588,0.121768
-3.3677626010252375,-1.9997273320015774,-1.2605995954857612,0.132484
-3.3677626010252375,-0.6227828354989793,-2.465426029925535,0.125567
-3.195644538962413,-2.516081518190051,-0.7442454092972861,0.129166
-3.195644538962413,-1.9997273320015774,-0.9163634713601105,0.144211
-3.195644538962413,3.680168716071641,1.8375255216450865,0.132199
-3.0235264768995878,-3.032435704378526,-0.40000928517163725,0.122078
-3.0235264768995878,-2.6881995802528764,2.35387970783356,0.14941
-3.0235264768995878,-2.343963456127227,-0.40000928517163725,0.143937
-3.0235264768995878,-0.6227828354989793,-4.186606650553783,0.132256
-3.0235264768995878,0.0656894127523211,-2.29330796786271,0.136317
-3.0235264768995878,1.2705158471920939,4.247178390524635,0.141896
-3.0235264768995878,1.9589880954433934,4.075060328461808,0.13139
-3.0235264768995878,3.3359325919459923,1.1490532733937862,0.135959
-2.8514084148367633,-3.032435704378526,-0.05577316104598751,0.125523
-2.8514084148367633,0.0656894127523211,-2.809662154051184,0.127607
-2.8514084148367633,1.2705158471920939,4.247178390524635,0.142118
-2.8514084148367633,1.6147519713177445,-1.2605995954857612,0.166847
-2.8514084148367633,1.9589880954433934,4.075060328461808,0.131526
-2.8514084148367633,2.9916964678203435,0.8048171492681364,0.14403
-2.8514084148367633,3.163814529883167,3.38658808021051,0.128967
-2.8514084148367633,3.680168716071641,2.870233894022034,0.134666
-2.679290352773939,-4.065144076755475,-0.40000928517163725,0.117616
-2.679290352773939,-2.6881995802528764,1.493289397519436,0.146817
-2.679290352773939,-2.516081518190051,0.46058102514248755,0.146588
-2.679290352773939,-2.343963456127227,-3.8423705264281334,0.124952
-2.679290352773939,2.819578405757518,0.46058102514248755,0.149882
-2.679290352773939,3.8522867781344683,2.525997769896385,0.139003
-2.5071722907111127,-2.516081518190051,1.1490532733937862,0.147785
-2.5071722907111127,-0.10642864931050422,-4.186606650553783,0.13221
-2.5071722907111127,2.819578405757518,0.11634490101683781,0.150089
-2.5071722907111127,3.680168716071641,1.493289397519436,0.141351
-2.3350542286482883,-4.581498262943949,-2.809662154051184,0.123329
-2.3350542286482883,-4.581498262943949,-2.6375440919883597,0.123152
-2.3350542286482883,-3.8930260146926496,0.28846296307966224,0.119687
-2.3350542286482883,-3.3766718285041755,-4.014488588490958,0.119976
-2.3350542286482883,1.2705158471920939,-1.2605995954857612,0.158501
-2.3350542286482883,2.819578405757518,3.5587061422733335,0.128643
-2.162936166585464,-4.581498262943949,-2.809662154051184,0.121242
-2.162936166585464,-4.581498262943949,-2.6375440919883597,0.121402
-2.162936166585464,-2.516081518190051,-4.014488588490958,0.119068
-2.162936166585464,2.4753422816318675,-0.7442454092972861,0.148111
-2.162936166585464,2.9916964678203435,0.8048171492681364,0.147634
-2.162936166585464,3.3359325919459923,1.1490532733937862,0.144987
-1.9908181045226394,-4.409380200881125,-3.3260163402396588,0.118427
-1.9908181045226394,-3.8930260146926496,-3.8423705264281334,0.116408
-1.9908181045226394,-2.6881995802528764,-4.014488588490958,0.115151
-1.9908181045226394,-2.343963456127227,1.1490532733937862,0.14179
-1.9908181045226394,-1.311255083750277,3.2144700181476846,0.169025
-1.9908181045226394,-1.1391370216874526,3.2144700181476846,0.16877
-1.9908181045226394,1.9589880954433934,3.730824204336159,0.130481
-1.9908181045226394,2.4753422816318675,-0.7442454092972861,0.143434
-1.9908181045226394,2.819578405757518,-0.22789122310881282,0.140074
-1.818700042459815,-4.2372621388183,-3.498134402302483,0.11481
-1.818700042459815,0.5820435989407953,3.38658808021051,0.148886
-1.818700042459815,1.44263390925492,-1.7769537816742353,0.135773
-1.818700042459815,2.4753422816318675,-0.7442454092972861,0.136862
-1.818700042459815,2.647460343694693,-0.5721273472344617,0.134268
-1.818700042459815,2.9916964678203435,0.28846296307966224,0.137373
-1.818700042459815,3.163814529883167,0.9769352113309617,0.146217
-1.818700042459815,3.3359325919459923,3.0423519560848593,0.142008
-1.6465819803969897,-5.097852449132423,-1.0884815334229367,0.124037
-1.6465819803969897,-3.3766718285041755,0.8048171492681364,0.12131
-1.6465819803969897,-1.1391370216874526,-4.702960836742257,0.118582
-1.6465819803969897,-0.45066477343615396,-4.530842774679432,0.1229
-1.6465819803969897,3.3359325919459923,0.46058102514248755,0.129747
-1.4744639183341643,-3.2045537664413506,0.9769352113309617,0.122415
-1.4744639183341643,-2.6881995802528764,1.3211713354566115,0.128745
-1.4744639183341643,-0.9670189596246281,3.0423519560848593,0.162766
-1.4744639183341643,1.6147519713177445,-1.4327176575485856,0.130206
-1.4744639183341643,2.4753422816318675,-0.9163634713601105,0.116086
-1.4744639183341643,3.3359325919459923,2.525997769896385,0.149659
-1.4744639183341643,3.508050654008816,-0.22789122310881282,0.107764
-1.30234585627134,-4.409380200881125,-2.29330796786271,0.110023
-1.30234585627134,-3.8930260146926496,-3.498134402302483,0.102348
-1.30234585627134,-2.516081518190051,-4.014488588490958,0.101514
-1.30234585627134,-2.171845394064402,-4.186606650553783,0.102855
-1.30234585627134,-0.6227828354989793,3.2144700181476846,0.153254
-1.30234585627134,-0.10642864931050422,-4.014488588490958,0.119274
-1.30234585627134,1.6147519713177445,3.2144700181476846,0.14111
-1.30234585627134,2.1311061575062187,3.0423519560848593,0.141895
-1.30234585627134,3.680168716071641,-0.7442454092972861,0.093296
-1.30234585627134,3.8522867781344683,-0.22789122310881282,0.103196
-1.1302277942085146,-4.065144076755475,0.632699087205312,0.123182
-1.1302277942085146,-3.720907952629825,-3.498134402302483,0.0984573
-1.1302277942085146,1.786870033380568,-2.29330796786271,0.126718
-1.1302277942085146,2.819578405757518,2.35387970783356,0.151871
-1.1302277942085146,3.163814529883167,2.009643583707911,0.152326
-1.1302277942085146,3.508050654008816,-1.2605995954857612,0.0848489
-1.1302277942085146,4.196522902260117,-0.22789122310881282,0.101903
-0.9581097321456902,-5.097852449132423,-1.0884815334229367,0.117764
-0.9581097321456902,-4.409380200881125,-2.1211899057998846,0.104647
-0.9581097321456902,-3.2045537664413506,1.3211713354566115,0.124584
-0.9581097321456902,-2.6881995802528764,1.6654074595822603,0.131092
-0.9581097321456902,-0.6227828354989793,-4.186606650553783,0.108225
-0.9581097321456902,2.647460343694693,2.35387970783356,0.151921
-0.9581097321456902,2.819578405757518,2.1817616457707345,0.1525
-0.7859916700828657,-3.548789890567001,-3.3260163402396588,0.0930249
-0.7859916700828657,-2.8603176423157013,-3.6702524643653085,0.0916187
-0.7859916700828657,-2.171845394064402,1.8375255216450865,0.138815
-0.7859916700828657,0.5820435989407953,-3.498134402302483,0.117858
-0.7859916700828657,1.786870033380568,3.2144700181476846,0.143306
-0.7859916700828657,4.7128770884485895,0.28846296307966224,0.112898
-0.6138736080200404,-4.065144076755475,0.46058102514248755,0.119775
-0.6138736080200404,-0.6227828354989793,3.2144700181476846,0.142582
-0.6138736080200404,4.196522902260117,-1.9490718437370607,0.0754169
-0.441755545957216,-4.7536163250067744,-1.2605995954857612,0.105356
-0.441755545957216,-2.171845394064402,-3.6702524643653085,0.0889955
-0.441755545957216,-1.4833731458131032,2.35387970783356,0.148283
-0.441755545957216,0.926279723066445,-3.3260163402396588,0.115722
-0.441755545957216,1.44263390925492,-2.981780216114009,0.116875
-0.441755545957216,5.229231274637064,-1.4327176575485856,0.0888259
-0.441755545957216,5.401349336699891,-1.2605995954857612,0.0933149
-0.2696374838943907,-4.581498262943949,-0.22789122310881282,0.1105
-0.2696374838943907,-3.3766718285041755,-2.809662154051184,0.0873069
-0.2696374838943907,-1.6554912078759276,-3.6702524643653085,0.0902144
-0.2696374838943907,-0.7949008975618037,-3.6702524643653085,0.0952131
-0.2696374838943907,2.4753422816318675,2.525997769896385,0.146055
-0.2696374838943907,2.647460343694693,-1.9490718437370607,0.0871139
-0.09751942183156626,-4.409380200881125,-1.2605995954857612,0.0975095
-0.09751942183156626,-2.171845394064402,-3.1538982781768343,0.0868629
-0.09751942183156626,-0.45066477343615396,3.0423519560848593,0.135567
-0.09751942183156626,1.6147519713177445,-2.809662154051184,0.0994965
-0.09751942183156626,1.9589880954433934,-2.6375440919883597,0.090782
-0.09751942183156626,2.4753422816318675,-2.29330796786271,0.085125
-0.09751942183156626,3.508050654008816,-2.6375440919883597,0.0723223
0.07459864023125817,-3.8930260146926496,-1.7769537816742353,0.0904086
0.07459864023125817,1.2705158471920939,-2.981780216114009,0.1001
0.07459864023125817,2.647460343694693,2.1817616457707345,0.134289
0.24671670229408438,-3.8930260146926496,-0.40000928517163725,0.0959158
0.24671670229408438,-0.7949008975618037,-3.1538982781768343,0.0911003
0.24671670229408438,-0.27854671137332865,-3.1538982781768343,0.0957243
0.24671670229408438,1.0983977851292694,3.2144700181476846,0.133451
0.24671670229408438,1.2705158471920939,3.2144700181476846,0.135161
0.24671670229408438,3.163814529883167,2.009643583707911,0.119369
0.4188347643569088,-3.720907952629825,-0.5721273472344617,0.0915913
0.4188347643569088,-3.548789890567001,-1.4327176575485856,0.0882662
0.4188347643569088,-3.3766718285041755,-1.604835719611411,0.0876476
0.4188347643569088,-3.3766718285041755,1.3211713354566115,0.0923693
0.4188347643569088,-3.032435704378526,-1.7769537816742353,0.0877543
0.4188347643569088,-0.45066477343615396,-2.981780216114009,0.0942721
0.4188347643569088,-0.27854671137332865,-2.981780216114009,0.0956512
0.4188347643569088,1.786870033380568,3.0423519560848593,0.136724
0.4188347643569088,4.196522902260117,-3.1538982781768343,0.0748935
0.4188347643569088,4.368640964322941,1.1490532733937862,0.104473
0.4188347643569088,4.884995150511415,-2.809662154051184,0.0804422
0.4188347643569088,5.917703522888365,-1.0884815334229367,0.104292
0.5909528264197323,-2.6881995802528764,-1.604835719611411,0.0894335
0.5909528264197323,-1.9997273320015774,2.35387970783356,0.11518
0.5909528264197323,-1.827609269938752,2.525997769896385,0.119153
0.5909528264197323,-0.9670189596246281,2.870233894022034,0.126607
0.5909528264197323,-0.7949008975618037,2.870233894022034,0.127093
0.5909528264197323,-0.27854671137332865,-2.809662154051184,0.0964369
0.5909528264197323,0.40992553687796995,3.0423519560848593,0.12499
0.5909528264197323,1.0983977851292694,-3.1538982781768343,0.0895368
0.5909528264197323,4.368640964322941,1.1490532733937862,0.100049
0.5909528264197323,5.573467398762714,-1.604835719611411,0.0987644
0.7630708884825577,-2.516081518190051,-1.4327176575485856,0.0911416
0.7630708884825577,-1.6554912078759276,-1.7769537816742353,0.091553
0.7630708884825577,-0.10642864931050422,2.870233894022034,0.124538
0.935188950545383,-2.6881995802528764,-1.0884815334229367,0.0939169
0.935188950545383,1.0983977851292694,3.5587061422733335,0.119841
0.935188950545383,1.2705158471920939,3.5587061422733335,0.121192
0.935188950545383,4.7128770884485895,-3.3260163402396588,0.0841132
0.935188950545383,5.74558546082554,0.46058102514248755,0.103599
1.1073070126082065,-0.9670189596246281,-1.7769537816742353,0.0943315
1.1073070126082065,-0.7949008975618037,-1.9490718437370607,0.0983016
1.1073070126082065,-0.10642864931050422,3.0423519560848593,0.116326
1.1073070126082065,2.4753422816318675,2.009643583707911,0.105766
1.1073070126082065,4.196522902260117,-3.498134402302483,0.0820065
1.1073070126082065,5.74558546082554,-1.9490718437370607,0.100978
1.1073070126082065,5.917703522888365,-0.05577316104598751,0.102764
1.2794250746710318,-1.9997273320015774,-1.0884815334229367,0.0988859
1.2794250746710318,-1.827609269938752,2.6981158319592087,0.0975795
1.2794250746710318,-0.7949008975618037,-1.7769537816742353,0.0982923
1.2794250746710318,2.1311061575062187,-3.8423705264281334,0.0837003
1.2794250746710318,4.540759026385766,-3.498134402302483,0.087189
1.6236611987966825,-1.1391370216874526,3.0423519560848593,0.104211
1.6236611987966825,0.23780747481514553,3.5587061422733335,0.102553
1.6236611987966825,1.786870033380568,-3.8423705264281334,0.0901914
1.6236611987966825,2.647460343694693,1.493289397519436,0.086928
1.7957792608595078,-1.311255083750277,3.0423519560848593,0.0986312
1.7957792608595078,-0.6227828354989793,-2.29330796786271,0.112215
1.7957792608595078,-0.27854671137332865,-2.809662154051184,0.112312
1.7957792608595078,-0.27854671137332865,3.730824204336159,0.0992874
1.7957792608595078,5.401349336699891,-0.40000928517163725,0.0872545
1.9678973229223313,-4.409380200881125,0.46058102514248755,0.0333448
1.9678973229223313,-2.343963456127227,-1.4327176575485856,0.11222
1.9678973229223313,5.917703522888365,-1.9490718437370607,0.103405
2.1400153849851566,-4.409380200881125,1.6654074595822603,0.0178789
2.1400153849851566,2.303224219569042,3.0423519560848593,0.0998148
2.1400153849851566,4.024404840197292,-3.498134402302483,0.0975317
2.1400153849851566,4.7128770884485895,0.11634490101683781,0.0728691
2.31213344704798,-1.6554912078759276,3.5587061422733335,0.091937
2.31213344704798,-1.4833731458131032,-1.7769537816742353,0.101732
2.31213344704798,0.7541616610036197,3.9029422663989823,0.091631
2.31213344704798,3.163814529883167,-0.05577316104598751,0.0732014
2.4842515091108055,-3.8930260146926496,-0.5721273472344617,0.0838753
2.4842515091108055,-1.827609269938752,2.6981158319592087,0.0693243
2.4842515091108055,-0.7949008975618037,4.419296452587458,0.0937924
2.4842515091108055,0.23780747481514553,4.247178390524635,0.0854306
2.4842515091108055,2.1311061575062187,3.0423519560848593,0.0963908
2.4842515091108055,2.4753422816318675,-0.22789122310881282,0.0780801
2.4842515091108055,3.508050654008816,-3.8423705264281334,0.0996856
2.4842515091108055,4.368640964322941,-3.3260163402396588,0.100649
2.4842515091108055,4.7128770884485895,-3.3260163402396588,0.102187
2.4842515091108055,4.7128770884485895,-0.40000928517163725,0.0708117
2.4842515091108055,5.74558546082554,-2.465426029925535,0.105791
2.6563695711736326,-4.065144076755475,-0.5721273472344617,0.0829173
2.6563695711736326,0.7541616610036197,-2.809662154051184,0.105191
2.6563695711736326,1.0983977851292694,-2.981780216114009,0.105291
2.6563695711736326,1.2705158471920939,-3.3260163402396588,0.105427
2.6563695711736326,1.786870033380568,-4.014488588490958,0.106669
2.6563695711736326,2.1311061575062187,-4.186606650553783,0.107058
2.6563695711736326,2.4753422816318675,2.1817616457707345,0.089677
2.828487633236456,-4.2372621388183,-0.9163634713601105,0.0883542
2.828487633236456,-3.3766718285041755,2.525997769896385,0.0247289
2.828487633236456,-1.1391370216874526,4.419296452587458,0.0922946
2.828487633236456,1.9589880954433934,-0.22789122310881282,0.0796666
2.828487633236456,2.1311061575062187,-0.40000928517163725,0.074491
2.828487633236456,2.4753422816318675,0.46058102514248755,0.0933579
2.828487633236456,3.163814529883167,-0.5721273472344617,0.0674782
2.828487633236456,3.680168716071641,-3.498134402302483,0.101059
2.828487633236456,4.884995150511415,-1.0884815334229367,0.07627
3.0006056952992815,-4.409380200881125,-0.5721273472344617,0.0867341
3.0006056952992815,-3.8930260146926496,-1.7769537816742353,0.0879109
3.0006056952992815,-2.516081518190051,2.525997769896385,0.0415343
3.0006056952992815,0.7541616610036197,-2.29330796786271,0.0962868
3.0006056952992815,1.44263390925492,-0.5721273472344617,0.0731056
3.0006056952992815,1.9589880954433934,3.0423519560848593,0.0931636
3.172723757362105,-4.2372621388183,0.28846296307966224,0.0583268
3.172723757362105,-3.3766718285041755,2.35387970783356,0.0260312
3.172723757362105,-2.171845394064402,2.35387970783356,0.0541022
3.172723757362105,0.40992553687796995,-0.7442454092972861,0.0568286
3.172723757362105,0.5820435989407953,4.419296452587458,0.0792881
3.172723757362105,1.0983977851292694,-1.9490718437370607,0.0856035
3.172723757362105,1.0983977851292694,-1.2605995954857612,0.0737901
3.172723757362105,1.2705158471920939,-1.0884815334229367,0.0717743
3.172723757362105,1.6147519713177445,-0.9163634713601105,0.0700741
3.172723757362105,3.163814529883167,-3.8423705264281334,0.105445
3.172723757362105,4.540759026385766,-2.29330796786271,0.0881412
3.172723757362105,4.540759026385766,-1.604835719611411,0.0775114
3.3448418194249303,-3.3766718285041755,-2.465426029925535,0.0927138
3.3448418194249303,-1.9997273320015774,2.1817616457707345,0.0642068
3.3448418194249303,0.23780747481514553,-0.7442454092972861,0.054433
3.3448418194249303,1.0983977851292694,0.11634490101683781,0.0830686
3.3448418194249303,1.6147519713177445,0.11634490101683781,0.0896921
3.3448418194249303,3.8522867781344683,-1.7769537816742353,0.0747471
3.516959881487754,-4.065144076755475,0.632699087205312,0.0533636
3.516959881487754,-1.827609269938752,2.6981158319592087,0.0682904
3.516959881487754,-1.1391370216874526,-2.29330796786271,0.10384
3.516959881487754,-0.45066477343615396,-1.0884815334229367,0.067157
3.516959881487754,0.40992553687796995,0.11634490101683781,0.064326
3.689077943550579,-1.827609269938752,1.8375255216450865,0.0839396
3.689077943550579,-1.1391370216874526,4.247178390524635,0.0810319
3.689077943550579,1.0983977851292694,4.419296452587458,0.0869104
3.689077943550579,1.9589880954433934,2.009643583707911,0.0888492
3.689077943550579,2.1311061575062187,1.493289397519436,0.0917681
3.689077943550579,2.303224219569042,-3.3260163402396588,0.102722
3.689077943550579,2.9916964678203435,-2.981780216114009,0.0942008
3.8611960056134045,-4.7536163250067744,-0.9163634713601105,0.100326
3.8611960056134045,-1.827609269938752,-2.809662154051184,0.106501
3.8611960056134045,-1.6554912078759276,3.38658808021051,0.073769
3.8611960056134045,-0.7949008975618037,-1.2605995954857612,0.0847652
3.8611960056134045,-0.10642864931050422,-0.05577316104598751,0.0624829
4.033314067676228,-4.7536163250067744,-0.5721273472344617,0.0993243
4.033314067676228,-3.2045537664413506,0.9769352113309617,0.0737312
4.033314067676228,-2.516081518190051,-2.809662154051184,0.100054
4.033314067676228,-0.9670189596246281,4.075060328461808,0.0757638
4.033314067676228,1.6147519713177445,1.8375255216450865,0.0859541
4.205432129739055,-3.2045537664413506,0.8048171492681364,0.0812789
4.205432129739055,-1.4833731458131032,0.9769352113309617,0.113375
4.205432129739055,-1.1391370216874526,-1.9490718437370607,0.0917608
4.205432129739055,-1.1391370216874526,3.730824204336159,0.073924
4.205432129739055,-0.9670189596246281,0.632699087205312,0.103292
4.205432129739055,-0.6227828354989793,4.075060328461808,0.0736304
4.377550191801879,-0.9670189596246281,0.28846296307966224,0.102299
4.377550191801879,-0.6227828354989793,3.9029422663989823,0.073276
4.549668253864704,-4.581498262943949,-0.9163634713601105,0.0995961
4.549668253864704,-3.2045537664413506,0.632699087205312,0.0831059
4.549668253864704,-1.827609269938752,0.8048171492681364,0.106996
4.549668253864704,-0.7949008975618037,3.5587061422733335,0.0732738
4.721786315927529,-1.4833731458131032,-1.9490718437370607,0.0903638
4.721786315927529,1.2705158471920939,2.1817616457707345,0.0784186
4.893904377990353,-4.2372621388183,-1.0884815334229367,0.0944079
4.893904377990353,-1.1391370216874526,2.6981158319592087,0.078209
4.893904377990353,-0.9670189596246281,-1.2605995954857612,0.0967348
4.893904377990353,-0.7949008975618037,1.1490532733937862,0.102397
4.893904377990353,0.40992553687796995,3.9029422663989823,0.0800605
5.066022440053178,-1.4833731458131032,0.46058102514248755,0.108065
5.066022440053178,1.0983977851292694,2.6981158319592087,0.0792042
5.238140502116002,-2.8603176423157013,0.28846296307966224,0.0873493
5.238140502116002,-2.343963456127227,-1.7769537816742353,0.0898204
5.238140502116002,-0.9670189596246281,-0.7442454092972861,0.10601
5.238140502116002,-0.27854671137332865,2.6981158319592087,0.0760157
5.410258564178829,-2.516081518190051,0.28846296307966224,0.0943051
5.410258564178829,-1.9997273320015774,-1.604835719611411,0.0939579
5.410258564178829,-1.6554912078759276,0.28846296307966224,0.107844
5.410258564178829,-1.1391370216874526,-0.9163634713601105,0.106059
5.754494688304478,-2.516081518190051,-0.40000928517163725,0.0964249
