-8.380738730186799,0.5156027545526891,0.13818721946662915,0.0538981
-8.380738730186799,0.839161808441224,-0.34715136136617364,0.0469949
-8.21895920324253,-1.5875310957227917,-0.34715136136617364,0.0745092
-8.21895920324253,-0.940412987945721,-0.34715136136617364,0.0800392
-8.21895920324253,-0.940412987945721,0.6235258002994328,0.0882461
-8.21895920324253,0.839161808441224,0.9470848541879686,0.0436019
-8.21895920324253,1.8098389701068305,-0.18537183442190663,0.0406126
-8.057179676298263,-1.7493106226670596,0.7853053272437007,0.0808902
-8.057179676298263,-1.102192514889988,0.9470848541879686,0.0797641
-8.057179676298263,0.030264173719885434,0.29996674641089704,0.063186
-8.057179676298263,0.19204370066415333,-0.34715136136617364,0.0527795
-8.057179676298263,0.5156027545526891,-0.6707104152547094,0.0410265
-7.895400149353995,-2.234649203499863,-0.02359230747763874,0.0651193
-7.895400149353995,-0.940412987945721,-0.8324899421989764,0.0514004
-7.895400149353995,0.5156027545526891,-0.8324899421989764,0.0348893
-7.895400149353995,0.839161808441224,1.2706439080765035,0.0328165
-7.895400149353995,1.9716184970510984,-0.5089308883104415,0.032203
-7.895400149353995,2.133398023995367,-0.18537183442190663,0.0354289
-7.7336206224097275,0.5156027545526891,1.2706439080765035,0.0328313
-7.5718410954654605,-2.072869676555595,-0.9942694691432443,0.0136014
-7.5718410954654605,-1.7493106226670596,1.2706439080765035,0.0577785
-7.5718410954654605,1.4862799162182947,1.4324234350207714,0.0200245
-7.410061568521192,-2.3964287304441303,0.7853053272437007,0.0640635
-7.410061568521192,-0.940412987945721,1.4324234350207714,0.0434402
-7.410061568521192,0.19204370066415333,-0.9942694691432443,0.0266598
-7.410061568521192,1.6480594431625626,-1.1560489960875122,0.0127935
-7.248282041576925,-0.13151535322438246,-0.9942694691432443,0.0281457
-7.248282041576925,2.618736604828168,0.7853053272437007,0.0290275
-7.248282041576925,3.1040751856609727,-0.18537183442190663,0.032162
-7.086502514632657,-2.7199877843326656,-0.6707104152547094,0.0127824
-7.086502514632657,-2.558208257388398,0.9470848541879686,0.0632309
-6.924722987688389,-2.8817673112769335,-0.34715136136617364,0.0278489
-6.924722987688389,-2.558208257388398,-1.1560489960875122,-0.00973679
-6.924722987688389,-1.9110901496113266,1.5942029619650384,0.0408169
-6.924722987688389,0.19204370066415333,1.5942029619650384,0.0147915
-6.924722987688389,2.780516131772437,1.2706439080765035,0.0198905
-6.762943460744122,-2.7199877843326656,1.1088643811322356,0.0693392
-6.762943460744122,2.780516131772437,1.4324234350207714,0.0157187
-6.601163933799853,-3.0435468382212014,-0.18537183442190663,0.0392988
-6.601163933799853,-2.558208257388398,-1.31782852303178,-0.0179673
-6.601163933799853,-2.234649203499863,1.5942029619650384,0.0523997
-6.601163933799853,-1.4257515687785238,-1.8031671038645833,-0.0290417
-6.601163933799853,0.19204370066415333,1.7559824889093063,0.00718392
-6.601163933799853,0.839161808441224,1.9177620158535742,-0.00115103
-6.601163933799853,2.295177550939634,-1.31782852303178,0.00218573
-6.601163933799853,2.618736604828168,1.5942029619650384,0.0100269
-6.439384406855586,4.074752347326578,-0.5089308883104415,0.032615
-6.277604879911318,-1.102192514889988,-1.8031671038645833,-0.0269278
-6.277604879911318,-0.45507440711291824,1.7559824889093063,0.0134841
-6.277604879911318,1.8098389701068305,1.9177620158535742,-0.00453507
-6.277604879911318,3.2658547126052415,-1.1560489960875122,0.0103783
-6.277604879911318,3.5894137664937755,-0.9942694691432443,0.0169592
-6.11582535296705,-3.0435468382212014,-0.5089308883104415,0.0264866
-6.11582535296705,1.6480594431625626,-1.641387576920315,-0.00950674
-6.11582535296705,2.133398023995367,1.9177620158535742,-0.00326507
-6.11582535296705,4.074752347326578,1.1088643811322356,0.0302588
-6.11582535296705,4.398311401215114,0.29996674641089704,0.0379097
-5.954045826022783,-3.0435468382212014,1.1088643811322356,0.0899689
-5.954045826022783,-2.3964287304441303,-1.479608049976048,-0.0227161
-5.954045826022783,-0.29329488016865035,-1.641387576920315,-0.00435907
-5.954045826022783,1.6480594431625626,-1.641387576920315,-0.010322
-5.954045826022783,2.456957077883901,1.9177620158535742,-0.0017991
-5.954045826022783,4.398311401215114,0.13818721946662915,0.0358827
-5.954045826022783,4.398311401215114,0.29996674641089704,0.0364412
-5.7922662990785145,0.19204370066415333,1.9177620158535742,0.000903036
-5.630486772134247,0.3538232276084212,1.9177620158535742,-0.00132667
-5.630486772134247,1.000941335385492,-1.641387576920315,-0.00918959
-5.46870724518998,-2.072869676555595,-1.479608049976048,-0.0175802
-5.46870724518998,-0.7786334610014531,1.7559824889093063,0.020924
-5.46870724518998,-0.45507440711291824,-1.641387576920315,-0.00180444
-5.46870724518998,4.074752347326578,-0.5089308883104415,0.0212452
-5.306927718245712,-2.558208257388398,-0.9942694691432443,0.0111279
-5.306927718245712,-2.3964287304441303,-1.1560489960875122,0.00139589
-5.306927718245712,-2.3964287304441303,1.4324234350207714,0.0806868
-5.306927718245712,3.4276342395495085,1.5942029619650384,0.00435112
-5.145148191301444,-1.102192514889988,1.5942029619650384,0.0318469
-5.145148191301444,4.074752347326578,-0.18537183442190663,0.0228829
-5.145148191301444,4.074752347326578,0.6235258002994328,0.0250789
-4.983368664357176,-2.234649203499863,-1.1560489960875122,0.0140269
-4.983368664357176,-1.7493106226670596,-1.31782852303178,0.00285592
-4.983368664357176,-0.45507440711291824,-1.641387576920315,0.00148157
-4.983368664357176,0.5156027545526891,1.7559824889093063,0.00320511
-4.821589137412908,-1.7493106226670596,1.2706439080765035,0.0569655
-4.821589137412908,0.3538232276084212,-1.641387576920315,-0.000818714
-4.821589137412908,1.3245003892740268,1.7559824889093063,-0.00331111
-4.821589137412908,3.2658547126052415,-1.31782852303178,-0.00768774
-4.659809610468641,-2.558208257388398,0.9470848541879686,0.0712778
-4.659809610468641,-2.234649203499863,1.1088643811322356,0.0651034
-4.659809610468641,3.2658547126052415,-1.31782852303178,-0.00845735
-4.498030083524373,-0.7786334610014531,1.7559824889093063,0.0151708
-4.498030083524373,3.7511932934380443,1.2706439080765035,0.00867372
-4.336250556580105,1.000941335385492,1.7559824889093063,0.00252752
-4.336250556580105,1.1627208623297598,-1.479608049976048,0.00101972
-4.336250556580105,2.9422956587167057,1.9177620158535742,-0.0106134
-4.174471029635838,-3.0435468382212014,0.7853053272437007,0.0577525
-4.174471029635838,3.2658547126052415,1.7559824889093063,-0.00526515
-4.174471029635838,4.074752347326578,-0.5089308883104415,0.0146898
-4.01269150269157,2.9422956587167057,-1.479608049976048,-0.011907
-4.01269150269157,3.2658547126052415,-1.31782852303178,-0.00801654
-3.8509119757473025,-2.8817673112769335,-1.31782852303178,0.0407655
-3.8509119757473025,-1.102192514889988,-1.8031671038645833,0.00790619
-3.8509119757473025,-0.940412987945721,-1.8031671038645833,0.00616238
-3.8509119757473025,1.3245003892740268,1.9177620158535742,-0.00394058
-3.6891324488030346,-1.5875310957227917,-1.8031671038645833,0.0137241
-3.6891324488030346,-1.102192514889988,1.7559824889093063,0.012203
-3.6891324488030346,0.839161808441224,-1.641387576920315,0.00207259
-3.6891324488030346,2.618736604828168,1.9177620158535742,-0.0109566
-3.6891324488030346,4.398311401215114,0.13818721946662915,0.0276491
-3.5273529218587667,-3.3671058921097368,-0.6707104152547094,0.0541255
-3.5273529218587667,-3.2053263651654693,0.6235258002994328,0.0498021
-3.5273529218587667,-1.7493106226670596,-1.8031671038645833,0.0155674
-3.5273529218587667,0.5156027545526891,-1.641387576920315,0.00441113
-3.5273529218587667,0.677382281496957,-1.641387576920315,0.0037647
-3.5273529218587667,0.839161808441224,-1.641387576920315,0.0029058
-3.5273529218587667,1.1627208623297598,1.9177620158535742,-0.00146131
-3.5273529218587667,2.133398023995367,1.9177620158535742,-0.0110625
-3.5273529218587667,4.398311401215114,0.29996674641089704,0.0290146
-3.365573394914499,-2.234649203499863,-1.641387576920315,0.0246199
-3.365573394914499,-1.263972041834256,1.7559824889093063,0.0115202
-3.365573394914499,-1.102192514889988,1.7559824889093063,0.0104787
-3.365573394914499,0.030264173719885434,1.7559824889093063,0.0086852
-3.203793867970231,-2.7199877843326656,-1.31782852303178,0.0377074
-3.203793867970231,-1.263972041834256,1.7559824889093063,0.0105619
-3.042014341025963,-0.29329488016865035,1.5942029619650384,0.0147708
-3.042014341025963,1.8098389701068305,-1.479608049976048,-0.00773264
-2.880234814081696,1.8098389701068305,1.7559824889093063,-0.0117801
-2.880234814081696,2.133398023995367,-1.31782852303178,-0.0120085
-2.880234814081696,2.456957077883901,-1.1560489960875122,-0.0121133
-2.880234814081696,3.9129728203823113,0.9470848541879686,0.020078
-2.718455287137428,0.5156027545526891,1.7559824889093063,0.00571288
-2.718455287137428,2.133398023995367,1.5942029619650384,-0.0162395
-2.5566757601931602,0.030264173719885434,-1.479608049976048,0.016845
-2.5566757601931602,0.3538232276084212,-1.479608049976048,0.0137519
-2.5566757601931602,2.9422956587167057,1.1088643811322356,-0.00882218
-2.3948962332488932,-3.2053263651654693,-0.6707104152547094,0.0519495
-2.3948962332488932,-3.0435468382212014,0.7853053272437007,0.0445562
-2.3948962332488932,-2.7199877843326656,1.1088643811322356,0.0361925
-2.3948962332488932,-2.558208257388398,-1.479608049976048,0.0376549
-2.3948962332488932,-1.263972041834256,1.7559824889093063,0.0106637
-2.3948962332488932,2.780516131772437,-0.6707104152547094,-0.0220727
-2.2331167063046253,-2.558208257388398,-1.641387576920315,0.0371702
-2.2331167063046253,-1.9110901496113266,-1.8031671038645833,0.0240141
-2.2331167063046253,-1.263972041834256,1.7559824889093063,0.0120345
-2.2331167063046253,-0.6168539340571852,-1.8031671038645833,0.0112407
-2.2331167063046253,2.133398023995367,1.5942029619650384,-0.0304772
-2.2331167063046253,2.9422956587167057,-0.34715136136617364,-0.0245997
-2.0713371793603574,-3.690664945998272,-0.02359230747763874,0.0451714
-2.0713371793603574,-3.690664945998272,0.6235258002994328,0.0458745
-2.0713371793603574,-3.3671058921097368,1.1088643811322356,0.0451729
-2.0713371793603574,-3.2053263651654693,-1.641387576920315,0.0444204
-2.0713371793603574,-2.7199877843326656,-1.8031671038645833,0.0399182
-2.0713371793603574,-2.558208257388398,-1.8031671038645833,0.0377593
-2.0713371793603574,-2.3964287304441303,-1.8031671038645833,0.0350382
-2.0713371793603574,-2.234649203499863,-1.8031671038645833,0.0321646
-2.0713371793603574,-1.102192514889988,1.7559824889093063,0.0131658
-2.0713371793603574,1.8098389701068305,-1.479608049976048,-0.0242726
-1.9095576524160895,-3.0435468382212014,1.4324234350207714,0.0415113
-1.9095576524160895,-2.7199877843326656,-1.9649466308088512,0.0407688
-1.9095576524160895,-0.13151535322438246,1.7559824889093063,0.0116784
-1.9095576524160895,0.677382281496957,-1.641387576920315,0.00137563
-1.7477781254718217,-3.690664945998272,1.2706439080765035,0.0466884
-1.7477781254718217,-3.528885419054004,-1.8031671038645833,0.045209
-1.7477781254718217,2.618736604828168,1.1088643811322356,-0.0452661
-1.5859985985275529,-1.9110901496113266,1.5942029619650384,0.0284384
-1.5859985985275529,-0.940412987945721,-1.8031671038645833,0.0229848
-1.4242190715832859,-3.528885419054004,1.5942029619650384,0.0458422
-1.4242190715832859,-3.3671058921097368,-2.1267261577531187,0.0455755
-1.4242190715832859,-2.072869676555595,1.5942029619650384,0.0318357
-1.4242190715832859,-1.5875310957227917,1.5942029619650384,0.0286996
-1.2624395446390189,-2.7199877843326656,1.7559824889093063,0.0381354
-1.2624395446390189,0.5156027545526891,-1.641387576920315,0.00857689
-1.1006600176947519,-2.072869676555595,1.5942029619650384,0.0345356
-1.1006600176947519,-0.29329488016865035,1.7559824889093063,0.0179125
-1.1006600176947519,1.4862799162182947,-1.31782852303178,-0.019616
-1.1006600176947519,2.295177550939634,-0.8324899421989764,-0.0423991
-0.9388804907504831,-4.176003526831075,-0.18537183442190663,0.021094
-0.9388804907504831,-3.85244447294254,-1.8031671038645833,0.0374836
-0.9388804907504831,-3.690664945998272,1.5942029619650384,0.0427933
-0.9388804907504831,0.030264173719885434,1.7559824889093063,0.0131009
-0.9388804907504831,0.839161808441224,-1.479608049976048,0.00356508
-0.9388804907504831,2.133398023995367,-0.8324899421989764,-0.0376473
-0.7771009638062143,-4.0142239998868074,1.2706439080765035,0.0375977
-0.7771009638062143,2.133398023995367,0.9470848541879686,-0.0380247
-0.6153214368619473,-0.940412987945721,-1.641387576920315,0.0342603
-0.6153214368619473,1.000941335385492,1.4324234350207714,-0.00343569
-0.6153214368619473,2.295177550939634,-0.02359230747763874,-0.0313519
-0.4535419099176785,-4.176003526831075,0.29996674641089704,0.0108554
-0.4535419099176785,-0.13151535322438246,1.7559824889093063,0.0138306
-0.4535419099176785,0.030264173719885434,1.7559824889093063,0.010946
-0.4535419099176785,0.3538232276084212,-1.641387576920315,0.0130118
-0.4535419099176785,1.000941335385492,1.4324234350207714,-0.00204883
-0.4535419099176785,1.8098389701068305,0.9470848541879686,-0.0158961
-0.2917623829734115,-2.8817673112769335,-2.1267261577531187,0.033114
-0.2917623829734115,-2.7199877843326656,-2.1267261577531187,0.0334887
-0.2917623829734115,-2.7199877843326656,1.5942029619650384,0.0320844
-0.2917623829734115,-1.102192514889988,1.5942029619650384,0.0245159
-0.2917623829734115,1.6480594431625626,1.1088643811322356,-0.00743102
-0.2917623829734115,2.133398023995367,-0.34715136136617364,-0.0079021
-0.2917623829734115,2.295177550939634,-0.02359230747763874,-0.00633636
-0.1299828560291445,-4.0142239998868074,0.6235258002994328,0.00275971
-0.1299828560291445,-1.102192514889988,-1.8031671038645833,0.0206912
-0.1299828560291445,1.8098389701068305,-0.8324899421989764,-0.00431409
0.03179667091512428,-4.0142239998868074,0.46174627335516494,-0.0144109
0.03179667091512428,-3.85244447294254,-1.1560489960875122,-0.0159475
0.03179667091512428,0.677382281496957,1.7559824889093063,-0.00503385
0.03179667091512428,2.133398023995367,1.1088643811322356,0.00213789
0.03179667091512428,2.456957077883901,-0.34715136136617364,0.00736733
0.03179667091512428,2.618736604828168,0.13818721946662915,0.0119728
0.03179667091512428,2.618736604828168,0.29996674641089704,0.0121848
0.19357619785939129,-3.2053263651654693,-1.641387576920315,0.00529264
0.19357619785939129,-2.3964287304441303,1.4324234350207714,0.0207928
0.3553557248036583,-2.7199877843326656,-1.641387576920315,0.0145758
0.3553557248036583,-2.072869676555595,-1.8031671038645833,0.0193697
0.5171352517479271,-2.8817673112769335,-1.641387576920315,0.000813667
0.5171352517479271,-2.7199877843326656,-1.641387576920315,0.00839243
0.5171352517479271,-1.9110901496113266,1.5942029619650384,0.0127843
0.5171352517479271,1.9716184970510984,-1.1560489960875122,-0.00167391
0.6789147786921941,-1.102192514889988,1.5942029619650384,0.0134795
0.6789147786921941,2.133398023995367,1.4324234350207714,-0.000173416
0.6789147786921941,2.780516131772437,-0.34715136136617364,0.017643
0.6789147786921941,2.780516131772437,0.7853053272437007,0.015772
0.8406943056364611,-4.661342107663879,0.29996674641089704,-0.0600991
0.8406943056364611,-4.337783053775343,0.7853053272437007,-0.052517
0.8406943056364611,-3.85244447294254,1.1088643811322356,-0.0385276
0.8406943056364611,0.677382281496957,1.9177620158535742,-0.010649
0.8406943056364611,2.456957077883901,-0.8324899421989764,0.008149
1.0024738325807299,-4.823121634608146,-0.5089308883104415,-0.0648766
1.0024738325807299,-4.0142239998868074,1.1088643811322356,-0.0455082
1.0024738325807299,-1.4257515687785238,-1.8031671038645833,0.0186551
1.0024738325807299,1.3245003892740268,-1.8031671038645833,0.00249991
1.0024738325807299,2.133398023995367,-1.1560489960875122,0.000505072
1.1642533595249969,-4.499562580719611,0.7853053272437007,-0.0582413
1.1642533595249969,-4.337783053775343,0.9470848541879686,-0.0549304
1.1642533595249969,-0.940412987945721,-1.641387576920315,0.0209233
1.1642533595249969,0.5156027545526891,1.9177620158535742,-0.00937888
1.1642533595249969,0.677382281496957,1.9177620158535742,-0.0105482
1.1642533595249969,0.839161808441224,-2.1267261577531187,0.0136835
1.1642533595249969,1.000941335385492,-2.77384426553019,0.0210029
1.1642533595249969,1.9716184970510984,-2.77384426553019,0.00879885
1.3260328864692639,-4.823121634608146,-0.8324899421989764,-0.0663419
1.3260328864692639,-4.176003526831075,1.1088643811322356,-0.0524783
1.3260328864692639,-3.85244447294254,1.2706439080765035,-0.0441352
1.3260328864692639,1.4862799162182947,-3.2591828463629926,0.0161531
1.4878124134135327,-2.7199877843326656,1.4324234350207714,0.00287187
1.4878124134135327,1.3245003892740268,-3.4209623733072605,0.0166559
1.4878124134135327,1.6480594431625626,-3.4209623733072605,0.0130013
1.6495919403577997,-3.528885419054004,-1.9649466308088512,-0.0459076
1.6495919403577997,-2.7199877843326656,1.4324234350207714,0.00140733
1.6495919403577997,-1.4257515687785238,-1.8031671038645833,0.019767
1.6495919403577997,1.1627208623297598,1.7559824889093063,-0.0135385
1.6495919403577997,2.456957077883901,-0.8324899421989764,0.00145655
1.6495919403577997,2.456957077883901,1.4324234350207714,-0.0384347
1.6495919403577997,2.618736604828168,-0.9942694691432443,0.000507513
1.6495919403577997,2.9422956587167057,0.29996674641089704,-0.024416
1.8113714673020684,-4.823121634608146,0.29996674641089704,-0.0661891
1.8113714673020684,-4.0142239998868074,-1.8031671038645833,-0.0571843
1.8113714673020684,-3.0435468382212014,-1.9649466308088512,-0.0308556
1.8113714673020684,-1.7493106226670596,1.5942029619650384,0.0127858
1.8113714673020684,-1.102192514889988,-1.8031671038645833,0.0143141
1.8113714673020684,0.19204370066415333,-1.9649466308088512,0.013708
1.8113714673020684,2.618736604828168,-3.2591828463629926,0.00381599
1.8113714673020684,2.780516131772437,-0.8324899421989764,-0.00218207
1.8113714673020684,3.5894137664937755,-1.31782852303178,0.0101617
1.9731509942463354,-4.661342107663879,-1.1560489960875122,-0.0665214
1.9731509942463354,-0.6168539340571852,1.7559824889093063,0.00129377
1.9731509942463354,0.19204370066415333,-2.450285211641654,0.0193924
1.9731509942463354,0.5156027545526891,-3.2591828463629926,0.0195431
1.9731509942463354,3.5894137664937755,-2.612064738585922,0.00623157
2.1349305211906024,-1.9110901496113266,-1.8031671038645833,0.0150867
2.1349305211906024,-1.102192514889988,1.7559824889093063,0.0019482
2.1349305211906024,0.3538232276084212,-3.097403319418725,0.0190947
2.1349305211906024,0.839161808441224,-3.5827419002515284,0.0144233
2.1349305211906024,0.839161808441224,1.7559824889093063,-0.00339518
2.1349305211906024,1.3245003892740268,1.7559824889093063,-0.021535
2.1349305211906024,3.9129728203823113,-2.2885056846973866,0.0112753
2.2967100481348712,-3.690664945998272,-1.8031671038645833,-0.0518815
2.2967100481348712,0.19204370066415333,-2.77384426553019,0.0181784
2.2967100481348712,4.074752347326578,-1.9649466308088512,0.0142313
2.45848957507914,-4.337783053775343,-1.31782852303178,-0.0639315
2.45848957507914,-2.558208257388398,1.2706439080765035,0.00788186
2.45848957507914,1.3245003892740268,1.9177620158535742,-0.0219106
2.45848957507914,1.4862799162182947,-3.9063009541400637,0.00636461
2.45848957507914,3.7511932934380443,0.29996674641089704,-0.047026
2.620269102023407,2.456957077883901,-4.068080481084332,0.0102842
2.620269102023407,3.5894137664937755,-0.34715136136617364,-0.0365819
2.782048628967676,-3.690664945998272,0.9470848541879686,-0.0376035
2.782048628967676,-1.263972041834256,1.7559824889093063,0.00538943
2.782048628967676,1.000941335385492,-3.744521427195796,0.0073073
2.782048628967676,2.780516131772437,-4.068080481084332,0.0127247
2.782048628967676,2.780516131772437,2.24132106974211,-0.0237181
2.943828155911943,-3.0435468382212014,1.1088643811322356,-0.000241459
2.943828155911943,-1.5875310957227917,-1.8031671038645833,0.0190747
2.943828155911943,3.7511932934380443,-0.8324899421989764,-0.00768537
3.10560768285621,-0.45507440711291824,1.7559824889093063,0.0192201
3.10560768285621,0.677382281496957,-3.4209623733072605,0.00964975
3.10560768285621,2.780516131772437,-4.2298600080285995,0.0182023
3.10560768285621,3.9129728203823113,0.13818721946662915,-0.0418311
3.10560768285621,4.074752347326578,-2.2885056846973866,0.00721341
3.2673872098004786,-1.9110901496113266,-1.8031671038645833,0.0248681
3.2673872098004786,0.839161808441224,1.9177620158535742,0.0225267
3.2673872098004786,3.5894137664937755,-3.4209623733072605,0.00756606
3.2673872098004786,4.074752347326578,-1.641387576920315,0.00804609
3.4291667367447456,3.5894137664937755,-0.8324899421989764,-0.0142457
3.4291667367447456,3.9129728203823113,0.13818721946662915,-0.0369135
3.5909462636890144,-2.3964287304441303,1.5942029619650384,0.0167861
3.5909462636890144,-1.4257515687785238,1.7559824889093063,0.00900941
3.5909462636890144,0.19204370066415333,2.079541542797842,0.0338077
3.5909462636890144,0.3538232276084212,-2.9356237924744577,0.0178059
3.5909462636890144,0.677382281496957,-3.2591828463629926,0.0135253
3.5909462636890144,2.133398023995367,-4.391639534972867,0.0229322
3.5909462636890144,3.5894137664937755,-3.4209623733072605,0.0102743
3.7527257906332814,-2.7199877843326656,1.5942029619650384,0.0179951
3.9145053175775484,-0.13151535322438246,-2.77384426553019,0.0268207
3.9145053175775484,0.3538232276084212,2.4031005966863788,0.0117658
3.9145053175775484,1.1627208623297598,-3.744521427195796,0.0147267
3.9145053175775484,1.4862799162182947,-4.068080481084332,0.0187053
3.9145053175775484,3.4276342395495085,1.9177620158535742,0.0488791
4.076284844521817,-2.234649203499863,-2.1267261577531187,0.0329303
4.076284844521817,-1.102192514889988,-2.1267261577531187,0.0379711
4.076284844521817,-0.45507440711291824,2.24132106974211,0.00949373
4.076284844521817,1.000941335385492,-3.4209623733072605,0.0153621
4.076284844521817,2.456957077883901,2.4031005966863788,0.0304974
4.076284844521817,3.4276342395495085,-1.479608049976048,0.00298158
4.238064371466084,-3.528885419054004,-0.5089308883104415,0.0120629
4.238064371466084,-2.558208257388398,-1.9649466308088512,0.0297867
4.238064371466084,-0.13151535322438246,2.4031005966863788,0.0073089
4.238064371466084,3.4276342395495085,-2.2885056846973866,0.00587277
4.399843898410351,-3.690664945998272,0.7853053272437007,0.0250139
4.399843898410351,-0.29329488016865035,-2.77384426553019,0.0325901
4.399843898410351,-0.29329488016865035,2.4031005966863788,7.93989e-05
4.399843898410351,2.295177550939634,-4.068080481084332,0.0267506
4.399843898410351,3.2658547126052415,-2.1267261577531187,0.00861979
4.399843898410351,3.5894137664937755,0.6235258002994328,0.00815667
4.56162342535462,-3.690664945998272,0.13818721946662915,0.0215002
4.56162342535462,-0.45507440711291824,2.4031005966863788,-0.00917948
4.56162342535462,2.9422956587167057,2.079541542797842,0.0515952
4.723402952298887,-3.0435468382212014,1.2706439080765035,0.0201903
4.723402952298887,-0.7786334610014531,2.4031005966863788,-0.0233671
4.723402952298887,2.9422956587167057,-2.450285211641654,0.0131489
4.723402952298887,3.1040751856609727,-0.5089308883104415,0.00375881
4.885182479243154,-3.3671058921097368,0.7853053272437007,0.0232788
4.885182479243154,-2.7199877843326656,-1.641387576920315,0.0293001
4.885182479243154,-1.5875310957227917,2.24132106974211,-0.0339231
4.885182479243154,2.295177550939634,-3.097403319418725,0.0184598
5.046962006187423,-3.2053263651654693,-0.18537183442190663,0.0185872
5.046962006187423,0.839161808441224,3.2119982314077173,-0.0489051
5.046962006187423,1.9716184970510984,-2.77384426553019,0.0178016
5.046962006187423,2.618736604828168,0.29996674641089704,0.0127596
5.20874153313169,2.456957077883901,0.29996674641089704,0.00856054
5.370521060075957,-2.558208257388398,-1.1560489960875122,0.0253233
5.370521060075957,-0.7786334610014531,-1.1560489960875122,0.0302999
5.370521060075957,-0.45507440711291824,-1.641387576920315,0.0335689
5.370521060075957,-0.45507440711291824,-1.479608049976048,0.0326888
5.370521060075957,2.456957077883901,0.46174627335516494,-0.00194977
5.5323005870202255,-1.102192514889988,2.24132106974211,-0.0455957
5.5323005870202255,-0.45507440711291824,-0.8324899421989764,0.0197232
5.5323005870202255,0.030264173719885434,-0.8324899421989764,0.0274753
5.5323005870202255,0.677382281496957,3.2119982314077173,-0.0575481
5.5323005870202255,1.4862799162182947,-2.450285211641654,0.0155625
5.5323005870202255,1.6480594431625626,-2.450285211641654,0.0160016
5.6940801139644925,-2.234649203499863,1.1088643811322356,-0.0232389
5.6940801139644925,-1.5875310957227917,-0.8324899421989764,0.0191974
5.6940801139644925,0.19204370066415333,-1.9649466308088512,0.0226185
5.6940801139644925,0.19204370066415333,-1.31782852303178,0.0213658
5.6940801139644925,0.5156027545526891,-0.8324899421989764,0.0251685
5.6940801139644925,0.839161808441224,3.2119982314077173,-0.0599483
5.855859640908761,0.677382281496957,-1.31782852303178,0.015641
5.855859640908761,1.1627208623297598,-0.34715136136617364,0.0209467
5.855859640908761,2.295177550939634,-0.34715136136617364,0.0145624
6.01763916785303,-1.4257515687785238,-0.34715136136617364,-0.00881955
6.01763916785303,0.19204370066415333,2.88843917751918,-0.0638228
6.01763916785303,1.3245003892740268,-0.02359230747763874,0.00431042
6.01763916785303,1.4862799162182947,3.0502187044634486,-0.060397
6.01763916785303,2.618736604828168,-1.31782852303178,0.0244935
6.01763916785303,2.618736604828168,1.5942029619650384,-0.0425991
6.179418694797297,-1.4257515687785238,1.5942029619650384,-0.049294
6.179418694797297,-0.45507440711291824,1.9177620158535742,-0.0535515
6.179418694797297,1.6480594431625626,-1.479608049976048,0.0179388
6.179418694797297,2.133398023995367,-1.479608049976048,0.0221816
6.179418694797297,2.295177550939634,0.7853053272437007,-0.0353254
6.341198221741566,0.5156027545526891,0.29996674641089704,-0.00658511
6.341198221741566,1.8098389701068305,0.46174627335516494,-0.0287375
6.341198221741566,2.295177550939634,2.079541542797842,-0.0537966
6.502977748685835,-1.102192514889988,0.46174627335516494,-0.0373058
6.502977748685835,-1.102192514889988,0.9470848541879686,-0.0448288
6.502977748685835,1.4862799162182947,0.46174627335516494,-0.0295805
6.6647572756301,0.030264173719885434,1.9177620158535742,-0.0629087
6.6647572756301,0.19204370066415333,2.24132106974211,-0.0670678
6.6647572756301,1.6480594431625626,2.4031005966863788,-0.0621074
6.826536802574369,1.6480594431625626,1.1088643811322356,-0.0491367
6.9883163295186375,0.677382281496957,1.5942029619650384,-0.0605226
6.9883163295186375,0.839161808441224,1.9177620158535742,-0.0644746
6.9883163295186375,1.000941335385492,1.2706439080765035,-0.0542225
6.9883163295186375,1.1627208623297598,1.9177620158535742,-0.0630338
6.9883163295186375,1.3245003892740268,1.4324234350207714,-0.0561399
6.9883163295186375,1.3245003892740268,1.7559824889093063,-0.0604388
