-6.2647691575467945,0.5837486079059371,0.4102811439619476,0.148786
-6.105720714174563,-2.1200749294219965,-0.5440095162714411,0.146985
-6.105720714174563,-1.32483271256084,-0.7030579596436723,0.14388
-6.105720714174563,0.10660327778924295,0.8874264740786417,0.15777
-6.105720714174563,0.4247001645337063,1.0464749174508734,0.158456
-6.105720714174563,0.5837486079059371,1.0464749174508734,0.158016
-6.105720714174563,1.060893938022632,0.7283780307064109,0.151647
-5.946672270802331,-0.6886389390719136,-0.384961072899209,0.147714
-5.946672270802331,-0.3705420523274512,0.5693295873341793,0.15615
-5.946672270802331,-0.21149360895521951,0.8874264740786417,0.159723
-5.946672270802331,1.060893938022632,-0.384961072899209,0.138004
-5.946672270802331,1.3789908247670946,0.4102811439619476,0.145625
-5.7876238274300995,-1.9610264860497653,0.7283780307064109,0.159969
-5.7876238274300995,-1.1657842691886078,-1.1802032897603665,0.140302
-5.7876238274300995,-0.8476873824441453,0.5693295873341793,0.15801
-5.7876238274300995,-0.6886389390719136,0.5693295873341793,0.157939
-5.7876238274300995,-0.529590495699682,0.7283780307064109,0.159708
-5.7876238274300995,0.9018454946504004,-1.0211548463881353,0.138664
-5.7876238274300995,0.9018454946504004,1.3645718041953359,0.161553
-5.628575384057868,-2.7562687029109223,-0.22591262952697733,0.14957
-5.628575384057868,-2.4381718161664594,0.5693295873341793,0.15818
-5.628575384057868,-0.05244516558298784,-1.1802032897603665,0.145116
-5.628575384057868,0.7427970512781688,-1.4983001765048294,0.142057
-5.628575384057868,1.3789908247670946,-1.0211548463881353,0.139454
-5.628575384057868,1.5380392681393262,0.8874264740786417,0.15154
-5.469526940685637,1.697087711511557,-0.22591262952697733,0.13843
-5.310478497313405,-1.32483271256084,-1.8163970632492923,0.138002
-5.310478497313405,-1.1657842691886078,1.0464749174508734,0.171078
-5.310478497313405,0.2656517211614746,1.6826686909397992,0.178212
-5.151430053941175,-2.597220259538691,-1.1802032897603665,0.136838
-5.151430053941175,-0.6886389390719136,-1.8163970632492923,0.144177
-5.151430053941175,1.8561361548837887,0.4102811439619476,0.145355
-4.992381610568943,-2.7562687029109223,-1.0211548463881353,0.138716
-4.67428472382448,-0.21149360895521951,2.0007655776842617,0.229357
-4.67428472382448,1.8561361548837887,0.7283780307064109,0.153379
-4.67428472382448,2.0151845982560204,-0.06686418615474654,0.146914
-4.515236280452248,0.10660327778924295,-2.1344939499937547,0.151368
-4.515236280452248,2.0151845982560204,0.09218425721748513,0.150592
-4.356187837080017,-2.7562687029109223,-1.3392517331325977,0.14215
-4.197139393707786,-2.9153171462831535,-0.7030579596436723,0.152024
-4.197139393707786,-0.05244516558298784,-2.1344939499937547,0.153218
-4.197139393707786,0.7427970512781688,1.8417171343120309,0.206187
-4.197139393707786,2.0151845982560204,0.8874264740786417,0.159206
-4.038090950335555,-2.9153171462831535,-0.7030579596436723,0.155289
-4.038090950335555,-1.006735825816376,2.796007794545419,0.236047
-4.038090950335555,2.174233041628251,0.5693295873341793,0.158038
-3.879042506963323,-3.392462476399848,1.3645718041953359,0.171044
-3.879042506963323,-1.4838811559330711,2.477910907800956,0.227581
-3.879042506963323,0.9018454946504004,2.0007655776842617,0.204349
-3.879042506963323,1.697087711511557,1.8417171343120309,0.172344
-3.7199940635910917,-2.9153171462831535,-0.7030579596436723,0.162312
-3.7199940635910917,0.4247001645337063,2.6369593511731875,0.22488
-3.7199940635910917,1.060893938022632,-2.1344939499937547,0.162951
-3.5609456202188596,-3.392462476399848,0.09218425721748513,0.163731
-3.5609456202188596,-3.392462476399848,1.6826686909397992,0.173497
-3.5609456202188596,-3.2334140330276164,1.8417171343120309,0.17552
-3.5609456202188596,-1.6429295993053024,2.477910907800956,0.219008
-3.5609456202188596,2.174233041628251,-0.22591262952697733,0.164751
-3.5609456202188596,2.174233041628251,1.8417171343120309,0.1658
-3.5609456202188596,2.333281485000483,1.6826686909397992,0.163521
-3.401897176846628,1.697087711511557,2.1598140210564933,0.174027
-3.401897176846628,2.0151845982560204,-0.7030579596436723,0.168237
-3.242848733474397,-1.6429295993053024,-2.4525908367382177,0.159191
-3.242848733474397,0.10660327778924295,-1.9754455066215235,0.165532
-3.242848733474397,2.6513783717449453,0.5693295873341793,0.157678
-3.242848733474397,2.6513783717449453,1.3645718041953359,0.15794
-3.0838002901021655,-2.9153171462831535,-1.4983001765048294,0.157058
-3.0838002901021655,1.2199423813948629,2.318862464428725,0.18656
-3.0838002901021655,2.0151845982560204,-1.4983001765048294,0.161026
-2.924751846729934,-3.710559363144311,0.7283780307064109,0.165157
-2.924751846729934,-3.2334140330276164,-1.0211548463881353,0.156324
-2.924751846729934,-1.801978042677534,2.796007794545419,0.197433
-2.924751846729934,0.7427970512781688,2.796007794545419,0.194721
-2.924751846729934,1.3789908247670946,2.318862464428725,0.179117
-2.765703403357703,-3.074365589655385,2.0007655776842617,0.176565
-2.765703403357703,-2.597220259538691,-2.1344939499937547,0.155159
-2.765703403357703,-0.3705420523274512,3.5912500114065766,0.176015
-2.765703403357703,0.10660327778924295,3.5912500114065766,0.175367
-2.6066549599854714,-2.1200749294219965,3.1141046812898816,0.181002
-2.6066549599854714,-0.3705420523274512,3.7502984547788083,0.166734
-2.6066549599854714,2.333281485000483,-1.0211548463881353,0.160943
-2.6066549599854714,2.6513783717449453,0.4102811439619476,0.152903
-2.4476065166132397,-3.074365589655385,-2.1344939499937547,0.150819
-2.4476065166132397,-3.074365589655385,1.8417171343120309,0.174729
-2.4476065166132397,-2.7562687029109223,-2.2935423933659864,0.151564
-2.4476065166132397,-2.4381718161664594,2.318862464428725,0.185847
-2.4476065166132397,1.2199423813948629,2.95505623791765,0.171595
-2.288558073241009,-2.9153171462831535,1.8417171343120309,0.175611
-2.288558073241009,-1.1657842691886078,3.909346898151038,0.159286
-2.288558073241009,-0.529590495699682,-2.1344939499937547,0.166269
-2.288558073241009,2.6513783717449453,1.5236202475675675,0.11653
-2.1295096298687772,-2.4381718161664594,-2.4525908367382177,0.148171
-2.1295096298687772,-1.6429295993053024,3.909346898151038,0.162775
-2.1295096298687772,-0.6886389390719136,-2.2935423933659864,0.16091
-2.1295096298687772,0.10660327778924295,4.068395341523272,0.157545
-2.1295096298687772,0.4247001645337063,-2.6116392801104493,0.15624
-2.1295096298687772,2.9694752584894095,0.2512327005897168,0.13049
-1.9704611864965456,-3.710559363144311,-1.1802032897603665,0.13965
-1.9704611864965456,-3.710559363144311,-1.0211548463881353,0.139379
-1.9704611864965456,-3.392462476399848,0.5693295873341793,0.158878
-1.9704611864965456,-3.2334140330276164,1.0464749174508734,0.164558
-1.9704611864965456,-2.279123372794228,3.5912500114065766,0.170021
-1.9704611864965456,-2.1200749294219965,-2.4525908367382177,0.146879
-1.9704611864965456,0.4247001645337063,-2.6116392801104493,0.154468
-1.9704611864965456,1.5380392681393262,-2.6116392801104493,0.144458
-1.8114127431243148,-3.710559363144311,-0.8621064030159036,0.13669
-1.8114127431243148,-3.5515109197720793,0.09218425721748513,0.147698
-1.8114127431243148,-2.1200749294219965,-2.4525908367382177,0.144861
-1.8114127431243148,-0.8476873824441453,4.068395341523272,0.150697
-1.8114127431243148,1.8561361548837887,2.1598140210564933,0.110127
-1.8114127431243148,3.4466205886061028,0.8874264740786417,0.0849302
-1.652364299752083,-2.4381718161664594,-2.4525908367382177,0.140953
-1.652364299752083,-2.279123372794228,-2.4525908367382177,0.141491
-1.652364299752083,1.2199423813948629,-2.6116392801104493,0.141385
-1.652364299752083,1.697087711511557,-2.4525908367382177,0.132277
-1.652364299752083,3.1285237018616394,-0.8621064030159036,0.142218
-1.4933158563798514,-3.5515109197720793,-1.6573486198770606,0.133997
-1.4933158563798514,-2.7562687029109223,1.3645718041953359,0.167095
-1.4933158563798514,-2.4381718161664594,1.6826686909397992,0.1728
-1.4933158563798514,-1.1657842691886078,-2.7706877234826806,0.144451
-1.4933158563798514,-0.6886389390719136,4.068395341523272,0.149198
-1.4933158563798514,-0.529590495699682,-2.9297361668549122,0.146041
-1.4933158563798514,2.333281485000483,2.318862464428725,0.0784813
-1.3342674130076198,-3.5515109197720793,-1.4983001765048294,0.130165
-1.3342674130076198,-2.7562687029109223,1.3645718041953359,0.165106
-1.3342674130076198,0.4247001645337063,-2.6116392801104493,0.145229
-1.3342674130076198,1.697087711511557,-2.4525908367382177,0.113854
-1.3342674130076198,2.6513783717449453,2.318862464428725,0.0675815
-1.3342674130076198,3.287572145233873,-1.8163970632492923,0.095427
-1.3342674130076198,3.6056690319783344,1.5236202475675675,0.0615511
-1.175218969635389,-3.5515109197720793,-1.1802032897603665,0.126298
-1.175218969635389,-3.2334140330276164,1.0464749174508734,0.156259
-1.175218969635389,-2.7562687029109223,1.3645718041953359,0.163462
-1.175218969635389,-1.1657842691886078,-2.9297361668549122,0.138036
-1.175218969635389,0.7427970512781688,-2.4525908367382177,0.139658
-1.175218969635389,2.810426815117178,2.318862464428725,0.0622741
-1.0161705262631573,-2.7562687029109223,1.3645718041953359,0.161632
-1.0161705262631573,-0.3705420523274512,-3.0887846102271435,0.139749
-1.0161705262631573,0.5837486079059371,3.909346898151038,0.152288
-1.0161705262631573,1.3789908247670946,2.6369593511731875,0.120357
-1.0161705262631573,1.8561361548837887,2.477910907800956,0.0836932
-1.0161705262631573,2.333281485000483,2.477910907800956,0.0687785
-0.8571220828909256,-2.279123372794228,3.2731531246621133,0.160563
-0.8571220828909256,0.9018454946504004,3.5912500114065766,0.148666
-0.8571220828909256,1.3789908247670946,2.477910907800956,0.105973
-0.8571220828909256,2.4923299283727145,2.477910907800956,0.0633502
-0.8571220828909256,2.9694752584894095,-2.6116392801104493,0.0778581
-0.8571220828909256,3.764717475350566,-0.8621064030159036,0.121535
-0.8571220828909256,3.923765918722798,0.7283780307064109,0.0711391
-0.8571220828909256,3.923765918722798,0.8874264740786417,0.0662501
-0.6980736395186948,-3.5515109197720793,-0.384961072899209,0.1281
-0.6980736395186948,-2.597220259538691,1.3645718041953359,0.159326
-0.6980736395186948,-2.1200749294219965,1.6826686909397992,0.157373
-0.6980736395186948,-1.801978042677534,-2.4525908367382177,0.112013
-0.6980736395186948,-0.21149360895521951,3.7502984547788083,0.150719
-0.6980736395186948,1.697087711511557,-2.7706877234826806,0.081136
-0.6980736395186948,3.287572145233873,-2.4525908367382177,0.0838976
-0.6980736395186948,3.4466205886061028,-2.2935423933659864,0.0882905
-0.6980736395186948,3.923765918722798,-0.22591262952697733,0.116526
-0.6980736395186948,4.082814362095028,-0.8621064030159036,0.120453
-0.6980736395186948,4.082814362095028,-0.5440095162714411,0.12122
-0.5390251961464632,-3.5515109197720793,-0.06686418615474654,0.134084
-0.5390251961464632,-3.5515109197720793,0.2512327005897168,0.139911
-0.5390251961464632,-3.074365589655385,-1.1802032897603665,0.111665
-0.5390251961464632,-2.1200749294219965,2.318862464428725,0.152379
-0.5390251961464632,-0.21149360895521951,3.5912500114065766,0.151499
-0.5390251961464632,0.10660327778924295,3.5912500114065766,0.148693
-0.5390251961464632,0.4247001645337063,-2.6116392801104493,0.12952
-0.5390251961464632,1.060893938022632,-2.4525908367382177,0.101062
-0.5390251961464632,1.8561361548837887,2.477910907800956,0.0743842
-0.5390251961464632,2.4923299283727145,2.477910907800956,0.0600812
-0.5390251961464632,4.082814362095028,0.09218425721748513,0.106322
-0.3799767527742315,-2.4381718161664594,-2.1344939499937547,0.0783404
-0.3799767527742315,-1.9610264860497653,1.3645718041953359,0.153701
-0.3799767527742315,-1.9610264860497653,2.477910907800956,0.149666
-0.3799767527742315,-1.801978042677534,-2.6116392801104493,0.0868341
-0.3799767527742315,-1.4838811559330711,3.2731531246621133,0.151718
-0.3799767527742315,2.0151845982560204,2.477910907800956,0.0685017
-0.3799767527742315,2.333281485000483,-2.9297361668549122,0.0730765
-0.3799767527742315,2.333281485000483,2.477910907800956,0.061694
-0.3799767527742315,3.923765918722798,1.0464749174508734,0.0599988
-0.2209283094020007,-2.9153171462831535,-1.0211548463881353,0.104622
-0.2209283094020007,-1.1657842691886078,3.1141046812898816,0.151727
-0.2209283094020007,0.10660327778924295,3.1141046812898816,0.146011
-0.2209283094020007,0.2656517211614746,-2.6116392801104493,0.126327
-0.2209283094020007,0.5837486079059371,-2.2935423933659864,0.118806
-0.2209283094020007,1.5380392681393262,2.318862464428725,0.0798538
-0.2209283094020007,2.9694752584894095,-2.7706877234826806,0.085278
-0.2209283094020007,4.241862805467261,-1.8163970632492923,0.10956
-0.2209283094020007,4.719008135583954,-1.3392517331325977,0.11153
-0.061879866029769026,-2.9153171462831535,-1.3392517331325977,0.0816996
-0.061879866029769026,-1.9610264860497653,1.0464749174508734,0.146507
-0.061879866029769026,-1.006735825816376,-2.9297361668549122,0.0997087
-0.061879866029769026,-0.6886389390719136,-2.9297361668549122,0.112841
-0.061879866029769026,0.4247001645337063,-2.2935423933659864,0.121828
0.09716857734246265,-1.4838811559330711,1.8417171343120309,0.146732
0.09716857734246265,-1.006735825816376,-2.9297361668549122,0.0884974
0.09716857734246265,-0.6886389390719136,2.796007794545419,0.148962
0.09716857734246265,-0.3705420523274512,-2.7706877234826806,0.116249
0.09716857734246265,1.2199423813948629,-2.6116392801104493,0.078822
0.09716857734246265,3.923765918722798,-2.4525908367382177,0.108155
0.25621702071469343,-3.074365589655385,-1.1802032897603665,0.0748194
0.25621702071469343,-2.7562687029109223,-0.22591262952697733,0.127822
0.25621702071469343,-2.7562687029109223,-0.06686418615474654,0.133756
0.25621702071469343,0.5837486079059371,1.5236202475675675,0.119743
0.415265464086926,-3.2334140330276164,-1.8163970632492923,0.0527575
0.415265464086926,-2.9153171462831535,-2.6116392801104493,0.0423298
0.415265464086926,-2.9153171462831535,-0.7030579596436723,0.0936863
0.415265464086926,-2.597220259538691,-0.22591262952697733,0.126465
0.415265464086926,-2.279123372794228,-3.0887846102271435,0.0428186
0.415265464086926,4.559959692211723,-2.1344939499937547,0.105013
0.415265464086926,4.878056578956186,-1.6573486198770606,0.105663
0.415265464086926,5.037105022328416,0.09218425721748513,0.117405
0.5743139074591577,-3.074365589655385,-0.8621064030159036,0.0793939
0.5743139074591577,-2.4381718161664594,-3.0887846102271435,0.039292
0.5743139074591577,-1.006735825816376,-3.0887846102271435,0.0639013
0.5743139074591577,-0.3705420523274512,1.8417171343120309,0.140654
0.5743139074591577,0.10660327778924295,-1.9754455066215235,0.125678
0.5743139074591577,0.4247001645337063,1.6826686909397992,0.127327
0.5743139074591577,1.2199423813948629,1.6826686909397992,0.100225
0.7333623508313876,-1.9610264860497653,0.5693295873341793,0.135589
0.7333623508313876,-0.6886389390719136,-2.9297361668549122,0.0719115
0.7333623508313876,-0.05244516558298784,-2.1344939499937547,0.118804
0.7333623508313876,0.9018454946504004,1.8417171343120309,0.120421
0.7333623508313876,1.060893938022632,-2.1344939499937547,0.0850125
0.7333623508313876,3.6056690319783344,-3.0887846102271435,0.114772
0.7333623508313876,4.400911248839491,-2.6116392801104493,0.109999
0.7333623508313876,5.196153465700649,-0.22591262952697733,0.117006
0.892410794203621,-3.392462476399848,-1.6573486198770606,0.0486938
0.892410794203621,2.810426815117178,1.3645718041953359,0.0609638
0.892410794203621,3.287572145233873,0.8874264740786417,0.0739019
0.892410794203621,4.400911248839491,0.5693295873341793,0.104746
0.892410794203621,4.878056578956186,0.2512327005897168,0.113545
1.051459237575851,-1.9610264860497653,0.5693295873341793,0.135954
1.051459237575851,0.10660327778924295,-1.9754455066215235,0.122899
1.2105076809480826,-3.392462476399848,-1.9754455066215235,0.0401444
1.2105076809480826,-3.2334140330276164,-2.4525908367382177,0.0347645
1.2105076809480826,2.4923299283727145,0.8874264740786417,0.0881528
1.2105076809480826,4.241862805467261,-2.9297361668549122,0.117056
1.2105076809480826,5.037105022328416,-1.1802032897603665,0.109367
1.3695561243203143,-2.4381718161664594,0.09218425721748513,0.123757
1.3695561243203143,-1.4838811559330711,1.0464749174508734,0.117345
1.3695561243203143,-1.1657842691886078,-3.2478330535993747,0.0467436
1.3695561243203143,1.2199423813948629,-0.5440095162714411,0.111549
1.3695561243203143,1.3789908247670946,2.1598140210564933,0.116571
1.3695561243203143,4.241862805467261,-2.9297361668549122,0.118044
1.3695561243203143,4.400911248839491,-2.7706877234826806,0.116352
1.3695561243203143,4.878056578956186,-1.4983001765048294,0.108432
1.528604567692546,0.10660327778924295,-1.9754455066215235,0.118773
1.528604567692546,0.5837486079059371,-1.3392517331325977,0.120472
1.528604567692546,1.3789908247670946,-0.8621064030159036,0.112181
1.6876530110647758,-0.05244516558298784,-2.1344939499937547,0.108052
1.6876530110647758,1.8561361548837887,1.6826686909397992,0.109648
1.6876530110647758,3.923765918722798,0.4102811439619476,0.103454
1.8467014544370093,3.287572145233873,-3.0887846102271435,0.120003
2.005749897809239,-3.2334140330276164,-1.6573486198770606,0.0441461
2.005749897809239,-2.7562687029109223,-0.5440095162714411,0.0860976
2.005749897809239,-1.32483271256084,1.6826686909397992,0.0926482
2.005749897809239,1.3789908247670946,-0.7030579596436723,0.108129
2.005749897809239,1.697087711511557,2.0007655776842617,0.11193
2.005749897809239,2.0151845982560204,-1.8163970632492923,0.106
2.005749897809239,2.0151845982560204,1.205523360823105,0.106511
2.005749897809239,2.174233041628251,0.7283780307064109,0.111372
2.005749897809239,2.6513783717449453,0.7283780307064109,0.111852
2.005749897809239,2.810426815117178,0.7283780307064109,0.110515
2.164798341181471,-2.4381718161664594,0.2512327005897168,0.0996657
2.164798341181471,-2.1200749294219965,0.8874264740786417,0.0940627
2.164798341181471,-1.1657842691886078,-2.9297361668549122,0.0484161
2.164798341181471,0.4247001645337063,2.6369593511731875,0.103053
2.164798341181471,2.0151845982560204,1.205523360823105,0.105549
2.164798341181471,2.9694752584894095,-2.7706877234826806,0.114763
2.3238467845537025,-1.1657842691886078,2.0007655776842617,0.0863952
2.3238467845537025,-1.006735825816376,2.1598140210564933,0.0868605
2.3238467845537025,2.174233041628251,-1.6573486198770606,0.10393
2.3238467845537025,2.333281485000483,0.5693295873341793,0.11389
2.3238467845537025,3.764717475350566,-2.6116392801104493,0.117972
2.482895227925934,-2.9153171462831535,-1.3392517331325977,0.0649788
2.482895227925934,-2.1200749294219965,-2.7706877234826806,0.0409163
2.482895227925934,-1.4838811559330711,1.6826686909397992,0.0832318
2.482895227925934,-0.21149360895521951,-1.9754455066215235,0.0965999
2.482895227925934,0.10660327778924295,-1.8163970632492923,0.0971133
2.482895227925934,1.697087711511557,2.0007655776842617,0.110616
2.482895227925934,3.923765918722798,-1.9754455066215235,0.113321
2.482895227925934,3.923765918722798,-1.4983001765048294,0.113681
2.641943671298164,-2.597220259538691,-2.2935423933659864,0.0541521
2.641943671298164,-2.4381718161664594,0.5693295873341793,0.0841861
2.641943671298164,-2.1200749294219965,-2.6116392801104493,0.0495325
2.641943671298164,-1.4838811559330711,-2.6116392801104493,0.055624
2.641943671298164,3.4466205886061028,-1.6573486198770606,0.109118
2.8009921146703975,-2.9153171462831535,-1.0211548463881353,0.0829003
2.8009921146703975,-1.4838811559330711,1.6826686909397992,0.0798368
2.8009921146703975,-0.6886389390719136,-2.1344939499937547,0.085499
2.8009921146703975,0.10660327778924295,-1.8163970632492923,0.0877936
2.8009921146703975,2.0151845982560204,0.2512327005897168,0.100485
2.8009921146703975,2.174233041628251,-0.22591262952697733,0.111164
2.8009921146703975,2.6513783717449453,-1.1802032897603665,0.106563
2.9600405580426274,-2.9153171462831535,-1.8163970632492923,0.084482
2.9600405580426274,-1.006735825816376,2.318862464428725,0.0768967
2.9600405580426274,-0.8476873824441453,2.477910907800956,0.0773172
2.9600405580426274,-0.21149360895521951,-1.9754455066215235,0.0851208
2.9600405580426274,0.10660327778924295,-1.8163970632492923,0.0841256
2.9600405580426274,1.697087711511557,-0.22591262952697733,0.092282
3.119089001414859,-2.9153171462831535,-1.9754455066215235,0.0904874
3.119089001414859,-2.9153171462831535,-0.22591262952697733,0.0824058
3.119089001414859,-0.529590495699682,-2.1344939499937547,0.0827895
3.119089001414859,0.10660327778924295,-1.8163970632492923,0.0811361
3.278137444787091,-2.9153171462831535,-0.06686418615474654,0.080473
3.278137444787091,-2.279123372794228,0.8874264740786417,0.0757696
3.278137444787091,-1.32483271256084,1.8417171343120309,0.0769885
3.278137444787091,0.5837486079059371,-1.3392517331325977,0.0787124
3.278137444787091,1.697087711511557,3.1141046812898816,0.112839
3.278137444787091,1.8561361548837887,0.09218425721748513,0.0854494
3.278137444787091,2.0151845982560204,0.4102811439619476,0.0866252
3.278137444787091,2.174233041628251,1.0464749174508734,0.0904457
3.4371858881593225,-2.1200749294219965,-2.6116392801104493,0.0925563
3.4371858881593225,-1.801978042677534,1.205523360823105,0.0789872
3.4371858881593225,0.2656517211614746,-1.6573486198770606,0.0767019
3.4371858881593225,0.7427970512781688,-1.0211548463881353,0.0788284
3.4371858881593225,2.0151845982560204,0.4102811439619476,0.0837328
3.4371858881593225,2.0151845982560204,2.95505623791765,0.114301
3.4371858881593225,2.174233041628251,0.8874264740786417,0.0871116
3.5962343315315524,-3.074365589655385,-0.384961072899209,0.0815461
3.5962343315315524,-2.9153171462831535,0.09218425721748513,0.0775499
3.5962343315315524,-2.7562687029109223,0.4102811439619476,0.0750155
3.5962343315315524,-0.6886389390719136,-2.2935423933659864,0.0796327
3.5962343315315524,-0.3705420523274512,-2.1344939499937547,0.0781264
3.5962343315315524,2.0151845982560204,0.4102811439619476,0.0814085
3.755282774903786,-0.6886389390719136,2.796007794545419,0.0743518
3.755282774903786,0.7427970512781688,3.432201568034344,0.0984228
3.9143312182760157,-1.32483271256084,2.0007655776842617,0.0726639
3.9143312182760157,-0.6886389390719136,-2.2935423933659864,0.078575
3.9143312182760157,2.174233041628251,2.95505623791765,0.114277
4.073379661648247,-3.074365589655385,-1.8163970632492923,0.102167
4.073379661648247,-2.4381718161664594,0.8874264740786417,0.0697702
4.073379661648247,2.174233041628251,2.95505623791765,0.113815
4.073379661648247,2.333281485000483,1.3645718041953359,0.0877652
4.232428105020479,-2.9153171462831535,0.09218425721748513,0.0750307
4.232428105020479,-1.6429295993053024,1.6826686909397992,0.0718441
4.232428105020479,-1.32483271256084,2.1598140210564933,0.0703255
4.232428105020479,-0.21149360895521951,-1.9754455066215235,0.0732558
4.232428105020479,0.2656517211614746,3.2731531246621133,0.0881478
4.232428105020479,1.3789908247670946,3.432201568034344,0.109638
4.232428105020479,1.697087711511557,0.09218425721748513,0.0734336
4.232428105020479,2.174233041628251,0.8874264740786417,0.0805514
4.391476548392711,-2.9153171462831535,-1.8163970632492923,0.10225
4.391476548392711,-1.4838811559330711,2.0007655776842617,0.0702241
4.391476548392711,-0.05244516558298784,-1.8163970632492923,0.0709925
4.391476548392711,0.10660327778924295,-1.6573486198770606,0.0702524
4.550524991764941,0.10660327778924295,3.1141046812898816,0.0859851
4.550524991764941,0.5837486079059371,3.2731531246621133,0.0949483
4.550524991764941,1.5380392681393262,3.2731531246621133,0.110354
4.550524991764941,2.174233041628251,1.205523360823105,0.0834718
4.709573435137174,-2.7562687029109223,-1.4983001765048294,0.0994511
4.709573435137174,-2.597220259538691,-1.8163970632492923,0.101613
5.027670321881637,-1.9610264860497653,-1.8163970632492923,0.0981169
5.027670321881637,-1.1657842691886078,-1.9754455066215235,0.0844372
5.027670321881637,-0.3705420523274512,-1.8163970632492923,0.0720823
5.027670321881637,0.7427970512781688,2.95505623791765,0.099496
5.027670321881637,1.2199423813948629,2.95505623791765,0.105001
5.186718765253867,-2.597220259538691,0.7283780307064109,0.0724189
5.186718765253867,-2.279123372794228,1.205523360823105,0.0698313
5.186718765253867,-0.21149360895521951,2.796007794545419,0.0853325
5.186718765253867,0.5837486079059371,2.796007794545419,0.0989278
5.186718765253867,1.3789908247670946,2.6369593511731875,0.105322
5.345767208626099,-2.7562687029109223,-0.5440095162714411,0.0899208
5.345767208626099,1.060893938022632,-0.384961072899209,0.0700713
5.504815651998331,-2.7562687029109223,-0.5440095162714411,0.0910748
5.504815651998331,-1.6429295993053024,1.8417171343120309,0.0734282
5.504815651998331,-0.3705420523274512,-1.6573486198770606,0.0738839
5.504815651998331,0.5837486079059371,2.6369593511731875,0.100934
5.663864095370562,-2.7562687029109223,-0.5440095162714411,0.0923945
5.663864095370562,-1.9610264860497653,1.3645718041953359,0.0741938
5.663864095370562,-0.529590495699682,-1.6573486198770606,0.076686
5.822912538742792,-2.1200749294219965,-1.4983001765048294,0.100749
5.822912538742792,-1.4838811559330711,1.8417171343120309,0.0781178
5.822912538742792,0.10660327778924295,-1.1802032897603665,0.0721537
5.822912538742792,0.2656517211614746,-1.0211548463881353,0.0713681
5.981960982115026,-0.3705420523274512,2.6369593511731875,0.0908779
5.981960982115026,0.4247001645337063,2.6369593511731875,0.101234
5.981960982115026,1.3789908247670946,0.5693295873341793,0.0810765
6.141009425487256,-1.32483271256084,-1.6573486198770606,0.0930126
6.141009425487256,-0.21149360895521951,2.6369593511731875,0.0951251
6.141009425487256,1.2199423813948629,0.4102811439619476,0.0809076
6.300057868859487,-2.597220259538691,-0.06686418615474654,0.0944022
6.300057868859487,-1.6429295993053024,1.0464749174508734,0.0874822
6.300057868859487,-1.4838811559330711,1.205523360823105,0.0881739
6.300057868859487,-1.32483271256084,1.5236202475675675,0.0871566
6.300057868859487,-0.529590495699682,2.477910907800956,0.0931527
6.459106312231719,-2.4381718161664594,-0.8621064030159036,0.104781
6.618154755603951,-0.6886389390719136,2.1598140210564933,0.0960649
6.618154755603951,-0.3705420523274512,-0.7030579596436723,0.0870519
6.7772031989761805,-2.1200749294219965,0.09218425721748513,0.0997936
6.7772031989761805,-0.8476873824441453,-1.0211548463881353,0.0940873
6.7772031989761805,-0.8476873824441453,0.8874264740786417,0.100967
6.7772031989761805,-0.8476873824441453,1.6826686909397992,0.0971917
6.7772031989761805,-0.6886389390719136,0.4102811439619476,0.101625
6.7772031989761805,1.060893938022632,1.205523360823105,0.0991607
6.936251642348414,-1.9610264860497653,-0.7030579596436723,0.106762
6.936251642348414,-0.05244516558298784,2.1598140210564933,0.106937
6.936251642348414,0.2656517211614746,2.1598140210564933,0.108667
6.936251642348414,0.7427970512781688,1.8417171343120309,0.108498
6.936251642348414,0.9018454946504004,1.3645718041953359,0.103382
