-7.466031054311458,-0.708104722679229,-0.4177705889910168,0.107102
-7.466031054311458,0.37178138534928973,1.124923851049724,0.144564
-7.157492166303309,-1.4794519426995993,-0.5720400329950914,0.10594
-7.157492166303309,0.680320273357438,-0.4177705889910168,0.143225
-7.003222722299236,-0.708104722679229,-1.034848365007314,0.0788339
-7.003222722299236,0.37178138534928973,1.587732183061946,0.114649
-6.848953278295161,-1.4794519426995993,-0.8805789210032398,0.0906353
-6.848953278295161,-1.170913054691451,-1.034848365007314,0.0792886
-6.848953278295161,-0.09102694666293232,1.8962710710700943,0.0849574
-6.848953278295161,0.5260508293533643,1.587732183061946,0.114886
-6.848953278295161,0.9888591613655864,1.124923851049724,0.147425
-6.848953278295161,1.14312860536966,0.8163849630415747,0.15838
-6.694683834291087,-0.39956583467108064,2.050540515074168,0.0731788
-6.5404143902870135,0.680320273357438,1.587732183061946,0.110636
-6.5404143902870135,0.8345897173615118,1.4334627390578714,0.122508
-6.386144946282939,-2.5593380507281185,0.8163849630415747,0.162639
-6.386144946282939,0.0632424973411414,2.050540515074168,0.0731408
-6.386144946282939,1.2973980493737347,0.35357663102935355,0.154209
-6.231875502278864,-1.6337213867036735,-1.034848365007314,0.085858
-6.231875502278864,-0.8623741666833027,2.2048099590782426,0.064401
-6.231875502278864,1.14312860536966,-0.2635011449869431,0.140328
-6.231875502278864,1.2973980493737347,0.045037743021204335,0.146814
-6.077606058274791,-2.5593380507281185,0.8163849630415747,0.158936
-5.923336614270717,-2.5593380507281185,0.19930718702527894,0.156041
-5.923336614270717,0.21751194134521512,-1.189117809011388,0.0838182
-5.923336614270717,1.2973980493737347,-0.5720400329950914,0.120091
-5.769067170266643,-2.25079916271997,1.2791932950537976,0.134031
-5.769067170266643,-1.0166436106873764,-1.3433872530154622,0.0709205
-5.769067170266643,-0.24529639066700604,2.2048099590782426,0.0613405
-5.769067170266643,0.9888591613655864,1.2791932950537976,0.114317
-5.769067170266643,1.7602063813859568,0.9706544070456493,0.11984
-5.614797726262569,0.37178138534928973,1.8962710710700943,0.0769429
-5.460528282258494,-2.25079916271997,1.124923851049724,0.132711
-5.30625883825442,-1.9422602747118218,1.4334627390578714,0.111318
-5.30625883825442,-1.7879908307077477,1.587732183061946,0.100891
-5.30625883825442,0.21751194134521512,-1.3433872530154622,0.0847563
-5.30625883825442,0.5260508293533643,1.7420016270660197,0.0859953
-5.30625883825442,2.531553601406327,-0.726309476999166,0.112414
-5.1519893942503465,-1.0166436106873764,-1.3433872530154622,0.0815462
-5.1519893942503465,-0.8623741666833027,2.050540515074168,0.0705085
-5.1519893942503465,0.9888591613655864,1.587732183061946,0.0933077
-4.997719950246272,-3.1764158267444143,0.045037743021204335,0.121324
-4.997719950246272,-3.0221463827403405,0.8163849630415747,0.122765
-4.997719950246272,-2.713607494732192,-0.5720400329950914,0.1087
-4.997719950246272,-1.170913054691451,1.8962710710700943,0.0799224
-4.997719950246272,0.21751194134521512,1.8962710710700943,0.080461
-4.997719950246272,0.5260508293533643,-1.4976566970195364,0.0794341
-4.997719950246272,0.680320273357438,1.7420016270660197,0.0867041
-4.843450506242198,-0.5538352786751553,-1.4976566970195364,0.0808478
-4.843450506242198,2.685823045410401,-0.726309476999166,0.110618
-4.689181062238124,-1.6337213867036735,-1.3433872530154622,0.079826
-4.689181062238124,-0.8623741666833027,-1.4976566970195364,0.078803
-4.689181062238124,2.531553601406327,1.124923851049724,0.102995
-4.534911618234049,-3.1764158267444143,1.124923851049724,0.113441
-4.534911618234049,0.37178138534928973,-1.6519261410236106,0.0732921
-4.534911618234049,1.2973980493737347,-1.6519261410236106,0.0748722
-4.534911618234049,2.531553601406327,1.124923851049724,0.101084
-4.380642174229975,-1.6337213867036735,-1.4976566970195364,0.0735096
-4.380642174229975,0.8345897173615118,1.8962710710700943,0.0764447
-4.380642174229975,1.4516674933778084,-1.6519261410236106,0.0753435
-4.2263727302259015,-2.25079916271997,-1.3433872530154622,0.0772657
-4.2263727302259015,0.21751194134521512,-1.6519261410236106,0.072613
-4.072103286221828,-3.330685270748489,-0.5720400329950914,0.104314
-4.072103286221828,-1.7879908307077477,1.8962710710700943,0.0789536
-4.072103286221828,0.21751194134521512,-1.6519261410236106,0.0723558
-4.072103286221828,1.14312860536966,1.8962710710700943,0.0733416
-4.072103286221828,1.9144758253900305,-1.4976566970195364,0.0833178
-4.072103286221828,2.685823045410401,-0.5720400329950914,0.113223
-3.917833842217753,-1.4794519426995993,-1.6519261410236106,0.0674819
-3.917833842217753,-1.170913054691451,-1.6519261410236106,0.0682558
-3.917833842217753,-0.24529639066700604,1.8962710710700943,0.0783267
-3.917833842217753,1.14312860536966,1.8962710710700943,0.0722912
-3.917833842217753,2.685823045410401,0.662115519037501,0.108993
-3.7635643982136786,-3.484954714752563,-0.2635011449869431,0.108545
-3.7635643982136786,-1.0166436106873764,-1.6519261410236106,0.0685358
-3.7635643982136786,0.8345897173615118,-1.8061955850276843,0.0697521
-3.7635643982136786,0.8345897173615118,1.8962710710700943,0.071719
-3.7635643982136786,0.9888591613655864,1.8962710710700943,0.0714762
-3.455025510205531,-3.484954714752563,0.19930718702527894,0.110837
-3.455025510205531,-3.484954714752563,0.35357663102935355,0.111015
-3.455025510205531,-1.9422602747118218,1.8962710710700943,0.0737421
-3.455025510205531,-1.7879908307077477,-1.6519261410236106,0.0666902
-3.455025510205531,1.4516674933778084,-1.8061955850276843,0.0777589
-3.455025510205531,1.605936937381883,1.7420016270660197,0.0754185
-3.455025510205531,2.531553601406327,-1.189117809011388,0.105821
-3.455025510205531,2.99436193341855,0.045037743021204335,0.122583
-3.3007560662014575,-3.1764158267444143,0.9706544070456493,0.10305
-3.3007560662014575,-2.8678769387362664,-0.8805789210032398,0.0896272
-3.3007560662014575,-2.25079916271997,1.7420016270660197,0.0777425
-3.3007560662014575,2.2230147133981797,-1.4976566970195364,0.096748
-3.3007560662014575,2.99436193341855,0.35357663102935355,0.120917
-3.146486622197383,-3.0221463827403405,-0.5720400329950914,0.0980307
-3.146486622197383,-1.7879908307077477,1.8962710710700943,0.0710962
-3.146486622197383,0.680320273357438,1.7420016270660197,0.0743501
-3.146486622197383,1.605936937381883,-1.8061955850276843,0.0842725
-2.9922171781933082,-3.0221463827403405,-0.4177705889910168,0.101419
-2.9922171781933082,-2.8678769387362664,-0.726309476999166,0.0941229
-2.9922171781933082,-2.096529718715896,1.7420016270660197,0.0752046
-2.9922171781933082,-1.0166436106873764,1.8962710710700943,0.0695057
-2.9922171781933082,-0.5538352786751553,1.7420016270660197,0.0743484
-2.9922171781933082,-0.24529639066700604,1.587732183061946,0.0801526
-2.9922171781933082,-0.09102694666293232,-1.6519261410236106,0.075346
-2.9922171781933082,0.8345897173615118,1.7420016270660197,0.07497
-2.9922171781933082,3.3029008214266993,-0.10923170098286938,0.130121
-2.8379477341892345,-1.4794519426995993,1.8962710710700943,0.069858
-2.8379477341892345,-1.170913054691451,1.8962710710700943,0.0696117
-2.8379477341892345,0.9888591613655864,1.7420016270660197,0.0766305
-2.683678290185161,-3.0221463827403405,0.045037743021204335,0.107504
-2.683678290185161,-0.09102694666293232,-1.8061955850276843,0.0727389
-2.683678290185161,2.531553601406327,-1.4976566970195364,0.111136
-2.529408846181086,-3.0221463827403405,0.19930718702527894,0.10749
-2.529408846181086,-2.8678769387362664,-0.726309476999166,0.0967652
-2.529408846181086,1.605936937381883,-1.8061955850276843,0.0930929
-2.3751394021770125,-3.0221463827403405,0.35357663102935355,0.10693
-2.3751394021770125,-1.170913054691451,-1.8061955850276843,0.0728062
-2.3751394021770125,3.3029008214266993,-0.726309476999166,0.139128
-2.220869958172938,-3.0221463827403405,-0.5720400329950914,0.102444
-2.220869958172938,-2.25079916271997,1.4334627390578714,0.0856069
-2.220869958172938,0.0632424973411414,-1.960465029031759,0.0750678
-2.220869958172938,0.37178138534928973,-1.960465029031759,0.0777001
-2.220869958172938,1.4516674933778084,1.587732183061946,0.0914565
-2.066600514168864,-2.8678769387362664,0.8163849630415747,0.102048
-2.066600514168864,-1.3251824986955256,1.7420016270660197,0.0789773
-2.066600514168864,-0.708104722679229,1.7420016270660197,0.0775332
-2.066600514168864,0.5260508293533643,-1.960465029031759,0.0818737
-2.066600514168864,3.148631377422624,-0.8805789210032398,0.143282
-1.9123310701647895,-1.6337213867036735,-1.6519261410236106,0.0779368
-1.9123310701647895,0.5260508293533643,-1.960465029031759,0.0850513
-1.9123310701647895,2.531553601406327,-1.3433872530154622,0.128272
-1.7580616261607158,-1.6337213867036735,1.587732183061946,0.0850291
-1.603792182156642,-2.8678769387362664,0.8163849630415747,0.105474
-1.603792182156642,-2.5593380507281185,-1.189117809011388,0.0928783
-1.603792182156642,-0.708104722679229,-1.8061955850276843,0.0786289
-1.603792182156642,2.99436193341855,-0.726309476999166,0.159714
-1.4495227381525675,-1.6337213867036735,-1.4976566970195364,0.077799
-1.4495227381525675,0.21751194134521512,-1.960465029031759,0.0938015
-1.4495227381525675,1.7602063813859568,1.124923851049724,0.128467
-1.4495227381525675,2.068745269394105,-1.3433872530154622,0.125916
-1.2952532941484929,-1.9422602747118218,1.2791932950537976,0.0937176
-1.2952532941484929,-0.5538352786751553,-1.8061955850276843,0.0845096
-1.2952532941484929,-0.24529639066700604,1.587732183061946,0.0894893
-1.2952532941484929,1.7602063813859568,-1.4976566970195364,0.118338
-1.2952532941484929,3.148631377422624,-0.2635011449869431,0.184889
-1.1409838501444192,-1.7879908307077477,-1.3433872530154622,0.0741332
-1.1409838501444192,0.9888591613655864,-1.8061955850276843,0.115769
-1.1409838501444192,1.9144758253900305,1.124923851049724,0.140235
-0.9867144061403454,-2.8678769387362664,0.35357663102935355,0.112062
-0.9867144061403454,-2.713607494732192,-0.726309476999166,0.10153
-0.9867144061403454,-2.5593380507281185,-0.8805789210032398,0.0959702
-0.9867144061403454,-1.170913054691451,-1.6519261410236106,0.0665082
-0.9867144061403454,1.14312860536966,-1.8061955850276843,0.117389
-0.9867144061403454,1.9144758253900305,-1.6519261410236106,0.113775
-0.9867144061403454,2.99436193341855,-0.8805789210032398,0.163865
-0.8324449621362717,-0.24529639066700604,-1.960465029031759,0.093539
-0.8324449621362717,1.605936937381883,-1.8061955850276843,0.111874
-0.8324449621362717,2.8400924894144763,0.9706544070456493,0.17404
-0.8324449621362717,3.148631377422624,0.662115519037501,0.187732
-0.8324449621362717,3.3029008214266993,0.35357663102935355,0.193482
-0.6781755181321962,-1.6337213867036735,0.8163849630415747,0.093092
-0.6781755181321962,-1.3251824986955256,-1.8061955850276843,0.0548003
-0.6781755181321962,-0.39956583467108064,1.2791932950537976,0.110214
-0.5239060741281225,-2.405068606724044,0.045037743021204335,0.0952838
-0.5239060741281225,0.680320273357438,-1.960465029031759,0.123977
-0.5239060741281225,0.9888591613655864,1.4334627390578714,0.112262
-0.5239060741281225,1.9144758253900305,1.4334627390578714,0.120803
-0.3696366301240488,-1.7879908307077477,-1.6519261410236106,0.046787
-0.3696366301240488,1.14312860536966,-1.960465029031759,0.120654
-0.3696366301240488,2.531553601406327,-1.6519261410236106,0.124464
-0.3696366301240488,2.99436193341855,-1.189117809011388,0.148054
-0.2153671861199733,-1.4794519426995993,0.8163849630415747,0.0811092
-0.2153671861199733,0.8345897173615118,-1.960465029031759,0.126251
-0.2153671861199733,2.2230147133981797,1.4334627390578714,0.12416
-0.061097742115901355,0.8345897173615118,-1.960465029031759,0.127589
-0.061097742115901355,1.605936937381883,1.587732183061946,0.107235
-0.061097742115901355,2.068745269394105,-1.960465029031759,0.122312
0.09317170188817414,-0.708104722679229,-2.269003917039907,0.0634615
0.09317170188817414,-0.708104722679229,1.124923851049724,0.105962
0.09317170188817414,-0.5538352786751553,-2.269003917039907,0.0679536
0.09317170188817414,1.7602063813859568,1.587732183061946,0.109043
0.09317170188817414,3.148631377422624,0.662115519037501,0.169302
0.24744114589224786,-1.9422602747118218,-1.6519261410236106,0.0484473
0.24744114589224786,-0.8623741666833027,-2.269003917039907,0.0603775
0.24744114589224786,-0.708104722679229,1.124923851049724,0.10672
0.24744114589224786,0.37178138534928973,1.2791932950537976,0.127381
0.24744114589224786,1.2973980493737347,1.587732183061946,0.10786
0.24744114589224786,2.99436193341855,0.8163849630415747,0.158441
0.24744114589224786,3.3029008214266993,0.19930718702527894,0.176496
0.24744114589224786,3.457170265430771,-0.726309476999166,0.166388
0.24744114589224786,3.457170265430771,-0.5720400329950914,0.169577
0.4017105898963216,-2.25079916271997,-1.034848365007314,0.0540178
0.4017105898963216,0.21751194134521512,-2.1147344730358326,0.102056
0.4017105898963216,1.4516674933778084,1.587732183061946,0.110216
0.4017105898963216,1.605936937381883,1.587732183061946,0.110797
0.4017105898963216,3.3029008214266993,-1.4976566970195364,0.148362
0.5559800339003971,-2.096529718715896,0.19930718702527894,0.0698759
0.5559800339003971,-0.708104722679229,-2.269003917039907,0.0669306
0.5559800339003971,0.21751194134521512,-2.1147344730358326,0.103338
0.710249477904469,-2.25079916271997,-0.5720400329950914,0.0652142
0.710249477904469,0.37178138534928973,1.124923851049724,0.138188
0.710249477904469,3.7657091534389204,-0.2635011449869431,0.162429
0.8645189219085445,-1.7879908307077477,0.5078460750334273,0.0882
0.8645189219085445,-1.6337213867036735,0.662115519037501,0.0934154
0.8645189219085445,1.7602063813859568,-2.7318122490521293,0.138629
1.0187883659126182,-1.9422602747118218,-1.3433872530154622,0.0729106
1.0187883659126182,-0.09102694666293232,-2.1147344730358326,0.0971735
1.173057809916692,0.21751194134521512,-2.1147344730358326,0.120673
1.173057809916692,0.5260508293533643,-2.423273361043981,0.136295
1.173057809916692,2.2230147133981797,1.4334627390578714,0.147149
1.173057809916692,3.919978597442994,-1.4976566970195364,0.150995
1.3273272539207674,-1.9422602747118218,-0.2635011449869431,0.101574
1.3273272539207674,-1.0166436106873764,0.9706544070456493,0.146563
1.3273272539207674,-0.8623741666833027,1.8962710710700943,0.142912
1.3273272539207674,-0.8623741666833027,2.050540515074168,0.142386
1.3273272539207674,-0.39956583467108064,2.51334884708639,0.148694
1.3273272539207674,-0.24529639066700604,2.51334884708639,0.150301
1.3273272539207674,0.0632424973411414,1.4334627390578714,0.161522
1.3273272539207674,1.14312860536966,1.7420016270660197,0.151856
1.3273272539207674,2.2230147133981797,-2.7318122490521293,0.138144
1.3273272539207674,2.685823045410401,-2.423273361043981,0.134863
1.4815966979248394,-1.0166436106873764,-1.8061955850276843,0.0947765
1.6358661419289149,-2.405068606724044,-1.8061955850276843,0.118662
1.6358661419289149,-1.3251824986955256,2.2048099590782426,0.136751
1.6358661419289149,-1.170913054691451,-1.6519261410236106,0.106476
1.6358661419289149,2.685823045410401,-2.423273361043981,0.136232
1.6358661419289149,3.919978597442994,-0.10923170098286938,0.156837
1.7901355859329886,-2.8678769387362664,-1.8061955850276843,0.121618
1.7901355859329886,-2.713607494732192,-1.960465029031759,0.120087
1.7901355859329886,-1.9422602747118218,-0.4177705889910168,0.132143
1.7901355859329886,-1.3251824986955256,-1.6519261410236106,0.117338
1.7901355859329886,-1.3251824986955256,2.51334884708639,0.137356
1.7901355859329886,-1.0166436106873764,-1.6519261410236106,0.119175
1.7901355859329886,0.8345897173615118,-2.7318122490521293,0.151876
1.7901355859329886,1.2973980493737347,2.2048099590782426,0.161305
1.7901355859329886,1.7602063813859568,-2.8860816930562034,0.146267
1.7901355859329886,3.7657091534389204,0.045037743021204335,0.156494
1.9444050299370623,-1.7879908307077477,-0.10923170098286938,0.149465
1.9444050299370623,-0.708104722679229,-1.8061955850276843,0.131276
2.098674473941138,-3.330685270748489,-1.3433872530154622,0.122105
2.098674473941138,-3.0221463827403405,-0.5720400329950914,0.124357
2.098674473941138,-2.096529718715896,-2.423273361043981,0.115444
2.098674473941138,-2.096529718715896,1.8962710710700943,0.136084
2.098674473941138,-1.0166436106873764,-1.960465029031759,0.129603
2.098674473941138,-0.8623741666833027,3.1304266231026867,0.143505
2.098674473941138,2.8400924894144763,1.587732183061946,0.15684
2.098674473941138,3.3029008214266993,0.35357663102935355,0.159845
2.098674473941138,3.457170265430771,0.19930718702527894,0.158347
2.2529439179452098,-2.713607494732192,-2.423273361043981,0.114802
2.2529439179452098,-2.096529718715896,0.045037743021204335,0.144602
2.2529439179452098,2.068745269394105,-2.5775428050480547,0.14647
2.2529439179452098,3.6114397094348467,-1.4976566970195364,0.150614
2.4072133619492853,-3.484954714752563,-1.189117809011388,0.119254
2.4072133619492853,-2.25079916271997,0.19930718702527894,0.143541
2.4072133619492853,-2.25079916271997,0.35357663102935355,0.146352
2.4072133619492853,-1.7879908307077477,-2.5775428050480547,0.11668
2.4072133619492853,-1.7879908307077477,2.51334884708639,0.135874
2.4072133619492853,0.8345897173615118,2.6676182910904647,0.156391
2.4072133619492853,1.7602063813859568,-2.5775428050480547,0.151612
2.4072133619492853,2.531553601406327,2.050540515074168,0.158199
2.4072133619492853,2.685823045410401,1.8962710710700943,0.156662
2.561482805953359,-2.8678769387362664,-0.10923170098286938,0.125684
2.561482805953359,-1.4794519426995993,-2.5775428050480547,0.122626
2.561482805953359,1.7602063813859568,-2.423273361043981,0.153561
2.561482805953359,2.068745269394105,-2.269003917039907,0.150617
2.561482805953359,3.148631377422624,-1.4976566970195364,0.152258
2.7157522499574327,2.2230147133981797,2.2048099590782426,0.158928
2.7157522499574327,2.3772841574022534,-1.8061955850276843,0.155021
2.870021693961508,-2.096529718715896,-2.8860816930562034,0.11265
2.870021693961508,-1.9422602747118218,-2.8860816930562034,0.114425
2.870021693961508,-1.3251824986955256,-2.7318122490521293,0.127396
2.870021693961508,2.531553601406327,-1.4976566970195364,0.159427
3.024291137965582,-1.0166436106873764,3.1304266231026867,0.143509
3.024291137965582,0.8345897173615118,2.6676182910904647,0.150301
3.024291137965582,1.14312860536966,2.3590794030823163,0.157093
3.1785605819696556,-3.484954714752563,-0.5720400329950914,0.114554
3.1785605819696556,-2.713607494732192,-2.8860816930562034,0.110049
3.1785605819696556,1.14312860536966,-2.5775428050480547,0.15721
3.1785605819696556,2.068745269394105,2.050540515074168,0.156433
3.1785605819696556,2.99436193341855,-0.8805789210032398,0.159873
3.1785605819696556,2.99436193341855,0.8163849630415747,0.152182
3.3328300259737293,-1.0166436106873764,3.1304266231026867,0.143975
3.3328300259737293,-0.39956583467108064,3.2846960671067604,0.141155
3.3328300259737293,2.685823045410401,-1.189117809011388,0.159594
3.487099469977803,-3.0221463827403405,0.35357663102935355,0.133876
3.487099469977803,-1.7879908307077477,2.6676182910904647,0.143578
3.6413689139818786,-3.484954714752563,-1.960465029031759,0.110519
3.6413689139818786,-1.4794519426995993,-3.1946205810643518,0.127261
3.6413689139818786,0.37178138534928973,-3.040351137060277,0.147338
3.7956383579859523,-3.6392241587566367,-0.726309476999166,0.114649
3.7956383579859523,-3.484954714752563,-1.960465029031759,0.110911
3.7956383579859523,-2.713607494732192,0.9706544070456493,0.149853
3.7956383579859523,-2.713607494732192,1.124923851049724,0.150069
3.7956383579859523,-0.708104722679229,3.5932349551149096,0.135374
3.7956383579859523,0.21751194134521512,3.438965511110836,0.129846
3.7956383579859523,1.9144758253900305,1.8962710710700943,0.152933
3.949907801990026,-3.484954714752563,-1.960465029031759,0.111041
3.949907801990026,-2.5593380507281185,1.587732183061946,0.147212
3.949907801990026,-0.5538352786751553,-2.8860816930562034,0.142811
4.1041772459941,-3.6392241587566367,-1.034848365007314,0.11344
4.1041772459941,-1.7879908307077477,2.6676182910904647,0.138068
4.1041772459941,1.9144758253900305,2.3590794030823163,0.145658
4.258446689998175,-3.6392241587566367,-0.4177705889910168,0.120875
4.258446689998175,-1.3251824986955256,-3.1946205810643518,0.133051
4.258446689998175,-1.3251824986955256,3.5932349551149096,0.135678
4.258446689998175,0.680320273357438,3.438965511110836,0.12152
4.258446689998175,2.8400924894144763,-0.2635011449869431,0.160143
4.258446689998175,2.8400924894144763,0.045037743021204335,0.158462
4.412716134002249,-3.6392241587566367,-0.5720400329950914,0.119487
4.412716134002249,-2.405068606724044,-3.3488900250684255,0.128987
4.412716134002249,-1.6337213867036735,3.2846960671067604,0.133837
4.412716134002249,-0.09102694666293232,3.901773843123059,0.128234
4.412716134002249,2.685823045410401,-0.10923170098286938,0.160417
4.566985578006323,-3.1764158267444143,0.35357663102935355,0.137241
4.566985578006323,-1.9422602747118218,-3.3488900250684255,0.132069
4.566985578006323,0.37178138534928973,-2.423273361043981,0.140832
4.566985578006323,2.2230147133981797,0.35357663102935355,0.158827
4.721255022010396,-1.3251824986955256,-3.040351137060277,0.134005
4.721255022010396,1.2973980493737347,0.35357663102935355,0.156629
4.721255022010396,1.4516674933778084,-0.4177705889910168,0.163109
4.721255022010396,1.4516674933778084,-0.2635011449869431,0.163233
4.87552446601447,-2.25079916271997,-3.1946205810643518,0.131063
4.87552446601447,-1.4794519426995993,-3.040351137060277,0.13329
4.87552446601447,1.2973980493737347,-1.034848365007314,0.15513
4.87552446601447,1.2973980493737347,-0.5720400329950914,0.160013
4.87552446601447,1.7602063813859568,0.9706544070456493,0.148391
5.029793910018546,-3.1764158267444143,-1.4976566970195364,0.111311
5.184063354022619,1.14312860536966,-1.034848365007314,0.153326
5.184063354022619,1.4516674933778084,0.8163849630415747,0.140792
5.184063354022619,1.9144758253900305,1.4334627390578714,0.142511
5.184063354022619,1.9144758253900305,2.3590794030823163,0.1361
5.338332798026693,-2.713607494732192,-1.960465029031759,0.115409
5.338332798026693,0.680320273357438,0.045037743021204335,0.15155
5.338332798026693,0.9888591613655864,-0.5720400329950914,0.156307
5.338332798026693,1.9144758253900305,1.7420016270660197,0.138767
5.338332798026693,1.9144758253900305,2.050540515074168,0.136906
5.4926022420307685,-2.713607494732192,-0.726309476999166,0.121787
5.4926022420307685,-2.25079916271997,-1.960465029031759,0.118483
5.4926022420307685,-1.9422602747118218,-2.1147344730358326,0.122521
5.4926022420307685,-1.9422602747118218,-0.4177705889910168,0.132203
5.4926022420307685,-1.7879908307077477,-1.960465029031759,0.122845
5.4926022420307685,-0.8623741666833027,-1.3433872530154622,0.141802
5.4926022420307685,0.37178138534928973,3.438965511110836,0.117461
5.4926022420307685,0.680320273357438,0.35357663102935355,0.140574
5.4926022420307685,0.8345897173615118,-0.5720400329950914,0.1556
5.4926022420307685,0.9888591613655864,0.662115519037501,0.133897
5.4926022420307685,1.2973980493737347,2.8218877350945393,0.12152
5.6468716860348405,-0.708104722679229,-0.8805789210032398,0.146247
5.6468716860348405,0.37178138534928973,3.2846960671067604,0.11655
5.6468716860348405,0.5260508293533643,-1.3433872530154622,0.149404
5.6468716860348405,1.4516674933778084,1.2791932950537976,0.130973
5.801141130038916,-1.4794519426995993,2.3590794030823163,0.116249
5.801141130038916,-0.09102694666293232,-1.189117809011388,0.148605
5.801141130038916,0.8345897173615118,0.8163849630415747,0.128237
5.801141130038916,1.2973980493737347,2.3590794030823163,0.122846
5.801141130038916,1.4516674933778084,1.7420016270660197,0.127456
5.95541057404299,-1.170913054691451,0.35357663102935355,0.144677
5.95541057404299,1.14312860536966,2.050540515074168,0.121488
6.109680018047063,-0.8623741666833027,2.6676182910904647,0.115549
6.572488350059286,-0.24529639066700604,1.124923851049724,0.128246
6.572488350059286,-0.24529639066700604,1.4334627390578714,0.123703
