-5.898944720031338,-0.6106906071121152,-0.0016907211805188282,0.0341264
-5.898944720031338,-0.4787699041461746,-0.5293735330442799,0.0241836
-5.767024017065398,-1.4022148249077562,-0.0016907211805188282,0.0953491
-5.767024017065398,-0.3468492011802349,0.5259920906832418,0.0116272
-5.635103314099458,-1.4022148249077562,-0.7932149389761607,0.0833854
-5.635103314099458,-1.4022148249077562,0.3940713877173012,0.0906391
-5.635103314099458,0.5765957195813467,0.1302299817854209,-0.00893775
-5.503182611133518,-1.666056230839637,-0.7932149389761607,0.0982108
-5.503182611133518,-1.270294121941816,0.6579127936491815,0.0742579
-5.503182611133518,0.18083361068352577,0.7898334966151221,-0.00976004
-5.371261908167577,-1.9298976367715173,0.2621506847513615,0.121194
-5.371261908167577,-1.5341355278736968,0.6579127936491815,0.092404
-5.371261908167577,-0.3468492011802349,-1.5847391567718017,-0.00372267
-5.2393412052016375,0.18083361068352577,-1.5847391567718017,-0.0111672
-4.975499799269757,-0.21492849821429427,-1.848580562703682,-0.012375
-4.975499799269757,0.18083361068352577,1.1855956055129422,-0.0102363
-4.975499799269757,1.3681199373769877,-0.13361142414645943,0.0603264
-4.8435790963038166,-2.0618183397374574,0.5259920906832418,0.115607
-4.8435790963038166,0.5765957195813467,-1.5847391567718017,-0.00248559
-4.711658393337876,-2.3256597456693378,-0.13361142414645943,0.124709
-4.711658393337876,-1.4022148249077562,-1.5847391567718017,0.0308276
-4.711658393337876,-0.7426113100780549,1.3175163084788828,0.0182747
-4.711658393337876,1.631961343308868,-1.3208977508399213,0.0832349
-4.711658393337876,1.7638820462748086,-1.3208977508399213,0.0843904
-4.711658393337876,2.1596441551726295,-1.1889770478739812,0.0825266
-4.579737690371936,-0.4787699041461746,-1.9805012656696221,-0.011278
-4.579737690371936,1.631961343308868,-1.4528184538058615,0.0758493
-4.579737690371936,2.68732696703639,-0.5293735330442799,0.05576
-4.579737690371936,2.68732696703639,-0.39745283007833976,0.0526746
-4.4478169874059965,-2.3256597456693378,-0.0016907211805188282,0.116655
-4.4478169874059965,-0.6106906071121152,-1.9805012656696221,-0.00927336
-4.4478169874059965,2.68732696703639,0.1302299817854209,0.0264903
-4.4478169874059965,2.81924767000233,-0.2655321271123996,0.0350779
-4.315896284440056,-2.3256597456693378,-0.2655321271123996,0.109651
-4.315896284440056,-1.270294121941816,1.1855956055129422,0.0471161
-4.315896284440056,2.2915648581385692,0.6579127936491815,0.0125982
-4.315896284440056,2.68732696703639,-1.1889770478739812,0.0421776
-4.315896284440056,2.68732696703639,0.3940713877173012,0.00948774
-4.183975581474115,-2.3256597456693378,0.2621506847513615,0.0974435
-4.183975581474115,-2.1937390427033976,-0.6612942360102201,0.0942981
-4.183975581474115,-0.6106906071121152,-1.9805012656696221,-0.00862951
-4.183975581474115,2.2915648581385692,0.7898334966151221,0.00286906
-4.183975581474115,2.81924767000233,-1.1889770478739812,0.0276945
-4.183975581474115,2.9511683729682705,0.2621506847513615,-0.00111471
-4.183975581474115,3.08308907593421,-0.5293735330442799,0.0135881
-4.183975581474115,3.08308907593421,-0.13361142414645943,0.00504859
-4.052054878508176,-2.457580448635278,-0.0016907211805188282,0.0889628
-4.052054878508176,-1.1383734189758759,1.3175163084788828,0.0348614
-4.052054878508176,0.9723578284791676,-1.5847391567718017,0.0355984
-4.052054878508176,3.08308907593421,0.2621506847513615,-0.0104012
-4.052054878508176,3.215009778900151,-0.39745283007833976,-0.000707859
-4.052054878508176,3.215009778900151,-0.2655321271123996,-0.00304604
-3.9201341755422354,-2.3256597456693378,1.0536749025470025,0.0567799
-3.9201341755422354,-1.4022148249077562,-1.5847391567718017,0.0205539
-3.9201341755422354,0.4446750166154061,-1.7166598597377418,0.00550286
-3.9201341755422354,0.5765957195813467,1.1855956055129422,0.0132244
-3.7882134725762953,-3.1171839634649787,0.3940713877173012,0.065133
-3.7882134725762953,-2.589501151601218,1.1855956055129422,0.0509566
-3.7882134725762953,-2.0618183397374574,1.3175163084788828,0.0425231
-3.7882134725762953,1.5000406403429283,1.0536749025470025,0.00971517
-3.656292769610355,-3.2491046664309193,0.6579127936491815,0.0610111
-3.656292769610355,-2.589501151601218,-0.5293735330442799,0.0618575
-3.656292769610355,1.7638820462748086,-1.9805012656696221,0.00714386
-3.656292769610355,2.81924767000233,0.9217541995810619,-0.0268994
-3.656292769610355,3.215009778900151,0.5259920906832418,-0.0295355
-3.524372066644415,-3.3810253693968595,0.2621506847513615,0.0612372
-3.524372066644415,-1.270294121941816,1.7132784173767037,0.0149626
-3.524372066644415,-0.4787699041461746,1.7132784173767037,0.00786601
-3.524372066644415,3.3469304818660914,0.3940713877173012,-0.0331945
-3.3924513636784743,-3.2491046664309193,-0.2655321271123996,0.055983
-3.3924513636784743,-2.985263260499039,-0.5293735330442799,0.0518594
-3.3924513636784743,-0.08300779524835455,1.7132784173767037,0.00508394
-3.3924513636784743,1.1042785314451073,1.3175163084788828,0.0118038
-3.3924513636784743,2.42348556110451,1.1855956055129422,-0.0245282
-3.3924513636784743,2.9511683729682705,0.9217541995810619,-0.0335775
-3.260530660712534,-3.3810253693968595,1.0536749025470025,0.0531683
-3.260530660712534,-1.4022148249077562,-1.4528184538058615,0.0211977
-3.260530660712534,-1.1383734189758759,-1.5847391567718017,0.015411
-3.260530660712534,-0.08300779524835455,-1.7166598597377418,0.0115334
-3.260530660712534,0.5765957195813467,1.5813577144107631,0.00575673
-3.260530660712534,0.840437125513227,-1.7166598597377418,0.0172074
-3.260530660712534,0.9723578284791676,1.4494370114448234,0.00858077
-3.128609957746594,-2.1937390427033976,1.8451991203426434,0.0187262
-3.128609957746594,-1.1383734189758759,-1.5847391567718017,0.0148507
-3.128609957746594,-0.08300779524835455,-1.7166598597377418,0.0130288
-3.128609957746594,1.7638820462748086,1.3175163084788828,-0.00539938
-3.128609957746594,1.8958027492407483,-2.1124219686355623,-0.0167261
-3.128609957746594,2.027723452206689,-2.1124219686355623,-0.0191207
-2.996689254780654,-3.64486677532874,0.3940713877173012,0.0553718
-2.996689254780654,-2.7214218545671582,1.7132784173767037,0.0295573
-2.996689254780654,-1.797976933805577,-1.3208977508399213,0.0207659
-2.996689254780654,-0.21492849821429427,1.8451991203426434,-0.00108116
-2.996689254780654,1.8958027492407483,1.3175163084788828,-0.0094306
-2.8647685518147137,-3.64486677532874,0.6579127936491815,0.0537184
-2.8647685518147137,-3.3810253693968595,-0.39745283007833976,0.045536
-2.8647685518147137,0.3127543136494664,-1.7166598597377418,0.0154396
-2.8647685518147137,0.4446750166154061,-1.7166598597377418,0.0160469
-2.8647685518147137,0.5765957195813467,1.7132784173767037,0.000128235
-2.732847848848773,-3.5129460723627997,1.0536749025470025,0.0490315
-2.732847848848773,-2.985263260499039,-0.7932149389761607,0.0323523
-2.732847848848773,-1.1383734189758759,2.1090405262745238,-0.00389751
-2.732847848848773,1.3681199373769877,-1.9805012656696221,-0.0097213
-2.732847848848773,3.215009778900151,0.6579127936491815,-0.0400475
-2.6009271458828334,-3.64486677532874,0.6579127936491815,0.0508553
-2.6009271458828334,-2.589501151601218,1.8451991203426434,0.0203125
-2.6009271458828334,-1.270294121941816,-1.5847391567718017,0.00710162
-2.6009271458828334,-0.6106906071121152,-1.7166598597377418,0.0073572
-2.6009271458828334,3.3469304818660914,0.3940713877173012,-0.0413446
-2.4690064429168928,-3.64486677532874,0.5259920906832418,0.0491937
-2.4690064429168928,-0.4787699041461746,-1.7166598597377418,0.00620811
-2.4690064429168928,-0.21492849821429427,1.8451991203426434,-0.00391401
-2.4690064429168928,1.1042785314451073,-1.848580562703682,-0.000366814
-2.4690064429168928,1.631961343308868,-1.9805012656696221,-0.0184128
-2.4690064429168928,2.2915648581385692,-1.9805012656696221,-0.03244
-2.337085739950953,-3.5129460723627997,0.9217541995810619,0.0460592
-2.337085739950953,-3.2491046664309193,-0.5293735330442799,0.03253
-2.337085739950953,-2.985263260499039,-0.7932149389761607,0.0247162
-2.337085739950953,-2.985263260499039,1.5813577144107631,0.0307578
-2.337085739950953,-2.0618183397374574,2.1090405262745238,0.0044096
-2.337085739950953,1.236199234411048,-1.848580562703682,-0.00434635
-2.337085739950953,2.42348556110451,1.0536749025470025,-0.0167952
-2.2051650369850124,-3.5129460723627997,0.7898334966151221,0.0452649
-2.2051650369850124,-2.589501151601218,1.8451991203426434,0.017577
-2.2051650369850124,-1.270294121941816,2.2409612292404644,-0.00809749
-2.2051650369850124,-1.0064527160099357,-1.5847391567718017,0.00235525
-2.2051650369850124,-0.08300779524835455,-1.7166598597377418,0.00471842
-2.2051650369850124,2.81924767000233,-1.5847391567718017,-0.0383733
-2.2051650369850124,3.3469304818660914,-0.13361142414645943,-0.0381886
-2.0732443340190727,-3.5129460723627997,0.3940713877173012,0.0430224
-2.0732443340190727,0.840437125513227,1.8451991203426434,-0.00837956
-2.0732443340190727,0.9723578284791676,1.8451991203426434,-0.0088501
-2.0732443340190727,1.5000406403429283,1.7132784173767037,-0.00814637
-1.941323631053132,-3.3810253693968595,0.7898334966151221,0.0417787
-1.941323631053132,-2.985263260499039,1.4494370114448234,0.0309337
-1.941323631053132,-2.1937390427033976,2.1090405262745238,0.0049464
-1.941323631053132,-1.0064527160099357,2.2409612292404644,-0.0106333
-1.941323631053132,1.236199234411048,1.8451991203426434,-0.0100565
-1.941323631053132,1.3681199373769877,-1.7166598597377418,-0.00406184
-1.941323631053132,2.5554062640704496,0.7898334966151221,-0.00802717
-1.8094029280871924,-2.7214218545671582,1.7132784173767037,0.0214897
-1.8094029280871924,-2.589501151601218,1.8451991203426434,0.0165375
-1.8094029280871924,-1.9298976367715173,2.2409612292404644,-0.00104202
-1.8094029280871924,-0.6106906071121152,-1.4528184538058615,0.00260089
-1.8094029280871924,1.3681199373769877,1.8451991203426434,-0.0103953
-1.8094029280871924,2.027723452206689,1.4494370114448234,-0.00537511
-1.6774822251212518,2.81924767000233,0.2621506847513615,-0.00463734
-1.545561522155312,-2.8533425575330984,-0.6612942360102201,0.0148541
-1.545561522155312,-2.3256597456693378,2.1090405262745238,0.00797641
-1.545561522155312,-1.1383734189758759,2.372881932206404,-0.0102622
-1.545561522155312,0.04891290771758605,1.977119823308584,-0.00835757
-1.545561522155312,0.7085164225472873,-1.7166598597377418,-0.00159371
-1.545561522155312,0.840437125513227,-1.7166598597377418,-0.00171346
-1.545561522155312,1.1042785314451073,1.977119823308584,-0.0117609
-1.545561522155312,2.81924767000233,-0.39745283007833976,-0.00603307
-1.4136408191893715,-3.1171839634649787,1.1855956055129422,0.0351228
-1.4136408191893715,-1.666056230839637,-1.3208977508399213,0.000435477
-1.4136408191893715,1.631961343308868,1.8451991203426434,-0.00892508
-1.4136408191893715,2.2915648581385692,-1.057056344908041,-0.00213936
-1.4136408191893715,2.5554062640704496,-0.7932149389761607,-0.00137049
-1.4136408191893715,2.5554062640704496,1.0536749025470025,0.00328579
-1.2817201162234308,-2.457580448635278,2.1090405262745238,0.0118542
-1.2817201162234308,-0.3468492011802349,2.2409612292404644,-0.0114673
-1.2817201162234308,0.3127543136494664,2.1090405262745238,-0.0109577
-1.2817201162234308,2.42348556110451,-0.9251356419421009,0.00278795
-1.2817201162234308,2.5554062640704496,-0.7932149389761607,0.00387724
-1.2817201162234308,2.9511683729682705,0.1302299817854209,0.0108089
-1.1497994132574911,-2.985263260499039,1.7132784173767037,0.0277387
-1.1497994132574911,-2.7214218545671582,1.977119823308584,0.0195671
-1.1497994132574911,-1.9298976367715173,2.372881932206404,0.0010528
-1.1497994132574911,-0.8745320130439955,-1.1889770478739812,0.00388688
-1.1497994132574911,-0.4787699041461746,-1.1889770478739812,0.00464957
-1.1497994132574911,-0.21492849821429427,-1.3208977508399213,0.00172241
-1.1497994132574911,0.3127543136494664,-1.5847391567718017,-0.00315474
-1.1497994132574911,2.68732696703639,1.0536749025470025,0.00829618
-1.0178787102915505,-2.985263260499039,-0.2655321271123996,0.0200912
-1.0178787102915505,-2.7214218545671582,-0.6612942360102201,0.0121008
-1.0178787102915505,-1.9298976367715173,-1.1889770478739812,0.00499779
-1.0178787102915505,-0.21492849821429427,-1.3208977508399213,0.00134273
-1.0178787102915505,1.8958027492407483,-1.3208977508399213,0.00216022
-1.0178787102915505,2.1596441551726295,1.5813577144107631,-0.000391265
-0.8859580073256108,-2.1937390427033976,-1.057056344908041,0.00803415
-0.8859580073256108,0.04891290771758605,-1.4528184538058615,-0.00143268
-0.8859580073256108,0.4446750166154061,-1.5847391567718017,-0.00369976
-0.8859580073256108,0.9723578284791676,2.1090405262745238,-0.00914003
-0.8859580073256108,1.236199234411048,-1.5847391567718017,-0.00248052
-0.8859580073256108,1.631961343308868,-1.4528184538058615,0.000363282
-0.8859580073256108,1.8958027492407483,-1.3208977508399213,0.00321243
-0.8859580073256108,3.08308907593421,-0.0016907211805188282,0.0212625
-0.7540373043596702,-2.7214218545671582,2.1090405262745238,0.0221448
-0.7540373043596702,-2.457580448635278,2.2409612292404644,0.0154304
-0.7540373043596702,-2.0618183397374574,2.372881932206404,0.00671427
-0.7540373043596702,-1.797976933805577,-1.1889770478739812,0.0109124
-0.7540373043596702,-0.21492849821429427,2.372881932206404,-0.00828332
-0.7540373043596702,0.5765957195813467,-1.5847391567718017,-0.00344186
-0.7540373043596702,1.1042785314451073,-1.5847391567718017,-0.00238063
-0.7540373043596702,1.8958027492407483,-1.3208977508399213,0.00427798
-0.7540373043596702,2.5554062640704496,-0.9251356419421009,0.0145813
-0.7540373043596702,2.81924767000233,-0.6612942360102201,0.0192927
-0.6221166013937305,-3.2491046664309193,0.1302299817854209,0.0294437
-0.6221166013937305,-2.985263260499039,-0.2655321271123996,0.0209784
-0.6221166013937305,-2.3256597456693378,-0.9251356419421009,0.0135664
-0.6221166013937305,-2.0618183397374574,2.372881932206404,0.00820599
-0.6221166013937305,-0.3468492011802349,-1.3208977508399213,0.00465674
-0.6221166013937305,-0.08300779524835455,2.372881932206404,-0.00622118
-0.6221166013937305,0.9723578284791676,2.1090405262745238,-0.00545597
-0.6221166013937305,2.5554062640704496,-0.9251356419421009,0.0170698
-0.4901958984277899,-3.3810253693968595,0.3940713877173012,0.0349749
-0.4901958984277899,-2.457580448635278,-0.7932149389761607,0.0162157
-0.4901958984277899,0.5765957195813467,2.2409612292404644,-0.00339565
-0.4901958984277899,2.81924767000233,-0.6612942360102201,0.024188
-0.4901958984277899,3.08308907593421,-0.13361142414645943,0.0286588
-0.35827519546185016,-3.3810253693968595,0.3940713877173012,0.0356274
-0.35827519546185016,-3.2491046664309193,0.1302299817854209,0.0308509
-0.35827519546185016,-1.797976933805577,2.372881932206404,0.00746327
-0.35827519546185016,0.5765957195813467,2.2409612292404644,-0.000754437
-0.35827519546185016,1.7638820462748086,1.7132784173767037,0.0045968
-0.35827519546185016,2.027723452206689,1.5813577144107631,0.00747756
-0.35827519546185016,3.08308907593421,0.3940713877173012,0.0297403
-0.22635449249590955,-2.1937390427033976,-0.9251356419421009,0.0273697
-0.22635449249590955,-1.1383734189758759,2.372881932206404,0.00220418
-0.22635449249590955,-0.8745320130439955,-1.4528184538058615,0.0301505
-0.22635449249590955,0.5765957195813467,-1.4528184538058615,0.0020316
-0.22635449249590955,0.5765957195813467,2.2409612292404644,0.0020604
-0.22635449249590955,0.840437125513227,-1.4528184538058615,0.00240163
-0.09443378952996984,-2.589501151601218,-0.5293735330442799,0.0233395
-0.09443378952996984,-0.3468492011802349,-1.4528184538058615,0.01706
-0.09443378952996984,0.04891290771758605,2.372881932206404,0.00374651
-0.09443378952996984,2.5554062640704496,-0.7932149389761607,0.0258897
0.03748691343597077,-1.797976933805577,2.2409612292404644,0.0149908
0.03748691343597077,-0.4787699041461746,2.372881932206404,0.00596304
0.03748691343597077,-0.3468492011802349,-1.5847391567718017,0.0209334
0.03748691343597077,0.04891290771758605,2.372881932206404,0.00642597
0.03748691343597077,1.1042785314451073,-1.3208977508399213,0.00899829
0.03748691343597077,1.631961343308868,-1.1889770478739812,0.013389
0.03748691343597077,2.5554062640704496,1.0536749025470025,0.0239962
0.03748691343597077,2.9511683729682705,-0.0016907211805188282,0.0335391
0.16940761640191138,-2.8533425575330984,-0.13361142414645943,0.0280282
0.16940761640191138,-2.7214218545671582,1.977119823308584,0.0343603
0.16940761640191138,-2.0618183397374574,-1.5847391567718017,0.0628631
0.16940761640191138,-1.4022148249077562,-2.1124219686355623,0.0541817
0.16940761640191138,-0.8745320130439955,-2.1124219686355623,0.0397484
0.16940761640191138,-0.08300779524835455,-1.5847391567718017,0.0163767
0.16940761640191138,0.840437125513227,-1.3208977508399213,0.0111415
0.3013283193678511,-2.985263260499039,0.1302299817854209,0.0326024
0.3013283193678511,0.3127543136494664,-1.4528184538058615,0.0144092
0.3013283193678511,0.840437125513227,-1.3208977508399213,0.0149544
0.3013283193678511,1.3681199373769877,1.977119823308584,0.0164666
0.3013283193678511,1.7638820462748086,1.4494370114448234,0.0192014
0.3013283193678511,1.8958027492407483,1.3175163084788828,0.0201932
0.3013283193678511,2.1596441551726295,-0.7932149389761607,0.0263162
0.3013283193678511,2.42348556110451,0.9217541995810619,0.0262963
0.4332490223337917,-2.3256597456693378,-1.4528184538058615,0.0597091
0.4332490223337917,-2.3256597456693378,-0.7932149389761607,0.0487745
0.4332490223337917,-2.3256597456693378,-0.5293735330442799,0.0395834
0.4332490223337917,-1.5341355278736968,2.1090405262745238,0.0208501
0.4332490223337917,0.3127543136494664,-1.5847391567718017,0.0168513
0.4332490223337917,0.5765957195813467,-1.4528184538058615,0.0174201
0.4332490223337917,1.5000406403429283,-1.1889770478739812,0.0226721
0.5651697252997314,-2.3256597456693378,1.8451991203426434,0.0335612
0.5651697252997314,-1.270294121941816,2.2409612292404644,0.0193847
0.5651697252997314,-0.8745320130439955,2.372881932206404,0.0154124
0.5651697252997314,1.236199234411048,-1.4528184538058615,0.024611
0.5651697252997314,1.8958027492407483,1.1855956055129422,0.0230816
0.5651697252997314,2.42348556110451,-0.0016907211805188282,0.0324487
0.697090428265672,-2.8533425575330984,1.1855956055129422,0.0413782
0.697090428265672,-2.7214218545671582,0.3940713877173012,0.0344712
0.697090428265672,-1.5341355278736968,-2.5081840775333832,0.0505265
0.697090428265672,-1.1383734189758759,-2.6401047804993234,0.0463856
0.697090428265672,0.4446750166154061,-1.848580562703682,0.0216455
0.697090428265672,1.5000406403429283,2.2409612292404644,0.0221475
0.697090428265672,1.8958027492407483,-1.057056344908041,0.03006
0.697090428265672,2.027723452206689,0.6579127936491815,0.0272345
0.8290111312316117,-2.457580448635278,0.3940713877173012,0.0328252
0.8290111312316117,-2.3256597456693378,0.2621506847513615,0.0319201
0.8290111312316117,-0.7426113100780549,2.5048026351723447,0.0155377
0.8290111312316117,1.7638820462748086,-1.4528184538058615,0.0316827
0.8290111312316117,2.027723452206689,-0.0016907211805188282,0.0299027
0.9609318341975523,-2.3256597456693378,0.6579127936491815,0.0338478
0.9609318341975523,1.236199234411048,-1.848580562703682,0.0318188
0.9609318341975523,1.8958027492407483,0.2621506847513615,0.0272438
1.092852537163492,-2.589501151601218,-1.057056344908041,0.0301107
1.092852537163492,-2.0618183397374574,-0.0016907211805188282,0.0302636
1.092852537163492,0.9723578284791676,-1.9805012656696221,0.0325097
1.092852537163492,1.8958027492407483,-1.5847391567718017,0.0338566
1.092852537163492,1.8958027492407483,0.2621506847513615,0.0249662
1.2247732401294327,-2.3256597456693378,-2.1124219686355623,0.0339899
1.2247732401294327,-2.0618183397374574,0.5259920906832418,0.029626
1.2247732401294327,-0.21492849821429427,-3.035866889397144,0.05919
1.2247732401294327,1.8958027492407483,1.977119823308584,0.0228166
1.3566939430953733,-2.589501151601218,-0.7932149389761607,0.0145797
1.3566939430953733,-2.1937390427033976,1.0536749025470025,0.0329993
1.3566939430953733,-2.1937390427033976,1.3175163084788828,0.0348642
1.3566939430953733,-0.3468492011802349,-3.167787592363084,0.0662274
1.3566939430953733,1.8958027492407483,0.6579127936491815,0.0169049
1.3566939430953733,2.2915648581385692,-1.057056344908041,0.0304348
1.3566939430953733,2.2915648581385692,-0.5293735330442799,0.0257243
1.4886146460613139,-2.1937390427033976,1.1855956055129422,0.0334779
1.4886146460613139,-2.1937390427033976,1.3175163084788828,0.034276
1.4886146460613139,-0.8745320130439955,2.6367233381382844,0.0177665
1.4886146460613139,0.5765957195813467,-2.3762633745674426,0.0444252
1.4886146460613139,0.5765957195813467,2.768644041104225,0.0158132
1.4886146460613139,0.7085164225472873,-2.244342671601503,0.0409748
1.4886146460613139,0.7085164225472873,2.768644041104225,0.0171639
1.4886146460613139,1.1042785314451073,-2.1124219686355623,0.0376766
1.4886146460613139,1.631961343308868,2.372881932206404,0.0228006
1.4886146460613139,2.027723452206689,0.1302299817854209,0.0174768
1.4886146460613139,2.2915648581385692,-1.1889770478739812,0.0301766
1.6205353490272545,-2.3256597456693378,-2.244342671601503,0.0199812
1.6205353490272545,0.4446750166154061,-2.6401047804993234,0.0549986
1.6205353490272545,1.631961343308868,-1.9805012656696221,0.0354903
1.7524560519931933,-2.7214218545671582,-1.3208977508399213,-0.001984
1.884376754959134,-2.7214218545671582,-1.4528184538058615,-0.00539415
1.884376754959134,-2.0618183397374574,0.7898334966151221,0.0269564
1.884376754959134,-1.4022148249077562,-3.167787592363084,0.0607207
1.884376754959134,0.18083361068352577,-3.035866889397144,0.0718293
1.884376754959134,0.18083361068352577,2.6367233381382844,0.0102137
1.884376754959134,0.9723578284791676,2.6367233381382844,0.016595
1.884376754959134,1.5000406403429283,2.372881932206404,0.0171429
1.884376754959134,1.631961343308868,-1.9805012656696221,0.0347356
1.884376754959134,1.631961343308868,2.2409612292404644,0.0160447
1.884376754959134,1.8958027492407483,1.7132784173767037,0.00909139
2.0162974579250745,-2.7214218545671582,-0.9251356419421009,-0.0101542
2.0162974579250745,-2.589501151601218,-0.5293735330442799,-0.00764104
2.0162974579250745,-2.3256597456693378,-0.13361142414645943,-0.000800397
2.0162974579250745,-1.9298976367715173,0.3940713877173012,0.018252
2.0162974579250745,0.18083361068352577,-3.035866889397144,0.0740247
2.0162974579250745,1.8958027492407483,1.1855956055129422,-0.00410604
2.0162974579250745,1.8958027492407483,1.3175163084788828,-0.00228793
2.0162974579250745,2.2915648581385692,-0.39745283007833976,0.00855154
2.148218160891015,-2.7214218545671582,-0.9251356419421009,-0.0119085
2.148218160891015,-2.589501151601218,-0.5293735330442799,-0.00883305
2.148218160891015,-2.3256597456693378,-0.13361142414645943,-0.001527
2.148218160891015,-1.5341355278736968,2.2409612292404644,0.0285026
2.148218160891015,1.8958027492407483,1.0536749025470025,-0.0140124
2.280138863856954,-2.7214218545671582,-1.4528184538058615,-0.0128587
2.280138863856954,-1.797976933805577,1.8451991203426434,0.0307554
2.280138863856954,2.1596441551726295,0.2621506847513615,-0.0220154
2.4120595668228946,-2.589501151601218,-1.848580562703682,-0.0101947
2.4120595668228946,-0.4787699041461746,-3.299708295329024,0.0795508
2.4120595668228946,1.631961343308868,1.7132784173767037,-0.0134465
2.4120595668228946,2.2915648581385692,0.6579127936491815,-0.0401262
2.543980269788835,-2.589501151601218,-0.6612942360102201,-0.00609763
2.543980269788835,-2.457580448635278,-0.39745283007833976,-0.000951449
2.543980269788835,-1.9298976367715173,-2.6401047804993234,0.0178269
2.543980269788835,-1.666056230839637,0.7898334966151221,0.0275133
2.543980269788835,-1.666056230839637,1.5813577144107631,0.0279778
2.543980269788835,1.236199234411048,1.977119823308584,-0.00688175
2.543980269788835,1.631961343308868,1.7132784173767037,-0.0232146
2.543980269788835,1.8958027492407483,-1.4528184538058615,0.0214199
2.543980269788835,2.1596441551726295,-0.7932149389761607,0.00258607
2.543980269788835,2.42348556110451,0.7898334966151221,-0.048929
2.675900972754776,-0.4787699041461746,-3.167787592363084,0.075438
2.675900972754776,0.3127543136494664,1.977119823308584,0.00635179
2.675900972754776,2.1596441551726295,-0.6612942360102201,-0.00829752
2.675900972754776,2.1596441551726295,1.4494370114448234,-0.0482799
2.675900972754776,2.2915648581385692,-0.39745283007833976,-0.0235042
2.675900972754776,2.5554062640704496,0.7898334966151221,-0.0548475
2.8078216757207146,-2.457580448635278,-1.848580562703682,-0.00803454
2.8078216757207146,-2.1937390427033976,-2.244342671601503,-0.00131477
2.8078216757207146,-1.4022148249077562,1.0536749025470025,0.0259399
2.8078216757207146,-1.270294121941816,1.4494370114448234,0.0241891
2.8078216757207146,0.3127543136494664,1.8451991203426434,0.00643208
2.8078216757207146,0.4446750166154061,-2.1124219686355623,0.0565033
2.8078216757207146,2.68732696703639,0.6579127936491815,-0.0584657
2.939742378686657,-1.4022148249077562,-2.7720254834652636,0.0347645
2.939742378686657,-0.8745320130439955,1.4494370114448234,0.0239616
2.939742378686657,-0.4787699041461746,1.5813577144107631,0.0237238
2.939742378686657,0.3127543136494664,-2.1124219686355623,0.0568591
2.939742378686657,1.5000406403429283,-1.4528184538058615,0.0247239
2.939742378686657,2.5554062640704496,-0.2655321271123996,-0.0441438
3.071663081652596,-2.457580448635278,-0.7932149389761607,0.0248219
3.071663081652596,-1.666056230839637,0.6579127936491815,0.0210431
3.071663081652596,-1.270294121941816,1.0536749025470025,0.0189463
3.071663081652596,0.840437125513227,-1.7166598597377418,0.0454536
3.071663081652596,2.68732696703639,1.1855956055129422,-0.0646167
3.2035837846185364,-0.4787699041461746,1.4494370114448234,0.0242009
3.2035837846185364,0.4446750166154061,1.8451991203426434,-0.0100783
3.3355044875844753,-2.3256597456693378,-1.3208977508399213,0.0316059
3.3355044875844753,-2.0618183397374574,-1.848580562703682,0.0135796
3.3355044875844753,-1.797976933805577,-2.1124219686355623,0.011748
3.3355044875844753,-0.8745320130439955,1.3175163084788828,0.0126676
3.3355044875844753,-0.4787699041461746,1.4494370114448234,0.0199091
3.3355044875844753,0.4446750166154061,-1.7166598597377418,0.0520221
3.3355044875844753,2.81924767000233,-0.13361142414645943,-0.0576491
3.3355044875844753,2.9511683729682705,0.3940713877173012,-0.0653694
3.3355044875844753,2.9511683729682705,0.5259920906832418,-0.0666267
3.4674251905504176,-2.3256597456693378,-1.1889770478739812,0.0493855
3.4674251905504176,-1.5341355278736968,-2.1124219686355623,0.0191586
3.4674251905504176,-1.0064527160099357,-2.244342671601503,0.0270157
3.5993458935163565,0.3127543136494664,1.8451991203426434,-0.0183466
3.5993458935163565,0.7085164225472873,-1.5847391567718017,0.0445828
3.5993458935163565,1.1042785314451073,-1.4528184538058615,0.0328839
3.731266596482297,-1.5341355278736968,1.1855956055129422,-0.0136889
3.731266596482297,-0.7426113100780549,1.4494370114448234,-0.00561988
3.731266596482297,1.3681199373769877,-1.3208977508399213,0.0153289
3.863187299448236,-1.4022148249077562,-1.848580562703682,0.0375267
3.863187299448236,-0.3468492011802349,-1.848580562703682,0.0246207
3.9951080024141783,-1.797976933805577,1.0536749025470025,-0.0195236
3.9951080024141783,-1.0064527160099357,1.4494370114448234,-0.0227375
3.9951080024141783,-0.3468492011802349,-1.848580562703682,0.0181758
3.9951080024141783,0.3127543136494664,1.8451991203426434,-0.0322662
3.9951080024141783,0.840437125513227,-1.4528184538058615,0.0290267
3.9951080024141783,1.236199234411048,-1.3208977508399213,0.0133107
3.9951080024141783,2.81924767000233,-0.2655321271123996,-0.0610067
4.127028705380117,-1.1383734189758759,-1.848580562703682,0.0249088
4.127028705380117,0.5765957195813467,1.977119823308584,-0.0457847
4.127028705380117,1.1042785314451073,-1.3208977508399213,0.0142991
4.127028705380117,1.8958027492407483,-1.057056344908041,-0.0280075
4.127028705380117,2.1596441551726295,-0.9251356419421009,-0.0392775
4.127028705380117,2.2915648581385692,1.8451991203426434,-0.0701194
4.258949408346058,-1.666056230839637,1.1855956055129422,-0.0303192
4.258949408346058,1.631961343308868,2.1090405262745238,-0.0662839
4.258949408346058,2.027723452206689,1.977119823308584,-0.0695087
4.258949408346058,2.68732696703639,-0.39745283007833976,-0.0595963
4.258949408346058,2.9511683729682705,0.3940713877173012,-0.0699725
4.390870111311998,-2.3256597456693378,-0.39745283007833976,0.0289725
4.390870111311998,-2.3256597456693378,-0.13361142414645943,0.0169298
4.390870111311998,-1.4022148249077562,-1.7166598597377418,0.0223068
4.390870111311998,0.04891290771758605,-1.7166598597377418,-0.00018269
4.390870111311998,0.3127543136494664,-1.5847391567718017,0.0037155
4.390870111311998,0.7085164225472873,1.977119823308584,-0.055442
4.522790814277939,-0.8745320130439955,1.4494370114448234,-0.0402704
4.522790814277939,-0.7426113100780549,-1.848580562703682,-0.00279994
4.522790814277939,-0.6106906071121152,1.4494370114448234,-0.0384483
4.522790814277939,1.8958027492407483,-0.9251356419421009,-0.0397294
4.522790814277939,2.42348556110451,1.5813577144107631,-0.0740483
4.522790814277939,2.81924767000233,0.1302299817854209,-0.0685444
4.654711517243878,-2.1937390427033976,-0.6612942360102201,0.0200822
4.654711517243878,-0.08300779524835455,-1.7166598597377418,-0.0135918
4.654711517243878,0.4446750166154061,1.7132784173767037,-0.0551798
4.654711517243878,2.027723452206689,-0.7932149389761607,-0.0479547
4.654711517243878,2.5554062640704496,1.3175163084788828,-0.0750705
4.786632220209818,-2.1937390427033976,-0.39745283007833976,0.00396217
4.786632220209818,-1.4022148249077562,-1.5847391567718017,0.000921852
4.786632220209818,0.5765957195813467,1.7132784173767037,-0.0612346
4.786632220209818,0.840437125513227,1.8451991203426434,-0.0658467
4.786632220209818,1.236199234411048,-0.9251356419421009,-0.0267906
4.918552923175759,-0.8745320130439955,-1.7166598597377418,-0.0173666
4.918552923175759,1.236199234411048,1.8451991203426434,-0.0724806
4.918552923175759,1.3681199373769877,1.8451991203426434,-0.0736093
4.918552923175759,1.5000406403429283,-0.7932149389761607,-0.0420421
5.0504736261417,-1.797976933805577,-1.057056344908041,-0.00538405
5.182394329107638,0.9723578284791676,-0.5293735330442799,-0.0443322
5.182394329107638,1.5000406403429283,-0.5293735330442799,-0.0544695
5.182394329107638,2.1596441551726295,1.1855956055129422,-0.0789079
5.314315032073579,-1.270294121941816,-1.3208977508399213,-0.0268558
5.314315032073579,-0.3468492011802349,-1.4528184538058615,-0.0382182
5.314315032073579,0.5765957195813467,1.0536749025470025,-0.069318
5.314315032073579,1.7638820462748086,1.3175163084788828,-0.0798657
5.44623573503952,-1.797976933805577,-0.13361142414645943,-0.0365599
5.44623573503952,-1.666056230839637,0.3940713877173012,-0.0467691
5.44623573503952,-1.5341355278736968,-0.9251356419421009,-0.0299891
5.44623573503952,0.4446750166154061,0.2621506847513615,-0.0602416
5.44623573503952,0.5765957195813467,0.3940713877173012,-0.0643781
5.44623573503952,0.7085164225472873,0.1302299817854209,-0.0620364
5.57815643800546,-0.8745320130439955,-1.1889770478739812,-0.0424612
5.57815643800546,0.18083361068352577,-0.6612942360102201,-0.0520614
5.57815643800546,1.5000406403429283,0.5259920906832418,-0.0774182
5.710077140971399,-1.0064527160099357,-0.9251356419421009,-0.0462464
5.710077140971399,-0.4787699041461746,0.5259920906832418,-0.062399
5.710077140971399,0.04891290771758605,-0.13361142414645943,-0.0595013
5.8419978439373415,-1.0064527160099357,-0.5293735330442799,-0.0527319
