-6.444611619319173,0.01268437768295172,0.2507712580640784,0.0303524
-6.444611619319173,0.14664400043247117,-0.017147987434961376,0.0305897
-6.444611619319173,0.14664400043247117,0.11681163531455896,0.0308566
-6.3106519965696535,0.5485228686810322,0.2507712580640784,0.0289308
-6.042732751070613,-0.9250329815636897,0.38473088081359874,0.0217709
-6.042732751070613,-0.7910733588141694,0.6526501263126394,0.0199944
-6.042732751070613,0.41456324593151184,0.9205693718116801,0.0199634
-5.9087731283210925,-1.0589926043132092,0.38473088081359874,0.0197786
-5.9087731283210925,-0.6571137360646491,-0.820905723932082,0.013145
-5.9087731283210925,0.41456324593151184,1.0545289945611995,0.0155992
-5.774813505571572,-1.0589926043132092,0.6526501263126394,0.0161165
-5.774813505571572,-0.6571137360646491,-0.9548653466816024,0.00848255
-5.774813505571572,0.5485228686810322,-0.9548653466816024,0.0123142
-5.640853882822052,-1.3269118498122494,0.2507712580640784,0.0183285
-5.640853882822052,-0.6571137360646491,1.1884886173107199,0.00639357
-5.506894260072532,-2.5325484545579307,0.2507712580640784,0.0264898
-5.506894260072532,-2.1306695863093705,0.5186905035631191,0.0207834
-5.506894260072532,-1.8627503408103303,-0.15110761018448127,0.0183431
-5.506894260072532,-1.72879071806081,0.38473088081359874,0.0181554
-5.506894260072532,-1.5948310953112896,-0.15110761018448127,0.0170146
-5.506894260072532,-1.5948310953112896,0.38473088081359874,0.0175719
-5.506894260072532,-0.7910733588141694,-1.0888249694311223,0.00125854
-5.506894260072532,-0.5231541133151287,-1.2227845921806426,-0.00049008
-5.372934637323012,-2.800467700056971,-0.15110761018448127,0.0276854
-5.372934637323012,-1.3269118498122494,0.9205693718116801,0.00843647
-5.238975014573492,-1.9967099635598502,1.0545289945611995,0.0108406
-5.238975014573492,-1.8627503408103303,1.0545289945611995,0.00904671
-5.238975014573492,-1.5948310953112896,1.0545289945611995,0.00626772
-5.238975014573492,1.3522806051781524,-0.2850672329340016,0.0166075
-5.238975014573492,1.3522806051781524,0.38473088081359874,0.0159953
-5.105015391823972,-0.9250329815636897,1.4564078628097596,-0.00641357
-5.105015391823972,-0.3891944905656084,-1.4907038376796824,-0.0104582
-5.105015391823972,0.5485228686810322,-1.3567442149301625,-0.00607105
-5.105015391823972,0.9504017369295923,-1.0888249694311223,0.000375907
-5.105015391823972,1.0843613596791126,1.0545289945611995,0.00289224
-5.105015391823972,1.3522806051781524,0.6526501263126394,0.0114346
-4.971055769074452,-2.1306695863093705,1.3224482400602393,0.00566273
-4.971055769074452,-0.7910733588141694,1.59036748555928,-0.0105946
-4.971055769074452,0.41456324593151184,1.59036748555928,-0.00990556
-4.971055769074452,1.4862402279276727,-0.6869461011825622,0.0103128
-4.837096146324932,-3.3363061910550513,-0.15110761018448127,0.0297796
-4.837096146324932,-0.25523486781608806,-1.6246634604292027,-0.0152922
-4.837096146324932,-0.12127524506656862,-1.6246634604292027,-0.0150334
-4.837096146324932,2.423957587174314,0.11681163531455896,0.024773
-4.703136523575411,-2.800467700056971,-0.9548653466816024,0.0115042
-4.703136523575411,-2.6665080773074505,1.3224482400602393,0.0115426
-4.703136523575411,-1.5948310953112896,1.59036748555928,-0.00852246
-4.703136523575411,-0.6571137360646491,-1.6246634604292027,-0.0176311
-4.703136523575411,0.9504017369295923,1.4564078628097596,-0.0101079
-4.703136523575411,1.3522806051781524,1.1884886173107199,-0.00257678
-4.569176900825891,-3.4702658138045717,0.2507712580640784,0.0299586
-4.569176900825891,-0.9250329815636897,-1.6246634604292027,-0.0192432
-4.569176900825891,1.218320982428633,-1.3567442149301625,-0.00796781
-4.569176900825891,1.8881190961762337,-1.0888249694311223,0.00559546
-4.569176900825891,1.8881190961762337,1.0545289945611995,0.00495502
-4.4352172780763714,-3.3363061910550513,0.7866097490621597,0.0249837
-4.4352172780763714,-3.202346568305531,-0.6869461011825622,0.0187522
-4.4352172780763714,-1.1929522270627295,-1.6246634604292027,-0.0197133
-4.4352172780763714,-0.3891944905656084,1.8582867310583207,-0.0204091
-4.4352172780763714,-0.25523486781608806,1.8582867310583207,-0.0202952
-4.4352172780763714,1.4862402279276727,-1.3567442149301625,-0.00576037
-4.4352172780763714,2.1560383416752735,-1.0888249694311223,0.00937394
-4.4352172780763714,2.5579172099238336,-0.820905723932082,0.0196501
-4.4352172780763714,2.8258364554228743,-0.4190268556835215,0.0268812
-4.301257655326851,-1.9967099635598502,-1.4907038376796824,-0.01232
-4.301257655326851,-1.4608714725617697,-1.6246634604292027,-0.0189288
-4.301257655326851,-0.9250329815636897,1.8582867310583207,-0.0209902
-4.301257655326851,0.14664400043247117,-1.758623083178723,-0.0217561
-4.301257655326851,1.3522806051781524,-1.4907038376796824,-0.010314
-4.167298032577331,-2.1306695863093705,-1.4907038376796824,-0.0119726
-4.167298032577331,-0.5231541133151287,-1.758623083178723,-0.0236444
-4.167298032577331,0.41456324593151184,-1.758623083178723,-0.0222244
-4.033338409827811,-3.4702658138045717,0.38473088081359874,0.024967
-4.033338409827811,-3.3363061910550513,0.7866097490621597,0.0208053
-4.033338409827811,-0.5231541133151287,-1.758623083178723,-0.0244061
-4.033338409827811,0.6824824914305525,-1.758623083178723,-0.0215219
-4.033338409827811,1.3522806051781524,-1.6246634604292027,-0.0134182
-3.8993787870782906,-2.2646292090588904,-1.4907038376796824,-0.0125488
-3.8993787870782906,-0.3891944905656084,-1.758623083178723,-0.0247133
-3.8993787870782906,0.9504017369295923,-1.758623083178723,-0.0195977
-3.8993787870782906,1.4862402279276727,-1.6246634604292027,-0.0123625
-3.8993787870782906,1.8881190961762337,1.4564078628097596,-0.00681086
-3.8993787870782906,2.1560383416752735,1.3224482400602393,-0.000929495
-3.8993787870782906,3.093755700921913,-0.2850672329340016,0.0248984
-3.7654191643287707,-1.8627503408103303,1.8582867310583207,-0.0165491
-3.7654191643287707,-0.12127524506656862,-1.758623083178723,-0.02471
-3.7654191643287707,0.14664400043247117,1.8582867310583207,-0.0248161
-3.7654191643287707,0.2806036231819915,1.8582867310583207,-0.0247408
-3.7654191643287707,0.41456324593151184,1.8582867310583207,-0.0245154
-3.7654191643287707,2.423957587174314,-1.2227845921806426,0.00581888
-3.6314595415792503,-2.5325484545579307,-1.3567442149301625,-0.00948047
-3.6314595415792503,-2.2646292090588904,1.7243271083088003,-0.0115783
-3.497499918829731,-2.934427322806491,-0.9548653466816024,0.00196955
-3.497499918829731,-2.800467700056971,1.3224482400602393,0.000962227
-3.497499918829731,-2.6665080773074505,1.4564078628097596,-0.00328915
-3.497499918829731,0.14664400043247117,-1.758623083178723,-0.0240159
-3.497499918829731,1.7541594734267134,1.59036748555928,-0.0120917
-3.497499918829731,2.423957587174314,-1.2227845921806426,0.00263826
-3.497499918829731,2.423957587174314,1.1884886173107199,0.00110286
-3.497499918829731,3.093755700921913,-0.2850672329340016,0.0183023
-3.3635402960802105,-0.3891944905656084,-1.6246634604292027,-0.0220431
-3.22958067333069,-0.5231541133151287,1.7243271083088003,-0.0220082
-3.22958067333069,-0.12127524506656862,-1.6246634604292027,-0.0207902
-3.22958067333069,1.7541594734267134,1.59036748555928,-0.0128359
-3.09562105058117,-2.6665080773074505,1.4564078628097596,-0.00479372
-3.09562105058117,-2.3985888318084108,-1.4907038376796824,-0.0146817
-3.09562105058117,-2.1306695863093705,-1.6246634604292027,-0.0190637
-3.09562105058117,-1.0589926043132092,1.8582867310583207,-0.0238428
-3.09562105058117,-0.6571137360646491,1.7243271083088003,-0.0215011
-2.9616614278316495,-3.3363061910550513,0.38473088081359874,0.0206151
-2.9616614278316495,-2.934427322806491,1.1884886173107199,0.00405105
-2.9616614278316495,-0.3891944905656084,-1.4907038376796824,-0.0155243
-2.9616614278316495,-0.25523486781608806,1.59036748555928,-0.0166705
-2.9616614278316495,0.01268437768295172,-1.6246634604292027,-0.0184021
-2.827701805082129,-2.800467700056971,-1.2227845921806426,-0.00463441
-2.827701805082129,-0.5231541133151287,-1.4907038376796824,-0.0150078
-2.827701805082129,-0.3891944905656084,-1.4907038376796824,-0.0143078
-2.827701805082129,1.3522806051781524,1.7243271083088003,-0.0163097
-2.6937421823326098,-1.9967099635598502,1.8582867310583207,-0.0178954
-2.6937421823326098,2.8258364554228743,-0.2850672329340016,-0.0103274
-2.5597825595830894,-3.604225436554092,-0.15110761018448127,0.0245969
-2.5597825595830894,-3.3363061910550513,0.9205693718116801,0.0163322
-2.5597825595830894,-1.9967099635598502,1.8582867310583207,-0.0171378
-2.5597825595830894,-0.7910733588141694,-1.6246634604292027,-0.0180499
-2.5597825595830894,0.2806036231819915,1.7243271083088003,-0.0165711
-2.5597825595830894,2.289997964424794,-1.0888249694311223,-0.0122217
-2.5597825595830894,2.5579172099238336,0.7866097490621597,-0.0157723
-2.5597825595830894,2.691876832673354,-0.6869461011825622,-0.0170209
-2.5597825595830894,2.8258364554228743,0.38473088081359874,-0.0190613
-2.42582293683357,-3.3363061910550513,-0.820905723932082,0.0136166
-2.42582293683357,-1.9967099635598502,1.8582867310583207,-0.0162408
-2.42582293683357,-1.5948310953112896,-1.758623083178723,-0.0202626
-2.42582293683357,-1.4608714725617697,-1.758623083178723,-0.0206124
-2.42582293683357,-0.6571137360646491,1.7243271083088003,-0.0177504
-2.42582293683357,-0.5231541133151287,-1.6246634604292027,-0.0153122
-2.42582293683357,-0.3891944905656084,-1.6246634604292027,-0.0145867
-2.42582293683357,1.218320982428633,1.7243271083088003,-0.0130404
-2.42582293683357,2.1560383416752735,1.1884886173107199,-0.0141054
-2.2918633140840496,-3.738185059303612,-0.017147987434961376,0.0289024
-2.2918633140840496,-3.202346568305531,1.1884886173107199,0.0120343
-2.2918633140840496,-1.5948310953112896,-1.758623083178723,-0.0191705
-2.2918633140840496,-1.3269118498122494,-1.758623083178723,-0.0196276
-2.2918633140840496,-0.5231541133151287,1.7243271083088003,-0.0163326
-2.2918633140840496,0.14664400043247117,-1.758623083178723,-0.0138455
-2.2918633140840496,1.4862402279276727,-1.6246634604292027,-0.0119743
-2.2918633140840496,3.093755700921913,-0.2850672329340016,-0.0345095
-2.1579036913345293,-3.068386945556011,1.3224482400602393,0.00842931
-2.1579036913345293,-1.1929522270627295,-1.758623083178723,-0.0182694
-2.1579036913345293,-1.0589926043132092,1.8582867310583207,-0.019118
-2.1579036913345293,1.0843613596791126,-1.758623083178723,-0.0106614
-2.1579036913345293,1.8881190961762337,-1.4907038376796824,-0.0182496
-2.1579036913345293,2.289997964424794,-1.3567442149301625,-0.0270791
-2.1579036913345293,2.5579172099238336,-1.2227845921806426,-0.0319815
-2.1579036913345293,2.8258364554228743,0.9205693718116801,-0.0338924
-2.023944068585009,-3.604225436554092,0.7866097490621597,0.0264685
-2.023944068585009,-1.4608714725617697,-1.758623083178723,-0.0170818
-2.023944068585009,-1.0589926043132092,1.8582867310583207,-0.0181356
-2.023944068585009,1.4862402279276727,1.59036748555928,-0.00676066
-2.023944068585009,1.8881190961762337,1.4564078628097596,-0.0140434
-2.023944068585009,2.1560383416752735,-1.4907038376796824,-0.027695
-2.023944068585009,3.093755700921913,-0.820905723932082,-0.0408948
-1.8899844458354886,-3.068386945556011,1.3224482400602393,0.0107919
-1.8899844458354886,-1.0589926043132092,1.8582867310583207,-0.0170326
-1.8899844458354886,1.4862402279276727,1.59036748555928,-0.00526876
-1.8899844458354886,1.7541594734267134,-1.6246634604292027,-0.0203232
-1.8899844458354886,3.093755700921913,-0.9548653466816024,-0.0426171
-1.8899844458354886,3.361674946420954,-0.2850672329340016,-0.043654
-1.7560248230859692,-2.800467700056971,1.4564078628097596,0.00443507
-1.7560248230859692,0.9504017369295923,1.7243271083088003,-0.00166215
-1.7560248230859692,2.1560383416752735,-1.6246634604292027,-0.0319745
-1.7560248230859692,2.5579172099238336,-1.4907038376796824,-0.0386306
-1.6220652003364489,-3.068386945556011,-1.0888249694311223,0.0112869
-1.6220652003364489,-2.5325484545579307,-1.3567442149301625,-0.00196482
-1.6220652003364489,0.816442114180072,1.7243271083088003,0.00048467
-1.4881055775869285,-3.738185059303612,-0.017147987434961376,0.0344212
-1.4881055775869285,1.8881190961762337,1.59036748555928,-0.0110147
-1.3541459548374082,1.7541594734267134,-1.758623083178723,-0.0234428
-1.3541459548374082,1.8881190961762337,-1.758623083178723,-0.0269535
-1.2201863320878887,-3.604225436554092,0.2507712580640784,0.0342261
-1.2201863320878887,-1.5948310953112896,1.59036748555928,-0.00779527
-1.2201863320878887,1.620199850677193,-1.758623083178723,-0.0184739
-1.0862267093383684,-0.25523486781608806,1.7243271083088003,-0.00176245
-1.0862267093383684,1.620199850677193,-1.758623083178723,-0.0165928
-1.0862267093383684,3.361674946420954,0.6526501263126394,-0.0314465
-0.9522670865888481,-3.202346568305531,0.6526501263126394,0.0263657
-0.9522670865888481,-1.1929522270627295,1.59036748555928,-0.00771523
-0.9522670865888481,1.7541594734267134,-1.758623083178723,-0.0179859
-0.9522670865888481,1.8881190961762337,-1.758623083178723,-0.0216534
-0.9522670865888481,2.9597960781723947,1.1884886173107199,-0.0203811
-0.8183074638393277,-2.800467700056971,0.7866097490621597,0.0167913
-0.6843478410898074,-2.5325484545579307,-0.5529864784330418,0.00648154
-0.6843478410898074,-2.1306695863093705,-0.9548653466816024,-0.00708946
-0.6843478410898074,-0.25523486781608806,-1.758623083178723,0.0188212
-0.6843478410898074,0.01268437768295172,1.59036748555928,0.00684996
-0.6843478410898074,0.2806036231819915,1.59036748555928,0.0134747
-0.6843478410898074,0.9504017369295923,-1.892582705928243,0.0174526
-0.6843478410898074,2.9597960781723947,-1.2227845921806426,-0.027861
-0.550388218340288,-2.3985888318084108,-0.5529864784330418,-0.00159808
-0.550388218340288,-2.1306695863093705,-0.9548653466816024,-0.0112656
-0.550388218340288,2.1560383416752735,-1.6246634604292027,-0.0156765
-0.4164285955907676,-1.9967099635598502,1.0545289945611995,-0.0110712
-0.4164285955907676,0.14664400043247117,1.59036748555928,0.0102153
-0.4164285955907676,1.8881190961762337,2.2601655993068808,0.0194673
-0.2824689728412473,0.01268437768295172,1.59036748555928,0.00486901
-0.2824689728412473,0.2806036231819915,-2.4284211969263234,0.0284325
-0.2824689728412473,0.41456324593151184,1.8582867310583207,0.0159925
-0.14850935009172694,0.01268437768295172,-2.4284211969263234,0.0281795
-0.14850935009172694,1.3522806051781524,-2.160501951427283,0.0235042
-0.014549727342207497,1.620199850677193,-1.892582705928243,0.0208743
-0.014549727342207497,2.9597960781723947,1.3224482400602393,0.00956768
0.11940989540731284,-2.3985888318084108,0.2507712580640784,-0.00957331
0.11940989540731284,-1.5948310953112896,-1.4907038376796824,-0.0171458
0.11940989540731284,-0.9250329815636897,-1.758623083178723,0.00443195
0.11940989540731284,0.01268437768295172,-2.5623808196758437,0.0300151
0.11940989540731284,0.6824824914305525,2.2601655993068808,0.0225736
0.11940989540731284,1.218320982428633,-2.4284211969263234,0.0295405
0.11940989540731284,1.4862402279276727,2.5280848448059206,0.0261224
0.11940989540731284,2.8258364554228743,1.59036748555928,0.0102671
0.2533695181568332,-2.3985888318084108,0.11681163531455896,-0.00732258
0.2533695181568332,-1.9967099635598502,1.0545289945611995,-0.0185949
0.2533695181568332,-0.9250329815636897,-1.758623083178723,0.00641124
0.2533695181568332,0.01268437768295172,1.59036748555928,0.00576077
0.2533695181568332,0.41456324593151184,-2.6963404424253636,0.0330255
0.2533695181568332,0.5485228686810322,-2.6963404424253636,0.0334542
0.2533695181568332,2.289997964424794,2.2601655993068808,0.0189196
0.2533695181568332,2.9597960781723947,-1.0888249694311223,0.0136656
0.3873291409063535,0.6824824914305525,2.2601655993068808,0.0232312
0.3873291409063535,1.3522806051781524,2.5280848448059206,0.0263165
0.3873291409063535,1.620199850677193,2.5280848448059206,0.0254259
0.3873291409063535,2.022078718925753,-1.4907038376796824,0.022189
0.3873291409063535,2.5579172099238336,1.99224635380784,0.0140492
0.3873291409063535,3.2277153236714335,1.0545289945611995,0.0105425
0.3873291409063535,3.6295941919199946,-0.15110761018448127,0.0187812
0.5212887636558721,-1.5948310953112896,1.3224482400602393,-0.0208842
0.5212887636558721,-0.12127524506656862,-2.5623808196758437,0.0294699
0.5212887636558721,1.8881190961762337,-1.6246634604292027,0.0243078
0.5212887636558721,2.022078718925753,2.394125222056401,0.0217302
0.5212887636558721,2.8258364554228743,1.59036748555928,0.00932584
0.5212887636558721,3.361674946420954,-0.820905723932082,0.0200664
0.5212887636558721,3.6295941919199946,-0.2850672329340016,0.021009
0.6552483864053924,0.2806036231819915,-2.6963404424253636,0.0326171
0.6552483864053924,2.022078718925753,-1.4907038376796824,0.0231674
0.6552483864053924,2.8258364554228743,-1.2227845921806426,0.0183459
0.6552483864053924,3.2277153236714335,1.0545289945611995,0.0108854
0.7892080091549127,0.5485228686810322,-2.6963404424253636,0.0327468
0.7892080091549127,0.6824824914305525,2.1262059765573604,0.0216645
0.7892080091549127,2.289997964424794,2.1262059765573604,0.0152496
0.7892080091549127,2.9597960781723947,1.3224482400602393,0.00789872
0.9231676319044331,-2.1306695863093705,-0.820905723932082,0.0204503
0.9231676319044331,-0.5231541133151287,-2.160501951427283,0.0213829
0.9231676319044331,0.01268437768295172,-2.5623808196758437,0.0287558
0.9231676319044331,0.41456324593151184,1.7243271083088003,0.0190509
0.9231676319044331,1.4862402279276727,-2.160501951427283,0.0274586
0.9231676319044331,3.6295941919199946,0.2507712580640784,0.0209241
1.0571272546539534,-1.9967099635598502,0.7866097490621597,0.0234217
1.0571272546539534,0.816442114180072,-2.5623808196758437,0.0308864
1.0571272546539534,2.691876832673354,1.4564078628097596,0.00494436
1.1910868774034737,-2.1306695863093705,-1.0888249694311223,0.021254
1.1910868774034737,-2.1306695863093705,0.7866097490621597,0.0380829
1.1910868774034737,-1.8627503408103303,0.9205693718116801,0.0221421
1.1910868774034737,-1.0589926043132092,1.1884886173107199,0.00124526
1.1910868774034737,-0.6571137360646491,-1.892582705928243,0.0175598
1.1910868774034737,1.218320982428633,2.1262059765573604,0.0162502
1.1910868774034737,1.7541594734267134,2.1262059765573604,0.0133832
1.1910868774034737,3.093755700921913,-0.9548653466816024,0.0205081
1.325046500152994,-1.1929522270627295,-1.6246634604292027,0.00185925
1.325046500152994,0.2806036231819915,-2.4284211969263234,0.0270442
1.325046500152994,0.6824824914305525,-2.4284211969263234,0.0281628
1.325046500152994,0.9504017369295923,1.8582867310583207,0.0118155
1.325046500152994,1.218320982428633,-2.160501951427283,0.0252849
1.325046500152994,2.1560383416752735,1.7243271083088003,0.00306743
1.325046500152994,2.289997964424794,1.59036748555928,0.0011886
1.325046500152994,2.5579172099238336,1.3224482400602393,-4.54678e-05
1.4590061229025144,-1.1929522270627295,1.1884886173107199,0.00958844
1.4590061229025144,0.6824824914305525,1.59036748555928,0.00818279
1.4590061229025144,1.8881190961762337,-1.2227845921806426,0.0137956
1.592965745652033,-2.1306695863093705,-1.4907038376796824,-0.000403835
1.592965745652033,1.7541594734267134,1.59036748555928,-0.00709899
1.592965745652033,2.1560383416752735,1.3224482400602393,-0.0108766
1.592965745652033,3.2277153236714335,0.38473088081359874,0.00931986
1.726925368401555,-2.5325484545579307,-1.2227845921806426,0.0192276
1.726925368401555,-2.2646292090588904,-1.4907038376796824,-0.000357807
1.726925368401555,-1.8627503408103303,-1.758623083178723,-0.0154303
1.726925368401555,-1.8627503408103303,1.1884886173107199,0.0272029
1.726925368401555,-1.4608714725617697,-1.892582705928243,-0.0182835
1.726925368401555,0.01268437768295172,-2.0265423286777633,0.0208162
1.726925368401555,0.5485228686810322,1.59036748555928,-0.00102421
1.726925368401555,1.3522806051781524,-1.6246634604292027,0.0135962
1.726925368401555,1.4862402279276727,-1.4907038376796824,0.0104065
1.8608849911510736,-2.934427322806491,-0.6869461011825622,0.0513896
1.8608849911510736,-2.934427322806491,0.38473088081359874,0.0706915
1.8608849911510736,-1.9967099635598502,1.1884886173107199,0.031776
1.8608849911510736,-0.3891944905656084,1.4564078628097596,0.0130822
1.8608849911510736,1.4862402279276727,-1.4907038376796824,0.00307122
1.8608849911510736,1.7541594734267134,1.4564078628097596,-0.0257277
1.8608849911510736,2.022078718925753,-1.0888249694311223,-0.0126906
1.8608849911510736,2.423957587174314,0.9205693718116801,-0.0263569
1.8608849911510736,2.5579172099238336,0.7866097490621597,-0.0229044
1.9948446139005958,-2.1306695863093705,-1.758623083178723,-0.0171315
1.9948446139005958,-0.5231541133151287,1.4564078628097596,0.0128823
1.9948446139005958,2.8258364554228743,-0.017147987434961376,-0.0182236
2.1288042366501143,-2.1306695863093705,1.1884886173107199,0.0348256
2.1288042366501143,-1.9967099635598502,-1.892582705928243,-0.024153
2.1288042366501143,-0.6571137360646491,-2.0265423286777633,-0.0125577
2.1288042366501143,0.41456324593151184,-1.892582705928243,0.0158068
2.1288042366501143,2.423957587174314,-0.820905723932082,-0.0330571
2.2627638593996346,-2.934427322806491,0.38473088081359874,0.0632536
2.2627638593996346,-2.3985888318084108,-1.6246634604292027,-0.0128174
2.2627638593996346,-0.12127524506656862,1.59036748555928,0.00423904
2.2627638593996346,0.14664400043247117,-1.892582705928243,0.012032
2.2627638593996346,1.7541594734267134,1.59036748555928,-0.0416041
2.2627638593996346,2.1560383416752735,1.3224482400602393,-0.0473982
2.2627638593996346,2.289997964424794,1.1884886173107199,-0.048794
2.396723482149155,-2.5325484545579307,-1.4907038376796824,-0.00760107
2.396723482149155,-1.8627503408103303,-2.0265423286777633,-0.0303671
2.396723482149155,0.01268437768295172,-1.892582705928243,0.00628784
2.396723482149155,0.2806036231819915,1.7243271083088003,-0.00968654
2.5306831048986753,-1.8627503408103303,1.4564078628097596,0.0259179
2.5306831048986753,-1.4608714725617697,1.59036748555928,0.0204786
2.5306831048986753,-1.0589926043132092,-2.160501951427283,-0.030278
2.5306831048986753,1.620199850677193,1.7243271083088003,-0.0427279
2.5306831048986753,2.691876832673354,0.6526501263126394,-0.0577227
2.6646427276481957,-2.5325484545579307,-1.4907038376796824,-0.0106977
2.6646427276481957,-1.8627503408103303,1.59036748555928,0.0268505
2.6646427276481957,-1.4608714725617697,1.7243271083088003,0.0226112
2.6646427276481957,-1.3269118498122494,-2.160501951427283,-0.0338365
2.6646427276481957,-0.5231541133151287,-2.0265423286777633,-0.0183983
2.6646427276481957,1.0843613596791126,-1.758623083178723,-0.0147612
2.6646427276481957,1.8881190961762337,-1.4907038376796824,-0.0377959
2.6646427276481957,2.289997964424794,1.3224482400602393,-0.0554375
2.798602350397714,-1.72879071806081,1.8582867310583207,0.0266352
2.798602350397714,0.9504017369295923,1.8582867310583207,-0.028175
2.798602350397714,2.1560383416752735,1.4564078628097596,-0.053653
2.798602350397714,2.423957587174314,1.1884886173107199,-0.0583625
2.798602350397714,2.8258364554228743,-0.017147987434961376,-0.0618153
2.798602350397714,2.8258364554228743,0.11681163531455896,-0.0622662
2.9325619731472363,-2.800467700056971,-0.820905723932082,0.0172371
2.9325619731472363,-2.5325484545579307,1.0545289945611995,0.0358322
2.9325619731472363,-0.6571137360646491,-2.0265423286777633,-0.023343
2.9325619731472363,2.1560383416752735,1.4564078628097596,-0.0534873
2.9325619731472363,2.423957587174314,1.1884886173107199,-0.0586214
2.9325619731472363,2.8258364554228743,-0.017147987434961376,-0.0633953
3.066521595896755,-2.800467700056971,-0.6869461011825622,0.0207969
3.066521595896755,-2.5325484545579307,-1.3567442149301625,-0.00741413
3.066521595896755,2.289997964424794,1.3224482400602393,-0.055589
3.200481218646275,-1.8627503408103303,-1.892582705928243,-0.0277867
3.200481218646275,-1.1929522270627295,2.2601655993068808,0.0248489
3.200481218646275,-0.6571137360646491,1.99224635380784,0.018012
3.200481218646275,-0.25523486781608806,1.7243271083088003,0.0135283
3.200481218646275,1.8881190961762337,1.59036748555928,-0.0458324
3.200481218646275,2.691876832673354,-0.5529864784330418,-0.0605712
3.3344408413957956,0.01268437768295172,1.7243271083088003,0.00914722
3.3344408413957956,1.4862402279276727,1.7243271083088003,-0.0334301
3.3344408413957956,1.7541594734267134,-1.4907038376796824,-0.0366967
3.468400464145316,-2.6665080773074505,1.59036748555928,0.0294224
3.468400464145316,-1.1929522270627295,2.394125222056401,0.0266091
3.468400464145316,-1.0589926043132092,-1.892582705928243,-0.0219865
3.468400464145316,-0.25523486781608806,-1.6246634604292027,-0.00014084
3.468400464145316,0.5485228686810322,-1.6246634604292027,-0.00144699
3.468400464145316,1.0843613596791126,-1.6246634604292027,-0.0157342
3.468400464145316,1.3522806051781524,1.7243271083088003,-0.0262247
3.468400464145316,2.691876832673354,-0.2850672329340016,-0.0600731
3.468400464145316,2.691876832673354,0.38473088081359874,-0.0608015
3.602360086894836,-2.1306695863093705,-1.4907038376796824,-0.00768203
3.602360086894836,-1.5948310953112896,-1.758623083178723,-0.0183805
3.602360086894836,0.41456324593151184,-1.6246634604292027,0.00296213
3.602360086894836,0.816442114180072,-1.6246634604292027,-0.00540307
3.602360086894836,1.620199850677193,1.59036748555928,-0.0297695
3.602360086894836,2.022078718925753,-1.2227845921806426,-0.0410017
3.7363197096443566,-2.934427322806491,-0.017147987434961376,0.0268482
3.7363197096443566,-2.934427322806491,0.11681163531455896,0.027185
3.7363197096443566,-1.9967099635598502,2.394125222056401,0.0323252
3.7363197096443566,0.2806036231819915,1.8582867310583207,0.00864336
3.7363197096443566,0.6824824914305525,1.8582867310583207,0.000682235
3.7363197096443566,2.5579172099238336,0.38473088081359874,-0.0543228
3.870279332393877,-1.9967099635598502,-1.4907038376796824,0.00115233
3.870279332393877,-1.4608714725617697,-1.6246634604292027,-0.00569571
3.870279332393877,-1.0589926043132092,-1.6246634604292027,-0.00404643
3.870279332393877,-0.12127524506656862,-1.6246634604292027,0.00829194
4.0042389551433955,-1.9967099635598502,-1.4907038376796824,0.00653249
4.0042389551433955,-0.25523486781608806,-1.6246634604292027,0.00927699
4.0042389551433955,1.3522806051781524,-1.4907038376796824,-0.00740995
4.138198577892916,-2.934427322806491,-0.6869461011825622,0.0245384
4.138198577892916,0.9504017369295923,-1.758623083178723,0.00608665
4.138198577892916,1.218320982428633,-1.6246634604292027,0.00104987
4.138198577892916,2.1560383416752735,-0.5529864784330418,-0.0324827
4.138198577892916,2.289997964424794,-0.017147987434961376,-0.0368423
4.138198577892916,2.289997964424794,0.11681163531455896,-0.0366485
4.272158200642436,-2.3985888318084108,-1.3567442149301625,0.0201183
4.272158200642436,0.2806036231819915,-1.892582705928243,0.0123649
4.272158200642436,0.6824824914305525,-1.892582705928243,0.0112839
4.272158200642436,1.0843613596791126,-1.758623083178723,0.00733693
4.272158200642436,1.8881190961762337,1.1884886173107199,-0.0114226
4.272158200642436,2.1560383416752735,0.38473088081359874,-0.0259919
4.4061178233919565,-3.068386945556011,-0.15110761018448127,0.0257796
4.4061178233919565,-2.800467700056971,1.0545289945611995,0.0214582
4.4061178233919565,-2.2646292090588904,2.1262059765573604,0.0305152
4.4061178233919565,-1.3269118498122494,2.394125222056401,0.0295188
4.4061178233919565,1.4862402279276727,-1.4907038376796824,0.0026803
4.4061178233919565,1.8881190961762337,-0.820905723932082,-0.0124123
4.540077446141477,-3.068386945556011,-0.15110761018448127,0.0265654
4.540077446141477,-1.0589926043132092,2.2601655993068808,0.0273891
4.540077446141477,-0.5231541133151287,1.99224635380784,0.0230662
4.540077446141477,-0.25523486781608806,-1.758623083178723,0.0151476
4.540077446141477,0.9504017369295923,-1.892582705928243,0.0144184
4.540077446141477,1.218320982428633,-1.758623083178723,0.0113484
4.540077446141477,2.022078718925753,-0.017147987434961376,-0.0122252
4.674037068890997,-2.1306695863093705,-1.4907038376796824,0.0247954
4.674037068890997,-1.9967099635598502,2.1262059765573604,0.0297205
4.674037068890997,1.8881190961762337,-0.6869461011825622,-0.00475134
4.8079966916405175,-0.5231541133151287,1.8582867310583207,0.023937
4.8079966916405175,-0.25523486781608806,-1.758623083178723,0.0185311
4.8079966916405175,-0.12127524506656862,1.99224635380784,0.0230047
4.8079966916405175,1.8881190961762337,-0.5529864784330418,-0.002307
4.941956314390038,-2.6665080773074505,-1.0888249694311223,0.0326026
4.941956314390038,-1.72879071806081,-1.4907038376796824,0.0255604
4.941956314390038,-1.5948310953112896,1.99224635380784,0.0277569
4.941956314390038,-0.9250329815636897,-1.3567442149301625,0.0201576
4.941956314390038,1.8881190961762337,-0.15110761018448127,-0.000645844
5.075915937139558,-2.934427322806491,-0.15110761018448127,0.0305001
5.075915937139558,-2.5325484545579307,0.7866097490621597,0.0222456
5.075915937139558,-1.0589926043132092,1.7243271083088003,0.0261882
5.075915937139558,1.4862402279276727,-1.4907038376796824,0.0150676
5.209875559889077,-2.3985888318084108,0.7866097490621597,0.0229107
5.209875559889077,-1.0589926043132092,-1.2227845921806426,0.0233391
5.209875559889077,0.2806036231819915,-1.892582705928243,0.0238076
5.209875559889077,0.6824824914305525,2.1262059765573604,0.0268941
5.209875559889077,1.8881190961762337,0.6526501263126394,0.00629489
5.209875559889077,1.8881190961762337,0.9205693718116801,0.00935217
5.343835182638597,-1.8627503408103303,1.0545289945611995,0.024516
5.343835182638597,-1.5948310953112896,1.1884886173107199,0.0259386
5.343835182638597,-0.7910733588141694,-1.0888249694311223,0.0227673
5.343835182638597,-0.5231541133151287,1.4564078628097596,0.0252961
5.343835182638597,1.0843613596791126,1.99224635380784,0.0266092
5.343835182638597,1.4862402279276727,1.7243271083088003,0.0228773
5.477794805388117,-1.0589926043132092,-0.9548653466816024,0.0251467
5.477794805388117,0.2806036231819915,-1.758623083178723,0.0250899
5.477794805388117,0.816442114180072,1.99224635380784,0.028036
5.477794805388117,1.7541594734267134,0.6526501263126394,0.01024
5.611754428137638,-1.9967099635598502,-0.9548653466816024,0.0336117
5.611754428137638,1.3522806051781524,-1.2227845921806426,0.0183783
5.611754428137638,1.4862402279276727,1.4564078628097596,0.02283
5.745714050887158,-1.0589926043132092,-0.15110761018448127,0.0258875
5.745714050887158,-0.5231541133151287,-0.4190268556835215,0.0234841
5.745714050887158,0.816442114180072,-1.4907038376796824,0.0243887
5.745714050887158,1.4862402279276727,1.1884886173107199,0.0205538
5.879673673636678,-0.25523486781608806,-0.5529864784330418,0.0215314
5.879673673636678,-0.25523486781608806,0.11681163531455896,0.0227106
5.879673673636678,-0.25523486781608806,0.2507712580640784,0.0228321
5.879673673636678,-0.12127524506656862,-0.9548653466816024,0.0226366
5.879673673636678,0.41456324593151184,-1.3567442149301625,0.0245428
5.879673673636678,0.816442114180072,1.59036748555928,0.0272746
5.879673673636678,1.218320982428633,-0.6869461011825622,0.0150278
5.879673673636678,1.218320982428633,-0.5529864784330418,0.01377
5.879673673636678,1.218320982428633,-0.4190268556835215,0.0123837
5.879673673636678,1.218320982428633,1.3224482400602393,0.0240303
5.879673673636678,1.3522806051781524,0.6526501263126394,0.0152498
6.013633296386199,0.14664400043247117,0.11681163531455896,0.0182405
6.013633296386199,0.2806036231819915,1.1884886173107199,0.0237366
6.013633296386199,1.0843613596791126,0.6526501263126394,0.0167752
