-5.814657374293313,-0.07833304379023254,-0.536747088264732,0.125173
-5.814657374293313,0.061554422046663504,-0.956409485775422,0.129585
-5.674769908456417,-0.6378829071378203,-1.0962969516123189,0.123093
-5.674769908456417,0.4812168195573534,-0.536747088264732,0.133012
-5.534882442619519,0.4812168195573534,-1.3760718832861123,0.13195
-5.394994976782623,0.7609917512311473,-0.25697215659093864,0.13838
-5.255107510945726,-0.6378829071378203,0.3025777067566482,0.0993065
-5.255107510945726,0.34132935372045736,0.3025777067566482,0.114628
-5.115220045108829,-1.1974327704854066,-1.2361844174492154,0.11763
-5.115220045108829,0.061554422046663504,-1.9356217466336991,0.117119
-5.115220045108829,0.4812168195573534,-1.7957342807968022,0.122657
-5.115220045108829,1.320541614578734,-0.536747088264732,0.176505
-5.115220045108829,2.7194162729477016,0.02280277508285522,0.170173
-4.975332579271933,-1.4772077021592005,-0.676634554101629,0.114267
-4.975332579271933,-1.4772077021592005,-0.536747088264732,0.112208
-4.975332579271933,0.34132935372045736,-1.9356217466336991,0.116811
-4.975332579271933,0.9008792170680433,-1.5159593491230092,0.13402
-4.975332579271933,1.460429080415631,-0.956409485775422,0.178509
-4.8354451134350365,-2.4564199630174777,-0.676634554101629,0.114066
-4.8354451134350365,-2.036757565506787,-0.3968596224278351,0.108564
-4.8354451134350365,-1.7569826338329935,-0.956409485775422,0.116102
-4.8354451134350365,-1.7569826338329935,-0.25697215659093864,0.106035
-4.8354451134350365,-0.07833304379023254,-2.075509212470596,0.10892
-4.8354451134350365,0.7609917512311473,0.4424651725935451,0.124627
-4.8354451134350365,1.0407666829049411,0.3025777067566482,0.142191
-4.8354451134350365,2.9991912046214946,0.16269024091975126,0.145373
-4.6955576475981395,-2.5963074288543737,-0.25697215659093864,0.108908
-4.6955576475981395,-1.1974327704854066,-1.6558468149599062,0.111406
-4.6955576475981395,-0.6378829071378203,0.862127570104235,0.0851149
-4.6955576475981395,0.7609917512311473,-1.7957342807968022,0.120526
-4.6955576475981395,1.320541614578734,-1.2361844174492154,0.159464
-4.555670181761243,-3.015969826365064,-1.0962969516123189,0.120838
-4.555670181761243,-2.8760823605281676,-0.25697215659093864,0.111058
-4.555670181761243,-2.3165324971805807,0.16269024091975126,0.0985859
-4.555670181761243,0.34132935372045736,-2.075509212470596,0.106543
-4.555670181761243,0.4812168195573534,0.862127570104235,0.103053
-4.555670181761243,1.600316546252528,1.002015035941131,0.104451
-4.415782715924347,-2.176645031343684,-1.7957342807968022,0.111458
-4.415782715924347,-1.3373202363223036,-1.7957342807968022,0.106708
-4.415782715924347,-1.0575453046485102,-1.9356217466336991,0.102783
-4.27589525008745,-0.3581079754640264,-2.2153966783074925,0.0950992
-4.27589525008745,0.9008792170680433,1.002015035941131,0.106322
-4.27589525008745,2.9991912046214946,1.002015035941131,0.0730133
-4.27589525008745,3.2789661362952884,-0.8165220199385255,0.119814
-4.136007784250553,-2.5963074288543737,0.4424651725935451,0.0948391
-4.136007784250553,1.460429080415631,-1.5159593491230092,0.135846
-4.136007784250553,2.579528807110804,-1.5159593491230092,0.11941
-4.136007784250553,2.8593037387845976,-1.3760718832861123,0.115307
-3.996120318413656,-2.036757565506787,-2.075509212470596,0.102915
-3.996120318413656,-1.8968700996698904,-2.075509212470596,0.101418
-3.996120318413656,-1.7569826338329935,-2.075509212470596,0.0999885
-3.996120318413656,-1.617095167996097,-2.075509212470596,0.0987287
-3.996120318413656,-1.4772077021592005,-2.075509212470596,0.0976652
-3.996120318413656,-0.7777703729747163,-2.2153966783074925,0.0908998
-3.996120318413656,0.34132935372045736,1.281789967614925,0.0907399
-3.996120318413656,1.1806541487418372,-1.6558468149599062,0.122044
-3.8562328525767593,-1.8968700996698904,1.002015035941131,0.0824454
-3.8562328525767593,2.9991912046214946,1.281789967614925,0.0527109
-3.7163453867398624,-2.7361948946912706,0.5823526384304412,0.0934001
-3.7163453867398624,-1.617095167996097,1.1419025017780289,0.0798758
-3.7163453867398624,-1.3373202363223036,-2.2153966783074925,0.091262
-3.7163453867398624,0.34132935372045736,-2.2153966783074925,0.0907177
-3.576457920902966,-2.4564199630174777,0.862127570104235,0.0874159
-3.576457920902966,0.061554422046663504,1.4216774334518227,0.0865037
-3.576457920902966,3.1390786704583906,-1.3760718832861123,0.0736537
-3.576457920902966,3.6986285338059783,-0.3968596224278351,0.0629845
-3.4365704550660694,-0.07833304379023254,1.4216774334518227,0.086057
-3.4365704550660694,1.600316546252528,1.5615648992887188,0.0751971
-3.4365704550660694,3.2789661362952884,1.1419025017780289,0.0443159
-3.2966829892291725,-2.8760823605281676,0.5823526384304412,0.0952001
-3.2966829892291725,-2.5963074288543737,-2.075509212470596,0.103048
-3.2966829892291725,-2.5963074288543737,0.862127570104235,0.0885149
-3.2966829892291725,-1.0575453046485102,1.281789967614925,0.0818381
-3.2966829892291725,-0.9176578388116132,1.281789967614925,0.0827007
-3.2966829892291725,0.9008792170680433,1.5615648992887188,0.0924271
-3.2966829892291725,3.6986285338059783,-0.536747088264732,0.053515
-3.1567955233922755,1.320541614578734,-1.7957342807968022,0.100815
-3.1567955233922755,1.320541614578734,1.5615648992887188,0.0876187
-3.1567955233922755,3.6986285338059783,-0.536747088264732,0.0497188
-3.016908057555379,-3.2957447580388575,-0.11708469075404171,0.112199
-3.016908057555379,-2.036757565506787,1.281789967614925,0.08109
-3.016908057555379,1.740204012089424,1.5615648992887188,0.0756432
-2.877020591718482,-3.015969826365064,-1.6558468149599062,0.109352
-2.877020591718482,-2.8760823605281676,-1.7957342807968022,0.105949
-2.877020591718482,-2.4564199630174777,1.1419025017780289,0.0847934
-2.877020591718482,0.9008792170680433,1.7014523651256148,0.0897482
-2.877020591718482,1.320541614578734,-1.7957342807968022,0.0976274
-2.877020591718482,2.9991912046214946,1.281789967614925,0.0449294
-2.877020591718482,3.4188536021321845,0.862127570104235,0.0410615
-2.877020591718482,3.6986285338059783,-0.25697215659093864,0.0433174
-2.737133125881585,-3.2957447580388575,-0.25697215659093864,0.116265
-2.737133125881585,-2.3165324971805807,1.281789967614925,0.0835663
-2.737133125881585,-1.8968700996698904,1.4216774334518227,0.0815811
-2.737133125881585,-0.07833304379023254,1.5615648992887188,0.0898832
-2.737133125881585,2.019978943763218,-1.6558468149599062,0.0795662
-2.597245660044689,-3.2957447580388575,-0.11708469075404171,0.11559
-2.597245660044689,-3.1558572922019605,0.4424651725935451,0.104301
-2.4573581942077922,-3.1558572922019605,-1.0962969516123189,0.116595
-2.4573581942077922,-0.4979954413009233,-2.075509212470596,0.0831797
-2.4573581942077922,-0.3581079754640264,1.5615648992887188,0.0919091
-2.4573581942077922,0.34132935372045736,-1.9356217466336991,0.0875713
-2.3174707283708953,-3.4356322238757544,0.02280277508285522,0.116248
-2.3174707283708953,-3.1558572922019605,0.722240104267339,0.102178
-2.3174707283708953,-2.5963074288543737,-1.7957342807968022,0.0995061
-2.3174707283708953,-2.5963074288543737,1.281789967614925,0.0897734
-2.3174707283708953,-0.9176578388116132,1.5615648992887188,0.0907809
-2.3174707283708953,-0.7777703729747163,1.5615648992887188,0.0918159
-2.3174707283708953,1.0407666829049411,-1.7957342807968022,0.0931516
-2.3174707283708953,3.1390786704583906,0.722240104267339,0.0516063
-2.3174707283708953,3.4188536021321845,-0.11708469075404171,0.0456101
-2.1775832625339993,-2.036757565506787,-2.075509212470596,0.0895408
-2.1775832625339993,0.4812168195573534,-1.7957342807968022,0.0908497
-2.1775832625339993,0.7609917512311473,-1.7957342807968022,0.0915483
-2.1775832625339993,2.7194162729477016,-1.0962969516123189,0.0606317
-2.1775832625339993,3.1390786704583906,-0.676634554101629,0.0515107
-2.1775832625339993,3.2789661362952884,0.02280277508285522,0.0503127
-2.0376957966971014,-2.176645031343684,1.5615648992887188,0.0905315
-2.0376957966971014,0.20144188788355955,1.9812272967994087,0.094718
-1.8978083308602054,-3.2957447580388575,-1.0962969516123189,0.117809
-1.8978083308602054,-3.015969826365064,-1.3760718832861123,0.110654
-1.8978083308602054,-1.7569826338329935,1.7014523651256148,0.0928825
-1.8978083308602054,-1.3373202363223036,-2.075509212470596,0.0854876
-1.8978083308602054,-0.3581079754640264,-1.6558468149599062,0.0943754
-1.7579208650233094,-2.8760823605281676,-1.5159593491230092,0.106778
-1.7579208650233094,-2.176645031343684,-1.9356217466336991,0.0924175
-1.7579208650233094,-1.1974327704854066,1.8413398309625126,0.0998688
-1.7579208650233094,0.4812168195573534,-1.6558468149599062,0.0926854
-1.7579208650233094,2.579528807110804,0.862127570104235,0.0975006
-1.6180333991864115,-1.0575453046485102,-1.9356217466336991,0.0884487
-1.6180333991864115,-0.6378829071378203,1.9812272967994087,0.109474
-1.4781459333495155,-3.715407155549548,-0.676634554101629,0.127849
-1.4781459333495155,-3.4356322238757544,-1.0962969516123189,0.121526
-1.4781459333495155,-0.7777703729747163,-1.7957342807968022,0.0920578
-1.4781459333495155,1.740204012089424,1.8413398309625126,0.104867
-1.4781459333495155,2.7194162729477016,0.4424651725935451,0.104293
-1.3382584675126177,-3.2957447580388575,-1.2361844174492154,0.119308
-1.3382584675126177,-1.3373202363223036,-1.9356217466336991,0.091799
-1.3382584675126177,1.880091477926321,-1.0962969516123189,0.0972732
-1.1983710016757216,-3.4356322238757544,-1.0962969516123189,0.124352
-1.1983710016757216,-2.7361948946912706,1.281789967614925,0.113783
-1.1983710016757216,-0.21822050962713035,2.1211147626363056,0.136747
-1.1983710016757216,0.20144188788355955,2.1211147626363056,0.130716
-1.0584835358388256,2.4396413412739077,-0.3968596224278351,0.109345
-1.0584835358388256,2.7194162729477016,0.16269024091975126,0.115589
-0.9185960700019278,-3.4356322238757544,0.722240104267339,0.130903
-0.9185960700019278,-3.2957447580388575,0.862127570104235,0.12852
-0.9185960700019278,-1.3373202363223036,-1.7957342807968022,0.101376
-0.9185960700019278,-1.1974327704854066,1.9812272967994087,0.141059
-0.9185960700019278,0.6211042853942512,2.1211147626363056,0.134732
-0.7787086041650317,-3.575519689712651,0.4424651725935451,0.136235
-0.7787086041650317,-2.7361948946912706,1.1419025017780289,0.128074
-0.7787086041650317,-2.4564199630174777,1.281789967614925,0.127956
-0.7787086041650317,-1.7569826338329935,1.7014523651256148,0.134151
-0.7787086041650317,-0.6378829071378203,-1.6558468149599062,0.108222
-0.7787086041650317,-0.4979954413009233,2.5407771601469955,0.190124
-0.7787086041650317,0.34132935372045736,-1.5159593491230092,0.107214
-0.7787086041650317,0.34132935372045736,2.5407771601469955,0.175022
-0.6388211383281348,-3.4356322238757544,-0.8165220199385255,0.134605
-0.6388211383281348,-2.8760823605281676,1.002015035941131,0.133538
-0.6388211383281348,-1.617095167996097,-1.6558468149599062,0.111065
-0.6388211383281348,-0.9176578388116132,-1.6558468149599062,0.112655
-0.6388211383281348,0.9008792170680433,-1.3760718832861123,0.110927
-0.6388211383281348,1.740204012089424,-0.956409485775422,0.112499
-0.4989336724912379,-2.7361948946912706,-1.2361844174492154,0.124407
-0.4989336724912379,-1.8968700996698904,-1.5159593491230092,0.117192
-0.4989336724912379,-1.1974327704854066,2.1211147626363056,0.168087
-0.4989336724912379,-0.7777703729747163,2.8205520918207894,0.201929
-0.4989336724912379,0.9008792170680433,2.4008896943100995,0.143951
-0.35904620665434095,-3.4356322238757544,-0.11708469075404171,0.143594
-0.35904620665434095,-2.7361948946912706,1.002015035941131,0.142491
-0.35904620665434095,0.4812168195573534,3.1003270234945832,0.195164
-0.35904620665434095,2.019978943763218,-0.536747088264732,0.125748
-0.35904620665434095,2.159866409600114,-0.3968596224278351,0.127274
-0.35904620665434095,2.159866409600114,1.4216774334518227,0.12827
-0.35904620665434095,2.579528807110804,0.4424651725935451,0.13385
-0.35904620665434095,2.579528807110804,0.5823526384304412,0.134479
-0.2191587408174449,-3.1558572922019605,-0.536747088264732,0.142473
-0.2191587408174449,-1.617095167996097,1.9812272967994087,0.158654
-0.2191587408174449,-0.07833304379023254,3.3801019551683753,0.212663
-0.2191587408174449,1.600316546252528,1.7014523651256148,0.114218
-0.2191587408174449,2.159866409600114,-0.25697215659093864,0.132912
-0.07927127498054798,-3.015969826365064,0.3025777067566482,0.149725
-0.07927127498054798,-2.7361948946912706,-0.676634554101629,0.142699
-0.07927127498054798,-2.036757565506787,1.8413398309625126,0.150225
-0.07927127498054798,-1.1974327704854066,2.6806646259838924,0.182802
-0.07927127498054798,0.061554422046663504,-1.5159593491230092,0.144152
-0.07927127498054798,1.0407666829049411,-1.2361844174492154,0.1417
-0.07927127498054798,1.1806541487418372,2.5407771601469955,0.130235
-0.07927127498054798,1.460429080415631,1.9812272967994087,0.106986
-0.07927127498054798,1.880091477926321,-0.3968596224278351,0.137847
-0.07927127498054798,2.2997538754370117,0.862127570104235,0.13654
0.06061619085634895,-2.176645031343684,1.8413398309625126,0.149903
0.06061619085634895,-1.7569826338329935,-1.0962969516123189,0.149762
0.06061619085634895,-1.4772077021592005,2.2610022284732025,0.165739
0.06061619085634895,-1.0575453046485102,-1.6558468149599062,0.151773
0.06061619085634895,-0.07833304379023254,-1.6558468149599062,0.149934
0.06061619085634895,0.6211042853942512,-1.5159593491230092,0.147144
0.06061619085634895,1.460429080415631,-0.956409485775422,0.14943
0.06061619085634895,2.159866409600114,0.722240104267339,0.138459
0.200503656693245,-2.8760823605281676,1.1419025017780289,0.151655
0.200503656693245,-2.7361948946912706,1.4216774334518227,0.150242
0.200503656693245,-1.3373202363223036,-1.6558468149599062,0.15717
0.200503656693245,-0.07833304379023254,3.519989421005273,0.201697
0.200503656693245,1.740204012089424,-0.25697215659093864,0.150941
0.200503656693245,1.740204012089424,1.1419025017780289,0.120961
0.200503656693245,1.880091477926321,0.16269024091975126,0.14581
0.3403911225301428,-2.4564199630174777,-0.3968596224278351,0.157497
0.3403911225301428,-1.0575453046485102,3.1003270234945832,0.177693
0.3403911225301428,-0.9176578388116132,-2.075509212470596,0.160864
0.3403911225301428,-0.4979954413009233,-2.075509212470596,0.157844
0.3403911225301428,0.061554422046663504,3.519989421005273,0.194704
0.3403911225301428,1.740204012089424,-0.676634554101629,0.160009
0.48027858836703885,-1.1974327704854066,2.9604395576576854,0.164057
0.48027858836703885,-0.9176578388116132,-2.2153966783074925,0.163927
0.48027858836703885,-0.07833304379023254,-2.075509212470596,0.156544
0.48027858836703885,1.320541614578734,2.6806646259838924,0.115749
0.6201660542039349,-3.015969826365064,0.862127570104235,0.156692
0.6201660542039349,-2.176645031343684,1.9812272967994087,0.151754
0.6201660542039349,-1.7569826338329935,-1.6558468149599062,0.169182
0.6201660542039349,-0.9176578388116132,3.2402144893314793,0.166978
0.6201660542039349,0.4812168195573534,3.3801019551683753,0.169371
0.6201660542039349,1.460429080415631,0.5823526384304412,0.138466
0.6201660542039349,1.600316546252528,1.002015035941131,0.114466
0.6201660542039349,1.600316546252528,2.2610022284732025,0.0957736
0.6201660542039349,1.880091477926321,-0.676634554101629,0.167005
0.7600535200408327,-3.015969826365064,0.722240104267339,0.158714
0.7600535200408327,-2.8760823605281676,0.16269024091975126,0.161078
0.7600535200408327,-2.5963074288543737,1.7014523651256148,0.153796
0.7600535200408327,1.460429080415631,0.5823526384304412,0.13954
0.7600535200408327,1.600316546252528,-1.5159593491230092,0.166655
0.7600535200408327,1.600316546252528,1.002015035941131,0.114065
0.7600535200408327,1.740204012089424,0.02280277508285522,0.162012
0.8999409858777287,1.320541614578734,-1.7957342807968022,0.164146
0.8999409858777287,1.460429080415631,0.5823526384304412,0.141721
1.0398284517146257,-2.8760823605281676,0.3025777067566482,0.164568
1.0398284517146257,-2.3165324971805807,1.8413398309625126,0.154472
1.0398284517146257,-2.036757565506787,1.9812272967994087,0.151343
1.0398284517146257,1.460429080415631,0.5823526384304412,0.144845
1.0398284517146257,1.460429080415631,2.5407771601469955,0.098571
1.1797159175515217,-0.3581079754640264,-2.495171609981286,0.168229
1.1797159175515217,-0.21822050962713035,3.3801019551683753,0.140444
1.1797159175515217,0.34132935372045736,-2.2153966783074925,0.161144
1.3196033833884195,0.061554422046663504,-2.355284144144389,0.164928
1.3196033833884195,0.7609917512311473,3.1003270234945832,0.118828
1.3196033833884195,1.460429080415631,0.862127570104235,0.135242
1.3196033833884195,1.600316546252528,0.3025777067566482,0.165681
1.3196033833884195,1.600316546252528,2.1211147626363056,0.0945494
1.4594908492253156,-2.7361948946912706,0.5823526384304412,0.171538
1.4594908492253156,-1.617095167996097,-2.2153966783074925,0.181861
1.4594908492253156,-1.4772077021592005,2.4008896943100995,0.125182
1.4594908492253156,-1.0575453046485102,2.9604395576576854,0.116974
1.4594908492253156,0.061554422046663504,-2.355284144144389,0.166947
1.5993783150622134,-2.5963074288543737,1.002015035941131,0.171411
1.5993783150622134,-2.036757565506787,-1.2361844174492154,0.185515
1.5993783150622134,-2.036757565506787,-0.8165220199385255,0.189387
1.5993783150622134,-2.036757565506787,-0.676634554101629,0.191025
1.5993783150622134,-1.8968700996698904,-1.7957342807968022,0.184174
1.5993783150622134,-1.8968700996698904,1.7014523651256148,0.159527
1.5993783150622134,-1.4772077021592005,2.2610022284732025,0.127908
1.5993783150622134,-1.0575453046485102,-2.495171609981286,0.1804
1.5993783150622134,-0.21822050962713035,3.2402144893314793,0.116221
1.5993783150622134,-0.07833304379023254,3.2402144893314793,0.116461
1.5993783150622134,1.460429080415631,1.1419025017780289,0.132595
1.7392657808991094,1.460429080415631,1.4216774334518227,0.126603
1.8791532467360055,-1.1974327704854066,-2.355284144144389,0.184975
1.8791532467360055,-1.0575453046485102,2.6806646259838924,0.112588
2.0190407125729015,-1.8968700996698904,-1.0962969516123189,0.199372
2.0190407125729015,-1.617095167996097,1.281789967614925,0.189675
2.0190407125729015,-1.1974327704854066,2.2610022284732025,0.126623
2.0190407125729015,0.7609917512311473,-1.9356217466336991,0.178071
2.0190407125729015,1.320541614578734,-1.6558468149599062,0.179514
2.1589281784097993,-1.0575453046485102,2.2610022284732025,0.128603
2.1589281784097993,0.7609917512311473,-1.9356217466336991,0.179909
2.298815644246697,-2.036757565506787,0.02280277508285522,0.232933
2.298815644246697,-1.8968700996698904,-0.536747088264732,0.226963
2.298815644246697,-1.3373202363223036,-1.9356217466336991,0.195005
2.298815644246697,-0.7777703729747163,-2.2153966783074925,0.190422
2.298815644246697,0.061554422046663504,-2.2153966783074925,0.183846
2.298815644246697,0.20144188788355955,2.6806646259838924,0.116838
2.298815644246697,1.1806541487418372,1.4216774334518227,0.187348
2.438703110083593,-2.036757565506787,-0.25697215659093864,0.236084
2.438703110083593,-1.617095167996097,-1.2361844174492154,0.211583
2.5785905759204892,-2.036757565506787,-0.3968596224278351,0.237706
2.5785905759204892,-1.617095167996097,-1.0962969516123189,0.220142
2.5785905759204892,-1.0575453046485102,1.5615648992887188,0.199728
2.5785905759204892,-0.7777703729747163,-2.075509212470596,0.196416
2.5785905759204892,-0.07833304379023254,2.2610022284732025,0.155387
2.5785905759204892,0.9008792170680433,-2.2153966783074925,0.17112
2.5785905759204892,1.1806541487418372,1.4216774334518227,0.211272
2.5785905759204892,2.159866409600114,-1.5159593491230092,0.175233
2.5785905759204892,2.2997538754370117,-0.536747088264732,0.182412
2.7184780417573853,-0.9176578388116132,-1.9356217466336991,0.200535
2.7184780417573853,0.061554422046663504,2.1211147626363056,0.184655
2.7184780417573853,0.6211042853942512,-2.495171609981286,0.171091
2.7184780417573853,0.9008792170680433,-2.355284144144389,0.168316
2.7184780417573853,1.1806541487418372,-2.2153966783074925,0.166646
2.7184780417573853,1.1806541487418372,1.4216774334518227,0.218566
2.858365507594283,2.159866409600114,-1.7957342807968022,0.169828
2.858365507594283,2.4396413412739077,-0.3968596224278351,0.179866
2.998252973431181,-2.176645031343684,-0.25697215659093864,0.2458
2.998252973431181,-0.7777703729747163,1.7014523651256148,0.209758
2.998252973431181,-0.21822050962713035,-2.7749465416550794,0.179777
2.998252973431181,0.4812168195573534,-2.7749465416550794,0.17037
2.998252973431181,1.600316546252528,0.4424651725935451,0.204652
3.138140439268077,-2.176645031343684,-0.25697215659093864,0.246823
3.138140439268077,-0.7777703729747163,-2.495171609981286,0.18626
3.138140439268077,-0.6378829071378203,-2.635059075818183,0.183649
3.138140439268077,2.579528807110804,-1.3760718832861123,0.172945
3.278027905104973,-1.4772077021592005,1.281789967614925,0.226268
3.278027905104973,-0.21822050962713035,-2.9148340074919763,0.177508
3.278027905104973,2.2997538754370117,0.02280277508285522,0.178091
3.417915370941869,-1.0575453046485102,-2.2153966783074925,0.188299
3.417915370941869,1.740204012089424,0.4424651725935451,0.192163
3.417915370941869,2.019978943763218,-2.075509212470596,0.164056
3.417915370941869,2.4396413412739077,-0.11708469075404171,0.174902
3.557802836778765,-1.1974327704854066,-1.7957342807968022,0.195055
3.557802836778765,-0.9176578388116132,1.4216774334518227,0.218703
3.557802836778765,-0.21822050962713035,1.7014523651256148,0.22043
3.557802836778765,0.9008792170680433,-2.7749465416550794,0.164324
3.6976903026156647,-2.036757565506787,-0.11708469075404171,0.248276
3.6976903026156647,-1.3373202363223036,-1.0962969516123189,0.22088
3.6976903026156647,1.740204012089424,-2.2153966783074925,0.162821
3.6976903026156647,2.2997538754370117,0.02280277508285522,0.173108
3.8375777684525607,-1.1974327704854066,-1.7957342807968022,0.189547
3.8375777684525607,-0.6378829071378203,-2.7749465416550794,0.177587
3.8375777684525607,1.460429080415631,0.722240104267339,0.19359
3.9774652342894568,-1.617095167996097,0.722240104267339,0.235892
3.9774652342894568,-1.4772077021592005,-0.676634554101629,0.230192
3.9774652342894568,-1.1974327704854066,-1.6558468149599062,0.189896
3.9774652342894568,-1.0575453046485102,-2.2153966783074925,0.18036
3.9774652342894568,-0.4979954413009233,1.281789967614925,0.212195
3.9774652342894568,0.20144188788355955,1.4216774334518227,0.211643
3.9774652342894568,0.34132935372045736,1.4216774334518227,0.210752
3.9774652342894568,2.579528807110804,-1.0962969516123189,0.168378
4.117352700126353,-1.617095167996097,-0.25697215659093864,0.235022
4.117352700126353,-1.1974327704854066,-1.3760718832861123,0.194626
4.117352700126353,-1.1974327704854066,0.862127570104235,0.22294
4.117352700126353,-0.9176578388116132,1.002015035941131,0.215357
4.117352700126353,-0.21822050962713035,1.281789967614925,0.205341
4.117352700126353,0.4812168195573534,1.4216774334518227,0.199758
4.257240165963249,-1.3373202363223036,0.5823526384304412,0.222952
4.257240165963249,2.4396413412739077,-0.956409485775422,0.166292
4.257240165963249,2.4396413412739077,-0.8165220199385255,0.16625
4.397127631800148,-1.4772077021592005,-0.25697215659093864,0.214373
4.397127631800148,-1.3373202363223036,0.4424651725935451,0.214299
4.397127631800148,0.7609917512311473,-2.635059075818183,0.165632
4.397127631800148,1.880091477926321,-1.7957342807968022,0.16708
4.397127631800148,2.2997538754370117,-0.536747088264732,0.164593
4.5370150976370445,-1.0575453046485102,-1.5159593491230092,0.178447
4.5370150976370445,-0.9176578388116132,0.862127570104235,0.191718
4.5370150976370445,1.320541614578734,1.5615648992887188,0.171099
4.5370150976370445,2.019978943763218,-1.5159593491230092,0.165845
4.6769025634739405,-1.1974327704854066,-1.2361844174492154,0.178934
4.6769025634739405,1.1806541487418372,1.7014523651256148,0.168782
4.6769025634739405,1.460429080415631,1.5615648992887188,0.166881
4.6769025634739405,2.019978943763218,-1.3760718832861123,0.16415
4.6769025634739405,2.159866409600114,-0.956409485775422,0.162185
4.8167900293108366,-1.617095167996097,-0.536747088264732,0.185491
4.8167900293108366,-1.0575453046485102,0.862127570104235,0.176665
4.8167900293108366,-0.7777703729747163,-1.7957342807968022,0.168154
4.8167900293108366,0.6211042853942512,-2.355284144144389,0.165768
4.8167900293108366,1.320541614578734,1.7014523651256148,0.165391
4.8167900293108366,1.880091477926321,-1.5159593491230092,0.16341
4.8167900293108366,2.159866409600114,-0.536747088264732,0.156614
4.956677495147733,0.6211042853942512,1.8413398309625126,0.163249
4.956677495147733,0.7609917512311473,-2.2153966783074925,0.164869
4.956677495147733,2.019978943763218,1.002015035941131,0.153582
4.956677495147733,2.159866409600114,-0.676634554101629,0.153887
4.956677495147733,2.159866409600114,-0.11708469075404171,0.150014
4.956677495147733,2.159866409600114,0.02280277508285522,0.149088
5.09656496098463,2.159866409600114,-0.8165220199385255,0.15158
5.09656496098463,2.159866409600114,0.4424651725935451,0.145946
5.236452426821528,-1.1974327704854066,-1.3760718832861123,0.160903
5.236452426821528,-1.1974327704854066,0.862127570104235,0.162532
5.236452426821528,-0.7777703729747163,1.1419025017780289,0.154529
5.236452426821528,1.460429080415631,1.7014523651256148,0.158174
5.236452426821528,2.019978943763218,-1.3760718832861123,0.153974
5.236452426821528,2.159866409600114,-0.956409485775422,0.149967
5.376339892658424,-0.7777703729747163,-1.6558468149599062,0.153649
5.376339892658424,1.740204012089424,-1.7957342807968022,0.155763
5.376339892658424,2.159866409600114,0.4424651725935451,0.140982
5.51622735849532,0.20144188788355955,1.7014523651256148,0.149756
5.51622735849532,0.7609917512311473,1.8413398309625126,0.153947
5.51622735849532,0.9008792170680433,1.8413398309625126,0.154292
5.51622735849532,1.600316546252528,-1.9356217466336991,0.155272
5.656114824332216,-1.7569826338329935,-0.536747088264732,0.163658
5.656114824332216,-1.7569826338329935,0.02280277508285522,0.164701
5.656114824332216,-1.4772077021592005,0.5823526384304412,0.15945
5.796002290169114,-1.7569826338329935,-0.25697215659093864,0.162473
5.796002290169114,0.4812168195573534,1.7014523651256148,0.147215
5.796002290169114,2.019978943763218,-1.5159593491230092,0.150768
5.93588975600601,-1.0575453046485102,-1.3760718832861123,0.145506
5.93588975600601,0.34132935372045736,-2.075509212470596,0.145156
5.93588975600601,2.019978943763218,0.3025777067566482,0.132981
5.93588975600601,2.159866409600114,-0.3968596224278351,0.136546
6.075777221842908,-1.617095167996097,-0.536747088264732,0.155855
6.075777221842908,-1.617095167996097,0.02280277508285522,0.156623
6.075777221842908,0.7609917512311473,1.5615648992887188,0.1439
6.075777221842908,1.320541614578734,1.4216774334518227,0.144076
6.075777221842908,1.740204012089424,-1.7957342807968022,0.152929
6.075777221842908,2.159866409600114,-0.676634554101629,0.140054
6.215664687679804,-1.4772077021592005,0.16269024091975126,0.153067
6.215664687679804,-0.7777703729747163,-1.3760718832861123,0.138353
6.215664687679804,0.7609917512311473,1.4216774334518227,0.141217
6.215664687679804,1.0407666829049411,-2.075509212470596,0.150479
6.215664687679804,1.880091477926321,0.16269024091975126,0.131084
6.215664687679804,2.019978943763218,-0.25697215659093864,0.134293
6.355552153516702,0.061554422046663504,1.002015035941131,0.135345
6.355552153516702,0.34132935372045736,1.1419025017780289,0.136167
6.355552153516702,1.600316546252528,0.5823526384304412,0.132024
6.355552153516702,1.740204012089424,-1.6558468149599062,0.151611
6.355552153516702,2.019978943763218,-0.536747088264732,0.138235
6.495439619353598,-1.1974327704854066,-0.676634554101629,0.144477
6.495439619353598,-0.9176578388116132,0.4424651725935451,0.14165
6.495439619353598,-0.7777703729747163,-1.0962969516123189,0.136579
6.495439619353598,-0.6378829071378203,0.5823526384304412,0.138072
6.495439619353598,0.061554422046663504,-1.6558468149599062,0.136218
6.495439619353598,0.7609917512311473,-1.9356217466336991,0.146544
6.495439619353598,1.460429080415631,0.4424651725935451,0.130644
6.635327085190494,-0.9176578388116132,0.16269024091975126,0.141002
6.635327085190494,-0.6378829071378203,-0.956409485775422,0.134539
6.635327085190494,-0.07833304379023254,-1.3760718832861123,0.133165
6.775214551027392,-0.6378829071378203,-0.536747088264732,0.13513
6.775214551027392,-0.21822050962713035,-0.956409485775422,0.131244
6.775214551027392,0.34132935372045736,-1.5159593491230092,0.137988
6.915102016864288,0.20144188788355955,-0.25697215659093864,0.131746
6.915102016864288,0.4812168195573534,-0.11708469075404171,0.131959
6.915102016864288,0.9008792170680433,-0.11708469075404171,0.131911
6.915102016864288,1.1806541487418372,-0.25697215659093864,0.133364
6.915102016864288,1.320541614578734,-0.3968596224278351,0.135449
7.054989482701186,0.6211042853942512,-0.8165220199385255,0.135328
7.054989482701186,1.0407666829049411,-0.956409485775422,0.140342
