-6.538425742338223,-0.5745171115071432,0.4427255277800297,0.101986
-6.538425742338223,-0.0778181543665557,-0.05397342936055782,0.101535
-6.207293104244497,-0.0778181543665557,-1.047371343641733,0.101857
-6.207293104244497,0.08774816468030622,0.7738581658737544,0.0951042
-6.0417267851976355,-0.0778181543665557,1.270557123014342,0.0971382
-6.0417267851976355,0.41888080277403184,-0.7162387055480082,0.0971951
-6.0417267851976355,0.5844471218208938,-0.05397342936055782,0.0972991
-6.0417267851976355,0.5844471218208938,0.11159288968630499,0.0970695
-5.876160466150773,0.7500134408677566,-0.21953974840742063,0.0976694
-5.876160466150773,0.7500134408677566,0.6082918468268925,0.097629
-5.71059414710391,0.5844471218208938,-1.047371343641733,0.0966864
-5.71059414710391,0.9155797599146194,-0.38510606745428255,0.0979415
-5.71059414710391,0.9155797599146194,0.9394244849206173,0.10064
-5.545027828057048,-0.9056497496008689,-1.5440703007823204,0.104252
-5.545027828057048,-0.2433844734134185,-1.5440703007823204,0.0976169
-5.545027828057048,1.0811460789614813,0.7738581658737544,0.100417
-5.379461509010185,-2.0646139829289067,0.2771592087331669,0.11704
-5.379461509010185,0.9155797599146194,-1.2129376626885957,0.102112
-5.379461509010185,1.246712398008344,-0.21953974840742063,0.10017
-5.213895189963322,-1.0712160686477308,-1.5440703007823204,0.10526
-5.04832887091646,-0.2433844734134185,-1.7096366198291832,0.0978181
-4.882762551869598,-2.2301803019757687,-0.5506723865011454,0.126152
-4.882762551869598,-2.2301803019757687,1.270557123014342,0.12128
-4.882762551869598,-1.899047663882044,-1.047371343641733,0.120477
-4.717196232822735,-2.0646139829289067,-1.047371343641733,0.122813
-4.717196232822735,-1.5679150257883192,-1.3785039817354585,0.116286
-4.551629913775873,-1.899047663882044,-1.3785039817354585,0.120239
-4.551629913775873,-0.5745171115071432,-1.7096366198291832,0.102433
-4.551629913775873,-0.5745171115071432,2.098388718248655,0.113895
-4.38606359472901,-1.7334813448351811,1.7672560801549295,0.119209
-4.38606359472901,0.253314483727169,-1.8752029388760456,0.104471
-4.220497275682147,-3.0580118972100814,1.4361234420612048,0.127386
-4.220497275682147,-2.7268792591163566,-1.047371343641733,0.119747
-4.220497275682147,0.9155797599146194,1.7672560801549295,0.117359
-4.054930956635285,-3.0580118972100814,-0.38510606745428255,0.117062
-4.054930956635285,-2.2301803019757687,1.9328223992017923,0.122912
-4.054930956635285,-0.4089507924602813,-1.7096366198291832,0.101979
-4.054930956635285,0.5844471218208938,1.9328223992017923,0.117563
-3.8893646375884225,-1.7334813448351811,1.9328223992017923,0.119537
-3.8893646375884225,1.5778450361020697,-0.7162387055480082,0.123586
-3.7237983185415597,-0.0778181543665557,-1.7096366198291832,0.0960512
-3.558231999494698,-3.223578216256944,-0.21953974840742063,0.115676
-3.558231999494698,-2.0646139829289067,-2.0407692579229084,0.121708
-3.558231999494698,-0.2433844734134185,1.7672560801549295,0.109829
-3.558231999494698,0.253314483727169,-1.7096366198291832,0.0934298
-3.558231999494698,0.9155797599146194,0.9394244849206173,0.1141
-3.558231999494698,1.412278717055207,-0.5506723865011454,0.125107
-3.392665680447835,-3.0580118972100814,-1.047371343641733,0.119629
-3.392665680447835,-2.2301803019757687,1.9328223992017923,0.121649
-3.392665680447835,-1.899047663882044,1.9328223992017923,0.119136
-3.392665680447835,-0.9056497496008689,-1.8752029388760456,0.095519
-3.392665680447835,-0.2433844734134185,1.7672560801549295,0.104933
-3.392665680447835,0.9155797599146194,0.6082918468268925,0.118813
-3.392665680447835,1.246712398008344,-0.21953974840742063,0.12507
-3.227099361400972,-3.223578216256944,-0.05397342936055782,0.117089
-3.227099361400972,-0.5745171115071432,-2.0407692579229084,0.0743572
-3.227099361400972,-0.0778181543665557,1.7672560801549295,0.100045
-3.227099361400972,1.0811460789614813,-0.881805024594871,0.11962
-3.227099361400972,1.0811460789614813,-0.21953974840742063,0.127987
-3.0615330423541103,-0.2433844734134185,1.9328223992017923,0.0939364
-2.8959667233072475,-1.7334813448351811,-2.0407692579229084,0.111584
-2.8959667233072475,-0.2433844734134185,-2.537468215063496,0.0635364
-2.564834085213522,-1.899047663882044,-1.8752029388760456,0.113201
-2.39926776616666,-2.7268792591163566,-0.7162387055480082,0.12778
-2.39926776616666,-2.7268792591163566,0.2771592087331669,0.127986
-2.39926776616666,-1.0712160686477308,-2.537468215063496,0.0669651
-2.39926776616666,1.412278717055207,-0.881805024594871,0.127018
-2.233701447119797,-2.561312940069494,-0.5506723865011454,0.132275
-2.233701447119797,0.9155797599146194,0.9394244849206173,0.147872
-2.0681351280729343,-2.561312940069494,0.2771592087331669,0.127816
-2.0681351280729343,1.412278717055207,1.4361234420612048,0.144723
-2.0681351280729343,1.5778450361020697,-1.5440703007823204,0.123816
-2.0681351280729343,1.5778450361020697,-0.05397342936055782,0.167468
-2.0681351280729343,1.5778450361020697,1.6016897611080676,0.142888
-2.0681351280729343,1.7434113551489316,2.263955037295518,0.136757
-2.0681351280729343,1.9089776741957936,-0.5506723865011454,0.1603
-2.0681351280729343,2.0745439932426573,-0.5506723865011454,0.161993
-1.9025688090260724,-2.2301803019757687,-0.5506723865011454,0.139486
-1.9025688090260724,-1.5679150257883192,2.098388718248655,0.0873961
-1.9025688090260724,-0.2433844734134185,2.595087675389242,0.104375
-1.9025688090260724,0.253314483727169,2.9262203134829674,0.113059
-1.9025688090260724,1.246712398008344,0.6082918468268925,0.172576
-1.9025688090260724,1.412278717055207,0.4427255277800297,0.173486
-1.9025688090260724,2.7368092694301067,0.11159288968630499,0.163998
-1.7370024899792096,1.7434113551489316,-1.3785039817354585,0.150202
-1.7370024899792096,1.9089776741957936,-1.2129376626885957,0.159003
-1.7370024899792096,2.7368092694301067,-0.881805024594871,0.169669
-1.5714361709323468,-2.2301803019757687,-0.5506723865011454,0.142076
-1.5714361709323468,2.0745439932426573,0.9394244849206173,0.159973
-1.5714361709323468,3.0679419075238323,-2.8686008531572207,0.157444
-1.4058698518854849,-2.7268792591163566,-0.5506723865011454,0.136807
-1.4058698518854849,-2.2301803019757687,1.270557123014342,0.104528
-1.4058698518854849,-1.4023487067414564,2.42952135634238,0.113658
-1.4058698518854849,-0.4089507924602813,3.257352951576693,0.113438
-1.4058698518854849,2.240110312289519,-1.5440703007823204,0.178869
-1.4058698518854849,3.0679419075238323,-1.2129376626885957,0.175314
-1.4058698518854849,3.233508226570696,-0.5506723865011454,0.167973
-1.240303532838622,-2.3957466210226315,-0.881805024594871,0.130678
-1.240303532838622,-1.7334813448351811,1.7672560801549295,0.103005
-1.240303532838622,-1.5679150257883192,2.263955037295518,0.115338
-1.240303532838622,1.7434113551489316,-2.371901896016633,0.183649
-1.240303532838622,2.240110312289519,1.7672560801549295,0.138904
-1.240303532838622,2.405676631336381,-3.0341671722040835,0.159666
-1.240303532838622,4.061339821805007,-2.8686008531572207,0.157727
-1.240303532838622,4.226906140851869,-2.537468215063496,0.160913
-1.0747372137917592,-3.3891445353038065,0.4427255277800297,0.132808
-1.0747372137917592,3.233508226570696,0.4427255277800297,0.154003
-1.0747372137917592,3.399074545617556,-0.21953974840742063,0.162972
-0.9091708947448973,-3.554710854350669,0.11159288968630499,0.131511
-0.9091708947448973,-2.0646139829289067,-1.2129376626885957,0.11818
-0.9091708947448973,-1.7334813448351811,1.6016897611080676,0.115005
-0.9091708947448973,-1.5679150257883192,-1.7096366198291832,0.0988244
-0.9091708947448973,-1.4023487067414564,-2.0407692579229084,0.0893417
-0.9091708947448973,1.412278717055207,3.422919270623555,0.124643
-0.9091708947448973,3.399074545617556,0.11159288968630499,0.156807
-0.7436045756980345,-3.223578216256944,-0.881805024594871,0.120635
-0.7436045756980345,-1.899047663882044,1.4361234420612048,0.118233
-0.7436045756980345,-1.4023487067414564,-1.8752029388760456,0.0954866
-0.7436045756980345,1.0811460789614813,3.588485589670417,0.123706
-0.7436045756980345,1.7434113551489316,3.257352951576693,0.125684
-0.7436045756980345,2.7368092694301067,1.270557123014342,0.136089
-0.7436045756980345,3.0679419075238323,0.9394244849206173,0.13898
-0.7436045756980345,3.399074545617556,-3.6964324483915334,0.147611
-0.5780382566511717,-2.561312940069494,-1.3785039817354585,0.107673
-0.5780382566511717,-1.4023487067414564,-1.7096366198291832,0.102288
-0.5780382566511717,-0.2433844734134185,-2.7030345341103583,0.132778
-0.5780382566511717,0.5844471218208938,-3.0341671722040835,0.191003
-0.5780382566511717,2.405676631336381,2.098388718248655,0.126246
-0.4124719376043098,-3.7202771733975317,0.2771592087331669,0.126092
-0.4124719376043098,-2.2301803019757687,-1.5440703007823204,0.103251
-0.4124719376043098,-1.899047663882044,1.6016897611080676,0.119084
-0.4124719376043098,1.7434113551489316,-3.6964324483915334,0.170226
-0.4124719376043098,3.730207183711282,-3.6964324483915334,0.149816
-0.4124719376043098,4.392472459898733,-1.5440703007823204,0.155303
-0.24690561855744697,-3.7202771733975317,0.4427255277800297,0.123255
-0.24690561855744697,-1.2367823876945936,-1.7096366198291832,0.107732
-0.24690561855744697,-0.740083430554006,3.588485589670417,0.121624
-0.24690561855744697,0.41888080277403184,3.9196182277641443,0.122374
-0.24690561855744697,0.9155797599146194,-3.199733491250946,0.197011
-0.08133929951058416,-3.885843492444394,-0.5506723865011454,0.12259
-0.08133929951058416,-2.3957466210226315,-1.7096366198291832,0.0972672
-0.08133929951058416,-1.5679150257883192,-1.7096366198291832,0.102997
-0.08133929951058416,-1.4023487067414564,-1.7096366198291832,0.105508
-0.08133929951058416,-1.2367823876945936,-1.7096366198291832,0.108955
-0.08133929951058416,1.0811460789614813,4.41631718490473,0.125537
-0.08133929951058416,1.7434113551489316,4.250750865857866,0.125838
-0.08133929951058416,2.7368092694301067,2.595087675389242,0.117302
0.08422701953627865,-3.554710854350669,0.9394244849206173,0.11141
0.08422701953627865,0.08774816468030622,3.9196182277641443,0.121034
0.08422701953627865,0.41888080277403184,4.250750865857866,0.121688
0.24979333858314057,-3.0580118972100814,-1.7096366198291832,0.0955173
0.24979333858314057,-1.7334813448351811,1.9328223992017923,0.11492
0.24979333858314057,3.0679419075238323,2.7606539944361055,0.113843
0.24979333858314057,3.564640864664418,-4.193131405532121,0.153532
0.24979333858314057,3.730207183711282,1.9328223992017923,0.0998435
0.24979333858314057,3.8957735027581455,-0.5506723865011454,0.159198
0.24979333858314057,4.061339821805007,-3.530866129344671,0.155997
0.24979333858314057,4.061339821805007,1.10499080396748,0.111498
0.24979333858314057,4.558038778945595,-2.537468215063496,0.153358
0.4153596576300025,-3.3891445353038065,-1.7096366198291832,0.0969385
0.4153596576300025,-2.0646139829289067,1.7672560801549295,0.104521
0.4153596576300025,-0.0778181543665557,-2.371901896016633,0.181079
0.4153596576300025,-0.0778181543665557,3.9196182277641443,0.119134
0.4153596576300025,2.571242950383245,3.422919270623555,0.122206
0.4153596576300025,3.399074545617556,-4.358697724578984,0.155533
0.4153596576300025,3.8957735027581455,1.7672560801549295,0.101349
0.5809259766768662,-4.713675087678707,-1.2129376626885957,0.117058
0.5809259766768662,-1.2367823876945936,2.7606539944361055,0.12036
0.5809259766768662,-0.5745171115071432,3.422919270623555,0.120943
0.5809259766768662,1.412278717055207,4.747449822998456,0.127201
0.5809259766768662,2.0745439932426573,4.41631718490473,0.12661
0.5809259766768662,3.8957735027581455,1.9328223992017923,0.102389
0.7464922957237281,-1.5679150257883192,-1.8752029388760456,0.100752
0.7464922957237281,-0.740083430554006,-1.8752029388760456,0.129524
0.7464922957237281,-0.2433844734134185,-2.0407692579229084,0.167229
0.7464922957237281,0.08774816468030622,-2.537468215063496,0.18679
0.7464922957237281,1.412278717055207,-3.6964324483915334,0.180967
0.7464922957237281,4.061339821805007,1.6016897611080676,0.107214
0.91205861477059,-5.210374044819295,-0.21953974840742063,0.123509
0.91205861477059,-3.0580118972100814,-2.0407692579229084,0.0899043
0.91205861477059,-0.9056497496008689,-1.8752029388760456,0.120445
0.91205861477059,-0.5745171115071432,3.422919270623555,0.118813
0.91205861477059,-0.2433844734134185,-2.0407692579229084,0.16629
0.91205861477059,4.558038778945595,-2.7030345341103583,0.154363
1.0776249338174537,-4.548108768631844,0.7738581658737544,0.105776
1.0776249338174537,-3.3891445353038065,-2.0407692579229084,0.0914646
1.0776249338174537,-2.3957466210226315,-2.0407692579229084,0.0898903
1.0776249338174537,-1.2367823876945936,1.9328223992017923,0.111056
1.0776249338174537,3.399074545617556,-4.193131405532121,0.154808
1.0776249338174537,4.558038778945595,-2.7030345341103583,0.154469
1.2431912528643156,-5.210374044819295,-0.881805024594871,0.122009
1.2431912528643156,-4.879241406725569,-1.3785039817354585,0.115124
1.2431912528643156,-3.7202771733975317,1.270557123014342,0.0920618
1.2431912528643156,-2.7268792591163566,1.6016897611080676,0.0883073
1.2431912528643156,1.7434113551489316,4.581883503951594,0.125436
1.2431912528643156,3.233508226570696,-4.193131405532121,0.155777
1.2431912528643156,4.558038778945595,-1.5440703007823204,0.163593
1.2431912528643156,4.558038778945595,-0.21953974840742063,0.15438
1.4087575719111776,-5.210374044819295,-0.881805024594871,0.12117
1.4087575719111776,-2.3957466210226315,1.6016897611080676,0.0896009
1.4087575719111776,-1.899047663882044,-1.8752029388760456,0.0978539
1.4087575719111776,-1.4023487067414564,1.7672560801549295,0.102718
1.4087575719111776,2.0745439932426573,4.250750865857866,0.124928
1.4087575719111776,4.392472459898733,0.9394244849206173,0.132481
1.4087575719111776,4.558038778945595,-0.21953974840742063,0.155453
1.5743238909580413,-1.7334813448351811,1.6016897611080676,0.0963191
1.5743238909580413,4.392472459898733,-0.5506723865011454,0.162995
1.739890210004905,-4.548108768631844,0.7738581658737544,0.100076
1.739890210004905,-4.051409811491257,-1.8752029388760456,0.0979254
1.739890210004905,-3.7202771733975317,-2.0407692579229084,0.0927726
1.739890210004905,-3.223578216256944,1.4361234420612048,0.0854673
1.739890210004905,-0.0778181543665557,3.9196182277641443,0.111716
1.739890210004905,1.0811460789614813,4.41631718490473,0.117571
1.739890210004905,1.246712398008344,4.41631718490473,0.118884
1.739890210004905,1.5778450361020697,-2.8686008531572207,0.20332
1.739890210004905,4.061339821805007,1.9328223992017923,0.125269
1.739890210004905,4.226906140851869,-2.8686008531572207,0.155797
1.905456529051765,-3.223578216256944,-2.206335576969771,0.0876376
1.905456529051765,-2.892445578163219,1.4361234420612048,0.0851778
1.905456529051765,-2.7268792591163566,1.4361234420612048,0.0860417
1.905456529051765,0.41888080277403184,4.085184546811004,0.111233
1.905456529051765,0.5844471218208938,-2.537468215063496,0.208798
1.905456529051765,1.246712398008344,4.250750865857866,0.117454
1.905456529051765,2.0745439932426573,3.7540519087172806,0.126936
1.905456529051765,4.061339821805007,1.9328223992017923,0.128179
1.905456529051765,4.392472459898733,0.6082918468268925,0.143274
2.071022848098627,-5.044807725772432,-0.21953974840742063,0.11531
2.071022848098627,-0.9056497496008689,-2.0407692579229084,0.10993
2.071022848098627,-0.9056497496008689,1.9328223992017923,0.112474
2.071022848098627,-0.9056497496008689,2.098388718248655,0.116491
2.071022848098627,2.240110312289519,-1.3785039817354585,0.192082
2.071022848098627,2.405676631336381,-2.7030345341103583,0.175868
2.071022848098627,2.405676631336381,-1.5440703007823204,0.190169
2.071022848098627,2.7368092694301067,-3.0341671722040835,0.160342
2.071022848098627,4.226906140851869,-1.8752029388760456,0.168903
2.2365891671454907,-4.879241406725569,-0.05397342936055782,0.111853
2.2365891671454907,2.0745439932426573,-0.881805024594871,0.172022
2.2365891671454907,2.9023755884769686,-2.7030345341103583,0.162478
2.2365891671454907,3.730207183711282,-1.5440703007823204,0.17289
2.2365891671454907,3.8957735027581455,-1.7096366198291832,0.171535
2.2365891671454907,4.061339821805007,2.263955037295518,0.132072
2.2365891671454907,4.226906140851869,-0.05397342936055782,0.151739
2.4021554861923544,-0.740083430554006,2.098388718248655,0.11873
2.4021554861923544,2.0745439932426573,-0.7162387055480082,0.15959
2.4021554861923544,2.571242950383245,-0.7162387055480082,0.151194
2.4021554861923544,3.0679419075238323,-0.7162387055480082,0.151514
2.4021554861923544,3.399074545617556,-2.206335576969771,0.166368
2.4021554861923544,3.399074545617556,-2.0407692579229084,0.168585
2.4021554861923544,4.061339821805007,0.11159288968630499,0.147056
2.5677218052392163,-3.7202771733975317,-2.0407692579229084,0.0953557
2.5677218052392163,-1.7334813448351811,1.270557123014342,0.0938605
2.5677218052392163,-0.0778181543665557,-2.0407692579229084,0.13222
2.5677218052392163,0.5844471218208938,3.588485589670417,0.116255
2.5677218052392163,1.0811460789614813,3.422919270623555,0.119823
2.5677218052392163,1.412278717055207,-1.2129376626885957,0.181196
2.5677218052392163,2.0745439932426573,-0.5506723865011454,0.14971
2.7332881242860783,-2.561312940069494,1.270557123014342,0.0848397
2.7332881242860783,-0.9056497496008689,-2.206335576969771,0.103058
2.7332881242860783,0.9155797599146194,3.257352951576693,0.120279
2.7332881242860783,1.9089776741957936,3.0917866325298293,0.128603
2.7332881242860783,2.571242950383245,-0.21953974840742063,0.130597
2.7332881242860783,3.0679419075238323,-0.05397342936055782,0.131068
2.7332881242860783,3.233508226570696,0.11159288968630499,0.131399
2.898854443332942,-2.561312940069494,-2.371901896016633,0.0889081
2.898854443332942,-0.2433844734134185,-2.0407692579229084,0.117912
2.898854443332942,-0.2433844734134185,1.6016897611080676,0.110278
2.898854443332942,-0.2433844734134185,2.595087675389242,0.12579
2.898854443332942,-0.0778181543665557,1.6016897611080676,0.113337
2.898854443332942,-0.0778181543665557,2.098388718248655,0.123393
2.898854443332942,0.5844471218208938,1.9328223992017923,0.124303
2.898854443332942,0.5844471218208938,3.0917866325298293,0.121779
2.898854443332942,1.0811460789614813,2.595087675389242,0.124904
2.898854443332942,2.9023755884769686,0.7738581658737544,0.119607
2.898854443332942,3.233508226570696,1.270557123014342,0.127218
3.064420762379804,-4.548108768631844,-0.38510606745428255,0.113091
3.064420762379804,-4.051409811491257,0.6082918468268925,0.0938946
3.064420762379804,-3.885843492444394,0.7738581658737544,0.0902771
3.064420762379804,1.0811460789614813,-1.2129376626885957,0.153552
3.064420762379804,1.9089776741957936,0.6082918468268925,0.120166
3.064420762379804,2.240110312289519,0.7738581658737544,0.114066
3.064420762379804,3.564640864664418,2.098388718248655,0.134747
3.229987081426666,-4.382542449584982,-1.5440703007823204,0.111543
3.229987081426666,-3.223578216256944,1.10499080396748,0.0840298
3.229987081426666,-0.0778181543665557,-1.8752029388760456,0.119029
3.229987081426666,0.7500134408677566,1.10499080396748,0.123696
3.229987081426666,3.0679419075238323,1.7672560801549295,0.127386
3.3955534004735277,-0.9056497496008689,-2.206335576969771,0.102342
3.3955534004735277,-0.2433844734134185,1.270557123014342,0.104823
3.3955534004735277,0.9155797599146194,-1.047371343641733,0.143001
3.3955534004735277,1.412278717055207,0.4427255277800297,0.13616
3.5611197195203914,-1.7334813448351811,1.270557123014342,0.0873685
3.5611197195203914,-0.2433844734134185,-1.8752029388760456,0.114386
3.726686038567255,-1.4023487067414564,-2.206335576969771,0.0987182
3.726686038567255,1.0811460789614813,-0.05397342936055782,0.139472
3.892252357614117,-4.382542449584982,-0.05397342936055782,0.10923
3.892252357614117,-2.7268792591163566,0.9394244849206173,0.0867069
4.057818676660977,-4.548108768631844,-0.881805024594871,0.119597
4.057818676660977,-4.548108768631844,-0.7162387055480082,0.118715
4.057818676660977,-3.3891445353038065,0.6082918468268925,0.0932207
4.223384995707841,-2.892445578163219,0.6082918468268925,0.0931089
4.388951314754705,-2.7268792591163566,0.4427255277800297,0.0969071
4.388951314754705,-2.0646139829289067,-1.7096366198291832,0.10946
4.5545176338015665,-2.561312940069494,-1.3785039817354585,0.115037
4.5545176338015665,-1.2367823876945936,0.7738581658737544,0.1006
4.720083952848428,-2.561312940069494,-0.881805024594871,0.118269
4.720083952848428,-1.899047663882044,0.4427255277800297,0.101832
4.720083952848428,-1.5679150257883192,-1.7096366198291832,0.113763
5.051216590942154,-1.0712160686477308,-1.5440703007823204,0.122164
5.216782909989016,-0.9056497496008689,0.11159288968630499,0.119592
5.216782909989016,-0.4089507924602813,-0.881805024594871,0.130443
5.382349229035878,-1.4023487067414564,-0.38510606745428255,0.122583
5.382349229035878,-1.0712160686477308,-0.21953974840742063,0.123732
