-8.312013956967672,-0.8552016988020057,-1.0365459654915408,0.145629
-8.312013956967672,-0.8552016988020057,-0.8884615446980773,0.144746
-8.163929536174207,-1.2994549611823967,-0.4442082823176854,0.135147
-8.163929536174207,-1.1513705403889327,-1.4807992278719317,0.144036
-8.163929536174207,-1.0032861195954696,-0.2961238615242219,0.136671
-8.163929536174207,-0.8552016988020057,-0.2961238615242219,0.138385
-8.163929536174207,-0.4109484364216138,-1.3327148070784682,0.151466
-8.015845115380744,-0.4109484364216138,-1.6288836486653957,0.151473
-7.86776069458728,-1.8917926443562512,-1.0365459654915408,0.132585
-7.86776069458728,-1.8917926443562512,-0.5922927031111498,0.131041
-7.86776069458728,-0.8552016988020057,-1.9250524902523227,0.145815
-7.86776069458728,1.810317875480342,0.5923826632365596,0.142692
-7.86776069458728,1.958402296273805,0.2962138216496326,0.145991
-7.719676273793816,-1.8917926443562512,0.2962138216496326,0.132184
-7.719676273793816,-1.5956238027693237,0.5923826632365596,0.134704
-7.719676273793816,0.47755808833916813,0.14812940085616955,0.148094
-7.719676273793816,0.6256425091326312,-0.2961238615242219,0.15384
-7.719676273793816,1.069895771513023,-0.5922927031111498,0.155904
-7.719676273793816,1.662233454686878,-0.5922927031111498,0.153188
-7.719676273793816,1.810317875480342,0.8885515048234884,0.138416
-7.571591853000353,0.1813892467522411,0.14812940085616955,0.148249
-7.571591853000353,0.6256425091326312,-0.5922927031111498,0.157093
-7.423507432206889,-0.4109484364216138,0.5923826632365596,0.143011
-7.423507432206889,-0.11477959483468592,0.44429824244309657,0.145854
-7.423507432206889,0.1813892467522411,0.7404670840300236,0.14277
-7.423507432206889,0.773726929926096,1.4808891879973434,0.134086
-7.423507432206889,1.069895771513023,-0.8884615446980773,0.157004
-7.423507432206889,1.662233454686878,1.3328047672038785,0.132609
-7.423507432206889,1.958402296273805,-0.7403771239046133,0.150073
-7.275423011413425,-0.5590328572150778,0.8885515048234884,0.145224
-7.275423011413425,-0.11477959483468592,0.7404670840300236,0.146296
-7.275423011413425,0.6256425091326312,1.7770580295842704,0.137988
-7.275423011413425,1.069895771513023,1.7770580295842704,0.134244
-7.275423011413425,2.10648671706727,-0.7403771239046133,0.147667
-7.275423011413425,2.55073997944766,0.2962138216496326,0.138519
-7.127338590619962,-2.63221474832357,4.498006270559074e-05,0.134003
-7.127338590619962,-2.63221474832357,0.2962138216496326,0.136648
-7.127338590619962,-2.3360459067366426,1.0366359256169515,0.147232
-6.979254169826498,-0.11477959483468592,1.6289736087908064,0.149664
-6.979254169826498,2.402655558654197,-0.5922927031111498,0.141982
-6.831169749033034,-2.7802991691170336,-0.2961238615242219,0.133419
-6.831169749033034,-0.26286401562815076,1.6289736087908064,0.154232
-6.831169749033034,1.366064613099951,2.2213112919646605,0.138657
-6.831169749033034,2.402655558654197,1.1847203464104155,0.133289
-6.683085328239571,-2.7802991691170336,0.5923826632365596,0.142698
-6.535000907446107,-2.9283835899104975,-1.1846303862850043,0.135495
-6.535000907446107,1.662233454686878,2.2213112919646605,0.138032
-6.535000907446107,1.810317875480342,2.0732268711711974,0.136493
-6.535000907446107,1.958402296273805,-1.0365459654915408,0.146597
-6.386916486652643,-1.5956238027693237,1.6289736087908064,0.166865
-6.386916486652643,-1.4475393819758597,1.6289736087908064,0.167718
-6.386916486652643,0.1813892467522411,-1.9250524902523227,0.160432
-6.386916486652643,0.47755808833916813,-1.7769680694588592,0.164766
-6.386916486652643,1.2179801923064861,-1.3327148070784682,0.162596
-6.23883206585918,-0.5590328572150778,-2.22122133183925,0.148406
-6.23883206585918,1.662233454686878,-1.1846303862850043,0.154776
-6.090747645065715,-3.076468010703961,-0.7403771239046133,0.138599
-6.090747645065715,-0.26286401562815076,2.2213112919646605,0.169787
-6.090747645065715,-0.11477959483468592,2.3693957127581253,0.167945
-6.090747645065715,2.55073997944766,-0.5922927031111498,0.137844
-6.090747645065715,2.994993241828051,0.2962138216496326,0.135245
-5.942663224272252,-2.63221474832357,0.8885515048234884,0.154839
-5.942663224272252,-0.5590328572150778,1.7770580295842704,0.179244
-5.794578803478787,-3.076468010703961,-1.4807992278719317,0.147148
-5.794578803478787,0.47755808833916813,2.6655645543450524,0.163546
-5.646494382685324,-2.4841303275301065,0.8885515048234884,0.161566
-5.646494382685324,0.773726929926096,-2.369305752632714,0.165247
-5.646494382685324,1.958402296273805,-1.0365459654915408,0.155289
-5.49840996189186,-2.0398770651497147,1.1847203464104155,0.180191
-5.49840996189186,-0.5590328572150778,-2.22122133183925,0.161061
-5.49840996189186,1.810317875480342,-1.1846303862850043,0.160986
-5.49840996189186,1.958402296273805,-1.0365459654915408,0.157114
-5.350325541098397,-2.3360459067366426,-2.22122133183925,0.15482
-5.350325541098397,-1.4475393819758597,1.3328047672038785,0.208248
-5.350325541098397,1.958402296273805,2.0732268711711974,0.1429
-5.350325541098397,2.402655558654197,-0.7403771239046133,0.150157
-5.202241120304933,-2.187961485943179,0.7404670840300236,0.180382
-5.202241120304933,-1.8917926443562512,1.0366359256169515,0.197284
-5.202241120304933,0.03330482595877715,2.2213112919646605,0.185262
-5.05415669951147,-2.3360459067366426,0.2962138216496326,0.174229
-5.05415669951147,0.773726929926096,-2.517390173426178,0.169269
-5.05415669951147,0.773726929926096,2.3693957127581253,0.167107
-4.906072278718006,-2.7802991691170336,-1.0365459654915408,0.163875
-4.906072278718006,3.1430776626215158,0.44429824244309657,0.15658
-4.757987857924541,0.6256425091326312,-2.517390173426178,0.170809
-4.757987857924541,0.6256425091326312,2.0732268711711974,0.180004
-4.757987857924541,1.662233454686878,1.9251424503777335,0.156932
-4.757987857924541,1.810317875480342,-1.0365459654915408,0.17006
-4.609903437131078,-0.5590328572150778,-2.0731369110457862,0.177309
-4.609903437131078,1.2179801923064861,1.9251424503777335,0.168882
-4.609903437131078,2.994993241828051,0.7404670840300236,0.162183
-4.461819016337614,-2.187961485943179,-0.2961238615242219,0.202761
-4.461819016337614,0.773726929926096,-2.369305752632714,0.173982
-4.461819016337614,1.514149033893415,1.7770580295842704,0.169719
-4.461819016337614,2.846908821034588,0.8885515048234884,0.16523
-4.313734595544151,-2.187961485943179,-0.4442082823176854,0.209089
-4.313734595544151,-2.187961485943179,-0.2961238615242219,0.209419
-4.313734595544151,0.9218113507195591,1.7770580295842704,0.189076
-4.313734595544151,1.2179801923064861,1.7770580295842704,0.181403
-4.313734595544151,1.810317875480342,1.6289736087908064,0.172364
-4.313734595544151,2.698824400241125,0.8885515048234884,0.16896
-4.165650174750686,-2.187961485943179,-0.5922927031111498,0.214485
-4.165650174750686,1.810317875480342,-0.7403771239046133,0.180092
-4.165650174750686,2.55073997944766,0.2962138216496326,0.172097
-4.017565753957223,-1.4475393819758597,-1.4807992278719317,0.218556
-4.017565753957223,1.2179801923064861,1.9251424503777335,0.187946
-4.017565753957223,1.958402296273805,-0.5922927031111498,0.178269
-4.017565753957223,2.402655558654197,0.44429824244309657,0.174776
-4.017565753957223,2.402655558654197,0.7404670840300236,0.175348
-3.869481333163759,-2.187961485943179,0.2962138216496326,0.212431
-3.869481333163759,-2.0398770651497147,1.0366359256169515,0.222314
-3.869481333163759,-1.4475393819758597,1.9251424503777335,0.242481
-3.869481333163759,1.2179801923064861,-1.6288836486653957,0.184712
-3.869481333163759,2.254571137860733,0.14812940085616955,0.17427
-3.721396912370296,-0.8552016988020057,2.0732268711711974,0.240876
-3.721396912370296,-0.7071172780085409,2.0732268711711974,0.239446
-3.721396912370296,0.03330482595877715,1.9251424503777335,0.221772
-3.573312491576832,0.03330482595877715,1.9251424503777335,0.218984
-3.425228070783369,-2.187961485943179,0.14812940085616955,0.206632
-3.425228070783369,2.402655558654197,0.7404670840300236,0.174017
-3.425228070783369,2.402655558654197,1.0366359256169515,0.176818
-3.2771436499899043,-0.26286401562815076,-1.4807992278719317,0.193871
-3.2771436499899043,-0.11477959483468592,-1.4807992278719317,0.192818
-3.129059229196441,-1.5956238027693237,-1.4807992278719317,0.176262
-3.129059229196441,-0.11477959483468592,-1.4807992278719317,0.185039
-3.129059229196441,0.6256425091326312,2.2213112919646605,0.187883
-3.129059229196441,2.402655558654197,0.2962138216496326,0.168885
-2.9809748084029772,-2.187961485943179,4.498006270559074e-05,0.174614
-2.9809748084029772,-1.4475393819758597,-1.6288836486653957,0.151494
-2.9809748084029772,-0.7071172780085409,-1.6288836486653957,0.159725
-2.9809748084029772,0.6256425091326312,-1.7769680694588592,0.172614
-2.9809748084029772,1.810317875480342,-1.6288836486653957,0.177258
-2.9809748084029772,2.402655558654197,-0.5922927031111498,0.170653
-2.9809748084029772,2.402655558654197,0.2962138216496326,0.168875
-2.832890387609514,-0.4109484364216138,-1.6288836486653957,0.150181
-2.832890387609514,0.1813892467522411,2.0732268711711974,0.18979
-2.832890387609514,0.6256425091326312,-1.7769680694588592,0.168689
-2.832890387609514,0.6256425091326312,2.2213112919646605,0.183192
-2.832890387609514,1.810317875480342,-1.6288836486653957,0.17635
-2.832890387609514,2.402655558654197,-0.5922927031111498,0.170485
-2.832890387609514,2.402655558654197,-0.14803944073075792,0.168494
-2.832890387609514,2.402655558654197,0.44429824244309657,0.169754
-2.6848059668160493,-1.1513705403889327,-1.9250524902523227,0.116108
-2.6848059668160493,-1.0032861195954696,-1.9250524902523227,0.117353
-2.6848059668160493,2.10648671706727,-1.3327148070784682,0.174903
-2.6848059668160493,2.402655558654197,0.8885515048234884,0.172785
-2.5367215460225854,-1.5956238027693237,-1.9250524902523227,0.105817
-2.3886371252291223,-0.7071172780085409,-2.0731369110457862,0.101514
-2.3886371252291223,1.958402296273805,1.7770580295842704,0.17785
-2.3886371252291223,2.10648671706727,-1.1846303862850043,0.173473
-2.2405527044356583,-2.3360459067366426,0.44429824244309657,0.121304
-2.2405527044356583,-2.187961485943179,0.5923826632365596,0.129338
-2.2405527044356583,-1.7437082235627872,1.1847203464104155,0.163121
-2.2405527044356583,-1.1513705403889327,2.2213112919646605,0.169907
-2.2405527044356583,-0.4109484364216138,2.3693957127581253,0.170525
-2.2405527044356583,1.069895771513023,2.0732268711711974,0.176909
-2.0924682836421953,-1.2994549611823967,2.2213112919646605,0.165211
-2.0924682836421953,2.10648671706727,1.0366359256169515,0.1754
-1.9443838628487304,-2.63221474832357,-1.1846303862850043,0.102002
-1.9443838628487304,-0.7071172780085409,2.5174801335515884,0.16218
-1.9443838628487304,-0.26286401562815076,-2.0731369110457862,0.0954433
-1.9443838628487304,0.03330482595877715,2.3693957127581253,0.164844
-1.9443838628487304,0.9218113507195591,1.9251424503777335,0.176054
-1.9443838628487304,1.662233454686878,1.6289736087908064,0.175896
-1.9443838628487304,1.810317875480342,1.4808891879973434,0.1756
-1.7962994420552674,-2.4841303275301065,-1.4807992278719317,0.104752
-1.7962994420552674,-2.3360459067366426,0.5923826632365596,0.115558
-1.7962994420552674,-2.0398770651497147,0.8885515048234884,0.13277
-1.7962994420552674,-0.26286401562815076,2.5174801335515884,0.160233
-1.6482150212618034,-2.4841303275301065,-1.4807992278719317,0.109126
-1.6482150212618034,0.1813892467522411,-1.7769680694588592,0.110426
-1.6482150212618034,0.3294736675457042,-1.6288836486653957,0.122181
-1.5001306004683403,-2.187961485943179,0.7404670840300236,0.122221
-1.5001306004683403,0.1813892467522411,-1.7769680694588592,0.108716
-1.5001306004683403,0.9218113507195591,-1.4807992278719317,0.14895
-1.5001306004683403,1.366064613099951,1.7770580295842704,0.166718
-1.5001306004683403,1.958402296273805,-1.0365459654915408,0.159013
-1.5001306004683403,2.10648671706727,-0.5922927031111498,0.160891
-1.3520461796748755,-1.0032861195954696,2.5174801335515884,0.151361
-1.3520461796748755,-0.5590328572150778,-2.22122133183925,0.086455
-1.2039617588814124,-1.4475393819758597,2.2213112919646605,0.147734
-1.0558773380879494,-0.11477959483468592,-1.9250524902523227,0.0975898
-1.0558773380879494,1.514149033893415,2.0732268711711974,0.151314
-1.0558773380879494,2.55073997944766,0.8885515048234884,0.147909
-0.9077929172944845,-2.63221474832357,-0.14803944073075792,0.134406
-0.9077929172944845,-1.0032861195954696,2.3693957127581253,0.143283
-0.9077929172944845,1.662233454686878,-1.7769680694588592,0.140955
-0.7597084965010215,-2.187961485943179,0.44429824244309657,0.135764
-0.7597084965010215,-1.7437082235627872,-1.9250524902523227,0.138057
-0.7597084965010215,-1.4475393819758597,1.9251424503777335,0.138189
-0.7597084965010215,-0.11477959483468592,-1.7769680694588592,0.105486
-0.7597084965010215,0.47755808833916813,2.0732268711711974,0.146245
-0.7597084965010215,0.6256425091326312,-1.7769680694588592,0.126982
-0.6116240757075584,-2.4841303275301065,-1.1846303862850043,0.171221
-0.6116240757075584,-1.8917926443562512,0.5923826632365596,0.141054
-0.6116240757075584,-1.7437082235627872,0.7404670840300236,0.140091
-0.6116240757075584,-1.2994549611823967,1.9251424503777335,0.134547
-0.6116240757075584,0.03330482595877715,-1.6288836486653957,0.114944
-0.6116240757075584,1.366064613099951,-1.9250524902523227,0.133801
-0.6116240757075584,1.662233454686878,2.2213112919646605,0.142014
-0.6116240757075584,2.698824400241125,1.1847203464104155,0.141037
-0.4635396549140953,1.069895771513023,2.2213112919646605,0.137661
-0.3154552341206305,-0.11477959483468592,-1.4807992278719317,0.12044
-0.3154552341206305,-0.11477959483468592,1.9251424503777335,0.130407
-0.3154552341206305,1.069895771513023,2.2213112919646605,0.134585
-0.3154552341206305,2.698824400241125,0.44429824244309657,0.134893
-0.1673708133271674,2.10648671706727,2.0732268711711974,0.135615
-0.019286392533702568,-2.187961485943179,-1.0365459654915408,0.195555
-0.019286392533702568,-0.8552016988020057,-1.4807992278719317,0.140862
-0.019286392533702568,0.773726929926096,2.0732268711711974,0.127028
-0.019286392533702568,2.698824400241125,0.2962138216496326,0.132339
-0.019286392533702568,2.698824400241125,1.1847203464104155,0.132562
0.12879802825976228,-1.7437082235627872,0.2962138216496326,0.126899
0.12879802825976228,-0.7071172780085409,1.7770580295842704,0.0926584
0.12879802825976228,0.9218113507195591,-1.7769680694588592,0.12063
0.12879802825976228,0.9218113507195591,2.0732268711711974,0.124763
0.12879802825976228,2.254571137860733,-1.3327148070784682,0.124524
0.27688244905322534,-1.4475393819758597,1.1847203464104155,0.0843244
0.27688244905322534,0.6256425091326312,1.9251424503777335,0.116249
0.27688244905322534,2.994993241828051,-0.14803944073075792,0.129967
0.27688244905322534,2.994993241828051,4.498006270559074e-05,0.129902
0.4249668698466884,-0.8552016988020057,1.7770580295842704,0.0755836
0.4249668698466884,-0.4109484364216138,1.9251424503777335,0.0806616
0.4249668698466884,0.9218113507195591,1.9251424503777335,0.117618
0.4249668698466884,2.698824400241125,0.8885515048234884,0.123511
0.5730512906401515,-1.7437082235627872,0.5923826632365596,0.0871146
0.5730512906401515,2.402655558654197,1.3328047672038785,0.119229
0.7211357114336163,-1.5956238027693237,-0.5922927031111498,0.111815
0.7211357114336163,1.662233454686878,-1.4807992278719317,0.103825
0.8692201322270794,1.958402296273805,1.4808891879973434,0.109986
0.8692201322270794,2.254571137860733,1.3328047672038785,0.107642
0.8692201322270794,3.587330925001905,-0.2961238615242219,0.117083
1.0173045530205425,-1.7437082235627872,-0.14803944073075792,0.0900068
1.0173045530205425,-1.1513705403889327,-1.0365459654915408,0.0873543
1.0173045530205425,3.587330925001905,0.2962138216496326,0.11283
1.1653889738140055,-1.8917926443562512,0.2962138216496326,0.0901097
1.1653889738140055,-1.8917926443562512,0.44429824244309657,0.0889952
1.1653889738140055,-0.11477959483468592,1.9251424503777335,0.0672132
1.1653889738140055,1.366064613099951,-1.6288836486653957,0.0822072
1.1653889738140055,1.810317875480342,1.4808891879973434,0.0961767
1.1653889738140055,2.10648671706727,-1.6288836486653957,0.0817434
1.3134733946074721,-2.0398770651497147,-0.14803944073075792,0.0954151
1.3134733946074721,-1.5956238027693237,1.0366359256169515,0.0734269
1.3134733946074721,0.03330482595877715,-1.4807992278719317,0.0844323
1.3134733946074721,2.10648671706727,1.4808891879973434,0.086556
1.3134733946074721,3.73541534579537,4.498006270559074e-05,0.108399
1.4615578154009352,-3.224552431497425,0.7404670840300236,0.11238
1.4615578154009352,-1.7437082235627872,-0.4442082823176854,0.0856802
1.4615578154009352,-1.0032861195954696,-1.0365459654915408,0.078878
1.4615578154009352,-0.11477959483468592,-1.4807992278719317,0.0811398
1.6096422361943983,-3.3726368522908885,0.14812940085616955,0.108612
1.6096422361943983,-1.4475393819758597,-0.7403771239046133,0.0795747
1.6096422361943983,-0.7071172780085409,1.6289736087908064,0.0633056
1.6096422361943983,2.698824400241125,-1.6288836486653957,0.0754833
1.6096422361943983,3.1430776626215158,-1.3327148070784682,0.0868704
1.7577266569878613,0.773726929926096,-1.7769680694588592,0.0653714
1.7577266569878613,0.9218113507195591,1.7770580295842704,0.0760003
1.7577266569878613,2.846908821034588,1.3328047672038785,0.0741686
1.7577266569878613,3.73541534579537,4.498006270559074e-05,0.10038
1.9058110777813262,-2.4841303275301065,-0.8884615446980773,0.0758116
1.9058110777813262,-1.1513705403889327,1.4808891879973434,0.0672095
1.9058110777813262,0.6256425091326312,-1.7769680694588592,0.0635143
1.9058110777813262,2.254571137860733,1.6289736087908064,0.0650213
1.9058110777813262,2.55073997944766,-1.7769680694588592,0.0659694
1.9058110777813262,3.587330925001905,-0.7403771239046133,0.0966284
2.0538954985747893,-1.0032861195954696,-1.3327148070784682,0.0663288
2.0538954985747893,3.587330925001905,0.44429824244309657,0.08912
2.2019799193682523,-0.26286401562815076,1.7770580295842704,0.0644711
2.2019799193682523,1.514149033893415,1.7770580295842704,0.05874
2.2019799193682523,3.439246504208442,0.7404670840300236,0.0795547
2.350064340161717,-2.7802991691170336,1.7770580295842704,0.0763616
2.350064340161717,-0.8552016988020057,1.7770580295842704,0.0585904
2.350064340161717,-0.7071172780085409,1.7770580295842704,0.059308
2.350064340161717,1.366064613099951,1.7770580295842704,0.0569644
2.350064340161717,2.402655558654197,-1.9250524902523227,0.0565844
2.350064340161717,2.698824400241125,1.4808891879973434,0.0585601
2.350064340161717,3.439246504208442,0.7404670840300236,0.0772105
2.350064340161717,3.587330925001905,0.44429824244309657,0.0844685
2.350064340161717,3.73541534579537,-0.4442082823176854,0.0947431
2.350064340161717,3.73541534579537,-0.14803944073075792,0.0938971
2.4981487609551802,-1.4475393819758597,1.9251424503777335,0.0549653
2.4981487609551802,-0.7071172780085409,-1.6288836486653957,0.0566702
2.4981487609551802,1.069895771513023,1.7770580295842704,0.0572646
2.4981487609551802,2.698824400241125,1.4808891879973434,0.0561232
2.4981487609551802,2.846908821034588,-1.7769680694588592,0.063267
2.6462331817486433,0.773726929926096,1.7770580295842704,0.0573277
2.7943176025421064,-2.187961485943179,-1.4807992278719317,0.0490012
2.7943176025421064,-0.7071172780085409,1.9251424503777335,0.051257
2.7943176025421064,3.439246504208442,0.8885515048234884,0.0686194
2.942402023335573,-3.6688056938778155,4.498006270559074e-05,0.0827848
2.942402023335573,-2.9283835899104975,1.7770580295842704,0.0651172
2.942402023335573,-2.3360459067366426,-1.4807992278719317,0.0472741
2.942402023335573,0.47755808833916813,-1.6288836486653957,0.0573231
2.942402023335573,0.47755808833916813,1.7770580295842704,0.0542288
2.942402023335573,2.10648671706727,-2.0731369110457862,0.0490133
2.942402023335573,4.031584187382298,-1.1846303862850043,0.0890213
3.090486444129036,-3.6688056938778155,0.14812940085616955,0.0842157
3.090486444129036,-3.3726368522908885,1.3328047672038785,0.0770935
3.090486444129036,-2.9283835899104975,1.7770580295842704,0.0624665
3.090486444129036,-2.7802991691170336,-1.3327148070784682,0.0484695
3.090486444129036,-1.1513705403889327,-1.6288836486653957,0.0504288
3.090486444129036,0.773726929926096,1.6289736087908064,0.0547685
3.090486444129036,2.994993241828051,-1.9250524902523227,0.0611927
3.238570864922499,-3.520721273084352,-0.4442082823176854,0.0707266
3.238570864922499,-2.9283835899104975,1.7770580295842704,0.0602545
3.238570864922499,-0.4109484364216138,1.9251424503777335,0.0488859
3.238570864922499,1.366064613099951,-1.9250524902523227,0.0472292
3.238570864922499,3.439246504208442,-1.7769680694588592,0.0705157
3.386655285715962,-3.076468010703961,-1.1846303862850043,0.050949
3.386655285715962,-2.9283835899104975,1.7770580295842704,0.0585407
3.386655285715962,-2.3360459067366426,2.0732268711711974,0.0470692
3.386655285715962,0.6256425091326312,1.6289736087908064,0.0530694
3.386655285715962,4.327753028969226,0.14812940085616955,0.08925
3.386655285715962,4.475837449762689,-0.2961238615242219,0.0951017
3.534739706509427,-2.9283835899104975,-1.3327148070784682,0.0481462
3.534739706509427,-2.9283835899104975,1.7770580295842704,0.0573745
3.534739706509427,-2.63221474832357,-1.4807992278719317,0.0451074
3.534739706509427,-2.3360459067366426,2.0732268711711974,0.0458183
3.534739706509427,-0.8552016988020057,1.9251424503777335,0.0467468
3.534739706509427,0.1813892467522411,-1.7769680694588592,0.0527717
3.534739706509427,1.810317875480342,1.4808891879973434,0.0467587
3.534739706509427,2.55073997944766,1.4808891879973434,0.0469427
3.68282412730289,-3.224552431497425,1.4808891879973434,0.0679456
3.68282412730289,-2.9283835899104975,1.7770580295842704,0.0568027
3.68282412730289,-2.3360459067366426,2.0732268711711974,0.0451132
3.68282412730289,-0.4109484364216138,-1.7769680694588592,0.0533553
3.68282412730289,2.698824400241125,-2.0731369110457862,0.0540943
3.68282412730289,4.031584187382298,0.5923826632365596,0.0767446
3.830908548096353,-1.1513705403889327,1.9251424503777335,0.045995
3.830908548096353,1.366064613099951,-2.0731369110457862,0.043741
3.830908548096353,1.810317875480342,1.4808891879973434,0.0449784
3.830908548096353,2.402655558654197,1.4808891879973434,0.0447798
3.830908548096353,3.439246504208442,1.0366359256169515,0.0596022
3.9789929688898162,-3.3726368522908885,-1.0365459654915408,0.0610491
3.9789929688898162,-3.224552431497425,-1.1846303862850043,0.0568936
3.9789929688898162,-1.7437082235627872,2.0732268711711974,0.0425773
3.9789929688898162,-1.2994549611823967,-1.4807992278719317,0.0595763
3.9789929688898162,1.069895771513023,1.4808891879973434,0.050689
3.9789929688898162,1.2179801923064861,-2.0731369110457862,0.0443124
3.9789929688898162,1.662233454686878,1.4808891879973434,0.0451242
3.9789929688898162,2.846908821034588,1.3328047672038785,0.048727
3.9789929688898162,4.327753028969226,0.14812940085616955,0.0879811
3.9789929688898162,4.475837449762689,-0.2961238615242219,0.0943355
4.127077389683281,-3.9649745354647434,4.498006270559074e-05,0.0911267
4.127077389683281,-3.9649745354647434,0.44429824244309657,0.0946781
4.127077389683281,-3.8168901146712795,-0.4442082823176854,0.0814867
4.127077389683281,-2.7802991691170336,-1.4807992278719317,0.0518685
4.127077389683281,-2.187961485943179,2.0732268711711974,0.0451934
4.127077389683281,-1.8917926443562512,2.0732268711711974,0.0437788
4.127077389683281,0.6256425091326312,1.6289736087908064,0.0509591
4.127077389683281,1.069895771513023,-2.0731369110457862,0.0453701
4.127077389683281,3.73541534579537,0.7404670840300236,0.0679572
4.275161810476746,-3.076468010703961,-1.3327148070784682,0.0578253
4.275161810476746,-2.7802991691170336,-1.4807992278719317,0.0541998
4.275161810476746,-1.4475393819758597,1.9251424503777335,0.0474473
4.275161810476746,-1.1513705403889327,1.7770580295842704,0.0522724
4.275161810476746,-0.5590328572150778,1.6289736087908064,0.0589388
4.275161810476746,0.6256425091326312,1.6289736087908064,0.0510262
4.275161810476746,2.10648671706727,1.4808891879973434,0.0424139
4.423246231270209,-2.7802991691170336,-1.4807992278719317,0.056603
4.423246231270209,0.6256425091326312,1.6289736087908064,0.0512124
4.423246231270209,4.179668608175763,4.498006270559074e-05,0.08696
4.571330652063674,-3.076468010703961,-1.3327148070784682,0.0625993
4.571330652063674,-1.7437082235627872,-1.6288836486653957,0.0544884
4.571330652063674,-1.5956238027693237,1.9251424503777335,0.0502931
4.571330652063674,-0.7071172780085409,1.6289736087908064,0.0582757
4.571330652063674,-0.4109484364216138,1.6289736087908064,0.0580775
4.571330652063674,0.1813892467522411,-1.9250524902523227,0.054727
4.571330652063674,2.10648671706727,-2.0731369110457862,0.0494539
4.719415072857137,-4.113058956258207,-0.2961238615242219,0.0961657
4.719415072857137,-3.8168901146712795,-0.7403771239046133,0.0841974
4.719415072857137,-3.6688056938778155,-0.8884615446980773,0.0791024
4.719415072857137,-3.520721273084352,1.4808891879973434,0.0818476
4.719415072857137,0.1813892467522411,1.6289736087908064,0.0555646
4.719415072857137,0.9218113507195591,-2.0731369110457862,0.0507372
4.719415072857137,2.402655558654197,-1.9250524902523227,0.0553285
4.8674994936506,-1.8917926443562512,1.9251424503777335,0.0546759
4.8674994936506,2.55073997944766,-1.7769680694588592,0.0609469
5.015583914444063,-4.2611433770516705,0.2962138216496326,0.105951
5.015583914444063,-3.8168901146712795,-0.7403771239046133,0.0887777
5.015583914444063,-3.520721273084352,1.4808891879973434,0.0852366
5.015583914444063,0.9218113507195591,1.4808891879973434,0.0527784
5.015583914444063,1.662233454686878,-2.0731369110457862,0.0537596
5.015583914444063,3.291162083414979,0.14812940085616955,0.0748903
5.015583914444063,3.439246504208442,-0.4442082823176854,0.0844467
5.015583914444063,3.439246504208442,-0.2961238615242219,0.0830117
5.163668335237528,-4.113058956258207,-0.2961238615242219,0.10173
5.163668335237528,-1.2994549611823967,1.7770580295842704,0.0541512
5.163668335237528,0.773726929926096,-1.9250524902523227,0.0594778
5.163668335237528,2.402655558654197,-1.7769680694588592,0.0638145
5.163668335237528,2.698824400241125,0.8885515048234884,0.056108
5.311752756030991,-3.8168901146712795,1.1847203464104155,0.098516
5.311752756030991,-1.4475393819758597,-1.7769680694588592,0.0563067
5.311752756030991,2.55073997944766,-1.6288836486653957,0.069894
5.311752756030991,2.994993241828051,-1.0365459654915408,0.082471
5.311752756030991,3.1430776626215158,-0.4442082823176854,0.0845633
5.311752756030991,3.1430776626215158,-0.2961238615242219,0.0831963
5.459837176824454,1.810317875480342,-1.9250524902523227,0.0636605
5.459837176824454,1.958402296273805,1.1847203464104155,0.0549518
5.607921597617917,-3.3726368522908885,1.3328047672038785,0.0919201
5.607921597617917,-3.224552431497425,-0.8884615446980773,0.0886388
5.607921597617917,-2.9283835899104975,1.4808891879973434,0.0821714
5.607921597617917,-0.11477959483468592,1.4808891879973434,0.0596333
5.607921597617917,2.994993241828051,-0.8884615446980773,0.0859582
5.756006018411384,-3.520721273084352,-0.5922927031111498,0.0982406
5.756006018411384,-3.076468010703961,1.3328047672038785,0.0887584
5.756006018411384,-0.4109484364216138,-1.6288836486653957,0.0754068
5.756006018411384,0.03330482595877715,1.3328047672038785,0.0655332
5.756006018411384,1.069895771513023,1.0366359256169515,0.0684629
5.756006018411384,1.2179801923064861,-1.7769680694588592,0.0712238
5.904090439204847,-1.4475393819758597,-1.6288836486653957,0.0726533
5.904090439204847,0.47755808833916813,0.8885515048234884,0.0822913
5.904090439204847,2.254571137860733,-1.6288836486653957,0.0796256
6.05217485999831,-3.076468010703961,-0.4442082823176854,0.102457
6.05217485999831,-2.63221474832357,1.0366359256169515,0.0945225
6.05217485999831,0.3294736675457042,-1.0365459654915408,0.105791
6.05217485999831,0.6256425091326312,-1.1846303862850043,0.0952529
6.05217485999831,2.846908821034588,4.498006270559074e-05,0.0857065
6.200259280791773,-2.4841303275301065,0.7404670840300236,0.103927
6.200259280791773,0.3294736675457042,0.5923826632365596,0.100901
6.200259280791773,1.2179801923064861,-1.4807992278719317,0.0859248
6.200259280791773,2.846908821034588,-0.5922927031111498,0.0924659
6.348343701585238,-2.3360459067366426,-0.14803944073075792,0.122069
6.348343701585238,-2.187961485943179,0.5923826632365596,0.113015
6.348343701585238,-1.0032861195954696,1.3328047672038785,0.0794393
6.348343701585238,0.773726929926096,-0.8884615446980773,0.103812
6.348343701585238,2.254571137860733,-1.3327148070784682,0.0915694
6.348343701585238,2.55073997944766,0.14812940085616955,0.0878926
6.348343701585238,2.698824400241125,-0.14803944073075792,0.0915964
6.496428122378701,-2.187961485943179,-0.14803944073075792,0.1282
6.496428122378701,-2.187961485943179,4.498006270559074e-05,0.128086
6.496428122378701,-0.7071172780085409,-1.3327148070784682,0.112681
6.496428122378701,2.55073997944766,-0.14803944073075792,0.0935156
6.644512543172164,-0.5590328572150778,-1.1846303862850043,0.125056
6.644512543172164,2.254571137860733,-0.8884615446980773,0.0982621
6.644512543172164,2.402655558654197,-0.4442082823176854,0.0978882
6.792596963965627,-0.11477959483468592,0.44429824244309657,0.128814
6.792596963965627,0.03330482595877715,4.498006270559074e-05,0.139589
6.792596963965627,1.514149033893415,-0.5922927031111498,0.102155
6.792596963965627,1.958402296273805,-0.2961238615242219,0.0996106
6.940681384759094,-1.4475393819758597,0.5923826632365596,0.132975
6.940681384759094,-0.11477959483468592,-0.2961238615242219,0.147934
7.088765805552557,-1.4475393819758597,-0.5922927031111498,0.150153
7.23685022634602,-1.2994549611823967,-0.14803944073075792,0.156691
