-5.934740383109584,-3.882658374827636,-1.1596436968634949,0.160385
-5.934740383109584,-3.71122877231281,-1.1596436968634949,0.160914
-5.934740383109584,-3.3683695672831564,-0.6453548893190151,0.160349
-5.934740383109584,-3.3683695672831564,1.0689411358292498,0.170028
-5.934740383109584,-3.19693996476833,0.04036352074029104,0.16424
-5.59188117807993,-3.3683695672831564,-1.6739325044079747,0.169859
-5.59188117807993,-3.0255103622535033,-1.3310732993783216,0.172416
-5.59188117807993,-2.854080759738677,-0.9882140943486681,0.177049
-5.59188117807993,-2.854080759738677,1.0689411358292498,0.180499
-5.420451575565104,-4.911235989916595,0.04036352074029104,0.156279
-5.420451575565104,-4.739806387401769,1.240370738344076,0.161409
-5.420451575565104,0.23165208552820005,-1.502502901893148,0.0851538
-5.420451575565104,0.23165208552820005,-1.3310732993783216,0.0890235
-5.249021973050278,-2.6826511572238507,1.240370738344076,0.188344
-5.249021973050278,-1.4826439396200648,0.55465232828477,0.214967
-5.249021973050278,-0.9683551320755859,-0.9882140943486681,0.14824
-5.07759237053545,-3.0255103622535033,-1.845362106922801,0.177991
-5.07759237053545,-2.6826511572238507,1.4118003408589024,0.18908
-5.07759237053545,-1.1397847345904122,0.55465232828477,0.211949
-5.07759237053545,-0.9683551320755859,0.38322272576994365,0.209064
-5.07759237053545,-0.6254959270459324,-0.13106608177453616,0.17174
-5.07759237053545,0.23165208552820005,-0.30249568428936247,0.111952
-4.906162768020624,-5.082665592431422,0.8975115333144235,0.156212
-4.906162768020624,-3.539799169797983,1.9260891484033822,0.17605
-4.906162768020624,-2.3397919521941972,1.5832299433737296,0.187746
-4.906162768020624,-1.1397847345904122,0.7260819307995972,0.20827
-4.906162768020624,0.5745112905578535,-2.531080516982107,0.0684324
-4.906162768020624,1.2602297006171588,-1.3310732993783216,0.141038
-4.906162768020624,1.2602297006171588,-1.1596436968634949,0.145381
-4.734733165505798,-5.082665592431422,-1.3310732993783216,0.15642
-4.734733165505798,-4.739806387401769,-1.845362106922801,0.16188
-4.734733165505798,-4.054087977342463,-2.188221311952454,0.170462
-4.734733165505798,-2.6826511572238507,2.2689483534330357,0.176057
-4.734733165505798,-2.5112215547090244,-1.6739325044079747,0.188413
-4.734733165505798,-1.4826439396200648,-1.6739325044079747,0.148642
-4.734733165505798,-0.45406632453110607,0.21179312325511734,0.165337
-4.734733165505798,1.6030889056468132,-0.4739252868041888,0.134784
-4.734733165505798,1.6030889056468132,0.38322272576994365,0.109962
-4.734733165505798,1.9459481106764658,-0.6453548893190151,0.13186
-4.5633035629909715,-4.739806387401769,-1.845362106922801,0.161003
-4.5633035629909715,-2.854080759738677,2.440377955947862,0.173217
-4.5633035629909715,-0.45406632453110607,1.4118003408589024,0.159609
-4.5633035629909715,-0.11120711950145257,0.7260819307995972,0.152465
-4.391873960476145,-2.5112215547090244,-2.7025101194969334,0.16497
-4.391873960476145,-1.1397847345904122,-2.531080516982107,0.102442
-4.391873960476145,-0.45406632453110607,1.9260891484033822,0.151886
-4.391873960476145,0.7459408930726799,0.21179312325511734,0.12329
-4.391873960476145,1.2602297006171588,-2.3596509144672804,0.0998763
-4.391873960476145,1.6030889056468132,-1.845362106922801,0.144212
-4.220444357961318,-5.254095194946248,0.7260819307995972,0.154739
-4.220444357961318,-2.6826511572238507,-2.8739397220117597,0.165723
-4.220444357961318,-1.654073542134891,-2.7025101194969334,0.141721
-4.220444357961318,-1.4826439396200648,2.7832371609775155,0.160852
-4.220444357961318,-1.1397847345904122,2.440377955947862,0.158663
-4.220444357961318,0.5745112905578535,2.0975187509182085,0.138234
-4.220444357961318,2.631666520735771,1.4118003408589024,0.123308
-4.220444357961318,3.660244135824729,-0.6453548893190151,0.187172
-4.220444357961318,4.003103340854385,0.38322272576994365,0.221414
-4.049014755446492,-5.425524797461075,-0.4739252868041888,0.156132
-4.049014755446492,-4.739806387401769,1.4118003408589024,0.153799
-4.049014755446492,-4.568376784886942,-1.845362106922801,0.158886
-4.049014755446492,-1.1397847345904122,-2.7025101194969334,0.112146
-4.049014755446492,-0.7969255295607587,-2.8739397220117597,0.0893801
-4.049014755446492,1.2602297006171588,-2.531080516982107,0.0953024
-4.049014755446492,1.7745185081616386,-1.845362106922801,0.15037
-4.049014755446492,3.831673738339558,0.8975115333144235,0.207777
-3.877585152931665,-4.396947182372116,1.5832299433737296,0.156942
-3.877585152931665,-2.854080759738677,2.954666763492342,0.163044
-3.877585152931665,0.40308168804302724,2.440377955947862,0.133066
-3.877585152931665,1.431659303131986,-2.3596509144672804,0.112148
-3.7061555504168386,-5.425524797461075,-0.6453548893190151,0.15567
-3.7061555504168386,-4.225517579857289,-1.845362106922801,0.162311
-3.7061555504168386,-3.3683695672831564,-2.7025101194969334,0.166907
-3.7061555504168386,-1.8255031446497183,3.126096366007168,0.159057
-3.534725947902012,-1.4826439396200648,-3.045369324526587,0.143263
-3.534725947902012,1.0888000981023334,2.0975187509182085,0.126217
-3.534725947902012,2.117377713191291,-1.6739325044079747,0.132611
-3.534725947902012,2.2888073157061184,1.7546595458885559,0.10108
-3.3632963453871856,-3.882658374827636,1.5832299433737296,0.16658
-3.3632963453871856,0.23165208552820005,-3.045369324526587,0.0847253
-3.3632963453871856,1.7745185081616386,-1.845362106922801,0.146241
-3.3632963453871856,3.831673738339558,1.0689411358292498,0.184306
-3.1918667428723593,-2.168362349679371,3.126096366007168,0.156212
-3.1918667428723593,1.431659303131986,-2.188221311952454,0.126626
-3.1918667428723593,3.660244135824729,-0.9882140943486681,0.148898
-3.1918667428723593,3.831673738339558,-0.8167844918338418,0.161169
-3.1918667428723593,4.345962545884038,-0.30249568428936247,0.175556
-3.1918667428723593,4.517392148398863,0.55465232828477,0.173578
-3.020437140357533,-5.425524797461075,0.38322272576994365,0.164939
-3.020437140357533,-4.054087977342463,-1.502502901893148,0.167446
-3.020437140357533,-0.45406632453110607,2.954666763492342,0.135573
-3.020437140357533,-0.28263672201627976,-3.045369324526587,0.114233
-3.020437140357533,-0.28263672201627976,2.954666763492342,0.132501
-3.020437140357533,4.17453294336921,-0.6453548893190151,0.158793
-2.8490075378427058,5.031680955943343,-0.4739252868041888,0.145263
-2.8490075378427058,5.031680955943343,0.8975115333144235,0.148315
-2.6775779353278795,-3.71122877231281,-2.0167917094376273,0.158815
-2.6775779353278795,-2.3397919521941972,-3.2167989270414132,0.154238
-2.6775779353278795,-1.4826439396200648,-3.045369324526587,0.150586
-2.506148332813053,-4.054087977342463,1.0689411358292498,0.171942
-2.506148332813053,0.06022248301337374,3.126096366007168,0.130528
-2.506148332813053,0.5745112905578535,-2.8739397220117597,0.122094
-2.506148332813053,1.2602297006171588,1.7546595458885559,0.121315
-2.506148332813053,2.9745257257654236,-1.502502901893148,0.116455
-2.334718730298227,-4.911235989916595,-0.13106608177453616,0.173262
-2.334718730298227,-4.739806387401769,-0.4739252868041888,0.172694
-2.334718730298227,-3.882658374827636,-1.502502901893148,0.16538
-2.334718730298227,-2.854080759738677,-2.8739397220117597,0.152985
-2.334718730298227,4.345962545884038,1.5832299433737296,0.117693
-2.334718730298227,4.860251353428516,1.4118003408589024,0.127919
-2.1632891277833997,-4.225517579857289,-0.30249568428936247,0.178619
-2.1632891277833997,-3.19693996476833,-2.531080516982107,0.152242
-2.1632891277833997,1.7745185081616386,-1.6739325044079747,0.121254
-2.1632891277833997,1.9459481106764658,-1.6739325044079747,0.118691
-2.1632891277833997,2.117377713191291,-1.6739325044079747,0.116691
-2.1632891277833997,2.117377713191291,1.7546595458885559,0.112564
-2.1632891277833997,5.031680955943343,-0.9882140943486681,0.12106
-1.9918595252685733,-3.0255103622535033,2.440377955947862,0.15185
-1.9918595252685733,-2.6826511572238507,-2.7025101194969334,0.154632
-1.9918595252685733,-1.8255031446497183,2.6118075584626883,0.155951
-1.9918595252685733,-1.3112143371052385,-3.045369324526587,0.146086
-1.9918595252685733,1.2602297006171588,-1.845362106922801,0.125553
-1.9918595252685733,1.7745185081616386,1.7546595458885559,0.110907
-1.9918595252685733,4.860251353428516,-1.1596436968634949,0.111445
-1.9918595252685733,5.717399366002648,-0.13106608177453616,0.147797
-1.9918595252685733,5.717399366002648,0.55465232828477,0.150786
-1.820429922753747,-2.854080759738677,2.440377955947862,0.152222
-1.820429922753747,-1.4826439396200648,-2.8739397220117597,0.15035
-1.820429922753747,-0.45406632453110607,-3.3882285295562395,0.135685
-1.820429922753747,0.23165208552820005,3.126096366007168,0.13385
-1.820429922753747,3.145955328280251,-1.6739325044079747,0.0974266
-1.820429922753747,3.4888145333099034,1.9260891484033822,0.0944372
-1.6490003202389207,-3.539799169797983,-0.30249568428936247,0.177545
-1.6490003202389207,-3.3683695672831564,0.21179312325511734,0.176635
-1.6490003202389207,-2.5112215547090244,-2.531080516982107,0.156624
-1.6490003202389207,5.717399366002648,-0.13106608177453616,0.153395
-1.4775707177240944,-3.539799169797983,0.7260819307995972,0.167961
-1.4775707177240944,-3.3683695672831564,1.9260891484033822,0.155848
-1.4775707177240944,-2.854080759738677,-2.3596509144672804,0.155838
-1.4775707177240944,-0.7969255295607587,-3.2167989270414132,0.139302
-1.4775707177240944,0.40308168804302724,-3.045369324526587,0.132773
-1.4775707177240944,0.9173704955875062,2.0975187509182085,0.118641
-1.4775707177240944,2.9745257257654236,1.9260891484033822,0.0912507
-1.3061411152092672,-1.8255031446497183,2.0975187509182085,0.148557
-1.3061411152092672,-1.3112143371052385,2.6118075584626883,0.142152
-1.3061411152092672,-1.1397847345904122,2.7832371609775155,0.141393
-1.3061411152092672,-0.45406632453110607,-3.2167989270414132,0.137609
-1.3061411152092672,2.803096123250598,-1.6739325044079747,0.0949343
-1.3061411152092672,4.003103340854385,-1.6739325044079747,0.0859907
-1.3061411152092672,5.717399366002648,0.55465232828477,0.172103
-1.134711512694441,-3.539799169797983,-1.1596436968634949,0.168192
-1.134711512694441,-1.1397847345904122,2.6118075584626883,0.139683
-1.134711512694441,-0.45406632453110607,2.954666763492342,0.138003
-1.134711512694441,-0.28263672201627976,2.954666763492342,0.137213
-1.134711512694441,0.5745112905578535,-2.531080516982107,0.12932
-1.134711512694441,4.003103340854385,-1.6739325044079747,0.0853177
-1.134711512694441,4.517392148398863,1.7546595458885559,0.101726
-0.9632819101796146,-2.854080759738677,0.7260819307995972,0.149266
-0.9632819101796146,-1.4826439396200648,1.9260891484033822,0.136459
-0.9632819101796146,0.23165208552820005,-2.7025101194969334,0.132793
-0.9632819101796146,0.40308168804302724,2.2689483534330357,0.125568
-0.9632819101796146,1.9459481106764658,1.7546595458885559,0.0953833
-0.9632819101796146,5.203110558458168,1.240370738344076,0.143174
-0.9632819101796146,5.888828968517475,-0.30249568428936247,0.17508
-0.7918523076647883,-2.5112215547090244,1.9260891484033822,0.134395
-0.7918523076647883,-1.1397847345904122,2.0975187509182085,0.130655
-0.7918523076647883,0.06022248301337374,2.2689483534330357,0.127647
-0.7918523076647883,1.7745185081616386,1.7546595458885559,0.0946847
-0.7918523076647883,2.803096123250598,1.7546595458885559,0.092021
-0.7918523076647883,3.3173849307950762,1.9260891484033822,0.0860216
-0.7918523076647883,3.831673738339558,-1.6739325044079747,0.0854746
-0.7918523076647883,4.68882175091369,-1.3310732993783216,0.100049
-0.7918523076647883,6.403117776061953,0.21179312325511734,0.193226
-0.7918523076647883,6.403117776061953,0.38322272576994365,0.194163
-0.6204227051499611,-3.0255103622535033,1.240370738344076,0.123558
-0.6204227051499611,-3.0255103622535033,1.5832299433737296,0.122739
-0.6204227051499611,-1.654073542134891,2.2689483534330357,0.131286
-0.6204227051499611,-1.1397847345904122,2.0975187509182085,0.125442
-0.6204227051499611,-0.45406632453110607,1.9260891484033822,0.122806
-0.6204227051499611,0.06022248301337374,-1.6739325044079747,0.128538
-0.6204227051499611,0.06022248301337374,1.5832299433737296,0.120316
-0.6204227051499611,0.23165208552820005,1.5832299433737296,0.118225
-0.6204227051499611,0.9173704955875062,1.7546595458885559,0.102965
-0.6204227051499611,2.2888073157061184,1.5832299433737296,0.0993093
-0.6204227051499611,2.4602369182209456,1.5832299433737296,0.0993291
-0.6204227051499611,3.4888145333099034,1.9260891484033822,0.0868444
-0.6204227051499611,3.831673738339558,1.9260891484033822,0.0887894
-0.6204227051499611,5.203110558458168,-0.9882140943486681,0.120559
-0.6204227051499611,5.203110558458168,1.4118003408589024,0.133616
-0.4489931026351348,-2.5112215547090244,0.38322272576994365,0.120762
-0.4489931026351348,-0.9683551320755859,-1.3310732993783216,0.132119
-0.4489931026351348,-0.28263672201627976,1.4118003408589024,0.116374
-0.4489931026351348,0.06022248301337374,-1.502502901893148,0.124093
-0.4489931026351348,1.6030889056468132,-1.845362106922801,0.0975235
-0.4489931026351348,5.031680955943343,-1.1596436968634949,0.107679
-0.4489931026351348,5.717399366002648,1.4118003408589024,0.14512
-0.2775635001203085,-2.168362349679371,2.7832371609775155,0.126232
-0.2775635001203085,-1.9969327471645446,2.7832371609775155,0.127456
-0.2775635001203085,-1.3112143371052385,2.6118075584626883,0.122232
-0.2775635001203085,-0.6254959270459324,-1.3310732993783216,0.11972
-0.2775635001203085,2.9745257257654236,1.7546595458885559,0.0921019
-0.10613389760548131,-3.3683695672831564,2.2689483534330357,0.100634
-0.10613389760548131,-2.3397919521941972,0.04036352074029104,0.114826
-0.10613389760548131,-0.45406632453110607,1.7546595458885559,0.101386
-0.10613389760548131,6.060258571032301,1.4118003408589024,0.139191
-0.10613389760548131,6.745976981091608,0.21179312325511734,0.17403
0.065295704909345,2.803096123250598,-1.6739325044079747,0.089186
0.2367253074241713,-3.539799169797983,0.7260819307995972,0.0985032
0.2367253074241713,-2.6826511572238507,3.126096366007168,0.102692
0.2367253074241713,-0.9683551320755859,-1.1596436968634949,0.0986403
0.2367253074241713,2.2888073157061184,1.7546595458885559,0.0882653
0.2367253074241713,5.545969763487823,1.7546595458885559,0.0879786
0.2367253074241713,6.403117776061953,-0.6453548893190151,0.120301
0.2367253074241713,6.745976981091608,0.21179312325511734,0.156126
0.2367253074241713,6.745976981091608,0.38322272576994365,0.157211
0.4081549099389976,-0.11120711950145257,1.5832299433737296,0.0886816
0.5795845124538248,-3.71122877231281,2.440377955947862,0.0836701
0.5795845124538248,-0.7969255295607587,2.954666763492342,0.089869
0.5795845124538248,-0.28263672201627976,2.2689483534330357,0.0847855
0.5795845124538248,0.23165208552820005,-1.845362106922801,0.0908769
0.5795845124538248,0.40308168804302724,-1.845362106922801,0.0933668
0.5795845124538248,4.003103340854385,-1.502502901893148,0.0863686
0.7510141149686502,-3.539799169797983,2.7832371609775155,0.0808768
0.7510141149686502,-1.3112143371052385,-0.8167844918338418,0.0937425
0.9224437174834774,-0.7969255295607587,-1.502502901893148,0.0865294
0.9224437174834774,6.5745473785767805,0.21179312325511734,0.0976263
1.0938733199983046,-3.71122877231281,2.6118075584626883,0.0779758
1.0938733199983046,-3.539799169797983,0.04036352074029104,0.101411
1.0938733199983046,-2.5112215547090244,3.4689555710368216,0.0783285
1.0938733199983046,-1.654073542134891,-0.8167844918338418,0.0979992
1.0938733199983046,-0.7969255295607587,-1.502502901893148,0.0883963
1.0938733199983046,3.660244135824729,-1.502502901893148,0.07888
1.26530292251313,-2.5112215547090244,3.4689555710368216,0.0746048
1.26530292251313,-0.28263672201627976,2.440377955947862,0.0750126
1.26530292251313,0.06022248301337374,-1.845362106922801,0.0906923
1.26530292251313,1.0888000981023334,-1.6739325044079747,0.106382
1.26530292251313,1.9459481106764658,-1.6739325044079747,0.0990434
1.26530292251313,5.717399366002648,-1.1596436968634949,0.032049
1.4367325250279572,-4.054087977342463,1.7546595458885559,0.09886
1.4367325250279572,-3.19693996476833,-0.8167844918338418,0.0893636
1.4367325250279572,-2.6826511572238507,-0.9882140943486681,0.0902673
1.4367325250279572,-0.45406632453110607,-1.6739325044079747,0.0945398
1.4367325250279572,1.7745185081616386,1.5832299433737296,0.0954315
1.4367325250279572,2.117377713191291,-1.6739325044079747,0.0964471
1.6081621275427826,-4.911235989916595,0.7260819307995972,0.114474
1.6081621275427826,-4.911235989916595,0.8975115333144235,0.116919
1.6081621275427826,-1.8255031446497183,3.4689555710368216,0.0691645
1.7795917300576098,-5.082665592431422,1.0689411358292498,0.11998
1.7795917300576098,-4.568376784886942,-0.30249568428936247,0.0947342
1.7795917300576098,-1.8255031446497183,-1.502502901893148,0.0870666
1.7795917300576098,-0.6254959270459324,-1.6739325044079747,0.100415
1.7795917300576098,0.23165208552820005,1.5832299433737296,0.0948436
1.7795917300576098,2.4602369182209456,-1.6739325044079747,0.0935284
1.7795917300576098,2.803096123250598,-1.6739325044079747,0.0878342
1.7795917300576098,5.203110558458168,-0.9882140943486681,0.00875268
1.951021332572437,-4.739806387401769,-0.30249568428936247,0.0951767
1.951021332572437,-2.5112215547090244,3.2975259685219944,0.0663733
1.951021332572437,-0.28263672201627976,1.9260891484033822,0.0835583
1.951021332572437,1.2602297006171588,1.5832299433737296,0.0903748
1.951021332572437,1.6030889056468132,1.5832299433737296,0.0919869
1.951021332572437,5.545969763487823,-0.6453548893190151,0.00136528
1.951021332572437,5.717399366002648,-0.4739252868041888,0.00393669
2.1224509350872625,-3.19693996476833,2.7832371609775155,0.0740389
2.1224509350872625,-0.45406632453110607,2.0975187509182085,0.0799947
2.1224509350872625,-0.28263672201627976,1.7546595458885559,0.0900222
2.1224509350872625,0.23165208552820005,-1.845362106922801,0.103029
2.1224509350872625,0.5745112905578535,-1.845362106922801,0.0994005
2.1224509350872625,4.17453294336921,-1.3310732993783216,0.0327236
2.2938805376020897,-4.739806387401769,-0.6453548893190151,0.0897571
2.2938805376020897,-3.882658374827636,-1.3310732993783216,0.0787495
2.2938805376020897,-1.4826439396200648,-2.0167917094376273,0.0825433
2.2938805376020897,2.2888073157061184,-1.6739325044079747,0.0932402
2.2938805376020897,2.4602369182209456,-1.6739325044079747,0.0923075
2.2938805376020897,4.68882175091369,-1.1596436968634949,0.00634919
2.465310140116915,-3.3683695672831564,-1.502502901893148,0.0795213
2.465310140116915,-2.5112215547090244,-1.502502901893148,0.0875941
2.465310140116915,-1.8255031446497183,2.954666763492342,0.0681271
2.465310140116915,-0.9683551320755859,2.440377955947862,0.0751244
2.465310140116915,2.4602369182209456,-1.6739325044079747,0.0896217
2.465310140116915,4.517392148398863,-1.3310732993783216,0.0116659
2.465310140116915,5.203110558458168,-0.6453548893190151,-0.0143652
2.6367397426317423,-2.5112215547090244,-1.6739325044079747,0.0849498
2.6367397426317423,-2.3397919521941972,-1.845362106922801,0.0816136
2.6367397426317423,-1.4826439396200648,2.6118075584626883,0.0738612
2.6367397426317423,4.860251353428516,1.240370738344076,-0.00598398
2.8081693451465677,-5.425524797461075,0.7260819307995972,0.115537
2.8081693451465677,-4.911235989916595,-0.8167844918338418,0.0903149
2.8081693451465677,-0.7969255295607587,1.7546595458885559,0.0904851
2.8081693451465677,-0.28263672201627976,1.5832299433737296,0.0896435
2.8081693451465677,-0.11120711950145257,-2.0167917094376273,0.0989758
2.8081693451465677,0.5745112905578535,1.7546595458885559,0.0727797
2.8081693451465677,1.7745185081616386,1.7546595458885559,0.0752357
2.8081693451465677,2.2888073157061184,-1.6739325044079747,0.0832381
2.8081693451465677,4.345962545884038,1.5832299433737296,0.00945104
2.8081693451465677,5.031680955943343,-0.9882140943486681,-0.00760863
2.979598947661395,-3.19693996476833,-2.0167917094376273,0.0753275
2.979598947661395,-1.4826439396200648,-2.531080516982107,0.0795559
2.979598947661395,-1.1397847345904122,-2.531080516982107,0.0830285
2.979598947661395,5.031680955943343,-0.9882140943486681,-0.00797907
3.1510285501762203,-5.254095194946248,0.21179312325511734,0.1104
3.1510285501762203,-2.6826511572238507,-2.3596509144672804,0.0738018
3.1510285501762203,-0.6254959270459324,-2.531080516982107,0.0894089
3.1510285501762203,0.23165208552820005,-2.0167917094376273,0.0990482
3.1510285501762203,1.431659303131986,-1.845362106922801,0.0774918
3.1510285501762203,2.117377713191291,-1.6739325044079747,0.0772098
3.1510285501762203,2.803096123250598,1.5832299433737296,0.0616962
3.1510285501762203,5.3745401609729955,0.21179312325511734,-0.0181128
3.3224581526910493,-5.254095194946248,-0.4739252868041888,0.101991
3.3224581526910493,-5.254095194946248,1.0689411358292498,0.112234
3.3224581526910493,-4.054087977342463,2.0975187509182085,0.090772
3.3224581526910493,-3.19693996476833,-2.3596509144672804,0.0731813
3.3224581526910493,-2.854080759738677,2.0975187509182085,0.0805886
3.3224581526910493,-1.654073542134891,-2.7025101194969334,0.0780251
3.3224581526910493,0.9173704955875062,-1.845362106922801,0.0856034
3.3224581526910493,1.2602297006171588,1.7546595458885559,0.0686717
3.4938877552058765,-4.396947182372116,1.9260891484033822,0.0942549
3.4938877552058765,0.7459408930726799,-1.845362106922801,0.0929689
3.4938877552058765,2.631666520735771,1.4118003408589024,0.0612534
3.4938877552058765,3.3173849307950762,-1.502502901893148,0.0347963
3.4938877552058765,5.203110558458168,-0.4739252868041888,-0.0140341
3.665317357720702,-4.054087977342463,-2.188221311952454,0.0780175
3.665317357720702,-3.71122877231281,-2.3596509144672804,0.0753004
3.665317357720702,0.7459408930726799,-1.845362106922801,0.0966064
3.836746960235529,-5.425524797461075,-1.1596436968634949,0.100056
3.836746960235529,-4.739806387401769,-1.845362106922801,0.0868233
3.836746960235529,-3.539799169797983,1.9260891484033822,0.0782945
3.836746960235529,-3.19693996476833,1.9260891484033822,0.0755599
3.836746960235529,0.40308168804302724,-2.3596509144672804,0.105768
3.836746960235529,1.2602297006171588,1.5832299433737296,0.0721489
3.836746960235529,1.431659303131986,1.5832299433737296,0.0718451
3.836746960235529,2.803096123250598,1.240370738344076,0.0449482
3.836746960235529,4.68882175091369,-0.9882140943486681,-0.00671137
3.836746960235529,5.031680955943343,0.55465232828477,-0.0140297
4.0081765627503545,-3.882658374827636,-2.3596509144672804,0.0794032
4.0081765627503545,-1.9969327471645446,1.4118003408589024,0.0751069
4.0081765627503545,-1.1397847345904122,1.240370738344076,0.0762757
4.0081765627503545,-0.9683551320755859,-2.8739397220117597,0.0907101
4.0081765627503545,4.517392148398863,-0.9882140943486681,-0.00606233
4.0081765627503545,4.68882175091369,-0.8167844918338418,-0.00911885
4.179606165265182,-3.3683695672831564,-2.7025101194969334,0.0791253
4.179606165265182,-1.8255031446497183,1.0689411358292498,0.0786819
4.179606165265182,-0.9683551320755859,1.0689411358292498,0.076239
4.179606165265182,1.6030889056468132,1.4118003408589024,0.0764792
4.179606165265182,2.631666520735771,0.8975115333144235,0.0521333
4.179606165265182,4.860251353428516,0.04036352074029104,-0.0144865
4.351035767780007,-3.539799169797983,1.5832299433737296,0.0730876
4.351035767780007,-0.7969255295607587,-2.8739397220117597,0.0972669
4.351035767780007,1.2602297006171588,-1.3310732993783216,0.0909505
4.522465370294834,-3.71122877231281,-2.531080516982107,0.085077
4.522465370294834,-1.654073542134891,0.7260819307995972,0.0776107
4.522465370294834,0.06022248301337374,-2.7025101194969334,0.109205
4.522465370294834,0.7459408930726799,-1.845362106922801,0.10945
4.522465370294834,0.7459408930726799,1.0689411358292498,0.0905642
4.522465370294834,2.803096123250598,-0.13106608177453616,0.0398036
4.522465370294834,2.803096123250598,0.21179312325511734,0.0394326
4.522465370294834,2.9745257257654236,-0.30249568428936247,0.026733
4.69389497280966,-2.6826511572238507,1.0689411358292498,0.0700383
4.69389497280966,-1.8255031446497183,-2.8739397220117597,0.0916361
4.69389497280966,2.4602369182209456,-0.13106608177453616,0.0697871
4.69389497280966,2.4602369182209456,0.21179312325511734,0.0700718
4.69389497280966,3.4888145333099034,0.04036352074029104,0.00144587
4.69389497280966,3.660244135824729,-0.13106608177453616,-0.00287786
4.69389497280966,3.660244135824729,0.21179312325511734,-0.00340367
4.69389497280966,3.831673738339558,0.04036352074029104,-0.00696613
4.865324575324487,-5.254095194946248,-1.502502901893148,0.106698
4.865324575324487,-3.539799169797983,-2.7025101194969334,0.089521
4.865324575324487,-0.28263672201627976,-2.7025101194969334,0.108372
4.865324575324487,2.2888073157061184,0.21179312325511734,0.0809328
5.036754177839314,-5.5969543999759015,-0.8167844918338418,0.113452
5.036754177839314,-5.5969543999759015,-0.30249568428936247,0.112493
5.036754177839314,-4.225517579857289,0.8975115333144235,0.0810928
5.036754177839314,-1.9969327471645446,0.55465232828477,0.0703604
5.036754177839314,0.40308168804302724,-0.8167844918338418,0.101738
5.036754177839314,0.7459408930726799,-0.30249568428936247,0.107539
5.2081837803541395,-4.739806387401769,0.55465232828477,0.0915661
5.2081837803541395,-3.71122877231281,-2.531080516982107,0.0962493
5.2081837803541395,-3.71122877231281,0.8975115333144235,0.0738778
5.2081837803541395,0.40308168804302724,-1.3310732993783216,0.105118
5.379613382868967,-3.71122877231281,0.7260819307995972,0.0746659
5.379613382868967,-2.3397919521941972,-3.045369324526587,0.0999545
5.551042985383792,-2.5112215547090244,-3.045369324526587,0.102662
5.551042985383792,-0.11120711950145257,-1.502502901893148,0.100923
5.722472587898619,-2.3397919521941972,0.21179312325511734,0.0674847
5.722472587898619,-0.7969255295607587,-1.1596436968634949,0.0903723
5.722472587898619,-0.7969255295607587,-0.9882140943486681,0.0869925
6.065331792928272,-3.0255103622535033,-0.30249568428936247,0.0771216
6.065331792928272,-1.654073542134891,-0.6453548893190151,0.0768687
6.236761395443099,-3.539799169797983,-1.6739325044079747,0.102756
6.408190997957926,-3.19693996476833,-2.188221311952454,0.108083
6.408190997957926,-3.0255103622535033,-2.3596509144672804,0.109558
6.5796206004727535,-2.854080759738677,-2.0167917094376273,0.106391
