-6.6591654600699925,0.31807942389658894,0.0736969222683177,0.0867086
-6.518258269752701,0.17717223357929868,0.35551130290289823,0.0880724
-6.518258269752701,1.3044297561176252,-0.489931839000846,0.0595199
-6.518258269752701,1.3044297561176252,-0.3490246486835549,0.0593532
-6.377351079435411,-0.10464214705528363,0.35551130290289823,0.0843942
-6.377351079435411,1.5862441367522075,-0.7717462196354279,0.0541232
-6.377351079435411,1.5862441367522075,-0.3490246486835549,0.0468266
-6.23644388911812,-0.2455493373725739,-1.1944677905873005,0.0319144
-6.23644388911812,0.8817081851657527,-1.8990037421737544,0.0705
-6.23644388911812,1.7271513270694978,-1.4762821712218819,0.0756844
-6.095536698800829,-0.5273637180071553,-0.9126534099527186,0.0294522
-6.095536698800829,-0.38645652768986416,0.35551130290289823,0.0718397
-6.095536698800829,-0.2455493373725739,-1.4762821712218819,0.0232255
-6.095536698800829,0.31807942389658894,-1.8990037421737544,0.0437026
-6.095536698800829,1.4453369464349155,0.4964184932201894,0.0406358
-5.954629508483539,-0.6682709083244465,-0.7717462196354279,0.0263564
-5.954629508483539,-0.6682709083244465,-0.2081174583662646,0.0469
-5.954629508483539,1.163522565800335,0.7782328738547717,0.0473944
-5.954629508483539,2.1498728980213704,-1.3353749809045907,0.0653741
-5.954629508483539,2.1498728980213704,-0.3490246486835549,0.0220178
-5.813722318166247,0.03626504326200841,-2.039910932491045,0.028422
-5.813722318166247,2.00896570770408,0.21460411258560796,0.012131
-5.813722318166247,2.2907800883386606,-0.489931839000846,0.0211751
-5.672815127848956,0.03626504326200841,0.919140064172062,0.0523926
-5.672815127848956,1.4453369464349155,0.7782328738547717,0.0237594
-5.672815127848956,1.868058517386788,0.4964184932201894,0.0100869
-5.672815127848956,2.00896570770408,0.35551130290289823,0.00741818
-5.391000747214375,0.31807942389658894,1.060047254489353,0.029652
-5.391000747214375,1.868058517386788,0.6373256835374805,0.00235572
-5.250093556897085,-0.9500852889590279,-0.6308390293181372,0.00362828
-5.250093556897085,-0.10464214705528363,1.060047254489353,0.00263674
-5.109186366579793,0.4589866142138801,1.2009544448066443,-0.00057863
-5.109186366579793,1.4453369464349155,0.919140064172062,0.00401441
-4.968279176262502,-0.9500852889590279,1.060047254489353,-0.0449582
-4.968279176262502,0.31807942389658894,1.4827688254412248,-0.0300704
-4.968279176262502,0.7408009948484624,1.2009544448066443,-0.0047644
-4.827371985945211,-1.0909924792763186,0.21460411258560796,-0.0220984
-4.827371985945211,0.17717223357929868,1.764583206075807,-0.0487934
-4.827371985945211,0.4589866142138801,1.6236760157585168,-0.0383399
-4.827371985945211,1.163522565800335,1.060047254489353,-0.00224264
-4.827371985945211,2.1498728980213704,-2.1808181228083363,0.0966093
-4.827371985945211,2.572594468973243,-1.0535606002700093,0.0326515
-4.686464795627922,-1.3728068599109,0.7782328738547717,-0.0502289
-4.686464795627922,-0.9500852889590279,-1.1944677905873005,-0.00341051
-4.686464795627922,-0.8091780986417372,1.764583206075807,-0.0675759
-4.686464795627922,1.3044297561176252,-2.6035396937602084,0.0925293
-4.686464795627922,2.431687278655952,0.0736969222683177,-0.00362627
-4.545557605310631,-0.8091780986417372,1.9054903963930974,-0.0716083
-4.545557605310631,0.4589866142138801,-2.4626325034429177,0.0486119
-4.404650414993339,-1.3728068599109,-0.06721026804897434,-0.0278508
-4.404650414993339,-0.10464214705528363,2.1873047770276797,-0.0678037
-4.404650414993339,0.7408009948484624,1.9054903963930974,-0.0481488
-4.404650414993339,1.0226153754830438,1.6236760157585168,-0.0356249
-4.404650414993339,2.431687278655952,-0.06721026804897434,0.00149277
-4.263743224676048,1.3044297561176252,1.3418616351239345,-0.0222795
-4.263743224676048,1.7271513270694978,-2.3217253131256266,0.088148
-4.263743224676048,2.431687278655952,-0.2081174583662646,0.00646281
-4.122836034358757,-0.10464214705528363,2.32821196734497,-0.0695573
-4.122836034358757,0.31807942389658894,-2.3217253131256266,0.0402004
-4.122836034358757,0.8817081851657527,-2.4626325034429177,0.0642362
-4.122836034358757,1.3044297561176252,1.4827688254412248,-0.0276359
-4.122836034358757,1.4453369464349155,-2.4626325034429177,0.0797659
-4.122836034358757,2.00896570770408,0.4964184932201894,0.00484498
-3.981928844041467,-1.7955284308627726,0.6373256835374805,-0.0507706
-3.981928844041467,-1.7955284308627726,0.7782328738547717,-0.0538493
-3.981928844041467,-0.6682709083244465,-1.617189361539173,0.0156687
-3.981928844041467,1.3044297561176252,-2.6035396937602084,0.0703081
-3.981928844041467,1.4453369464349155,-2.6035396937602084,0.0725032
-3.981928844041467,1.4453369464349155,1.3418616351239345,-0.0204271
-3.981928844041467,1.5862441367522075,1.060047254489353,-0.00759523
-3.841021653724176,-1.7955284308627726,1.060047254489353,-0.0579771
-3.841021653724176,-0.6682709083244465,-1.617189361539173,0.0182593
-3.841021653724176,0.17717223357929868,-2.3217253131256266,0.0333826
-3.841021653724176,0.4589866142138801,-2.4626325034429177,0.0419674
-3.841021653724176,0.7408009948484624,-2.6035396937602084,0.050289
-3.841021653724176,2.1498728980213704,0.21460411258560796,0.0142983
-3.841021653724176,2.2907800883386606,-1.8990037421737544,0.059812
-3.7001144634068854,-1.2318996695936097,-0.7717462196354279,-0.000827591
-3.7001144634068854,0.7408009948484624,-2.744446884077499,0.0462062
-3.7001144634068854,1.7271513270694978,0.919140064172062,0.000909516
-3.7001144634068854,2.431687278655952,-1.7580965518564633,0.0502867
-3.7001144634068854,2.431687278655952,-1.617189361539173,0.0468913
-3.7001144634068854,2.431687278655952,-1.4762821712218819,0.043377
-3.5592072730895943,1.0226153754830438,2.0463975867103894,-0.0396497
-3.418300082772303,-1.0909924792763186,2.7509335382968425,-0.0837746
-3.418300082772303,1.3044297561176252,-3.1671684550293717,0.0567363
-3.418300082772303,1.3044297561176252,1.764583206075807,-0.0277951
-3.418300082772303,2.431687278655952,-0.489931839000846,0.0198717
-3.418300082772303,2.572594468973243,-2.3217253131256266,0.0559876
-3.277392892455013,-1.7955284308627726,2.6100263479795522,-0.0846513
-3.277392892455013,2.431687278655952,-0.3490246486835549,0.0165543
-3.1364857021377226,-1.9364356211800637,1.2009544448066443,-0.0447264
-3.1364857021377226,-1.7955284308627726,2.8918407286141337,-0.0863335
-3.1364857021377226,-1.2318996695936097,-0.7717462196354279,0.00437417
-3.1364857021377226,-1.2318996695936097,3.173655109248715,-0.0858362
-3.1364857021377226,0.03626504326200841,2.6100263479795522,-0.0550508
-3.1364857021377226,0.31807942389658894,-2.8853540743947903,0.0240974
-3.1364857021377226,1.4453369464349155,-3.308075645346663,0.0571412
-3.1364857021377226,1.868058517386788,0.6373256835374805,0.0136115
-2.9955785118204306,-2.2182500018146456,2.469119157662261,-0.081369
-2.9955785118204306,-1.2318996695936097,3.3145622995660053,-0.0855462
-2.9955785118204306,-0.5273637180071553,-2.1808181228083363,0.00673639
-2.9955785118204306,-0.2455493373725739,3.032747918931424,-0.0699214
-2.9955785118204306,0.03626504326200841,2.7509335382968425,-0.0566792
-2.9955785118204306,0.7408009948484624,-3.1671684550293717,0.036504
-2.8546713215031403,-2.2182500018146456,2.7509335382968425,-0.083508
-2.8546713215031403,-0.2455493373725739,3.173655109248715,-0.0707362
-2.8546713215031403,0.17717223357929868,-2.8853540743947903,0.0171396
-2.8546713215031403,0.5998938045311712,2.32821196734497,-0.0257249
-2.8546713215031403,1.5862441367522075,1.060047254489353,0.00458198
-2.8546713215031403,2.1498728980213704,0.21460411258560796,0.0130165
-2.71376413118585,-1.7955284308627726,0.21460411258560796,-0.00290438
-2.71376413118585,-0.38645652768986416,-2.4626325034429177,0.00431616
-2.71376413118585,-0.2455493373725739,-2.6035396937602084,0.00649043
-2.71376413118585,1.868058517386788,-3.308075645346663,0.0605985
-2.71376413118585,2.1498728980213704,0.21460411258560796,0.011442
-2.572856940868559,-2.359157192131936,1.3418616351239345,-0.0508457
-2.572856940868559,-2.2182500018146456,3.032747918931424,-0.0834376
-2.572856940868559,-1.7955284308627726,0.21460411258560796,0.00273188
-2.572856940868559,-1.0909924792763186,3.5963766802005876,-0.0823386
-2.572856940868559,-0.9500852889590279,3.5963766802005876,-0.0812043
-2.572856940868559,-0.8091780986417372,-1.7580965518564633,0.00339268
-2.572856940868559,-0.5273637180071553,-2.3217253131256266,0.00156954
-2.572856940868559,2.1498728980213704,-3.1671684550293717,0.0611311
-2.572856940868559,2.1498728980213704,0.21460411258560796,0.0101251
-2.572856940868559,2.2907800883386606,0.0736969222683177,0.00765629
-2.4319497505512677,-1.7955284308627726,0.21460411258560796,0.00756518
-2.4319497505512677,-1.5137140502281912,-0.2081174583662646,0.0136383
-2.4319497505512677,-0.9500852889590279,-0.9126534099527186,0.0202927
-2.4319497505512677,0.31807942389658894,2.8918407286141337,-0.0467746
-2.4319497505512677,1.0226153754830438,1.9054903963930974,0.00433847
-2.4319497505512677,1.163522565800335,-3.308075645346663,0.045228
-2.2910425602339766,-2.2182500018146456,0.919140064172062,-0.0274009
-2.2910425602339766,-2.2182500018146456,3.173655109248715,-0.0818627
-2.2910425602339766,-0.9500852889590279,-0.9126534099527186,0.0206364
-2.2910425602339766,2.00896570770408,-3.1671684550293717,0.0579759
-2.1501353699166863,-0.38645652768986416,3.5963766802005876,-0.0714186
-2.1501353699166863,1.7271513270694978,0.4964184932201894,0.0197292
-2.1501353699166863,2.2907800883386606,0.0736969222683177,0.00581814
-2.009228179599395,-2.6409715727665177,1.6236760157585168,-0.0597595
-2.009228179599395,-1.0909924792763186,3.737283870517879,-0.0775804
-2.009228179599395,-0.9500852889590279,-1.1944677905873005,0.0124382
-2.009228179599395,-0.9500852889590279,3.737283870517879,-0.0766666
-2.009228179599395,-0.5273637180071553,-2.3217253131256266,0.0010165
-2.009228179599395,1.4453369464349155,0.919140064172062,0.0218426
-2.009228179599395,2.713501659290533,-1.7580965518564633,0.0267528
-1.868320989282104,-1.6546212405454823,-0.06721026804897434,0.0149701
-1.868320989282104,-0.9500852889590279,-1.3353749809045907,0.00925708
-1.868320989282104,1.0226153754830438,-3.0262612647120806,0.0389385
-1.868320989282104,2.572594468973243,-2.039910932491045,0.0358619
-1.7274137989648137,-1.9364356211800637,3.4554694898832965,-0.0776069
-1.7274137989648137,-0.9500852889590279,3.737283870517879,-0.0739912
-1.7274137989648137,2.572594468973243,-1.7580965518564633,0.0290579
-1.5865066086475235,-2.6409715727665177,2.469119157662261,-0.0715185
-1.5865066086475235,-2.359157192131936,1.060047254489353,-0.0351353
-1.5865066086475235,-1.9364356211800637,0.4964184932201894,0.00359188
-1.5865066086475235,-0.9500852889590279,-1.4762821712218819,0.00735635
-1.5865066086475235,0.31807942389658894,3.032747918931424,-0.045263
-1.5865066086475235,2.431687278655952,-1.8990037421737544,0.0355484
-1.5865066086475235,2.431687278655952,-0.2081174583662646,0.00846973
-1.4455994183302314,-2.6409715727665177,1.764583206075807,-0.0597461
-1.4455994183302314,-2.500064382449227,1.3418616351239345,-0.047067
-1.4455994183302314,-2.2182500018146456,0.919140064172062,-0.0242564
-1.4455994183302314,-1.7955284308627726,0.21460411258560796,0.0108161
-1.4455994183302314,0.4589866142138801,2.7509335382968425,-0.0316511
-1.4455994183302314,1.0226153754830438,-2.744446884077499,0.0436209
-1.4455994183302314,1.163522565800335,1.6236760157585168,0.0122938
-1.4455994183302314,1.868058517386788,0.4964184932201894,0.0139355
-1.3046922280129412,0.5998938045311712,2.32821196734497,-0.00741589
-1.3046922280129412,1.0226153754830438,1.764583206075807,0.011931
-1.3046922280129412,1.3044297561176252,1.4827688254412248,0.00782112
-1.3046922280129412,2.431687278655952,-0.3490246486835549,0.0135953
-1.163785037695651,-2.0773428114973544,3.173655109248715,-0.0716283
-1.163785037695651,-1.7955284308627726,-0.3490246486835549,-0.00184644
-1.163785037695651,-1.6546212405454823,3.4554694898832965,-0.0711741
-1.163785037695651,-1.3728068599109,-1.617189361539173,-0.0078058
-1.163785037695651,-1.0909924792763186,3.5963766802005876,-0.0686162
-1.163785037695651,0.17717223357929868,3.032747918931424,-0.0439605
-1.0228778473783589,-1.7955284308627726,0.0736969222683177,0.011618
-1.0228778473783589,-1.3728068599109,-1.8990037421737544,-0.00787381
-1.0228778473783589,-0.5273637180071553,3.4554694898832965,-0.0602936
-1.0228778473783589,1.163522565800335,1.6236760157585168,0.00743842
-1.0228778473783589,2.431687278655952,-1.3353749809045907,0.0318543
-0.8819706570610686,-2.6409715727665177,-0.6308390293181372,-0.0196072
-0.8819706570610686,-1.7955284308627726,0.21460411258560796,0.018891
-0.8819706570610686,-0.9500852889590279,3.4554694898832965,-0.0623481
-0.8819706570610686,-0.38645652768986416,3.3145622995660053,-0.05404
-0.8819706570610686,0.31807942389658894,-2.6035396937602084,0.0358144
-0.8819706570610686,2.431687278655952,-1.1944677905873005,0.0313013
-0.7410634667437783,-0.6682709083244465,3.3145622995660053,-0.0547341
-0.7410634667437783,0.03626504326200841,-2.4626325034429177,0.0322269
-0.6001562764264872,-2.2182500018146456,-2.3217253131256266,-0.0106733
-0.6001562764264872,-1.7955284308627726,0.4964184932201894,0.0341956
-0.6001562764264872,-1.7955284308627726,0.6373256835374805,0.0307993
-0.6001562764264872,-1.2318996695936097,-2.3217253131256266,-0.00497428
-0.6001562764264872,-0.9500852889590279,-2.1808181228083363,0.000763769
-0.6001562764264872,-0.6682709083244465,-2.039910932491045,0.0123137
-0.6001562764264872,1.868058517386788,-2.3217253131256266,0.0593241
-0.459249086109196,-2.6409715727665177,-2.1808181228083363,-0.0136329
-0.459249086109196,-2.0773428114973544,2.1873047770276797,-0.0454794
-0.459249086109196,-1.7955284308627726,2.7509335382968425,-0.0521416
-0.459249086109196,-1.3728068599109,-2.4626325034429177,-0.00630167
-0.459249086109196,-1.3728068599109,3.032747918931424,-0.050619
-0.459249086109196,-0.2455493373725739,-2.1808181228083363,0.0307727
-0.459249086109196,-0.10464214705528363,2.7509335382968425,-0.0180559
-0.459249086109196,2.1498728980213704,-0.3490246486835549,0.0217066
-0.459249086109196,2.2907800883386606,-1.617189361539173,0.0468274
-0.31834189579190575,-1.9364356211800637,1.3418616351239345,0.000523606
-0.31834189579190575,2.00896570770408,-0.06721026804897434,0.0116662
-0.31834189579190575,2.2907800883386606,-1.4762821712218819,0.0455298
-0.1774347054746146,-2.6409715727665177,0.0736969222683177,0.00372049
-0.1774347054746146,-2.0773428114973544,-2.6035396937602084,-0.010734
-0.1774347054746146,-1.9364356211800637,1.764583206075807,-0.0109713
-0.1774347054746146,2.1498728980213704,-0.6308390293181372,0.0247377
-0.03652751515732433,-2.7818787630838084,0.0736969222683177,-0.000302204
-0.03652751515732433,-2.6409715727665177,0.35551130290289823,0.00582994
-0.03652751515732433,0.17717223357929868,-2.3217253131256266,0.0498638
-0.03652751515732433,1.5862441367522075,1.6236760157585168,-0.0117588
-0.03652751515732433,1.7271513270694978,-2.3217253131256266,0.065164
0.10437967515996682,1.5862441367522075,1.764583206075807,-0.0147754
0.10437967515996682,2.1498728980213704,-0.2081174583662646,-0.000375583
0.2452868654772571,-3.345507524352972,-1.1944677905873005,-0.0221012
0.2452868654772571,-3.204600334035681,-0.489931839000846,-0.0161737
0.2452868654772571,-2.6409715727665177,-2.4626325034429177,-0.0161038
0.2452868654772571,-1.3728068599109,2.6100263479795522,0.0102204
0.2452868654772571,0.03626504326200841,-2.039910932491045,0.0544147
0.2452868654772571,1.4453369464349155,-2.3217253131256266,0.068603
0.2452868654772571,2.2907800883386606,1.060047254489353,-0.0169499
0.38619405579454824,-3.345507524352972,-1.1944677905873005,-0.021316
0.38619405579454824,-2.359157192131936,1.6236760157585168,-0.0125153
0.38619405579454824,-0.6682709083244465,-2.3217253131256266,0.0183893
0.38619405579454824,0.4589866142138801,2.32821196734497,0.0170571
0.38619405579454824,0.8817081851657527,-2.3217253131256266,0.068426
0.38619405579454824,1.0226153754830438,-2.3217253131256266,0.069255
0.38619405579454824,2.00896570770408,-0.7717462196354279,0.0181498
0.5271012461118394,-3.486414714670263,0.35551130290289823,-0.0226038
0.5271012461118394,-3.486414714670263,0.6373256835374805,-0.0242539
0.5271012461118394,-0.6682709083244465,-2.3217253131256266,0.0215834
0.5271012461118394,0.03626504326200841,2.6100263479795522,0.0239938
0.5271012461118394,0.7408009948484624,-2.1808181228083363,0.0689424
0.5271012461118394,1.5862441367522075,-1.8990037421737544,0.066
0.5271012461118394,2.00896570770408,-0.7717462196354279,0.0145469
0.6680084364291305,-2.7818787630838084,-2.3217253131256266,-0.0185523
0.6680084364291305,-0.6682709083244465,-2.3217253131256266,0.025432
0.6680084364291305,1.3044297561176252,2.1873047770276797,-0.0164179
0.6680084364291305,1.7271513270694978,-1.1944677905873005,0.0395373
0.8089156267464217,-3.486414714670263,-0.2081174583662646,-0.0187684
0.8089156267464217,2.572594468973243,0.35551130290289823,-0.000310011
0.9498228170637129,-3.204600334035681,-1.3353749809045907,-0.0153976
0.9498228170637129,-2.6409715727665177,-2.3217253131256266,-0.0173072
0.9498228170637129,-1.9364356211800637,-2.6035396937602084,-0.0103101
0.9498228170637129,-0.8091780986417372,2.6100263479795522,0.0326582
0.9498228170637129,0.03626504326200841,-2.4626325034429177,0.0543971
0.9498228170637129,2.572594468973243,0.21460411258560796,0.00481893
1.0907300073810022,-3.7682290953048443,0.35551130290289823,-0.021979
1.0907300073810022,-3.06369314371839,1.764583206075807,-0.0210077
1.0907300073810022,-1.2318996695936097,2.32821196734497,0.0306254
1.0907300073810022,-0.6682709083244465,-2.4626325034429177,0.0356805
1.0907300073810022,-0.10464214705528363,-2.6035396937602084,0.0506612
1.0907300073810022,0.4589866142138801,-2.4626325034429177,0.0607252
1.0907300073810022,1.3044297561176252,-1.3353749809045907,0.0473003
1.0907300073810022,2.2907800883386606,1.6236760157585168,0.00406701
1.2316371976982934,-3.345507524352972,-0.6308390293181372,-0.0115297
1.2316371976982934,-3.06369314371839,-1.1944677905873005,-0.0063033
1.2316371976982934,-2.2182500018146456,2.0463975867103894,-0.0100694
1.2316371976982934,-1.2318996695936097,2.1873047770276797,0.0307653
1.2316371976982934,1.7271513270694978,-1.1944677905873005,0.0352706
1.2316371976982934,2.431687278655952,1.4827688254412248,0.0246203
1.2316371976982934,2.572594468973243,0.0736969222683177,0.0180393
1.3725443880155845,-3.486414714670263,-0.489931839000846,-0.0143504
1.3725443880155845,-2.7818787630838084,-1.7580965518564633,-0.00914727
1.3725443880155845,-2.359157192131936,-2.1808181228083363,-0.00982207
1.3725443880155845,-0.38645652768986416,-2.744446884077499,0.0442356
1.3725443880155845,0.8817081851657527,-2.3217253131256266,0.0615544
1.3725443880155845,1.4453369464349155,2.1873047770276797,-0.0128645
1.3725443880155845,2.572594468973243,-0.489931839000846,0.0251206
1.3725443880155845,2.8544088496078244,0.6373256835374805,0.056491
1.513451578332874,-2.9227859534010996,-1.0535606002700093,0.00582589
1.513451578332874,-1.2318996695936097,1.9054903963930974,0.0300566
1.513451578332874,2.431687278655952,-1.617189361539173,0.0423383
1.513451578332874,2.713501659290533,0.0736969222683177,0.0382173
1.513451578332874,2.8544088496078244,-1.0535606002700093,0.0347265
1.513451578332874,2.8544088496078244,-0.7717462196354279,0.0321607
1.513451578332874,3.418037610876987,1.4827688254412248,0.0893656
1.6543587686501668,-3.7682290953048443,0.0736969222683177,-0.0165134
1.6543587686501668,-3.486414714670263,-0.489931839000846,-0.0120267
1.6543587686501668,-2.6409715727665177,-1.3353749809045907,0.0127164
1.6543587686501668,-2.2182500018146456,-1.8990037421737544,0.00370556
1.6543587686501668,-1.9364356211800637,-2.039910932491045,0.00793755
1.6543587686501668,-1.5137140502281912,-2.1808181228083363,0.0198813
1.6543587686501668,-0.6682709083244465,-2.744446884077499,0.0373174
1.6543587686501668,0.8817081851657527,2.1873047770276797,-7.46202e-05
1.6543587686501668,1.0226153754830438,2.1873047770276797,-0.00316995
1.6543587686501668,2.572594468973243,-1.7580965518564633,0.0428184
1.6543587686501668,3.6998519915115695,1.3418616351239345,0.0847659
1.795265958967458,2.8544088496078244,2.0463975867103894,0.0705583
1.795265958967458,3.277130420559696,0.0736969222683177,0.0449879
1.9361731492847474,-3.204600334035681,1.6236760157585168,-0.00925853
1.9361731492847474,-0.38645652768986416,-2.8853540743947903,0.041466
1.9361731492847474,-0.10464214705528363,2.0463975867103894,0.0361224
1.9361731492847474,1.7271513270694978,-2.039910932491045,0.0480759
1.9361731492847474,3.277130420559696,-0.9126534099527186,0.0322497
1.9361731492847474,3.277130420559696,-0.2081174583662646,0.0344513
1.9361731492847474,3.981666372146152,1.060047254489353,0.0632142
2.0770803396020385,-3.6273219049875536,0.919140064172062,-0.00780421
2.0770803396020385,-2.9227859534010996,1.764583206075807,-0.00782199
2.0770803396020385,-2.2182500018146456,-1.7580965518564633,0.00339746
2.0770803396020385,-1.6546212405454823,-2.1808181228083363,0.00786601
2.0770803396020385,-0.9500852889590279,1.6236760157585168,0.0428749
2.0770803396020385,2.572594468973243,2.1873047770276797,0.0476714
2.0770803396020385,3.6998519915115695,0.0736969222683177,0.026978
2.217987529919328,-3.486414714670263,-0.2081174583662646,-0.00430282
2.217987529919328,-2.7818787630838084,-0.9126534099527186,0.0164265
2.217987529919328,-2.7818787630838084,1.764583206075807,-0.00576823
2.217987529919328,-0.6682709083244465,1.9054903963930974,0.0404396
2.217987529919328,1.0226153754830438,2.0463975867103894,0.0151888
2.217987529919328,3.136223230242406,-1.7580965518564633,0.0373365
2.217987529919328,3.418037610876987,-0.7717462196354279,0.026634
2.217987529919328,3.418037610876987,-0.6308390293181372,0.025323
2.358894720236619,-2.0773428114973544,-2.1808181228083363,-0.0157025
2.358894720236619,0.8817081851657527,-2.4626325034429177,0.0513014
2.358894720236619,1.0226153754830438,-2.3217253131256266,0.0510433
2.358894720236619,2.1498728980213704,2.1873047770276797,0.0172725
2.358894720236619,2.8544088496078244,2.32821196734497,0.0410048
2.358894720236619,3.277130420559696,-1.617189361539173,0.0341979
2.499801910553912,-3.204600334035681,1.2009544448066443,0.000682023
2.499801910553912,-1.6546212405454823,-2.4626325034429177,-0.0141587
2.499801910553912,2.00896570770408,2.1873047770276797,0.00726917
2.499801910553912,4.122573562463441,1.4827688254412248,0.0375657
2.499801910553912,4.263480752780732,0.7782328738547717,0.0120905
2.6407091008712014,-3.345507524352972,0.35551130290289823,0.00842773
2.6407091008712014,-3.345507524352972,0.4964184932201894,0.00721964
2.6407091008712014,-0.8091780986417372,-2.6035396937602084,0.0154528
2.6407091008712014,0.4589866142138801,2.32821196734497,0.0279382
2.7816162911884925,-1.7955284308627726,1.3418616351239345,0.0230732
2.7816162911884925,-1.3728068599109,1.2009544448066443,0.0413429
2.7816162911884925,-0.9500852889590279,-2.6035396937602084,0.00175406
2.7816162911884925,-0.5273637180071553,-2.6035396937602084,0.0218402
2.7816162911884925,0.8817081851657527,-2.1808181228083363,0.0460014
2.7816162911884925,1.5862441367522075,-2.1808181228083363,0.0399255
2.7816162911884925,3.277130420559696,2.32821196734497,0.0222046
2.7816162911884925,4.263480752780732,0.21460411258560796,-0.0150807
2.9225234815057837,-2.0773428114973544,1.2009544448066443,0.0256892
2.9225234815057837,-1.2318996695936097,1.2009544448066443,0.0474117
2.9225234815057837,-0.9500852889590279,1.764583206075807,0.0412758
2.9225234815057837,0.8817081851657527,-2.039910932491045,0.0449127
2.9225234815057837,1.4453369464349155,2.0463975867103894,-0.000380651
2.9225234815057837,2.572594468973243,2.469119157662261,-0.00565428
2.9225234815057837,2.713501659290533,2.469119157662261,-0.00247977
3.063430671823073,-2.359157192131936,0.919140064172062,0.0396789
3.063430671823073,-1.9364356211800637,-2.6035396937602084,-0.034554
3.063430671823073,1.163522565800335,2.0463975867103894,0.00957602
3.063430671823073,3.418037610876987,-1.1944677905873005,0.0186939
3.204337862140366,-2.6409715727665177,0.4964184932201894,0.0702294
3.204337862140366,0.03626504326200841,2.32821196734497,0.0355851
3.204337862140366,0.31807942389658894,2.32821196734497,0.0315445
3.204337862140366,1.163522565800335,-1.8990037421737544,0.0393643
3.204337862140366,2.00896570770408,-2.1808181228083363,0.0316692
3.204337862140366,3.418037610876987,-1.0535606002700093,0.0137563
3.345245052457657,-1.7955284308627726,0.7782328738547717,0.0750095
3.345245052457657,1.868058517386788,2.32821196734497,-0.0262142
3.345245052457657,2.9953160399251146,2.469119157662261,-0.0205534
3.345245052457657,4.122573562463441,-0.2081174583662646,-0.0305719
3.345245052457657,4.4043879430980235,1.060047254489353,-0.0281567
3.4861522427749465,-1.3728068599109,0.7782328738547717,0.065015
3.4861522427749465,3.981666372146152,-0.3490246486835549,-0.0291286
3.6270594330922377,-2.9227859534010996,-1.1944677905873005,0.0249716
3.6270594330922377,-2.7818787630838084,0.21460411258560796,0.0981793
3.6270594330922377,-1.9364356211800637,-2.6035396937602084,-0.0403382
3.6270594330922377,3.418037610876987,-0.7717462196354279,-0.0011548
3.767966623409529,-0.9500852889590279,0.7782328738547717,0.0473189
3.767966623409529,1.5862441367522075,-1.8990037421737544,0.0284976
3.767966623409529,2.1498728980213704,-1.8990037421737544,0.0247135
3.767966623409529,3.277130420559696,2.32821196734497,-0.0352522
3.908873813726818,-2.9227859534010996,-0.489931839000846,0.0786586
3.908873813726818,-1.9364356211800637,0.6373256835374805,0.0859
3.908873813726818,-1.0909924792763186,0.6373256835374805,0.0468818
3.908873813726818,-0.9500852889590279,-2.6035396937602084,-0.0339877
3.908873813726818,-0.6682709083244465,1.060047254489353,0.0419455
3.908873813726818,0.5998938045311712,1.764583206075807,0.0253116
3.908873813726818,2.1498728980213704,2.32821196734497,-0.0420076
3.908873813726818,3.136223230242406,-0.9126534099527186,0.0104991
4.049781004044111,0.03626504326200841,1.6236760157585168,0.0353886
4.049781004044111,1.3044297561176252,1.4827688254412248,-0.0051825
4.049781004044111,4.263480752780732,0.7782328738547717,-0.0496034
4.1906881943614005,-2.6409715727665177,-1.3353749809045907,0.0138776
4.1906881943614005,-0.5273637180071553,0.35551130290289823,0.0212337
4.1906881943614005,0.03626504326200841,1.060047254489353,0.0337471
4.1906881943614005,0.31807942389658894,-1.3353749809045907,0.00639307
4.1906881943614005,0.5998938045311712,1.060047254489353,0.0282146
4.331595384678692,-1.9364356211800637,0.35551130290289823,0.0754557
4.331595384678692,-0.5273637180071553,0.21460411258560796,0.0123471
4.331595384678692,0.17717223357929868,-0.06721026804897434,0.021812
4.331595384678692,0.4589866142138801,0.4964184932201894,0.0302584
4.331595384678692,1.7271513270694978,-1.7580965518564633,0.0280842
4.331595384678692,2.9953160399251146,-0.6308390293181372,0.00602827
4.472502574995983,-1.2318996695936097,-2.3217253131256266,-0.0405454
4.472502574995983,-0.5273637180071553,0.0736969222683177,0.0042957
4.472502574995983,0.03626504326200841,-1.3353749809045907,-0.0150436
4.472502574995983,0.31807942389658894,-0.06721026804897434,0.0238439
4.472502574995983,2.572594468973243,2.0463975867103894,-0.0513048
4.472502574995983,3.277130420559696,-0.2081174583662646,-0.021795
4.613409765313272,-1.6546212405454823,0.0736969222683177,0.042746
4.613409765313272,-1.2318996695936097,-2.1808181228083363,-0.0397765
4.613409765313272,-0.38645652768986416,-0.2081174583662646,-0.00609597
4.613409765313272,-0.2455493373725739,-1.617189361539173,-0.0285091
4.613409765313272,-0.10464214705528363,-1.3353749809045907,-0.0220992
4.613409765313272,1.868058517386788,1.3418616351239345,-0.0276866
4.613409765313272,3.136223230242406,-0.06721026804897434,-0.0208717
4.754316955630563,-2.0773428114973544,-1.0535606002700093,0.00949018
4.754316955630563,-2.0773428114973544,-0.9126534099527186,0.0169603
4.754316955630563,-0.2455493373725739,-1.1944677905873005,-0.0254153
4.754316955630563,0.4589866142138801,-0.3490246486835549,0.023705
4.754316955630563,0.5998938045311712,0.0736969222683177,0.0267968
4.754316955630563,0.7408009948484624,-1.1944677905873005,0.0265064
4.754316955630563,1.0226153754830438,0.4964184932201894,0.0234519
4.754316955630563,2.1498728980213704,1.3418616351239345,-0.0357501
4.754316955630563,2.713501659290533,-0.06721026804897434,-0.000660579
4.895224145947856,0.7408009948484624,0.0736969222683177,0.0273218
4.895224145947856,2.713501659290533,0.6373256835374805,-0.0292108
4.895224145947856,2.8544088496078244,0.6373256835374805,-0.033731
5.036131336265146,-1.2318996695936097,-1.1944677905873005,-0.0248852
5.036131336265146,-1.2318996695936097,-0.9126534099527186,-0.0182869
5.036131336265146,-1.0909924792763186,-1.1944677905873005,-0.0274034
5.036131336265146,0.7408009948484624,-0.6308390293181372,0.0293696
5.036131336265146,0.7408009948484624,-0.3490246486835549,0.0292908
5.036131336265146,2.00896570770408,0.21460411258560796,0.0149597
5.036131336265146,2.1498728980213704,-1.0535606002700093,0.0287272
5.177038526582437,1.3044297561176252,0.0736969222683177,0.0271429
5.177038526582437,2.1498728980213704,-0.6308390293181372,0.0264955
5.177038526582437,2.1498728980213704,-0.3490246486835549,0.0233095
5.317945716899728,1.4453369464349155,-0.6308390293181372,0.0335814
5.317945716899728,1.4453369464349155,-0.3490246486835549,0.0315021
5.317945716899728,1.7271513270694978,-0.489931839000846,0.0308197
