-6.034542146240547,-0.9951711871061883,0.21377171683695106,0.0146352
-6.034542146240547,-0.6967279418779873,1.258323075135654,0.0119603
-6.034542146240547,-0.39828469664978705,1.258323075135654,0.0080143
-5.885320523626446,-1.44283605494849,0.6614365846792527,0.0210006
-5.885320523626446,-0.39828469664978705,-0.2338931510053497,0.00294193
-5.885320523626446,0.6462666616489159,-0.38311477361945023,0.00699312
-5.885320523626446,1.0939315294912175,0.06455009422285052,0.00831219
-5.736098901012346,-1.5920576775625896,0.8106582072933533,0.0217195
-5.736098901012346,0.04938017119251459,-0.5323363962335508,0.000916904
-5.736098901012346,0.3478234164207157,1.556766320363855,0.00212729
-5.736098901012346,0.49704503903481534,-0.6815580188476513,0.00693385
-5.736098901012346,1.3923747747194186,-0.2338931510053497,0.0144235
-5.586877278398245,-0.5475063192638867,-0.5323363962335508,0.000824334
-5.586877278398245,-0.09984145142158596,1.8552095655920562,0.00172077
-5.586877278398245,0.04938017119251459,1.8552095655920562,0.00179052
-5.586877278398245,0.19860179380661513,1.8552095655920562,0.00221169
-5.437655655784145,1.3923747747194186,-0.8307796414617519,0.0196553
-5.139212410555944,-0.8459495644920878,2.004431188206156,0.00239303
-5.139212410555944,0.19860179380661513,-1.129222886689952,0.00308321
-4.989990787941844,-1.5920576775625896,1.556766320363855,0.0112456
-4.989990787941844,-1.44283605494849,1.7059879429779556,0.00856651
-4.989990787941844,-0.9951711871061883,-0.6815580188476513,-0.000100676
-4.989990787941844,0.944709906877117,-1.278444509304053,0.0147054
-4.989990787941844,1.3923747747194186,-1.129222886689952,0.0200539
-4.989990787941844,1.6908180199476188,1.556766320363855,0.00810405
-4.989990787941844,1.98926126517582,0.3629933394510516,0.0102656
-4.8407691653277425,-2.0397225454048917,0.21377171683695106,0.0172924
-4.8407691653277425,-1.8905009227907912,1.1091014525215535,0.0147467
-4.8407691653277425,0.3478234164207157,-1.278444509304053,0.00411095
-4.691547542713643,-2.636609035861293,-0.08467152839124914,0.0196671
-4.691547542713643,-2.3381657906330924,-0.38311477361945023,0.0141564
-4.691547542713643,-2.0397225454048917,0.8106582072933533,0.0153988
-4.691547542713643,-0.8459495644920878,-0.8307796414617519,-0.00366842
-4.691547542713643,1.6908180199476188,-0.9800012640758524,0.0214426
-4.542325920099542,-2.487387413247193,-0.6815580188476513,0.0108241
-4.542325920099542,-1.5920576775625896,1.556766320363855,0.00500479
-4.542325920099542,-1.2936144323343894,-0.6815580188476513,-0.00116306
-4.542325920099542,0.19860179380661513,-1.278444509304053,-0.000715287
-4.542325920099542,1.8400396425617194,-0.8307796414617519,0.0213592
-4.393104297485442,-1.144392809720289,-0.8307796414617519,-0.00521941
-4.393104297485442,0.19860179380661513,-1.278444509304053,-0.0021121
-4.393104297485442,1.6908180199476188,-0.9800012640758524,0.0198956
-4.393104297485442,1.8400396425617194,-0.8307796414617519,0.0206662
-4.393104297485442,2.1384828877899205,0.3629933394510516,0.00971087
-4.243882674871341,-3.084273903703594,0.6614365846792527,0.0173747
-4.243882674871341,-2.935052281089494,0.8106582072933533,0.0150421
-4.243882674871341,0.944709906877117,2.7505393012766586,0.0210087
-4.243882674871341,1.8400396425617194,-0.8307796414617519,0.0197213
-4.243882674871341,2.287704510404021,-0.2338931510053497,0.01865
-4.094661052257241,-3.084273903703594,-0.8307796414617519,0.0108935
-4.094661052257241,-1.144392809720289,-1.129222886689952,-0.0138224
-4.094661052257241,-0.9951711871061883,-1.129222886689952,-0.0137113
-4.094661052257241,0.7954882842630164,-1.278444509304053,0.00449511
-4.094661052257241,1.8400396425617194,-0.8307796414617519,0.0191269
-4.094661052257241,2.1384828877899205,0.8106582072933533,0.00484298
-3.9454394296431405,0.7954882842630164,2.7505393012766586,0.0194979
-3.9454394296431405,2.586147755632222,0.6614365846792527,0.00817018
-3.79621780702904,-2.935052281089494,1.1091014525215535,0.0043824
-3.79621780702904,-2.636609035861293,1.258323075135654,-0.000161049
-3.79621780702904,-1.2936144323343894,1.7059879429779556,-0.00656125
-3.79621780702904,1.6908180199476188,2.1536528108202564,0.0184004
-3.79621780702904,2.1384828877899205,-0.9800012640758524,0.0198987
-3.79621780702904,2.1384828877899205,1.4075446977497545,0.00667078
-3.646996184414939,-2.487387413247193,-1.4276661319181536,-0.0120379
-3.646996184414939,-2.3381657906330924,1.4075446977497545,-0.00715135
-3.646996184414939,-1.7412793001766906,-1.5768877545322542,-0.0222636
-3.646996184414939,-1.5920576775625896,-1.5768877545322542,-0.0234253
-3.646996184414939,-0.39828469664978705,2.302874433434357,-0.002456
-3.646996184414939,3.332255868702724,-0.2338931510053497,0.0174753
-3.4977745618008393,-3.2334955263176948,0.9598798299074529,0.00290604
-3.4977745618008393,-2.636609035861293,-1.4276661319181536,-0.0116511
-3.4977745618008393,1.243153152105318,-0.9800012640758524,0.00581833
-3.4977745618008393,1.3923747747194186,-0.9800012640758524,0.00828213
-3.4977745618008393,1.8400396425617194,-1.129222886689952,0.0135007
-3.4977745618008393,2.4369261330181224,1.8552095655920562,0.0131116
-3.4977745618008393,2.7353693782463218,-1.129222886689952,0.0195966
-3.348552939186739,-2.935052281089494,-1.278444509304053,-0.00638511
-3.348552939186739,-2.188944168018992,1.556766320363855,-0.0149533
-3.348552939186739,-1.8905009227907912,-1.7261093771463543,-0.0256339
-3.348552939186739,-0.09984145142158596,2.302874433434357,-0.000776423
-3.348552939186739,0.19860179380661513,-1.4276661319181536,-0.0188791
-3.348552939186739,0.3478234164207157,2.4520960560484575,0.00791092
-3.348552939186739,0.7954882842630164,2.4520960560484575,0.0146492
-3.348552939186739,2.287704510404021,2.1536528108202564,0.0181041
-3.348552939186739,2.4369261330181224,-1.278444509304053,0.0162156
-3.1993313165726383,-2.935052281089494,1.258323075135654,-0.00948674
-3.1993313165726383,-2.3381657906330924,1.556766320363855,-0.0168384
-3.1993313165726383,-0.2490630740356865,2.1536528108202564,-0.00559689
-3.1993313165726383,0.3478234164207157,-1.4276661319181536,-0.0194621
-3.1993313165726383,3.332255868702724,-0.8307796414617519,0.0157719
-3.0501096939585377,-1.2936144323343894,1.8552095655920562,-0.0206742
-3.0501096939585377,-0.8459495644920878,-1.7261093771463543,-0.0336601
-3.0501096939585377,-0.6967279418779873,2.004431188206156,-0.0140016
-3.0501096939585377,0.49704503903481534,-1.4276661319181536,-0.0198422
-3.0501096939585377,2.1384828877899205,2.4520960560484575,0.0221354
-2.900888071344437,-3.531938771545896,0.3629933394510516,0.00238425
-2.900888071344437,-3.3827171489317953,-0.8307796414617519,0.00345716
-2.900888071344437,-2.935052281089494,-1.4276661319181536,-0.0116487
-2.900888071344437,-2.0397225454048917,-1.8753309997604548,-0.0296099
-2.900888071344437,-1.44283605494849,-1.8753309997604548,-0.0342537
-2.900888071344437,0.6462666616489159,-1.4276661319181536,-0.0196956
-2.900888071344437,2.586147755632222,2.4520960560484575,0.0223035
-2.900888071344437,3.4814774913168254,0.9598798299074529,0.00407392
-2.7516664487303366,-1.44283605494849,1.8552095655920562,-0.0265967
-2.7516664487303366,-1.2936144323343894,-1.8753309997604548,-0.0359523
-2.7516664487303366,0.19860179380661513,2.004431188206156,-0.00554074
-2.7516664487303366,1.0939315294912175,2.1536528108202564,0.0111509
-2.7516664487303366,1.3923747747194186,-1.278444509304053,-0.00542165
-2.7516664487303366,1.98926126517582,2.601317678662558,0.0228838
-2.7516664487303366,2.287704510404021,2.601317678662558,0.023738
-2.602444826116236,-1.44283605494849,1.8552095655920562,-0.0286873
-2.602444826116236,-0.5475063192638867,2.004431188206156,-0.0197428
-2.602444826116236,0.49704503903481534,-1.5768877545322542,-0.0264216
-2.602444826116236,2.884591000860423,-1.278444509304053,0.00680007
-2.4532232035021364,-3.6811603941599964,-0.08467152839124914,0.00500316
-2.4532232035021364,-2.636609035861293,-1.8753309997604548,-0.0229787
-2.4532232035021364,-0.39828469664978705,2.004431188206156,-0.0203427
-2.4532232035021364,-0.2490630740356865,2.004431188206156,-0.0183344
-2.4532232035021364,-0.09984145142158596,2.004431188206156,-0.0161576
-2.4532232035021364,1.3923747747194186,2.4520960560484575,0.0154994
-2.4532232035021364,2.884591000860423,2.4520960560484575,0.0210955
-2.4532232035021364,3.4814774913168254,1.556766320363855,0.00754233
-2.304001580888036,-3.531938771545896,-1.4276661319181536,-0.000992982
-2.304001580888036,-2.487387413247193,1.556766320363855,-0.028693
-2.304001580888036,-2.0397225454048917,1.7059879429779556,-0.0314679
-2.304001580888036,-0.8459495644920878,-1.7261093771463543,-0.0363905
-2.304001580888036,0.7954882842630164,2.004431188206156,-9.35497e-05
-2.1547799582739353,-3.531938771545896,-1.5768877545322542,-0.00183773
-2.1547799582739353,-1.8905009227907912,1.7059879429779556,-0.0333836
-2.1547799582739353,-1.144392809720289,-1.8753309997604548,-0.0379113
-2.1547799582739353,2.7353693782463218,-1.278444509304053,0.00118942
-2.1547799582739353,3.7799207365450265,0.3629933394510516,0.00398057
-2.0055583356598348,-2.935052281089494,1.258323075135654,-0.0260034
-2.0055583356598348,-2.7858306584753936,-2.0245526223745554,-0.0208895
-2.0055583356598348,-1.44283605494849,1.7059879429779556,-0.0344096
-2.0055583356598348,-0.6967279418779873,1.8552095655920562,-0.029753
-2.0055583356598348,3.1830342460886243,2.1536528108202564,0.0142162
-2.0055583356598348,3.7799207365450265,-0.08467152839124914,0.0042351
-1.8563367130457342,-3.979603639388197,-1.4276661319181536,0.00990258
-1.8563367130457342,-3.830382016774097,-1.5768877545322542,0.00587468
-1.8563367130457342,-2.935052281089494,-2.0245526223745554,-0.0177648
-1.8563367130457342,-2.935052281089494,1.258323075135654,-0.026982
-1.8563367130457342,0.6462666616489159,-1.7261093771463543,-0.0286118
-1.8563367130457342,2.586147755632222,-1.278444509304053,0.000376721
-1.8563367130457342,3.4814774913168254,1.556766320363855,0.00576286
-1.8563367130457342,3.630699113930925,-0.5323363962335508,0.0042499
-1.7071150904316337,-2.636609035861293,1.4075446977497545,-0.0319101
-1.7071150904316337,-2.487387413247193,-2.1737742449886555,-0.0261312
-1.7071150904316337,-2.0397225454048917,1.556766320363855,-0.0359662
-1.7071150904316337,-1.5920576775625896,1.556766320363855,-0.0357744
-1.7071150904316337,-1.2936144323343894,1.556766320363855,-0.034518
-1.7071150904316337,1.243153152105318,-1.5768877545322542,-0.0162317
-1.557893467817534,-3.979603639388197,-1.5768877545322542,0.010301
-1.557893467817534,-3.531938771545896,-1.8753309997604548,-0.00187489
-1.557893467817534,0.944709906877117,-1.7261093771463543,-0.0230563
-1.557893467817534,1.243153152105318,2.1536528108202564,0.00168617
-1.557893467817534,1.8400396425617194,2.4520960560484575,0.0123499
-1.4086718452034335,-3.830382016774097,-1.7261093771463543,0.00693707
-1.4086718452034335,-2.636609035861293,-2.1737742449886555,-0.023032
-1.4086718452034335,1.0939315294912175,-1.7261093771463543,-0.0188249
-1.4086718452034335,1.6908180199476188,2.302874433434357,0.00786082
-1.4086718452034335,1.98926126517582,-1.5768877545322542,0.00197461
-1.4086718452034335,2.287704510404021,-1.4276661319181536,0.00409661
-1.259450222589333,-0.6967279418779873,-2.0245526223745554,-0.0384401
-1.259450222589333,0.6462666616489159,-1.8753309997604548,-0.0270202
-1.259450222589333,1.243153152105318,-1.8753309997604548,-0.0134828
-1.259450222589333,1.3923747747194186,-2.0245526223745554,-0.00892999
-1.259450222589333,2.4369261330181224,-2.322995867602756,0.0106636
-1.259450222589333,2.586147755632222,-1.5768877545322542,0.00913191
-1.259450222589333,2.7353693782463218,-1.278444509304053,0.00669191
-1.259450222589333,3.7799207365450265,0.8106582072933533,0.0104204
-1.1102285999752324,-3.979603639388197,0.3629933394510516,-0.000234845
-1.1102285999752324,-2.0397225454048917,1.4075446977497545,-0.0370313
-1.1102285999752324,0.3478234164207157,1.8552095655920562,-0.0209106
-1.1102285999752324,0.49704503903481534,1.8552095655920562,-0.0178352
-1.1102285999752324,1.243153152105318,1.8552095655920562,-0.00246774
-1.1102285999752324,1.3923747747194186,-2.4722174902168566,-0.00832904
-1.1102285999752324,2.586147755632222,2.004431188206156,0.00685666
-1.1102285999752324,3.1830342460886243,1.556766320363855,0.00548676
-0.9610069773611318,-4.278046884616398,-1.129222886689952,0.0185357
-0.9610069773611318,-3.2334955263176948,0.9598798299074529,-0.0219886
-0.9610069773611318,2.7353693782463218,-2.6214391128309567,0.0104748
-0.9610069773611318,3.7799207365450265,0.6614365846792527,0.0151225
-0.8117853547470313,-4.278046884616398,-0.9800012640758524,0.0186156
-0.8117853547470313,1.6908180199476188,1.7059879429779556,0.00299016
-0.8117853547470313,2.884591000860423,1.556766320363855,0.0065087
-0.8117853547470313,3.033812623474523,-1.129222886689952,0.0103598
-0.6625637321329307,-3.531938771545896,-1.7261093771463543,0.00265804
-0.6625637321329307,-0.09984145142158596,1.7059879429779556,-0.0281758
-0.6625637321329307,2.586147755632222,1.556766320363855,0.0070592
-0.6625637321329307,2.884591000860423,-2.770660735445057,0.00780183
-0.6625637321329307,3.1830342460886243,-1.5768877545322542,0.0091305
-0.6625637321329307,3.1830342460886243,1.258323075135654,0.0116825
-0.6625637321329307,3.4814774913168254,0.9598798299074529,0.0157915
-0.5133421095188311,-2.935052281089494,0.9598798299074529,-0.026436
-0.5133421095188311,-0.2490630740356865,-2.1737742449886555,-0.0319614
-0.5133421095188311,0.04938017119251459,-2.1737742449886555,-0.0280899
-0.5133421095188311,3.630699113930925,0.06455009422285052,0.0223748
-0.5133421095188311,3.630699113930925,0.3629933394510516,0.0218659
-0.36412048690473053,-2.0397225454048917,-2.1737742449886555,-0.0272655
-0.36412048690473053,0.49704503903481534,-2.770660735445057,-0.0190767
-0.36412048690473053,3.033812623474523,-2.770660735445057,0.00471027
-0.36412048690473053,3.332255868702724,-0.38311477361945023,0.0206183
-0.36412048690473053,3.332255868702724,0.8106582072933533,0.0200221
-0.36412048690473053,3.4814774913168254,0.5122149620651522,0.0221361
-0.21489886429063,-3.830382016774097,-0.8307796414617519,0.0106389
-0.21489886429063,-3.830382016774097,-0.38311477361945023,0.00696014
-0.21489886429063,-3.6811603941599964,-1.129222886689952,0.00880444
-0.21489886429063,-3.531938771545896,-1.278444509304053,0.00611621
-0.21489886429063,2.4369261330181224,-3.218325603287359,-0.00243938
-0.21489886429063,2.884591000860423,1.1091014525215535,0.017716
-0.21489886429063,3.1830342460886243,-2.6214391128309567,0.00304896
-0.21489886429063,3.1830342460886243,0.8106582072933533,0.0206682
-0.21489886429063,3.332255868702724,0.5122149620651522,0.0228297
-0.06567724167652944,-3.531938771545896,-0.2338931510053497,0.000111382
0.0835443809375711,-3.2334955263176948,-0.8307796414617519,0.00268397
0.0835443809375711,1.243153152105318,1.556766320363855,0.00552591
0.0835443809375711,3.033812623474523,-0.2338931510053497,0.016672
0.23276600355167165,-1.44283605494849,1.258323075135654,-0.035246
0.3819876261657731,-0.5475063192638867,-2.1737742449886555,-0.0239013
0.3819876261657731,0.04938017119251459,-3.218325603287359,-0.00572726
0.3819876261657731,0.944709906877117,1.556766320363855,0.0044193
0.3819876261657731,3.033812623474523,-0.6815580188476513,0.00470183
0.3819876261657731,3.1830342460886243,-0.9800012640758524,0.000372247
0.5312092487798727,-2.3381657906330924,-1.8753309997604548,-0.0115145
0.5312092487798727,0.7954882842630164,1.556766320363855,0.0042375
0.5312092487798727,3.033812623474523,-0.08467152839124914,0.0127731
0.6804308713939724,-2.0397225454048917,0.8106582072933533,-0.0273007
0.6804308713939724,2.287704510404021,1.556766320363855,0.0207213
0.6804308713939724,2.7353693782463218,-3.0691039806732583,-0.00801156
0.8296524940080738,-0.8459495644920878,1.258323075135654,-0.0311953
0.8296524940080738,0.04938017119251459,-3.3675472259014594,-0.00210222
0.8296524940080738,0.7954882842630164,-3.6659904711296596,-0.00384106
0.8296524940080738,0.944709906877117,1.7059879429779556,0.0122093
0.8296524940080738,1.6908180199476188,-3.5167688485155595,-0.0108299
0.8296524940080738,3.332255868702724,-1.129222886689952,-0.00234909
0.8296524940080738,3.4814774913168254,-1.7261093771463543,-0.00464816
0.9788741166221735,-1.8905009227907912,0.6614365846792527,-0.0243077
0.9788741166221735,-0.5475063192638867,1.7059879429779556,-0.0258271
0.9788741166221735,0.7954882842630164,-3.6659904711296596,-0.00355885
0.9788741166221735,0.944709906877117,2.004431188206156,0.0167262
0.9788741166221735,1.0939315294912175,-3.6659904711296596,-0.00649432
0.9788741166221735,2.1384828877899205,1.556766320363855,0.0203749
0.9788741166221735,2.4369261330181224,-3.218325603287359,-0.00916838
0.9788741166221735,3.1830342460886243,-0.8307796414617519,-7.15567e-05
1.128095739236275,-2.636609035861293,-1.278444509304053,0.000416429
1.128095739236275,-0.09984145142158596,2.302874433434357,-0.00671754
1.128095739236275,1.0939315294912175,2.4520960560484575,0.0275933
1.2773173618503746,-2.487387413247193,-0.08467152839124914,-0.00666065
1.2773173618503746,-1.5920576775625896,-1.8753309997604548,-0.0268958
1.2773173618503746,-0.6967279418779873,2.004431188206156,-0.0217045
1.2773173618503746,-0.39828469664978705,2.302874433434357,-0.0118979
1.2773173618503746,2.884591000860423,-0.38311477361945023,0.00281929
1.426538984464476,-2.487387413247193,-1.129222886689952,-0.00184634
1.426538984464476,-2.3381657906330924,-0.08467152839124914,-0.00757226
1.426538984464476,-0.8459495644920878,2.004431188206156,-0.0215572
1.426538984464476,-0.39828469664978705,-2.4722174902168566,-0.0320775
1.426538984464476,-0.2490630740356865,2.601317678662558,-0.00120682
1.426538984464476,1.8400396425617194,-3.3675472259014594,-0.0125497
1.426538984464476,2.4369261330181224,1.1091014525215535,0.0139485
1.5757606070785757,-2.3381657906330924,-1.129222886689952,-0.00689034
1.5757606070785757,0.3478234164207157,-3.3675472259014594,-0.00739163
1.5757606070785757,2.884591000860423,-0.5323363962335508,0.00146384
1.7249822296926771,-1.2936144323343894,-2.0245526223745554,-0.0583467
1.7249822296926771,-0.8459495644920878,2.302874433434357,-0.0126077
1.7249822296926771,-0.5475063192638867,2.601317678662558,-0.00317926
1.7249822296926771,1.98926126517582,-3.218325603287359,-0.0129985
1.7249822296926771,2.287704510404021,0.9598798299074529,0.00673027
1.7249822296926771,2.4369261330181224,0.6614365846792527,0.00461781
1.7249822296926771,2.586147755632222,-3.0691039806732583,-0.00619874
1.7249822296926771,2.884591000860423,-2.9198823580591577,-0.00222555
1.8742038523067768,0.19860179380661513,3.1982041691189593,0.0275264
1.8742038523067768,1.5415963973335183,-3.218325603287359,-0.0162693
1.8742038523067768,2.4369261330181224,-3.0691039806732583,-0.00717124
1.8742038523067768,3.033812623474523,-2.770660735445057,0.00132305
1.8742038523067768,3.1830342460886243,-2.6214391128309567,0.00353842
1.8742038523067768,3.4814774913168254,-1.5768877545322542,0.00810872
2.0234254749208764,-1.2936144323343894,1.7059879429779556,-0.0181732
2.0234254749208764,-0.9951711871061883,2.302874433434357,-0.00931131
2.0234254749208764,1.0939315294912175,3.3474257917330608,0.0465325
2.0234254749208764,1.98926126517582,-3.0691039806732583,-0.013164
2.0234254749208764,2.287704510404021,0.3629933394510516,-0.00398243
2.0234254749208764,2.586147755632222,-0.5323363962335508,-0.000498067
2.172647097534978,-2.0397225454048917,-1.278444509304053,-0.0422802
2.172647097534978,0.19860179380661513,-2.6214391128309567,-0.0467951
2.172647097534978,0.944709906877117,-2.9198823580591577,-0.0249171
2.172647097534978,1.6908180199476188,3.0489825465048597,0.0453678
2.172647097534978,2.287704510404021,-0.38311477361945023,-0.00456501
2.172647097534978,2.884591000860423,-0.8307796414617519,0.00377449
2.3218687201490775,-0.2490630740356865,3.0489825465048597,0.0204217
2.3218687201490775,1.243153152105318,3.3474257917330608,0.0477732
2.3218687201490775,1.8400396425617194,2.89976092389076,0.0415764
2.3218687201490775,2.1384828877899205,2.1536528108202564,0.021026
2.3218687201490775,2.586147755632222,-2.770660735445057,-0.000833381
2.471090342763179,-2.188944168018992,-0.8307796414617519,-0.0338962
2.471090342763179,-2.0397225454048917,-1.4276661319181536,-0.0472547
2.471090342763179,-1.8905009227907912,-1.7261093771463543,-0.0548925
2.471090342763179,-0.2490630740356865,3.0489825465048597,0.0232353
2.471090342763179,1.8400396425617194,2.89976092389076,0.0401887
2.471090342763179,2.1384828877899205,-0.08467152839124914,-0.0128799
2.471090342763179,2.586147755632222,-2.6214391128309567,0.000837834
2.620311965377277,-2.188944168018992,-0.9800012640758524,-0.0353198
2.620311965377277,-0.6967279418779873,2.7505393012766586,0.0143708
2.620311965377277,0.3478234164207157,-2.4722174902168566,-0.0626534
2.620311965377277,0.944709906877117,-2.1737742449886555,-0.0471073
2.620311965377277,1.3923747747194186,-2.1737742449886555,-0.0298613
2.620311965377277,1.98926126517582,-0.8307796414617519,-0.0112537
2.620311965377277,1.98926126517582,-0.5323363962335508,-0.0132257
2.620311965377277,2.1384828877899205,2.1536528108202564,0.0170322
2.7695335879913783,-2.188944168018992,0.21377171683695106,-0.0120876
2.7695335879913783,-1.8905009227907912,0.9598798299074529,-0.008734
2.7695335879913783,-1.7412793001766906,1.7059879429779556,-0.0108973
2.7695335879913783,1.3923747747194186,-1.7261093771463543,-0.0318283
2.7695335879913783,1.5415963973335183,-1.7261093771463543,-0.0258725
2.7695335879913783,1.8400396425617194,-1.278444509304053,-0.0151746
2.7695335879913783,1.8400396425617194,-0.6815580188476513,-0.0163616
2.7695335879913783,1.98926126517582,-2.1737742449886555,-0.0106888
2.7695335879913783,2.586147755632222,-2.0245526223745554,0.00353526
2.918755210605478,-2.3381657906330924,-0.38311477361945023,-0.0172031
2.918755210605478,-2.3381657906330924,-0.2338931510053497,-0.0150253
2.918755210605478,-0.09984145142158596,3.0489825465048597,0.0356902
2.918755210605478,0.944709906877117,-2.0245526223745554,-0.05181
2.918755210605478,1.3923747747194186,-1.4276661319181536,-0.0322209
2.918755210605478,2.1384828877899205,0.5122149620651522,-0.0195559
2.918755210605478,2.1384828877899205,1.8552095655920562,0.00499631
3.0679768332195794,0.19860179380661513,-2.4722174902168566,-0.0671729
3.0679768332195794,0.49704503903481534,3.1982041691189593,0.0436624
3.0679768332195794,1.3923747747194186,3.0489825465048597,0.0403418
3.0679768332195794,2.1384828877899205,0.8106582072933533,-0.0172927
3.3664200784477805,-2.487387413247193,-0.2338931510053497,-0.00406615
3.3664200784477805,-2.487387413247193,-0.08467152839124914,-0.00302083
3.3664200784477805,-2.3381657906330924,-0.8307796414617519,-0.00954816
3.3664200784477805,-0.2490630740356865,-2.4722174902168566,-0.0657954
3.3664200784477805,1.0939315294912175,-1.5768877545322542,-0.0443727
3.3664200784477805,1.6908180199476188,2.4520960560484575,0.0222293
3.3664200784477805,1.98926126517582,1.7059879429779556,-9.79815e-05
3.51564170106188,-2.487387413247193,0.21377171683695106,0.00174048
3.51564170106188,-2.0397225454048917,1.7059879429779556,0.00342805
3.51564170106188,-0.8459495644920878,-2.322995867602756,-0.056641
3.51564170106188,0.04938017119251459,2.89976092389076,0.0545568
3.51564170106188,1.0939315294912175,-1.4276661319181536,-0.0412768
3.51564170106188,1.3923747747194186,2.601317678662558,0.0293269
3.51564170106188,1.5415963973335183,0.06455009422285052,-0.0181992
3.6648633236759816,-1.5920576775625896,-1.7261093771463543,-0.0209492
3.9633065689041826,1.0939315294912175,0.06455009422285052,-0.00727807
3.9633065689041826,1.5415963973335183,1.7059879429779556,0.0051095
4.112528191518282,-2.0397225454048917,1.556766320363855,0.0227729
4.112528191518282,0.04938017119251459,2.89976092389076,0.0743735
4.112528191518282,0.944709906877117,-0.38311477361945023,-0.0110898
4.261749814132384,0.04938017119251459,2.89976092389076,0.0788267
4.261749814132384,1.243153152105318,0.5122149620651522,-0.0103168
4.410971436746483,0.49704503903481534,-1.278444509304053,-0.0242029
4.560193059360583,-2.3381657906330924,0.5122149620651522,0.027982
4.560193059360583,-1.2936144323343894,-1.7261093771463543,0.0131629
4.560193059360583,-0.9951711871061883,-1.7261093771463543,0.00607305
4.560193059360583,0.3478234164207157,-1.278444509304053,-0.0186863
4.7094146819746845,-2.0397225454048917,0.8106582072933533,0.0375853
4.7094146819746845,0.6462666616489159,-0.5323363962335508,-0.00654182
4.858636304588784,-2.3381657906330924,-1.129222886689952,0.0360236
4.858636304588784,-2.0397225454048917,-1.4276661319181536,0.0334728
5.007857927202886,-2.3381657906330924,0.21377171683695106,0.0378162
5.007857927202886,0.49704503903481534,-0.2338931510053497,0.000711231
5.007857927202886,0.6462666616489159,0.21377171683695106,-0.000422272
5.157079549816985,-2.188944168018992,-1.129222886689952,0.04118
5.157079549816985,-2.0397225454048917,-1.278444509304053,0.0398652
5.306301172431087,-2.3381657906330924,-0.38311477361945023,0.0440599
5.306301172431087,-0.2490630740356865,-0.9800012640758524,0.0094788
5.306301172431087,0.49704503903481534,0.9598798299074529,0.0162199
5.455522795045186,-1.7412793001766906,0.3629933394510516,0.047146
5.455522795045186,-0.9951711871061883,1.7059879429779556,0.0863604
5.455522795045186,-0.8459495644920878,1.258323075135654,0.0702174
5.455522795045186,-0.6967279418779873,0.6614365846792527,0.0472616
5.604744417659288,-1.8905009227907912,-0.8307796414617519,0.0460119
5.604744417659288,-1.5920576775625896,0.21377171683695106,0.046893
5.604744417659288,-1.2936144323343894,-1.129222886689952,0.0369402
5.604744417659288,-0.5475063192638867,-0.6815580188476513,0.0222932
5.753966040273387,-0.8459495644920878,-0.38311477361945023,0.0325309
