-6.025770504835766,-0.6284355064380396,-0.8007954024850585,0.144718
-6.025770504835766,-0.6284355064380396,-0.3579407554662044,0.148845
-5.878152289162815,0.2572737875996687,-0.21032253979325244,0.16406
-5.7305340734898635,-1.3665265848027968,-1.2436500495039127,0.138077
-5.7305340734898635,-1.3665265848027968,-0.5055589711391555,0.139329
-5.7305340734898635,-0.7760537221109916,-1.5388864808498153,0.140026
-5.7305340734898635,0.40489200327261976,-0.06270432412030136,0.168732
-5.7305340734898635,0.5525102189455708,-0.653177186812107,0.161831
-5.582915857816912,-1.9569994474946029,-0.9484136181580101,0.141596
-5.582915857816912,-1.6617630161486998,-0.5055589711391555,0.139157
-5.582915857816912,0.7001284346185228,-0.653177186812107,0.164311
-5.582915857816912,0.7001284346185228,-0.5055589711391555,0.16723
-5.4352976421439605,-2.1046176631675544,-0.653177186812107,0.143809
-5.4352976421439605,-1.8093812318216513,-0.3579407554662044,0.140823
-5.4352976421439605,-1.6617630161486998,-0.21032253979325244,0.140561
-5.4352976421439605,-1.2189083691298457,-1.9817411278686694,0.139339
-5.4352976421439605,0.2572737875996687,-1.6865046965227668,0.144715
-5.4352976421439605,0.40489200327261976,-1.5388864808498153,0.147003
-5.2876794264710085,-1.5141448004757487,0.08491389155265061,0.143956
-5.2876794264710085,-0.7760537221109916,-2.2769775592145725,0.140162
-5.1400612107980574,0.995364865964425,-0.5055589711391555,0.175946
-5.1400612107980574,1.142983081637377,-0.06270432412030136,0.184573
-4.992442995125106,-2.6950905258593596,-0.8007954024850585,0.154737
-4.992442995125106,-2.2522358788405055,-0.21032253979325244,0.14844
-4.992442995125106,-0.4808172907650885,-2.719832206233427,0.143736
-4.992442995125106,-0.3331990750921374,-2.719832206233427,0.145117
-4.844824779452155,-2.842708741532311,-1.2436500495039127,0.157658
-4.844824779452155,-2.842708741532311,-1.0960318338309611,0.157523
-4.844824779452155,-1.2189083691298457,0.5277685385715047,0.156008
-4.844824779452155,-0.4808172907650885,-2.867450421906378,0.14558
-4.844824779452155,0.5525102189455708,0.8230049699174069,0.178737
-4.697206563779203,-2.842708741532311,-0.8007954024850585,0.158254
-4.697206563779203,0.8477466502914739,-1.8341229121957183,0.157112
-4.697206563779203,0.995364865964425,-1.2436500495039127,0.165661
-4.549588348106251,0.10965557192671671,0.8230049699174069,0.180016
-4.549588348106251,2.7667834540398433,0.8230049699174069,0.168322
-4.4019701324333,-2.5474723101864085,-0.21032253979325244,0.15781
-4.4019701324333,-1.8093812318216513,-2.572213990560475,0.13983
-4.4019701324333,-1.2189083691298457,-2.867450421906378,0.140977
-4.4019701324333,-0.9236719377839426,-3.015068637579329,0.145014
-4.4019701324333,0.2572737875996687,1.11824140126331,0.178393
-4.4019701324333,0.7001284346185228,-2.572213990560475,0.162298
-4.4019701324333,2.4715470226939393,-0.3579407554662044,0.177731
-4.4019701324333,2.7667834540398433,1.265859616936261,0.167108
-4.254351916760349,-1.2189083691298457,0.8230049699174069,0.170151
-4.254351916760349,0.10965557192671671,1.11824140126331,0.181306
-4.254351916760349,1.585837728656231,-0.8007954024850585,0.192551
-4.254351916760349,2.6191652383668904,1.7087142639551152,0.168652
-4.254351916760349,3.2096381010586965,0.9706231855903589,0.157862
-4.254351916760349,3.3572563167316476,1.11824140126331,0.154086
-4.254351916760349,3.3572563167316476,1.8563324796280671,0.155837
-4.254351916760349,3.5048745324046005,1.265859616936261,0.151773
-4.254351916760349,3.6524927480775515,1.561096048282164,0.151503
-4.106733701087398,-2.5474723101864085,-2.129359343541621,0.152465
-4.106733701087398,-2.5474723101864085,-0.21032253979325244,0.16229
-4.106733701087398,2.3239288070209883,2.003950695301018,0.172177
-4.106733701087398,2.6191652383668904,-0.3579407554662044,0.176883
-4.106733701087398,3.0620198853857454,0.2325321072256017,0.16463
-4.106733701087398,3.6524927480775515,0.8230049699174069,0.147265
-3.9591154854144466,-2.2522358788405055,0.08491389155265061,0.166341
-3.9591154854144466,-2.1046176631675544,-2.424595774887524,0.145238
-3.9591154854144466,-0.18558085941918545,1.265859616936261,0.185322
-3.9591154854144466,0.5525102189455708,-2.867450421906378,0.169364
-3.9591154854144466,0.7001284346185228,2.5944235579928234,0.173214
-3.9591154854144466,1.438219512983279,2.5944235579928234,0.169149
-3.9591154854144466,2.4715470226939393,2.1515689109739693,0.1684
-3.9591154854144466,3.2096381010586965,0.08491389155265061,0.16091
-3.9591154854144466,3.2096381010586965,2.4468053423198723,0.156844
-3.9591154854144466,4.242965610769358,1.413477832609213,0.144722
-3.811497269741495,-2.6950905258593596,-1.8341229121957183,0.158256
-3.811497269741495,-2.6950905258593596,-0.5055589711391555,0.166749
-3.811497269741495,1.142983081637377,-1.2436500495039127,0.203455
-3.811497269741495,1.438219512983279,-0.9484136181580101,0.209644
-3.811497269741495,2.3239288070209883,-0.653177186812107,0.1902
-3.811497269741495,2.3239288070209883,2.2991871266469213,0.169026
-3.811497269741495,3.5048745324046005,-0.06270432412030136,0.154095
-3.811497269741495,4.390583826442309,1.413477832609213,0.143383
-3.6638790540685435,0.5525102189455708,2.7420417736657754,0.176786
-3.6638790540685435,0.8477466502914739,-2.424595774887524,0.182125
-3.6638790540685435,0.995364865964425,-1.9817411278686694,0.191948
-3.6638790540685435,2.028692375675085,-0.8007954024850585,0.204804
-3.6638790540685435,3.5048745324046005,-0.3579407554662044,0.157588
-3.6638790540685435,3.9477291794234537,2.5944235579928234,0.153779
-3.516260838395592,-1.6617630161486998,1.561096048282164,0.177332
-3.516260838395592,-0.18558085941918545,2.003950695301018,0.185638
-3.516260838395592,1.290601297310328,2.8896599893387265,0.171606
-3.516260838395592,1.585837728656231,-1.0960318338309611,0.223779
-3.516260838395592,2.6191652383668904,2.5944235579928234,0.158925
-3.516260838395592,4.095347395096405,2.5944235579928234,0.152781
-3.516260838395592,4.390583826442309,0.6753867542444558,0.135049
-3.516260838395592,4.390583826442309,2.2991871266469213,0.150389
-3.368642622722641,2.1763105913480363,-0.8007954024850585,0.212385
-3.368642622722641,4.53820204211526,2.1515689109739693,0.147721
-3.221024407049689,-2.399854094513457,0.08491389155265061,0.177491
-3.221024407049689,-1.2189083691298457,-2.719832206233427,0.154845
-3.221024407049689,-0.6284355064380396,1.8563324796280671,0.187833
-3.221024407049689,0.40489200327261976,-2.719832206233427,0.182763
-3.221024407049689,0.5525102189455708,-2.572213990560475,0.187647
-3.221024407049689,1.290601297310328,-1.6865046965227668,0.233663
-3.221024407049689,4.53820204211526,0.5277685385715047,0.134263
-3.073406191376738,-2.9903269572052626,-1.3912682651768642,0.163919
-3.073406191376738,-2.842708741532311,-0.5055589711391555,0.170277
-3.073406191376738,-2.399854094513457,0.3801503228985528,0.176464
-3.073406191376738,1.8810741600021341,2.7420417736657754,0.167801
-3.073406191376738,3.5048745324046005,-0.9484136181580101,0.169304
-3.073406191376738,4.390583826442309,-0.3579407554662044,0.148125
-3.073406191376738,4.685820257788211,1.11824140126331,0.134123
-2.925787975703786,-3.1379451728782137,-0.653177186812107,0.166941
-2.925787975703786,-0.9236719377839426,-2.719832206233427,0.163326
-2.925787975703786,-0.18558085941918545,2.1515689109739693,0.190092
-2.925787975703786,-0.03796264374623437,-2.719832206233427,0.179766
-2.925787975703786,1.8810741600021341,-1.5388864808498153,0.24441
-2.925787975703786,2.1763105913480363,-1.0960318338309611,0.233331
-2.925787975703786,4.095347395096405,2.7420417736657754,0.146267
-2.925787975703786,4.53820204211526,-0.21032253979325244,0.144743
-2.925787975703786,4.685820257788211,0.9706231855903589,0.132919
-2.778169760030835,-2.842708741532311,-1.9817411278686694,0.154815
-2.778169760030835,-2.399854094513457,0.6753867542444558,0.176076
-2.778169760030835,2.1763105913480363,-1.2436500495039127,0.238427
-2.778169760030835,4.685820257788211,0.3801503228985528,0.135517
-2.778169760030835,4.685820257788211,0.5277685385715047,0.134151
-2.778169760030835,4.685820257788211,0.6753867542444558,0.133202
-2.6305515443578837,-0.18558085941918545,2.003950695301018,0.193618
-2.6305515443578837,-0.03796264374623437,-2.424595774887524,0.189628
-2.6305515443578837,0.10965557192671671,2.4468053423198723,0.186722
-2.6305515443578837,0.2572737875996687,2.5944235579928234,0.184404
-2.6305515443578837,4.685820257788211,0.08491389155265061,0.139938
-2.4829333286849318,-3.433181604224117,-0.5055589711391555,0.163857
-2.4829333286849318,-2.5474723101864085,0.3801503228985528,0.173737
-2.4829333286849318,-2.2522358788405055,1.11824140126331,0.17555
-2.4829333286849318,3.0620198853857454,-1.0960318338309611,0.186019
-2.4829333286849318,4.685820257788211,1.11824140126331,0.133046
-2.4829333286849318,4.685820257788211,1.265859616936261,0.13335
-2.4829333286849318,4.685820257788211,1.413477832609213,0.133708
-2.3353151130119807,-2.9903269572052626,0.08491389155265061,0.16624
-2.3353151130119807,1.8810741600021341,2.5944235579928234,0.165542
-2.3353151130119807,3.0620198853857454,-1.0960318338309611,0.185745
-2.3353151130119807,4.685820257788211,0.6753867542444558,0.134115
-2.1876968973390296,3.2096381010586965,-1.0960318338309611,0.17991
-2.1876968973390296,4.390583826442309,2.1515689109739693,0.1343
-2.0400786816660776,-2.842708741532311,0.6753867542444558,0.167492
-2.0400786816660776,-2.6950905258593596,1.413477832609213,0.162081
-2.0400786816660776,1.585837728656231,2.4468053423198723,0.171285
-2.0400786816660776,2.6191652383668904,-0.9484136181580101,0.205967
-2.0400786816660776,4.53820204211526,1.413477832609213,0.13387
-1.8924604659931266,-2.399854094513457,1.7087142639551152,0.156328
-1.8924604659931266,-1.0712901534568937,-3.162686853252281,0.16089
-1.8924604659931266,1.438219512983279,-1.9817411278686694,0.247882
-1.8924604659931266,4.095347395096405,2.2991871266469213,0.132399
-1.7448422503201755,-1.8093812318216513,-3.015068637579329,0.148711
-1.7448422503201755,-1.8093812318216513,1.7087142639551152,0.155095
-1.7448422503201755,-1.0712901534568937,1.561096048282164,0.170271
-1.7448422503201755,0.2572737875996687,-2.129359343541621,0.206543
-1.7448422503201755,0.40489200327261976,-1.9817411278686694,0.219799
-1.7448422503201755,1.142983081637377,-1.9817411278686694,0.243202
-1.7448422503201755,1.438219512983279,2.1515689109739693,0.179538
-1.7448422503201755,2.4715470226939393,-0.8007954024850585,0.208502
-1.7448422503201755,2.6191652383668904,-0.8007954024850585,0.198367
-1.7448422503201755,2.7667834540398433,2.7420417736657754,0.142288
-1.5972240346472235,-3.7284180355700194,1.561096048282164,0.154026
-1.5972240346472235,-2.2522358788405055,-2.719832206233427,0.141957
-1.5972240346472235,-2.1046176631675544,2.003950695301018,0.145653
-1.5972240346472235,-1.0712901534568937,1.561096048282164,0.164454
-1.5972240346472235,0.10965557192671671,-2.424595774887524,0.189795
-1.5972240346472235,0.2572737875996687,-2.129359343541621,0.203165
-1.5972240346472235,0.995364865964425,1.7087142639551152,0.206109
-1.5972240346472235,1.8810741600021341,-1.5388864808498153,0.239969
-1.5972240346472235,3.5048745324046005,2.5944235579928234,0.134586
-1.5972240346472235,4.390583826442309,0.9706231855903589,0.135302
-1.4496058189742724,-3.433181604224117,0.08491389155265061,0.15435
-1.4496058189742724,0.2572737875996687,1.413477832609213,0.218236
-1.4496058189742724,1.7334559443291822,-1.5388864808498153,0.23779
-1.4496058189742724,2.9144016697127944,-0.653177186812107,0.17479
-1.3019876033013214,-3.433181604224117,-0.06270432412030136,0.151597
-1.3019876033013214,-2.5474723101864085,-2.424595774887524,0.13986
-1.3019876033013214,-0.4808172907650885,-3.015068637579329,0.169171
-1.3019876033013214,3.5048745324046005,-0.5055589711391555,0.15459
-1.3019876033013214,3.8001109637505026,-0.3579407554662044,0.148473
-1.3019876033013214,3.9477291794234537,-0.21032253979325244,0.144927
-1.1543693876283694,-1.9569994474946029,-2.867450421906378,0.144871
-1.1543693876283694,1.585837728656231,1.7087142639551152,0.188724
-1.1543693876283694,2.1763105913480363,-0.21032253979325244,0.202437
-1.1543693876283694,2.4715470226939393,-0.21032253979325244,0.183798
-1.1543693876283694,3.0620198853857454,2.5944235579928234,0.144036
-1.0067511719554183,-1.0712901534568937,2.003950695301018,0.137133
-1.0067511719554183,0.995364865964425,-1.3912682651768642,0.22171
-1.0067511719554183,1.142983081637377,1.265859616936261,0.225763
-1.0067511719554183,2.028692375675085,-0.06270432412030136,0.206914
-0.8591329562824672,-3.7284180355700194,0.08491389155265061,0.136327
-0.8591329562824672,-2.1046176631675544,-2.572213990560475,0.142186
-0.8591329562824672,-1.2189083691298457,-3.015068637579329,0.155514
-0.8591329562824672,-1.0712901534568937,-3.015068637579329,0.158027
-0.8591329562824672,-0.3331990750921374,-2.719832206233427,0.170363
-0.7115147406095153,-4.023654466915922,0.5277685385715047,0.132741
-0.7115147406095153,-1.9569994474946029,-2.572213990560475,0.143484
-0.7115147406095153,-0.4808172907650885,-2.719832206233427,0.167
-0.7115147406095153,-0.3331990750921374,1.413477832609213,0.161177
-0.7115147406095153,0.40489200327261976,-1.9817411278686694,0.187911
-0.7115147406095153,0.5525102189455708,-1.8341229121957183,0.19208
-0.7115147406095153,0.995364865964425,1.11824140126331,0.226945
-0.5638965249365642,-2.5474723101864085,2.5944235579928234,0.132858
-0.5638965249365642,0.2572737875996687,1.11824140126331,0.198767
-0.5638965249365642,1.142983081637377,-0.9484136181580101,0.202731
-0.5638965249365642,2.4715470226939393,0.5277685385715047,0.168127
-0.4162783092636131,-4.023654466915922,0.5277685385715047,0.125925
-0.4162783092636131,-3.8760362512429714,1.8563324796280671,0.139208
-0.4162783092636131,1.290601297310328,-0.5055589711391555,0.202602
-0.4162783092636131,2.3239288070209883,1.7087142639551152,0.166497
-0.4162783092636131,3.3572563167316476,1.7087142639551152,0.149461
-0.2686600935906611,-1.2189083691298457,2.5944235579928234,0.117812
-0.2686600935906611,-0.4808172907650885,1.7087142639551152,0.136552
-0.2686600935906611,0.10965557192671671,1.11824140126331,0.169212
-0.2686600935906611,0.995364865964425,0.6753867542444558,0.207709
-0.2686600935906611,1.290601297310328,-0.06270432412030136,0.201473
-0.2686600935906611,1.290601297310328,0.08491389155265061,0.204083
-0.12104187791771004,-4.023654466915922,0.6753867542444558,0.121127
-0.12104187791771004,-1.3665265848027968,-2.2769775592145725,0.145222
-0.12104187791771004,-1.0712901534568937,2.5944235579928234,0.116746
-0.12104187791771004,-0.7760537221109916,2.2991871266469213,0.120453
-0.12104187791771004,0.10965557192671671,1.11824140126331,0.160715
-0.12104187791771004,0.40489200327261976,0.9706231855903589,0.172948
0.02657633775524193,-4.023654466915922,0.9706231855903589,0.121512
0.02657633775524193,-3.433181604224117,2.2991871266469213,0.139885
0.02657633775524193,-2.842708741532311,-1.2436500495039127,0.122496
0.02657633775524193,-2.399854094513457,3.0372782050116784,0.126331
0.02657633775524193,-0.4808172907650885,-2.572213990560475,0.154421
0.02657633775524193,1.290601297310328,-1.3912682651768642,0.167098
0.02657633775524193,1.290601297310328,-0.653177186812107,0.166854
0.174194553428193,-3.5807998198970683,-0.21032253979325244,0.112616
0.174194553428193,-3.5807998198970683,2.1515689109739693,0.137594
0.174194553428193,-3.1379451728782137,-0.8007954024850585,0.114685
0.174194553428193,-1.2189083691298457,-2.2769775592145725,0.138874
0.174194553428193,-0.9236719377839426,-2.424595774887524,0.143313
0.174194553428193,1.142983081637377,0.2325321072256017,0.16353
0.174194553428193,1.290601297310328,-0.3579407554662044,0.159732
0.3218127691011441,-3.7284180355700194,0.08491389155265061,0.110277
0.3218127691011441,-0.9236719377839426,2.7420417736657754,0.11385
0.46943098477409606,-3.7284180355700194,2.1515689109739693,0.132353
0.46943098477409606,-2.5474723101864085,-1.3912682651768642,0.113998
0.46943098477409606,-2.399854094513457,-1.5388864808498153,0.115091
0.46943098477409606,-0.18558085941918545,1.7087142639551152,0.12832
0.46943098477409606,0.2572737875996687,-2.719832206233427,0.154501
0.46943098477409606,0.2572737875996687,1.265859616936261,0.136508
0.46943098477409606,0.7001284346185228,0.9706231855903589,0.140947
0.46943098477409606,0.8477466502914739,0.8230049699174069,0.142667
0.6170492004470471,-3.7284180355700194,2.5944235579928234,0.134334
0.6170492004470471,-2.399854094513457,3.4801328520305326,0.12698
0.6170492004470471,-1.8093812318216513,3.3325146363575806,0.118352
0.6170492004470471,-1.5141448004757487,-2.129359343541621,0.121866
0.6170492004470471,-0.4808172907650885,2.4468053423198723,0.114032
0.6170492004470471,0.2572737875996687,-2.719832206233427,0.151037
0.6170492004470471,0.2572737875996687,1.413477832609213,0.130506
0.7646674161199982,-3.5807998198970683,0.08491389155265061,0.103624
0.7646674161199982,-2.1046176631675544,3.4801328520305326,0.123138
0.7646674161199982,-1.3665265848027968,3.1848964206846295,0.114413
0.7646674161199982,-0.03796264374623437,-2.719832206233427,0.143736
0.7646674161199982,0.10965557192671671,-2.719832206233427,0.145724
0.7646674161199982,0.8477466502914739,-2.424595774887524,0.153106
0.7646674161199982,0.995364865964425,0.8230049699174069,0.132814
0.7646674161199982,1.438219512983279,0.2325321072256017,0.12733
0.7646674161199982,2.028692375675085,-0.8007954024850585,0.11258
0.7646674161199982,2.1763105913480363,-0.06270432412030136,0.110237
0.9122856317929511,-3.8760362512429714,1.7087142639551152,0.119495
0.9122856317929511,-3.8760362512429714,2.4468053423198723,0.130353
0.9122856317929511,-3.7284180355700194,0.5277685385715047,0.103662
0.9122856317929511,-3.1379451728782137,3.4801328520305326,0.137042
0.9122856317929511,-2.6950905258593596,-0.8007954024850585,0.106907
0.9122856317929511,-1.6617630161486998,-1.9817411278686694,0.113548
0.9122856317929511,0.5525102189455708,-2.572213990560475,0.14743
0.9122856317929511,1.290601297310328,-1.6865046965227668,0.144326
0.9122856317929511,2.4715470226939393,-0.8007954024850585,0.101334
0.9122856317929511,2.4715470226939393,0.08491389155265061,0.102616
1.0599038474659022,-3.8760362512429714,1.561096048282164,0.115262
1.0599038474659022,-3.7284180355700194,0.6753867542444558,0.103364
1.0599038474659022,-3.433181604224117,3.3325146363575806,0.138338
1.0599038474659022,0.40489200327261976,-2.572213990560475,0.142473
1.0599038474659022,0.5525102189455708,1.561096048282164,0.120608
1.0599038474659022,0.7001284346185228,-2.424595774887524,0.145424
1.0599038474659022,2.6191652383668904,-0.9484136181580101,0.0959876
1.0599038474659022,2.6191652383668904,0.2325321072256017,0.0977955
1.2075220631388532,-3.8760362512429714,1.561096048282164,0.113461
1.2075220631388532,-2.9903269572052626,-0.21032253979325244,0.103041
1.2075220631388532,-2.2522358788405055,-1.0960318338309611,0.106496
1.2075220631388532,-1.5141448004757487,-1.9817411278686694,0.110709
1.2075220631388532,1.585837728656231,-1.5388864808498153,0.118362
1.5027584944847554,-3.5807998198970683,0.6753867542444558,0.100358
1.5027584944847554,-2.2522358788405055,-0.5055589711391555,0.113231
1.5027584944847554,-1.8093812318216513,-1.5388864808498153,0.104376
1.5027584944847554,0.40489200327261976,2.003950695301018,0.113384
1.5027584944847554,2.1763105913480363,-1.6865046965227668,0.0909943
1.6503767101577083,-3.7284180355700194,1.265859616936261,0.106025
1.6503767101577083,-3.7284180355700194,2.8896599893387265,0.13294
1.6503767101577083,-3.5807998198970683,0.8230049699174069,0.101271
1.6503767101577083,-2.1046176631675544,3.4801328520305326,0.127167
1.6503767101577083,-0.6284355064380396,2.8896599893387265,0.112026
1.6503767101577083,0.40489200327261976,-2.2769775592145725,0.121577
1.6503767101577083,0.5525102189455708,1.8563324796280671,0.114773
1.7979949258306593,-3.7284180355700194,2.7420417736657754,0.130198
1.7979949258306593,1.438219512983279,1.11824140126331,0.116267
1.9456131415036104,-3.7284180355700194,2.003950695301018,0.115847
1.9456131415036104,-1.2189083691298457,3.0372782050116784,0.120512
2.0932313571765615,-3.5807998198970683,2.5944235579928234,0.126419
2.0932313571765615,-1.9569994474946029,-0.8007954024850585,0.103014
2.0932313571765615,-1.5141448004757487,3.0372782050116784,0.125771
2.2408495728495126,-2.1046176631675544,-0.5055589711391555,0.10199
2.2408495728495126,-1.2189083691298457,-1.5388864808498153,0.103724
2.2408495728495126,-0.03796264374623437,2.5944235579928234,0.112612
2.2408495728495126,1.585837728656231,-2.129359343541621,0.089068
2.2408495728495126,3.2096381010586965,0.3801503228985528,0.0730515
2.3884677885224654,-3.2855633885511653,1.413477832609213,0.106289
2.3884677885224654,-1.9569994474946029,-0.653177186812107,0.100906
2.3884677885224654,-0.03796264374623437,2.5944235579928234,0.113494
2.3884677885224654,0.10965557192671671,2.4468053423198723,0.113254
2.3884677885224654,1.8810741600021341,-1.9817411278686694,0.0836089
2.3884677885224654,3.2096381010586965,0.3801503228985528,0.0707548
2.5360860041954165,-3.1379451728782137,1.561096048282164,0.109071
2.5360860041954165,-3.1379451728782137,1.7087142639551152,0.11142
2.5360860041954165,-2.9903269572052626,0.8230049699174069,0.0995062
2.5360860041954165,-2.842708741532311,0.5277685385715047,0.0976489
2.5360860041954165,-2.2522358788405055,2.7420417736657754,0.132337
2.5360860041954165,-1.5141448004757487,-1.0960318338309611,0.103336
2.5360860041954165,-0.9236719377839426,-1.9817411278686694,0.0874387
2.6837042198683676,-2.842708741532311,2.003950695301018,0.119024
2.6837042198683676,-1.8093812318216513,-0.653177186812107,0.10086
2.6837042198683676,-0.6284355064380396,-2.572213990560475,0.0755898
2.6837042198683676,0.2572737875996687,-3.015068637579329,0.0736948
2.6837042198683676,1.142983081637377,-2.867450421906378,0.0709687
2.8313224355413187,-2.6950905258593596,0.6753867542444558,0.0996033
2.8313224355413187,-2.399854094513457,2.2991871266469213,0.127642
2.8313224355413187,0.2572737875996687,2.1515689109739693,0.115427
2.8313224355413187,1.585837728656231,1.265859616936261,0.105332
2.9789406512142698,-2.6950905258593596,1.265859616936261,0.106788
2.9789406512142698,-2.399854094513457,2.1515689109739693,0.124434
2.9789406512142698,-0.9236719377839426,-2.2769775592145725,0.0735231
2.9789406512142698,-0.03796264374623437,-3.015068637579329,0.0712436
2.9789406512142698,1.290601297310328,-2.867450421906378,0.0664074
3.126558866887221,-2.5474723101864085,0.9706231855903589,0.103705
3.126558866887221,-2.1046176631675544,2.4468053423198723,0.128612
3.126558866887221,-1.9569994474946029,2.5944235579928234,0.130228
3.126558866887221,-1.3665265848027968,-0.653177186812107,0.1109
3.2741770825601737,1.7334559443291822,1.413477832609213,0.0832811
3.2741770825601737,2.4715470226939393,-1.3912682651768642,0.0727012
3.421795298233125,-1.0712901534568937,-1.2436500495039127,0.0932624
3.421795298233125,2.6191652383668904,0.3801503228985528,0.0696831
3.421795298233125,2.9144016697127944,-0.3579407554662044,0.0644058
3.569413513906076,-2.1046176631675544,0.9706231855903589,0.10692
3.569413513906076,-1.8093812318216513,0.5277685385715047,0.105814
3.569413513906076,-0.9236719377839426,-0.8007954024850585,0.114981
3.569413513906076,-0.9236719377839426,-0.3579407554662044,0.129329
3.569413513906076,0.10965557192671671,-3.015068637579329,0.0673757
3.569413513906076,0.8477466502914739,-3.015068637579329,0.0639094
3.569413513906076,1.142983081637377,1.8563324796280671,0.0797399
3.569413513906076,2.3239288070209883,-1.0960318338309611,0.0828314
3.717031729579027,-1.8093812318216513,0.8230049699174069,0.107802
3.717031729579027,-1.8093812318216513,2.2991871266469213,0.128268
3.717031729579027,-1.6617630161486998,0.6753867542444558,0.108083
3.717031729579027,-0.18558085941918545,-2.867450421906378,0.0659453
3.717031729579027,-0.18558085941918545,2.1515689109739693,0.120681
3.717031729579027,1.7334559443291822,1.561096048282164,0.071167
3.864649945251978,-1.8093812318216513,2.003950695301018,0.125302
3.864649945251978,-0.9236719377839426,-1.2436500495039127,0.0841396
3.864649945251978,-0.3331990750921374,-2.719832206233427,0.0641487
3.864649945251978,1.8810741600021341,-0.9484136181580101,0.108612
4.012268160924929,-1.3665265848027968,1.11824140126331,0.114628
4.012268160924929,-1.0712901534568937,0.9706231855903589,0.111946
4.012268160924929,1.8810741600021341,1.413477832609213,0.0656692
4.159886376597882,-0.6284355064380396,1.413477832609213,0.108107
4.307504592270833,-0.4808172907650885,-0.9484136181580101,0.0860317
4.307504592270833,0.5525102189455708,1.8563324796280671,0.0774025
4.307504592270833,0.8477466502914739,1.8563324796280671,0.073484
4.455122807943784,-0.4808172907650885,-1.6865046965227668,0.0628372
4.455122807943784,0.10965557192671671,-2.424595774887524,0.057951
4.602741023616735,-0.3331990750921374,-0.5055589711391555,0.0800541
4.602741023616735,1.438219512983279,-0.8007954024850585,0.0766413
4.750359239289686,-0.4808172907650885,-0.06270432412030136,0.0736063
4.750359239289686,-0.4808172907650885,0.8230049699174069,0.0753696
4.750359239289686,0.7001284346185228,-1.5388864808498153,0.0608262
4.750359239289686,1.438219512983279,1.413477832609213,0.0644098
4.897977454962637,-0.03796264374623437,-0.5055589711391555,0.0683429
4.897977454962637,0.2572737875996687,1.413477832609213,0.072927
4.897977454962637,0.7001284346185228,-0.8007954024850585,0.0666346
4.897977454962637,1.8810741600021341,0.2325321072256017,0.0576929
5.04559567063559,1.7334559443291822,0.3801503228985528,0.0569307
5.193213886308541,0.8477466502914739,1.11824140126331,0.0662048
5.340832101981492,0.2572737875996687,0.3801503228985528,0.0611189
5.340832101981492,1.142983081637377,0.5277685385715047,0.0589949
