-5.961054778146718,-2.2883617484967296,-0.8392692314145078,0.038961
-5.961054778146718,-2.2883617484967296,-0.2534425446115769,0.0409028
-5.961054778146718,-2.1419050767959966,-0.9857259031152417,0.0364137
-5.961054778146718,0.49431501381719567,-1.1321825748159737,0.117065
-5.814598106445985,-1.2631650465915993,-0.9857259031152417,0.0438234
-5.814598106445985,0.054944998714997695,-0.2534425446115769,0.0993425
-5.814598106445985,0.3478583421164627,-0.10698587291084394,0.10167
-5.814598106445985,0.6407716855179286,-0.10698587291084394,0.106114
-5.814598106445985,0.9336850289193945,-0.2534425446115769,0.113667
-5.814598106445985,1.0801417006201266,-1.1321825748159737,0.126447
-5.668141434745252,-0.9702517031901334,-0.2534425446115769,0.0573165
-5.668141434745252,-0.38442501638720117,-0.5463558880130428,0.0919858
-5.668141434745252,-0.09151167298573615,-1.42509591821744,0.104655
-5.668141434745252,1.0801417006201266,-0.10698587291084394,0.112899
-5.668141434745252,1.2265983723208604,-1.2786392465167071,0.128647
-5.668141434745252,1.3730550440215934,-0.8392692314145078,0.130939
-5.668141434745252,1.3730550440215934,-0.6928125597137758,0.129472
-5.521684763044519,-3.0206451070003943,-0.8392692314145078,0.0735775
-5.521684763044519,-2.581275091898195,-1.571552589918173,0.0467168
-5.521684763044519,-1.7025350616937978,0.62529748559282,0.0471638
-5.521684763044519,-1.5560783899930648,-1.718009261618906,0.0382553
-5.521684763044519,-1.1167083748908664,-1.42509591821744,0.050967
-5.521684763044519,-0.8237950314894005,-0.10698587291084394,0.067162
-5.521684763044519,-0.38442501638720117,-0.10698587291084394,0.087458
-5.521684763044519,0.3478583421164627,0.3323841421913549,0.0901081
-5.521684763044519,1.5195117157223255,-0.8392692314145078,0.135884
-5.521684763044519,1.5195117157223255,-0.6928125597137758,0.134661
-5.375228091343786,-1.9954484050952637,0.7717541572935538,0.0522512
-5.375228091343786,-1.8489917333945312,0.7717541572935538,0.0513859
-5.375228091343786,-0.9702517031901334,0.3323841421913549,0.0631218
-5.375228091343786,-0.8237950314894005,0.18592747049062197,0.0694339
-5.375228091343786,-0.6773383597886671,-1.2786392465167071,0.0799212
-5.375228091343786,0.20140167041572976,-1.8644659333196385,0.105767
-5.08231474794232,-3.3135584504018603,0.03947079878988902,0.118914
-5.08231474794232,-2.727731763598928,-1.8644659333196385,0.0547543
-5.08231474794232,-0.9702517031901334,0.62529748559282,0.0715462
-5.08231474794232,1.2265983723208604,0.4788408138920879,0.0999286
-5.08231474794232,1.9588817308245252,-0.6928125597137758,0.167247
-5.08231474794232,1.9588817308245252,-0.5463558880130428,0.165047
-5.08231474794232,2.2517950742259902,-0.2534425446115769,0.16879
-5.08231474794232,2.984078432729655,-0.9857259031152417,0.190615
-4.935858076241587,-2.4348184201974625,0.9182108289942867,0.0746568
-4.935858076241587,-1.7025350616937978,-2.1573792767211044,0.0415448
-4.935858076241587,-1.4096217182923318,0.9182108289942867,0.0673514
-4.935858076241587,0.6407716855179286,0.9182108289942867,0.0801583
-4.935858076241587,1.2265983723208604,0.62529748559282,0.0961719
-4.935858076241587,1.5195117157223255,0.3323841421913549,0.114166
-4.935858076241587,1.9588817308245252,-1.1321825748159737,0.167875
-4.935858076241587,2.837621761028922,0.18592747049062197,0.146183
-4.935858076241587,3.130535104430388,0.03947079878988902,0.152807
-4.935858076241587,3.276991776131122,-0.10698587291084394,0.158459
-4.935858076241587,3.4234484478318548,-0.5463558880130428,0.174465
-4.789401404540854,0.20140167041572976,1.0646675006950188,0.0755693
-4.789401404540854,0.3478583421164627,1.0646675006950188,0.076039
-4.789401404540854,2.984078432729655,-1.42509591821744,0.180804
-4.789401404540854,3.569905119532586,-0.39989921631230896,0.161149
-4.642944732840121,-1.4096217182923318,-2.1573792767211044,0.0501786
-4.642944732840121,-1.1167083748908664,-2.0109226050203715,0.0595991
-4.642944732840121,0.6407716855179286,-2.1573792767211044,0.0967372
-4.642944732840121,1.6659683874230593,-1.571552589918173,0.138319
-4.642944732840121,1.8124250591237914,0.4788408138920879,0.118044
-4.496488061139388,0.054944998714997695,-2.1573792767211044,0.086665
-4.496488061139388,0.7872283572186616,-2.1573792767211044,0.0961994
-4.496488061139388,1.3730550440215934,-1.8644659333196385,0.115926
-4.496488061139388,2.398251745926724,0.7717541572935538,0.0989446
-4.350031389438655,-3.167101778701127,-1.718009261618906,0.0979238
-4.350031389438655,-3.0206451070003943,-1.8644659333196385,0.0842832
-4.350031389438655,-2.581275091898195,-2.1573792767211044,0.0605342
-4.350031389438655,-0.09151167298573615,-2.1573792767211044,0.0835402
-4.350031389438655,0.9336850289193945,1.2111241723957527,0.0804184
-4.350031389438655,2.398251745926724,-1.718009261618906,0.152693
-4.203574717737922,-3.0206451070003943,0.7717541572935538,0.138403
-4.203574717737922,-1.4096217182923318,1.2111241723957527,0.0920849
-4.203574717737922,1.5195117157223255,1.0646675006950188,0.0933036
-4.057118046037189,-3.4600151221025928,0.4788408138920879,0.1733
-4.057118046037189,-0.6773383597886671,1.3575808440964847,0.0845482
-4.057118046037189,-0.530881688087935,1.3575808440964847,0.0826998
-4.057118046037189,0.7872283572186616,1.3575808440964847,0.0791691
-4.057118046037189,0.9336850289193945,-2.1573792767211044,0.0917227
-4.057118046037189,3.716361791233319,0.62529748559282,0.069569
-3.7642047026357237,-1.7025350616937978,-2.1573792767211044,0.0679558
-3.6177480309349908,-2.2883617484967296,1.0646675006950188,0.119168
-3.6177480309349908,-0.6773383597886671,1.5040375157972186,0.0852429
-3.6177480309349908,4.155731806335518,-0.5463558880130428,0.0781774
-3.6177480309349908,4.155731806335518,0.03947079878988902,0.0644609
-3.471291359234258,-3.0206451070003943,-1.571552589918173,0.12322
-3.471291359234258,-1.9954484050952637,1.3575808440964847,0.102792
-3.471291359234258,-1.7025350616937978,1.5040375157972186,0.0940026
-3.471291359234258,0.7872283572186616,1.5040375157972186,0.0841044
-3.471291359234258,0.9336850289193945,-2.1573792767211044,0.085105
-3.471291359234258,1.9588817308245252,1.3575808440964847,0.0858226
-3.471291359234258,2.544708417627456,1.3575808440964847,0.0648999
-3.471291359234258,2.69116508932819,1.3575808440964847,0.0603622
-3.471291359234258,3.569905119532586,1.0646675006950188,0.0460603
-3.324834687533525,-1.1167083748908664,-2.0109226050203715,0.08865
-3.324834687533525,2.837621761028922,1.3575808440964847,0.0560164
-3.324834687533525,3.276991776131122,-1.8644659333196385,0.0763739
-3.1783780158327914,-3.4600151221025928,-0.6928125597137758,0.185835
-3.1783780158327914,-3.4600151221025928,-0.10698587291084394,0.192808
-3.1783780158327914,-3.3135584504018603,0.18592747049062197,0.185419
-3.1783780158327914,0.49431501381719567,1.5040375157972186,0.0873488
-3.1783780158327914,3.716361791233319,-1.571552589918173,0.0657185
-3.0319213441320594,-2.8741884352996614,0.9182108289942867,0.138374
-3.0319213441320594,-1.9954484050952637,1.6504941874979506,0.0962333
-3.0319213441320594,-0.8237950314894005,-2.0109226050203715,0.0870226
-3.0319213441320594,0.7872283572186616,1.6504941874979506,0.0850788
-3.0319213441320594,2.544708417627456,1.3575808440964847,0.0671752
-3.0319213441320594,3.276991776131122,-1.8644659333196385,0.063732
-3.0319213441320594,3.569905119532586,1.0646675006950188,0.0421146
-2.8854646724313255,-3.0206451070003943,-0.8392692314145078,0.162234
-2.8854646724313255,1.0801417006201266,-2.0109226050203715,0.0867693
-2.8854646724313255,1.9588817308245252,1.5040375157972186,0.0854041
-2.7390080007305935,-3.0206451070003943,1.0646675006950188,0.133692
-2.7390080007305935,-2.727731763598928,1.3575808440964847,0.119156
-2.7390080007305935,-2.2883617484967296,-1.42509591821744,0.115088
-2.7390080007305935,-2.2883617484967296,1.6504941874979506,0.103222
-2.7390080007305935,0.49431501381719567,-2.0109226050203715,0.0808093
-2.7390080007305935,0.6407716855179286,-2.0109226050203715,0.0817683
-2.7390080007305935,1.3730550440215934,1.7969508591986836,0.0834879
-2.7390080007305935,1.6659683874230593,-1.8644659333196385,0.0927413
-2.7390080007305935,3.130535104430388,-1.8644659333196385,0.0572114
-2.7390080007305935,4.155731806335518,-0.6928125597137758,0.0447465
-2.5925513290298605,-2.8741884352996614,-0.8392692314145078,0.145279
-2.5925513290298605,-2.581275091898195,-1.1321825748159737,0.128948
-2.5925513290298605,-1.1167083748908664,-1.8644659333196385,0.0908853
-2.5925513290298605,-0.6773383597886671,-1.8644659333196385,0.0876441
-2.5925513290298605,-0.6773383597886671,1.9434075308994174,0.0881377
-2.5925513290298605,-0.09151167298573615,-1.8644659333196385,0.0836842
-2.5925513290298605,0.054944998714997695,1.7969508591986836,0.0900214
-2.5925513290298605,2.837621761028922,1.2111241723957527,0.0634107
-2.5925513290298605,3.716361791233319,0.7717541572935538,0.0410262
-2.5925513290298605,4.009275134634787,-0.9857259031152417,0.043839
-2.4460946573291267,-3.4600151221025928,0.3323841421913549,0.152359
-2.4460946573291267,-2.581275091898195,-1.1321825748159737,0.124732
-2.4460946573291267,-0.2379683446864691,1.9434075308994174,0.0920712
-2.4460946573291267,0.49431501381719567,1.9434075308994174,0.0889269
-2.4460946573291267,0.6407716855179286,-1.8644659333196385,0.0849977
-2.4460946573291267,1.2265983723208604,-1.8644659333196385,0.0900129
-2.4460946573291267,3.8628184629340536,-1.1321825748159737,0.0430383
-2.2996379856283946,2.398251745926724,-1.718009261618906,0.0698948
-2.2996379856283946,2.544708417627456,1.2111241723957527,0.0828894
-2.2996379856283946,2.837621761028922,-1.718009261618906,0.0571084
-2.1531813139276617,-3.3135584504018603,1.0646675006950188,0.139129
-2.1531813139276617,0.20140167041572976,2.0898642026001495,0.0985462
-2.1531813139276617,0.3478583421164627,2.0898642026001495,0.097295
-2.1531813139276617,0.9336850289193945,2.0898642026001495,0.0921072
-2.1531813139276617,2.984078432729655,-1.571552589918173,0.0538828
-2.1531813139276617,2.984078432729655,0.9182108289942867,0.0699376
-2.1531813139276617,3.8628184629340536,-0.10698587291084394,0.0412716
-2.0067246422269287,-2.8741884352996614,1.5040375157972186,0.127143
-2.0067246422269287,-1.8489917333945312,1.9434075308994174,0.10575
-2.0067246422269287,-1.2631650465915993,2.0898642026001495,0.102732
-2.0067246422269287,-0.09151167298573615,-1.42509591821744,0.0953255
-2.0067246422269287,1.2265983723208604,-1.718009261618906,0.0892061
-2.0067246422269287,1.2265983723208604,2.0898642026001495,0.0932242
-2.0067246422269287,3.716361791233319,-0.10698587291084394,0.0451239
-1.8602679705261957,-2.8741884352996614,1.5040375157972186,0.129449
-1.8602679705261957,-2.1419050767959966,-1.42509591821744,0.101765
-1.8602679705261957,-1.2631650465915993,2.0898642026001495,0.108026
-1.8602679705261957,-0.6773383597886671,-1.571552589918173,0.0906135
-1.8602679705261957,1.6659683874230593,-1.571552589918173,0.0897277
-1.8602679705261957,2.69116508932819,-1.2786392465167071,0.0663074
-1.8602679705261957,3.130535104430388,-1.1321825748159737,0.0541925
-1.7138112988254628,-1.7025350616937978,-1.571552589918173,0.0948563
-1.7138112988254628,-1.2631650465915993,2.0898642026001495,0.114045
-1.7138112988254628,-0.530881688087935,2.2363208743008833,0.120886
-1.7138112988254628,0.3478583421164627,2.2363208743008833,0.118964
-1.7138112988254628,1.5195117157223255,-1.571552589918173,0.0887777
-1.7138112988254628,2.984078432729655,0.62529748559282,0.0882694
-1.7138112988254628,3.276991776131122,-0.39989921631230896,0.0600129
-1.7138112988254628,3.276991776131122,-0.2534425446115769,0.0619742
-1.5673546271247298,-1.2631650465915993,2.0898642026001495,0.120698
-1.5673546271247298,0.6407716855179286,2.2363208743008833,0.122698
-1.5673546271247298,1.3730550440215934,-1.571552589918173,0.0881166
-1.5673546271247298,2.398251745926724,-0.9857259031152417,0.0872352
-1.5673546271247298,2.837621761028922,1.0646675006950188,0.0994839
-1.4208979554239978,-3.4600151221025928,0.18592747049062197,0.147296
-1.4208979554239978,-3.4600151221025928,0.4788408138920879,0.148135
-1.4208979554239978,-1.2631650465915993,2.0898642026001495,0.127877
-1.4208979554239978,-0.38442501638720117,-1.42509591821744,0.0962143
-1.4208979554239978,0.7872283572186616,2.2363208743008833,0.128278
-1.4208979554239978,2.984078432729655,0.03947079878988902,0.0934912
-1.4208979554239978,2.984078432729655,0.7717541572935538,0.101888
-1.274441283723264,-3.3135584504018603,-0.10698587291084394,0.144332
-1.274441283723264,-3.3135584504018603,0.7717541572935538,0.148096
-1.274441283723264,-2.581275091898195,1.5040375157972186,0.13819
-1.274441283723264,2.2517950742259902,-0.9857259031152417,0.0930006
-1.274441283723264,2.398251745926724,-0.8392692314145078,0.0939796
-1.127984612022531,-1.4096217182923318,2.0898642026001495,0.140015
-1.127984612022531,-0.9702517031901334,-1.42509591821744,0.102615
-1.127984612022531,0.7872283572186616,2.5292342177023484,0.165934
-1.127984612022531,1.3730550440215934,2.0898642026001495,0.117626
-1.127984612022531,1.8124250591237914,1.9434075308994174,0.107904
-0.9815279403217989,-0.8237950314894005,2.3827775460016154,0.161208
-0.9815279403217989,0.49431501381719567,-1.42509591821744,0.0984728
-0.9815279403217989,1.6659683874230593,-1.2786392465167071,0.0945143
-0.9815279403217989,2.837621761028922,1.2111241723957527,0.115107
-0.8350712686210651,-3.0206451070003943,0.4788408138920879,0.151227
-0.8350712686210651,-2.8741884352996614,0.9182108289942867,0.151648
-0.8350712686210651,-2.4348184201974625,1.6504941874979506,0.147323
-0.8350712686210651,-0.6773383597886671,2.6756908894030813,0.17659
-0.8350712686210651,2.2517950742259902,-0.8392692314145078,0.101668
-0.688614596920333,-2.4348184201974625,-0.39989921631230896,0.138774
-0.688614596920333,-1.7025350616937978,-0.9857259031152417,0.127068
-0.688614596920333,-1.4096217182923318,-1.1321825748159737,0.125129
-0.688614596920333,-0.8237950314894005,-1.2786392465167071,0.122853
-0.688614596920333,-0.530881688087935,3.1150609045052793,0.18909
-0.688614596920333,-0.38442501638720117,3.2615175762060122,0.195825
-0.688614596920333,1.2265983723208604,-1.2786392465167071,0.102719
-0.688614596920333,1.2265983723208604,2.822147561103815,0.169881
-0.688614596920333,1.6659683874230593,-1.1321825748159737,0.102056
-0.688614596920333,2.984078432729655,0.3323841421913549,0.119918
-0.5421579252195992,-2.4348184201974625,-0.10698587291084394,0.148023
-0.5421579252195992,-2.2883617484967296,2.0898642026001495,0.148314
-0.5421579252195992,-1.5560783899930648,-0.9857259031152417,0.135246
-0.5421579252195992,-0.9702517031901334,2.6756908894030813,0.166329
-0.5421579252195992,-0.6773383597886671,-1.2786392465167071,0.130574
-0.5421579252195992,0.20140167041572976,-1.2786392465167071,0.120195
-0.5421579252195992,0.3478583421164627,-1.2786392465167071,0.117888
-0.5421579252195992,0.49431501381719567,-1.2786392465167071,0.115726
-0.5421579252195992,2.69116508932819,-0.2534425446115769,0.117788
-0.3957012535188671,-2.727731763598928,0.62529748559282,0.156342
-0.3957012535188671,-0.9702517031901334,-1.2786392465167071,0.140882
-0.3957012535188671,-0.9702517031901334,2.822147561103815,0.16427
-0.3957012535188671,-0.09151167298573615,-1.2786392465167071,0.132789
-0.3957012535188671,2.837621761028922,0.7717541572935538,0.12773
-0.24924458181813414,-0.9702517031901334,-1.42509591821744,0.147292
-0.24924458181813414,-0.8237950314894005,-1.42509591821744,0.146294
-0.24924458181813414,0.3478583421164627,-1.2786392465167071,0.133904
-0.1027879101174003,-2.8741884352996614,1.0646675006950188,0.158091
-0.1027879101174003,-0.09151167298573615,-1.42509591821744,0.144727
0.04366876158333177,-2.581275091898195,0.3323841421913549,0.161402
0.04366876158333177,-0.9702517031901334,3.1150609045052793,0.148274
0.04366876158333177,1.3730550440215934,3.1150609045052793,0.155598
0.19012543328406561,-1.4096217182923318,2.6756908894030813,0.144113
0.19012543328406561,-1.2631650465915993,-1.8644659333196385,0.161139
0.19012543328406561,-0.2379683446864691,-1.718009261618906,0.150204
0.19012543328406561,1.5195117157223255,-0.8392692314145078,0.14767
0.19012543328406561,2.1053384025252573,0.18592747049062197,0.137747
0.3365821049847977,-2.8741884352996614,1.0646675006950188,0.162315
0.3365821049847977,-2.8741884352996614,1.3575808440964847,0.160998
0.3365821049847977,-2.1419050767959966,-0.9857259031152417,0.168983
0.3365821049847977,-2.1419050767959966,2.3827775460016154,0.151713
0.48303877668553064,-2.1419050767959966,-1.2786392465167071,0.171464
0.48303877668553064,0.054944998714997695,3.700887591308211,0.155641
0.6294954483862636,-1.4096217182923318,2.6756908894030813,0.134542
0.6294954483862636,-0.38442501638720117,-2.0109226050203715,0.156421
0.6294954483862636,0.7872283572186616,-1.718009261618906,0.155459
0.7759521200869974,-2.727731763598928,1.0646675006950188,0.169843
0.7759521200869974,-2.727731763598928,1.3575808440964847,0.167359
0.7759521200869974,-1.1167083748908664,-2.1573792767211044,0.166861
0.7759521200869974,0.6407716855179286,3.55443091960748,0.14067
0.7759521200869974,1.5195117157223255,-1.2786392465167071,0.164306
0.9224087917877304,-2.2883617484967296,-0.39989921631230896,0.180095
0.9224087917877304,-1.2631650465915993,2.822147561103815,0.122843
0.9224087917877304,-0.6773383597886671,3.407974247906747,0.114954
1.0688654634884616,-2.2883617484967296,-0.39989921631230896,0.183529
1.0688654634884616,-0.09151167298573615,-2.0109226050203715,0.159178
1.0688654634884616,0.7872283572186616,3.407974247906747,0.121106
1.0688654634884616,1.5195117157223255,2.822147561103815,0.101121
1.0688654634884616,1.8124250591237914,-0.2534425446115769,0.16131
1.3617788068899292,-0.38442501638720117,-2.1573792767211044,0.164348
1.3617788068899292,0.054944998714997695,-2.0109226050203715,0.16296
1.3617788068899292,1.6659683874230593,1.5040375157972186,0.101955
1.5082354785906622,-0.38442501638720117,-2.303835948421838,0.164181
1.5082354785906622,0.20140167041572976,-2.0109226050203715,0.164693
1.5082354785906622,0.9336850289193945,3.1150609045052793,0.104169
1.5082354785906622,1.3730550440215934,-1.571552589918173,0.168761
1.5082354785906622,1.6659683874230593,0.18592747049062197,0.155984
1.5082354785906622,1.9588817308245252,-0.2534425446115769,0.155346
1.6546921502913934,-0.9702517031901334,-2.303835948421838,0.163626
1.6546921502913934,-0.9702517031901334,2.6756908894030813,0.127292
1.6546921502913934,-0.530881688087935,3.1150609045052793,0.108818
1.8011488219921263,-2.2883617484967296,0.7717541572935538,0.226171
1.8011488219921263,-1.2631650465915993,1.9434075308994174,0.18617
1.8011488219921263,-0.6773383597886671,-2.889662635224769,0.154773
1.8011488219921263,-0.530881688087935,2.968604232804548,0.115409
1.8011488219921263,1.2265983723208604,1.0646675006950188,0.154654
1.8011488219921263,2.69116508932819,-1.1321825748159737,0.14597
1.947605493692861,-2.1419050767959966,-0.39989921631230896,0.213804
1.947605493692861,-1.4096217182923318,-2.1573792767211044,0.16007
1.947605493692861,-1.2631650465915993,1.9434075308994174,0.193029
1.947605493692861,-0.38442501638720117,-3.1825759786262346,0.151428
1.947605493692861,-0.2379683446864691,-3.1825759786262346,0.152253
1.947605493692861,1.6659683874230593,0.62529748559282,0.151197
2.0940621653935922,-2.1419050767959966,1.3575808440964847,0.223583
2.0940621653935922,-1.5560783899930648,-2.1573792767211044,0.156129
2.0940621653935922,-0.38442501638720117,2.6756908894030813,0.142361
2.0940621653935922,0.6407716855179286,-2.7432059635240362,0.155109
2.0940621653935922,0.7872283572186616,2.5292342177023484,0.126766
2.0940621653935922,2.1053384025252573,0.7717541572935538,0.140654
2.240518837094325,-1.8489917333945312,-1.718009261618906,0.165532
2.240518837094325,-1.8489917333945312,1.6504941874979506,0.21592
2.240518837094325,-1.4096217182923318,-2.7432059635240362,0.144196
2.240518837094325,0.6407716855179286,2.3827775460016154,0.151931
2.240518837094325,1.9588817308245252,-2.1573792767211044,0.149714
2.240518837094325,2.984078432729655,-1.2786392465167071,0.138238
2.38697550879506,-1.1167083748908664,2.0898642026001495,0.201324
2.38697550879506,2.984078432729655,-0.2534425446115769,0.130341
2.533432180495791,-2.581275091898195,0.3323841421913549,0.239604
2.533432180495791,-2.2883617484967296,1.3575808440964847,0.230764
2.533432180495791,-2.1419050767959966,-0.5463558880130428,0.216029
2.533432180495791,0.20140167041572976,2.3827775460016154,0.195967
2.533432180495791,3.130535104430388,-0.6928125597137758,0.130635
2.679888852196524,-2.1419050767959966,1.5040375157972186,0.227356
2.679888852196524,-1.1167083748908664,-3.329032650326968,0.136056
2.679888852196524,-0.2379683446864691,2.3827775460016154,0.207378
2.679888852196524,1.0801417006201266,-2.4502926201225703,0.148905
2.679888852196524,1.2265983723208604,-2.303835948421838,0.149607
2.679888852196524,1.3730550440215934,1.5040375157972186,0.174836
2.679888852196524,3.130535104430388,-0.39989921631230896,0.12905
2.826345523897257,-2.581275091898195,0.3323841421913549,0.239648
2.826345523897257,-2.4348184201974625,-1.2786392465167071,0.173773
2.826345523897257,1.3730550440215934,-2.303835948421838,0.146296
2.826345523897257,1.5195117157223255,-2.303835948421838,0.144644
2.826345523897257,1.6659683874230593,-2.303835948421838,0.143206
2.826345523897257,1.8124250591237914,-2.303835948421838,0.141574
2.826345523897257,3.130535104430388,-1.2786392465167071,0.130136
2.97280219559799,-2.2883617484967296,-0.8392692314145078,0.191729
2.97280219559799,-1.5560783899930648,1.7969508591986836,0.212743
2.97280219559799,1.8124250591237914,-2.303835948421838,0.139496
2.97280219559799,2.398251745926724,-2.1573792767211044,0.134428
3.119258867298723,1.5195117157223255,-2.303835948421838,0.141183
3.119258867298723,3.130535104430388,-1.2786392465167071,0.127779
3.265715538999456,2.69116508932819,1.5040375157972186,0.146334
3.4121722107001906,-2.1419050767959966,-2.889662635224769,0.137008
3.4121722107001906,-1.1167083748908664,1.7969508591986836,0.203739
3.4121722107001906,1.3730550440215934,-2.303835948421838,0.140851
3.4121722107001906,2.984078432729655,-1.571552589918173,0.126277
3.4121722107001906,2.984078432729655,1.2111241723957527,0.140326
3.558628882400922,-2.2883617484967296,0.4788408138920879,0.226856
3.558628882400922,0.20140167041572976,1.9434075308994174,0.201694
3.7050855541016547,-0.9702517031901334,1.7969508591986836,0.190547
3.7050855541016547,0.3478583421164627,1.9434075308994174,0.190733
3.7050855541016547,2.398251745926724,1.6504941874979506,0.149441
3.7050855541016547,3.130535104430388,-1.2786392465167071,0.126459
3.8515422258023877,2.984078432729655,-1.571552589918173,0.127265
3.9979988975031207,-2.1419050767959966,-2.889662635224769,0.134762
3.9979988975031207,0.20140167041572976,-3.475489322027701,0.129041
3.9979988975031207,1.6659683874230593,1.6504941874979506,0.157045
4.144455569203854,-2.4348184201974625,-2.5967492918233033,0.139811
4.144455569203854,-2.4348184201974625,-0.8392692314145078,0.16878
4.144455569203854,0.49431501381719567,-3.329032650326968,0.13146
4.144455569203854,2.1053384025252573,-2.1573792767211044,0.133687
4.290912240904587,-2.4348184201974625,0.18592747049062197,0.17919
4.290912240904587,-2.2883617484967296,-0.6928125597137758,0.168473
4.290912240904587,-1.8489917333945312,1.5040375157972186,0.166757
4.290912240904587,-1.4096217182923318,1.7969508591986836,0.160154
4.290912240904587,0.49431501381719567,-3.329032650326968,0.133396
4.290912240904587,1.5195117157223255,1.5040375157972186,0.154338
4.290912240904587,3.130535104430388,0.03947079878988902,0.125864
4.437368912605318,-2.581275091898195,-1.42509591821744,0.154895
4.437368912605318,-2.2883617484967296,-0.39989921631230896,0.169652
4.437368912605318,-1.8489917333945312,-2.889662635224769,0.130227
4.437368912605318,0.9336850289193945,2.0898642026001495,0.160253
4.437368912605318,1.3730550440215934,-2.1573792767211044,0.144256
4.437368912605318,2.984078432729655,-1.571552589918173,0.1338
4.5838255843060525,-2.581275091898195,0.4788408138920879,0.169826
4.5838255843060525,0.6407716855179286,2.3827775460016154,0.158927
4.5838255843060525,1.2265983723208604,-2.1573792767211044,0.14678
4.730282256006785,-2.4348184201974625,-0.2534425446115769,0.164137
4.730282256006785,-2.1419050767959966,-0.9857259031152417,0.154808
4.730282256006785,-0.9702517031901334,2.2363208743008833,0.146704
4.730282256006785,-0.38442501638720117,2.5292342177023484,0.152721
4.730282256006785,1.0801417006201266,-2.303835948421838,0.146969
4.730282256006785,2.2517950742259902,-2.0109226050203715,0.141011
4.876738927707517,-2.581275091898195,0.03947079878988902,0.162661
4.876738927707517,-2.1419050767959966,-2.0109226050203715,0.137726
4.876738927707517,-2.1419050767959966,-0.6928125597137758,0.155947
4.876738927707517,-0.38442501638720117,-3.475489322027701,0.136734
4.876738927707517,0.9336850289193945,-2.5967492918233033,0.146022
4.876738927707517,1.9588817308245252,0.7717541572935538,0.135931
5.023195599408251,-2.581275091898195,0.03947079878988902,0.160088
5.023195599408251,-1.8489917333945312,-2.1573792767211044,0.132566
5.023195599408251,-1.8489917333945312,-1.2786392465167071,0.144804
5.023195599408251,-0.9702517031901334,2.2363208743008833,0.141539
5.023195599408251,2.398251745926724,0.3323841421913549,0.130307
5.023195599408251,2.544708417627456,-1.718009261618906,0.143555
5.169652271108984,-1.5560783899930648,-2.303835948421838,0.130781
5.169652271108984,-1.4096217182923318,-2.5967492918233033,0.130549
5.169652271108984,-0.38442501638720117,-3.329032650326968,0.140298
5.3161089428097155,-2.581275091898195,0.18592747049062197,0.154778
5.3161089428097155,-1.4096217182923318,-1.8644659333196385,0.134992
5.3161089428097155,0.7872283572186616,2.2363208743008833,0.146995
5.3161089428097155,0.9336850289193945,2.0898642026001495,0.145975
5.3161089428097155,1.8124250591237914,0.18592747049062197,0.138957
5.462565614510448,-2.4348184201974625,-0.10698587291084394,0.150615
5.462565614510448,-2.1419050767959966,1.3575808440964847,0.144284
5.462565614510448,-1.7025350616937978,1.6504941874979506,0.137788
5.462565614510448,-1.1167083748908664,-2.4502926201225703,0.135532
5.462565614510448,1.2265983723208604,1.3575808440964847,0.136966
5.462565614510448,1.9588817308245252,-0.10698587291084394,0.14089
5.462565614510448,2.2517950742259902,-0.2534425446115769,0.140432
5.462565614510448,2.544708417627456,-0.8392692314145078,0.144639
5.609022286211183,-1.5560783899930648,1.6504941874979506,0.135163
5.609022286211183,-0.9702517031901334,-1.2786392465167071,0.142159
5.609022286211183,-0.8237950314894005,-1.718009261618906,0.142311
5.609022286211183,0.3478583421164627,-2.303835948421838,0.152426
5.609022286211183,1.0801417006201266,-0.9857259031152417,0.155812
5.609022286211183,1.2265983723208604,1.0646675006950188,0.133716
5.609022286211183,1.3730550440215934,-0.8392692314145078,0.153313
5.609022286211183,1.9588817308245252,-0.5463558880130428,0.146554
5.609022286211183,2.1053384025252573,-0.6928125597137758,0.146955
5.755478957911916,-0.38442501638720117,-2.303835948421838,0.147016
5.755478957911916,-0.38442501638720117,-2.0109226050203715,0.14724
5.755478957911916,-0.2379683446864691,-2.0109226050203715,0.149254
5.755478957911916,-0.09151167298573615,-2.1573792767211044,0.15014
5.755478957911916,1.2265983723208604,-0.6928125597137758,0.152429
5.755478957911916,1.2265983723208604,0.7717541572935538,0.133279
5.755478957911916,1.3730550440215934,-0.10698587291084394,0.144687
5.901935629612647,-1.1167083748908664,-0.9857259031152417,0.136585
6.048392301313382,-0.09151167298573615,1.9434075308994174,0.132972
6.048392301313382,0.6407716855179286,-1.1321825748159737,0.154315
6.048392301313382,1.0801417006201266,-0.6928125597137758,0.151767
6.048392301313382,1.0801417006201266,0.7717541572935538,0.131309
6.048392301313382,1.2265983723208604,0.3323841421913549,0.137087
6.194848973014115,-0.9702517031901334,1.3575808440964847,0.131166
6.194848973014115,0.20140167041572976,1.6504941874979506,0.130034
6.341305644714846,-0.38442501638720117,-1.1321825748159737,0.144651
6.487762316415579,-1.2631650465915993,0.03947079878988902,0.128716
6.487762316415579,0.6407716855179286,-0.8392692314145078,0.15175
6.487762316415579,0.7872283572186616,-0.6928125597137758,0.150789
6.780675659817045,0.49431501381719567,-0.5463558880130428,0.148261
