-8.533221142758443,4.096915347164599,-0.621023321281382,0.0902763
-8.533221142758443,4.287364636900144,-0.621023321281382,0.0891447
-8.152322563287353,4.858712506106781,-1.001921900752472,0.0847449
-8.152322563287353,5.049161795842326,0.7121217068674346,0.0900094
-8.152322563287353,5.239611085577871,-0.2401247418102912,0.0839121
-7.961873273551808,3.5255674779579644,-1.192371190488017,0.0957043
-7.961873273551808,3.7160167676935094,1.8548174452807054,0.0909766
-7.961873273551808,5.049161795842326,1.6643681555451604,0.0853573
-7.580974694080718,-1.2356647654306636,0.14077383766079876,0.0744579
-7.580974694080718,3.5255674779579644,-1.382820480223562,0.0952584
-7.580974694080718,6.191857534255596,0.14077383766079876,0.0859735
-7.390525404345173,-0.8547661859595737,-0.2401247418102912,0.0747413
-7.390525404345173,2.5733210292802378,-0.2401247418102912,0.101127
-7.390525404345173,2.7637703190157827,0.33122312739634374,0.0978032
-7.390525404345173,3.5255674779579644,2.2357160247517953,0.0964084
-7.390525404345173,4.477813926635689,-1.5732697699591074,0.0834807
-7.390525404345173,6.382306823991141,0.5216724171318896,0.0876093
-7.200076114609628,-2.94970837305057,0.7121217068674346,0.0803906
-7.200076114609628,2.001973160073603,0.33122312739634374,0.0996282
-7.200076114609628,3.9064660574290544,-1.5732697699591074,0.0885542
-7.009626824874082,-2.3783605038439353,1.2834695760740695,0.0711818
-7.009626824874082,-0.09296902701739285,-0.621023321281382,0.0869912
-7.009626824874082,1.8115238703380578,-1.192371190488017,0.11043
-6.819177535138537,-0.8547661859595737,-1.382820480223562,0.0803295
-6.819177535138537,-0.09296902701739285,0.5216724171318896,0.0789945
-6.819177535138537,1.6210745806025146,1.2834695760740695,0.100716
-6.819177535138537,2.9542196087513277,-1.192371190488017,0.102336
-6.628728245402992,-4.473302690934931,0.5216724171318896,0.0851488
-6.628728245402992,-3.7115055319927506,0.7121217068674346,0.0801608
-6.628728245402992,0.2879295524536971,-0.811472611016927,0.099151
-6.628728245402992,1.049726711395878,0.14077383766079876,0.101206
-6.628728245402992,1.4306252908669679,1.4739188658096154,0.102724
-6.628728245402992,2.7637703190157827,-1.382820480223562,0.103029
-6.628728245402992,4.858712506106781,2.4261653144873403,0.0849303
-6.438278955667446,-4.282853401199386,1.0930202863385245,0.0762732
-6.438278955667446,0.8592774216603329,-0.621023321281382,0.108402
-6.438278955667446,3.1446688984868727,2.0452667350162503,0.102789
-6.438278955667446,3.5255674779579644,2.2357160247517953,0.0984108
-6.438278955667446,5.810958954784506,1.6643681555451604,0.075685
-6.438278955667446,6.763205403462233,0.33122312739634374,0.0924775
-6.247829665931901,-1.8070126346372994,-1.5732697699591074,0.0797454
-6.247829665931901,0.09748026271815213,-1.382820480223562,0.102348
-6.247829665931901,0.2879295524536971,-1.192371190488017,0.104729
-6.247829665931901,0.6688281319247871,-0.621023321281382,0.106478
-6.247829665931901,1.8115238703380578,2.2357160247517953,0.110006
-6.247829665931901,3.7160167676935094,2.2357160247517953,0.0957585
-6.247829665931901,4.096915347164599,-1.382820480223562,0.0677322
-6.247829665931901,6.572756113726688,0.9025709966029796,0.0879765
-6.057380376196356,-5.235099849877112,0.14077383766079876,0.0842446
-6.057380376196356,-3.5210562422572056,-0.811472611016927,0.0884317
-6.057380376196356,-2.5688097935794802,-1.382820480223562,0.0843175
-6.057380376196356,-0.6643168962240287,2.2357160247517953,0.0954837
-6.057380376196356,3.7160167676935094,-1.382820480223562,0.0664994
-6.057380376196356,4.477813926635689,2.2357160247517953,0.0836195
-6.057380376196356,5.620509665048961,1.6643681555451604,0.0739963
-5.866931086460811,-4.663751980670476,-0.811472611016927,0.0860258
-5.866931086460811,-0.8547661859595737,-1.7637190596946524,0.0923235
-5.676481796725266,-4.282853401199386,-1.001921900752472,0.084465
-5.676481796725266,5.810958954784506,1.2834695760740695,0.0740473
-5.486032506989721,-5.425549139612657,0.5216724171318896,0.0749723
-5.486032506989721,-4.854201270406022,-0.811472611016927,0.0810662
-5.486032506989721,-3.7115055319927506,2.616614604222886,0.0865007
-5.486032506989721,-2.94970837305057,-1.5732697699591074,0.0895911
-5.486032506989721,2.001973160073603,2.4261653144873403,0.111115
-5.486032506989721,2.5733210292802378,-1.5732697699591074,0.0994257
-5.486032506989721,4.096915347164599,1.8548174452807054,0.0710313
-5.486032506989721,4.668263216371234,-1.382820480223562,0.0344588
-5.295583217254176,-4.092404111463841,2.616614604222886,0.0849322
-5.295583217254176,-2.5688097935794802,-1.9541683494301973,0.0940348
-5.295583217254176,-1.6165633449017545,2.2357160247517953,0.0942031
-5.105133927518631,4.668263216371234,1.6643681555451604,0.0485638
-5.105133927518631,5.620509665048961,0.14077383766079876,0.0575182
-4.914684637783086,-4.854201270406022,-0.811472611016927,0.0742981
-4.72423534804754,-1.4261140551662095,2.0452667350162503,0.097783
-4.533786058311995,-5.044650560141567,-0.621023321281382,0.0716595
-4.533786058311995,-1.0452154756951186,2.0452667350162503,0.0981682
-4.533786058311995,-0.6643168962240287,-2.906414798107923,0.11376
-4.533786058311995,1.6210745806025146,-1.5732697699591074,0.1258
-4.34333676857645,-3.901954821728296,2.807063893958431,0.092778
-4.34333676857645,-2.7592590833150252,2.616614604222886,0.0991364
-4.34333676857645,-1.0452154756951186,2.2357160247517953,0.10196
-4.34333676857645,1.240176001131423,-1.5732697699591074,0.123213
-4.34333676857645,2.7637703190157827,1.6643681555451604,0.111795
-4.34333676857645,3.3351181882224195,1.4739188658096154,0.0850183
-4.34333676857645,4.287364636900144,-1.192371190488017,0.00930458
-4.34333676857645,4.668263216371234,-1.001921900752472,0.00779533
-4.34333676857645,5.239611085577871,0.33122312739634374,0.0208586
-4.152887478840905,-5.044650560141567,1.6643681555451604,0.0727121
-4.152887478840905,5.049161795842326,0.5216724171318896,0.0171902
-3.9624381891053595,-4.854201270406022,1.8548174452807054,0.0741008
-3.9624381891053595,-2.7592590833150252,-2.3350669289012878,0.108804
-3.9624381891053595,-1.8070126346372994,-2.5255162186368327,0.113185
-3.9624381891053595,-1.4261140551662095,2.616614604222886,0.109376
-3.9624381891053595,-0.09296902701739285,1.8548174452807054,0.0880094
-3.9624381891053595,1.8115238703380578,1.6643681555451604,0.121245
-3.9624381891053595,2.382871739544693,-1.9541683494301973,0.0735087
-3.9624381891053595,2.5733210292802378,-1.9541683494301973,0.0659836
-3.7719888993698145,-5.044650560141567,-0.621023321281382,0.079467
-3.7719888993698145,-4.092404111463841,2.4261653144873403,0.0870776
-3.7719888993698145,-2.7592590833150252,-2.3350669289012878,0.109783
-3.7719888993698145,-2.3783605038439353,-2.715965508372378,0.113793
-3.7719888993698145,-2.3783605038439353,2.4261653144873403,0.105619
-3.7719888993698145,-0.4738676064884837,2.2357160247517953,0.105464
-3.7719888993698145,1.240176001131423,1.8548174452807054,0.0974718
-3.7719888993698145,4.096915347164599,-1.001921900752472,0.00611426
-3.5815396096342695,-2.3783605038439353,-3.2873133775790135,0.114748
-3.5815396096342695,-0.09296902701739285,-3.2873133775790135,0.103955
-3.5815396096342695,0.8592774216603329,-2.906414798107923,0.0987579
-3.3910903198987246,-4.473302690934931,-0.811472611016927,0.0831923
-3.3910903198987246,-3.7115055319927506,-1.001921900752472,0.0858824
-3.3910903198987246,-2.94970837305057,-2.715965508372378,0.111697
-3.3910903198987246,-1.4261140551662095,-3.4777626673145585,0.110004
-3.3910903198987246,1.049726711395878,-2.906414798107923,0.0998465
-3.3910903198987246,2.382871739544693,-2.1446176391657428,0.0625013
-3.2006410301631796,-2.7592590833150252,-3.4777626673145585,0.113982
-3.2006410301631796,1.240176001131423,-2.906414798107923,0.101682
-3.2006410301631796,1.4306252908669679,-2.715965508372378,0.10101
-3.2006410301631796,1.6210745806025146,1.6643681555451604,0.127332
-3.2006410301631796,3.9064660574290544,0.5216724171318896,0.0349989
-3.0101917404276337,-5.235099849877112,0.7121217068674346,0.087402
-3.0101917404276337,-4.663751980670476,1.4739188658096154,0.0823496
-3.0101917404276337,-3.7115055319927506,2.4261653144873403,0.103078
-3.0101917404276337,-3.140157662786115,-1.7637190596946524,0.0984694
-3.0101917404276337,-3.140157662786115,2.616614604222886,0.112659
-3.0101917404276337,1.8115238703380578,1.6643681555451604,0.133383
-3.0101917404276337,3.7160167676935094,0.7121217068674346,0.0481725
-3.0101917404276337,4.096915347164599,-1.192371190488017,0.017305
-2.8197424506920887,-4.282853401199386,1.8548174452807054,0.087132
-2.8197424506920887,-1.4261140551662095,-3.858661246785649,0.104967
-2.8197424506920887,-1.0452154756951186,-3.6682119570501035,0.105917
-2.8197424506920887,-0.6643168962240287,2.4261653144873403,0.118609
-2.8197424506920887,2.001973160073603,1.6643681555451604,0.134656
-2.6292931609565438,-4.473302690934931,-0.2401247418102912,0.084709
-2.6292931609565438,-3.901954821728296,-0.811472611016927,0.0786113
-2.6292931609565438,-1.6165633449017545,2.616614604222886,0.117193
-2.6292931609565438,2.382871739544693,1.2834695760740695,0.119313
-2.6292931609565438,3.5255674779579644,-1.7637190596946524,0.0360953
-2.4388438712209988,-4.092404111463841,2.807063893958431,0.107592
-2.4388438712209988,-3.5210562422572056,-1.7637190596946524,0.0884116
-2.248394581485454,-4.092404111463841,-0.621023321281382,0.076825
-2.248394581485454,-3.7115055319927506,3.187962473429521,0.115837
-2.248394581485454,3.7160167676935094,0.33122312739634374,0.0533476
-2.057945291749909,0.2879295524536971,-3.2873133775790135,0.113516
-2.057945291749909,1.4306252908669679,-2.906414798107923,0.118605
-2.057945291749909,2.001973160073603,-1.9541683494301973,0.0999821
-1.867496002014363,-4.663751980670476,0.14077383766079876,0.0735309
-1.867496002014363,3.5255674779579644,-1.001921900752472,0.0568337
-1.677046712278818,-4.854201270406022,1.8548174452807054,0.0852797
-1.677046712278818,-3.140157662786115,-2.906414798107923,0.101595
-1.677046712278818,0.4783788421892421,-3.0968640878434686,0.119181
-1.677046712278818,2.9542196087513277,0.33122312739634374,0.0936546
-1.486597422543273,-4.092404111463841,-1.9541683494301973,0.075629
-1.486597422543273,-2.3783605038439353,-3.6682119570501035,0.101506
-1.486597422543273,-1.9974619243728444,-3.858661246785649,0.100586
-1.486597422543273,3.1446688984868727,-0.621023321281382,0.0904652
-1.296148132807728,-5.235099849877112,1.4739188658096154,0.0779273
-1.296148132807728,-2.3783605038439353,2.997513183693976,0.108233
-1.296148132807728,-1.2356647654306636,2.2357160247517953,0.126054
-1.296148132807728,0.09748026271815213,-3.2873133775790135,0.120202
-1.1056988430721812,-5.425549139612657,0.9025709966029796,0.0720575
-1.1056988430721812,-5.235099849877112,0.14077383766079876,0.0699389
-1.1056988430721812,-3.5210562422572056,-2.715965508372378,0.0916929
-1.1056988430721812,-3.140157662786115,3.187962473429521,0.109623
-1.1056988430721812,-1.8070126346372994,-3.858661246785649,0.104887
-1.1056988430721812,-1.8070126346372994,2.4261653144873403,0.107591
-1.1056988430721812,0.8592774216603329,2.4261653144873403,0.143774
-0.915249553336638,0.2879295524536971,-2.5255162186368327,0.131731
-0.915249553336638,0.4783788421892421,2.4261653144873403,0.145128
-0.915249553336638,2.382871739544693,1.2834695760740695,0.192377
-0.915249553336638,2.5733210292802378,0.5216724171318896,0.171917
-0.915249553336638,2.7637703190157827,0.14077383766079876,0.154732
-0.7248002636010931,0.2879295524536971,-2.3350669289012878,0.136857
-0.5343509738655481,-2.3783605038439353,2.616614604222886,0.0979519
-0.5343509738655481,-1.9974619243728444,-3.4777626673145585,0.113443
-0.5343509738655481,0.09748026271815213,-2.5255162186368327,0.13599
-0.3439016841300031,-5.615998429348203,1.8548174452807054,0.0932701
-0.3439016841300031,-5.235099849877112,-0.811472611016927,0.0811784
-0.3439016841300031,-3.901954821728296,2.807063893958431,0.107701
-0.3439016841300031,-0.8547661859595737,-3.6682119570501035,0.122675
-0.3439016841300031,-0.4738676064884837,-3.4777626673145585,0.126391
-0.3439016841300031,0.09748026271815213,2.807063893958431,0.158369
-0.3439016841300031,2.9542196087513277,0.5216724171318896,0.19506
-0.15345239439445812,-4.663751980670476,-1.9541683494301973,0.0798873
-0.15345239439445812,-1.9974619243728444,2.0452667350162503,0.0981997
-0.15345239439445812,-1.6165633449017545,1.4739188658096154,0.109679
-0.15345239439445812,0.8592774216603329,-2.1446176391657428,0.141657
0.036996895341086855,-3.7115055319927506,2.807063893958431,0.103476
0.036996895341086855,-1.0452154756951186,2.0452667350162503,0.136935
0.036996895341086855,-0.2834183167529378,-2.1446176391657428,0.145745
0.036996895341086855,1.6210745806025146,-1.9541683494301973,0.146316
0.036996895341086855,3.1446688984868727,0.5216724171318896,0.198871
0.22744618507663183,-4.282853401199386,-2.5255162186368327,0.0882421
0.22744618507663183,-3.5210562422572056,-3.2873133775790135,0.108112
0.22744618507663183,-1.4261140551662095,-2.5255162186368327,0.12302
0.22744618507663183,1.240176001131423,-1.9541683494301973,0.146456
0.4178954748121768,-1.9974619243728444,0.9025709966029796,0.104368
0.4178954748121768,-1.2356647654306636,-1.7637190596946524,0.118703
0.4178954748121768,-1.2356647654306636,1.8548174452807054,0.129967
0.6083447645477236,-3.140157662786115,2.4261653144873403,0.0922716
0.6083447645477236,-1.6165633449017545,0.33122312739634374,0.124695
0.6083447645477236,-1.4261140551662095,-1.9541683494301973,0.114255
0.6083447645477236,-1.2356647654306636,-1.382820480223562,0.116285
0.6083447645477236,3.7160167676935094,-1.001921900752472,0.151668
0.7987940542832686,-5.615998429348203,-1.192371190488017,0.0547118
0.7987940542832686,-3.7115055319927506,2.616614604222886,0.100398
0.7987940542832686,-0.8547661859595737,-0.621023321281382,0.143192
0.7987940542832686,0.09748026271815213,3.378411763165068,0.148822
0.7987940542832686,0.2879295524536971,3.378411763165068,0.148737
0.7987940542832686,2.382871739544693,-2.3350669289012878,0.150527
0.7987940542832686,4.477813926635689,0.33122312739634374,0.146054
0.9892433440188135,-5.425549139612657,-1.5732697699591074,0.0520404
0.9892433440188135,-5.425549139612657,1.8548174452807054,0.105182
0.9892433440188135,-1.9974619243728444,-2.715965508372378,0.119421
0.9892433440188135,-1.6165633449017545,-0.43057403154583707,0.113324
0.9892433440188135,-0.09296902701739285,-1.382820480223562,0.15482
0.9892433440188135,0.8592774216603329,3.187962473429521,0.147066
0.9892433440188135,3.7160167676935094,-1.5732697699591074,0.151268
1.1796926337543585,-2.1879112141083903,0.33122312739634374,0.107714
1.1796926337543585,-1.9974619243728444,-0.04967545207474622,0.109239
1.1796926337543585,-0.6643168962240287,-0.621023321281382,0.150719
1.1796926337543585,-0.6643168962240287,2.997513183693976,0.140849
1.1796926337543585,3.5255674779579644,1.6643681555451604,0.157687
1.1796926337543585,4.477813926635689,-0.43057403154583707,0.141344
1.3701419234899035,-5.044650560141567,1.0930202863385245,0.0844986
1.3701419234899035,-2.94970837305057,1.2834695760740695,0.0924201
1.3701419234899035,-2.5688097935794802,0.7121217068674346,0.100214
1.3701419234899035,-2.1879112141083903,-2.3350669289012878,0.111013
1.3701419234899035,-1.9974619243728444,-0.811472611016927,0.100201
1.3701419234899035,3.7160167676935094,-1.5732697699591074,0.150678
1.3701419234899035,4.096915347164599,-0.811472611016927,0.144355
1.5605912132254485,-4.282853401199386,1.4739188658096154,0.0938521
1.5605912132254485,-4.092404111463841,1.4739188658096154,0.093642
1.5605912132254485,-2.3783605038439353,-0.43057403154583707,0.100554
1.5605912132254485,-1.0452154756951186,2.2357160247517953,0.138668
1.5605912132254485,2.382871739544693,-2.3350669289012878,0.144855
1.7510405029609935,-4.282853401199386,1.0930202863385245,0.0811572
1.7510405029609935,-0.4738676064884837,2.807063893958431,0.136162
1.7510405029609935,1.240176001131423,2.807063893958431,0.140487
1.7510405029609935,2.001973160073603,2.2357160247517953,0.16493
1.7510405029609935,4.477813926635689,1.6643681555451604,0.13129
1.9414897926965384,-5.615998429348203,-1.382820480223562,0.0397876
1.9414897926965384,-0.2834183167529378,2.807063893958431,0.13388
1.9414897926965384,0.2879295524536971,2.997513183693976,0.130845
2.131939082432085,-1.4261140551662095,0.7121217068674346,0.133531
2.131939082432085,-1.0452154756951186,-0.04967545207474622,0.136227
2.131939082432085,0.09748026271815213,-1.001921900752472,0.148665
2.131939082432085,1.4306252908669679,2.616614604222886,0.141665
2.131939082432085,3.7160167676935094,-1.382820480223562,0.148707
2.32238837216763,-1.2356647654306636,0.9025709966029796,0.129844
2.32238837216763,5.049161795842326,1.0930202863385245,0.131299
2.512837661903175,0.09748026271815213,-0.621023321281382,0.136644
2.70328695163872,-3.5210562422572056,-0.04967545207474622,0.0570148
2.70328695163872,-0.6643168962240287,1.6643681555451604,0.125629
2.70328695163872,0.2879295524536971,-1.192371190488017,0.139458
2.893736241374265,-3.7115055319927506,-0.621023321281382,0.0498199
2.893736241374265,1.049726711395878,-1.7637190596946524,0.141582
2.893736241374265,2.7637703190157827,-1.9541683494301973,0.143608
2.893736241374265,3.9064660574290544,2.0452667350162503,0.12579
2.893736241374265,4.287364636900144,-1.9541683494301973,0.135516
3.08418553110981,2.382871739544693,-1.7637190596946524,0.142881
3.274634820845355,2.001973160073603,-1.5732697699591074,0.140589
3.274634820845355,2.5733210292802378,2.4261653144873403,0.128684
3.274634820845355,4.096915347164599,-2.3350669289012878,0.136947
3.274634820845355,4.477813926635689,1.2834695760740695,0.130059
3.274634820845355,5.049161795842326,0.5216724171318896,0.13012
3.4650841105809,-0.09296902701739285,1.6643681555451604,0.0908655
3.845982690051992,-1.2356647654306636,1.4739188658096154,0.104745
3.845982690051992,0.2879295524536971,-1.001921900752472,0.0809955
3.845982690051992,0.6688281319247871,-1.192371190488017,0.0916193
3.845982690051992,1.049726711395878,2.2357160247517953,0.0666481
3.845982690051992,2.001973160073603,2.0452667350162503,0.0836865
4.036431979787537,-1.4261140551662095,0.5216724171318896,0.087114
4.036431979787537,-1.2356647654306636,2.0452667350162503,0.106671
4.036431979787537,-0.09296902701739285,-0.811472611016927,0.0731105
4.036431979787537,5.430060375313416,-0.04967545207474622,0.126895
4.226881269523082,5.049161795842326,-1.001921900752472,0.120314
4.417330559258627,-1.2356647654306636,-0.2401247418102912,0.0709397
4.417330559258627,-0.6643168962240287,-0.621023321281382,0.0701443
4.417330559258627,-0.4738676064884837,2.0452667350162503,0.0866917
4.417330559258627,5.430060375313416,-0.04967545207474622,0.128619
4.607779848994172,2.382871739544693,-1.9541683494301973,0.118753
4.607779848994172,4.668263216371234,-1.382820480223562,0.12502
4.798229138729717,0.8592774216603329,-1.382820480223562,0.0971249
4.798229138729717,0.8592774216603329,2.2357160247517953,0.0568641
4.798229138729717,2.9542196087513277,1.4739188658096154,0.105769
4.988678428465262,-2.5688097935794802,2.0452667350162503,0.0989097
4.988678428465262,1.8115238703380578,2.0452667350162503,0.0629754
4.988678428465262,5.049161795842326,0.7121217068674346,0.132136
5.179127718200807,-0.4738676064884837,-1.192371190488017,0.0670851
5.179127718200807,3.9064660574290544,-1.382820480223562,0.14762
5.369577007936352,-2.3783605038439353,-0.2401247418102912,0.05687
5.369577007936352,1.8115238703380578,1.8548174452807054,0.0690923
5.369577007936352,2.192422449809148,1.6643681555451604,0.0794556
5.560026297671897,-2.3783605038439353,2.2357160247517953,0.0893554
5.560026297671897,-1.8070126346372994,2.616614604222886,0.0815441
5.560026297671897,2.382871739544693,-2.3350669289012878,0.104018
5.560026297671897,3.5255674779579644,-1.7637190596946524,0.157073
5.750475587407442,-0.6643168962240287,-1.192371190488017,0.0630357
5.750475587407442,0.4783788421892421,2.2357160247517953,0.0611579
5.750475587407442,3.1446688984868727,-2.1446176391657428,0.14274
5.940924877142987,-2.5688097935794802,-0.43057403154583707,0.0524407
6.1313741668785315,-2.94970837305057,-0.04967545207474622,0.0601736
6.1313741668785315,2.7637703190157827,1.0930202863385245,0.0881304
6.321823456614078,0.6688281319247871,2.0452667350162503,0.0591627
6.321823456614078,3.5255674779579644,0.5216724171318896,0.100344
6.5122727463496215,-2.7592590833150252,2.0452667350162503,0.0838482
6.5122727463496215,-1.0452154756951186,-1.192371190488017,0.0580311
6.5122727463496215,-0.2834183167529378,2.4261653144873403,0.0522728
6.5122727463496215,1.240176001131423,-2.1446176391657428,0.0872887
6.5122727463496215,3.7160167676935094,0.14077383766079876,0.11417
6.702722036085168,-2.94970837305057,-0.43057403154583707,0.0572406
6.702722036085168,2.192422449809148,1.0930202863385245,0.0799221
6.702722036085168,3.5255674779579644,0.33122312739634374,0.101581
6.702722036085168,3.9064660574290544,-0.43057403154583707,0.146231
6.8931713258207115,-3.3306069525216606,1.8548174452807054,0.0905986
6.8931713258207115,-1.9974619243728444,-1.192371190488017,0.047981
6.8931713258207115,-0.6643168962240287,-1.7637190596946524,0.0535364
6.8931713258207115,0.8592774216603329,-2.1446176391657428,0.0804473
7.083620615556258,-3.3306069525216606,-0.04967545207474622,0.0691221
7.274069905291801,-3.7115055319927506,0.7121217068674346,0.0876479
7.274069905291801,-3.3306069525216606,-0.04967545207474622,0.0706696
7.274069905291801,3.5255674779579644,-0.43057403154583707,0.139579
7.464519195027348,-3.5210562422572056,1.6643681555451604,0.0932415
7.464519195027348,2.192422449809148,0.7121217068674346,0.07868
7.654968484762891,2.192422449809148,-1.382820480223562,0.138624
7.654968484762891,2.192422449809148,0.5216724171318896,0.0818914
7.654968484762891,2.5733210292802378,-1.192371190488017,0.148924
7.654968484762891,2.5733210292802378,-0.04967545207474622,0.104138
7.654968484762891,2.7637703190157827,-0.43057403154583707,0.12394
7.845417774498442,-2.94970837305057,-0.2401247418102912,0.070411
7.845417774498442,-1.4261140551662095,-1.7637190596946524,0.0521783
7.845417774498442,-0.4738676064884837,-2.1446176391657428,0.0570199
7.845417774498442,1.4306252908669679,1.0930202863385245,0.0604266
7.845417774498442,2.192422449809148,-1.192371190488017,0.131795
8.035867064233985,-2.5688097935794802,2.0452667350162503,0.0742041
8.035867064233985,-1.8070126346372994,-1.5732697699591074,0.055299
8.226316353969528,-0.8547661859595737,-1.9541683494301973,0.0575182
8.226316353969528,0.2879295524536971,-2.3350669289012878,0.0735794
8.226316353969528,0.6688281319247871,1.2834695760740695,0.050481
8.226316353969528,1.049726711395878,-2.3350669289012878,0.091065
8.416765643705075,-2.7592590833150252,1.4739188658096154,0.0811053
8.416765643705075,-2.5688097935794802,-0.621023321281382,0.0714276
8.416765643705075,-1.6165633449017545,1.8548174452807054,0.0575863
8.416765643705075,2.192422449809148,-1.192371190488017,0.115644
8.607214933440618,-2.3783605038439353,-1.001921900752472,0.0695049
8.607214933440618,-1.6165633449017545,1.6643681555451604,0.0598032
8.607214933440618,2.192422449809148,-0.811472611016927,0.106626
8.797664223176165,-1.6165633449017545,1.4739188658096154,0.0626824
8.988113512911708,-1.0452154756951186,1.4739188658096154,0.0560482
9.178562802647255,0.8592774216603329,-2.1446176391657428,0.0989286
9.178562802647255,1.240176001131423,0.33122312739634374,0.0672191
9.369012092382798,-1.9974619243728444,-1.192371190488017,0.0818668
9.369012092382798,-1.6165633449017545,-1.382820480223562,0.0798956
9.369012092382798,0.4783788421892421,0.5216724171318896,0.0604713
9.559461382118345,-2.3783605038439353,-0.43057403154583707,0.0895577
9.559461382118345,-1.8070126346372994,-1.192371190488017,0.0851504
9.559461382118345,-0.09296902701739285,-1.001921900752472,0.0903368
9.559461382118345,0.6688281319247871,-1.7637190596946524,0.099053
9.559461382118345,1.4306252908669679,-1.5732697699591074,0.107314
9.559461382118345,1.4306252908669679,-0.43057403154583707,0.0884645
9.749910671853888,0.4783788421892421,-0.811472611016927,0.0907709
9.749910671853888,1.049726711395878,-1.382820480223562,0.102318
9.749910671853888,1.049726711395878,-0.621023321281382,0.0905644
9.749910671853888,1.240176001131423,-0.811472611016927,0.0957377
9.940359961589435,-0.4738676064884837,-0.2401247418102912,0.0831536
