-7.270491079832068,1.2837034724001386,0.47174084328832677,0.180505
-7.270491079832068,1.8628498261254913,0.616527431719665,0.184711
-7.12570449140073,-0.1641624119132432,0.616527431719665,0.192271
-7.12570449140073,0.9941302955374622,1.0508871970136786,0.180458
-7.12570449140073,1.1389168839688004,-0.10740551043702684,0.181964
-7.12570449140073,1.8628498261254913,1.0508871970136786,0.181912
-6.9809179029693915,0.4149839418121104,1.340460373876355,0.184011
-6.9809179029693915,1.7180632376941531,1.340460373876355,0.179827
-6.9809179029693915,2.0076364145568295,-0.3969786872997023,0.193327
-6.836131314538053,0.9941302955374622,1.6300335507390313,0.182844
-6.836131314538053,1.1389168839688004,1.6300335507390313,0.182306
-6.836131314538053,1.2837034724001386,1.6300335507390313,0.181364
-6.836131314538053,1.8628498261254913,1.4852469623076932,0.179514
-6.691344726106715,-0.743308765638595,0.18216766642564952,0.210558
-6.691344726106715,0.5597705302434486,-0.5417652757310405,0.187984
-6.546558137675378,0.4149839418121104,1.9196067276017077,0.185396
-6.546558137675378,2.1524230029881677,1.6300335507390313,0.179363
-6.401771549244039,1.1389168839688004,2.3539664928957222,0.185684
-6.401771549244039,2.0076364145568295,1.9196067276017077,0.179878
-6.401771549244039,2.1524230029881677,1.7748201391703695,0.179461
-6.256984960812701,-0.5985221772072569,-0.3969786872997023,0.216094
-6.112198372381362,0.4149839418121104,-0.8313384525937169,0.201848
-6.112198372381362,0.9941302955374622,2.6435396697583977,0.191893
-6.112198372381362,1.7180632376941531,2.4987530813270595,0.188736
-6.112198372381362,2.1524230029881677,-0.8313384525937169,0.201497
-5.967411783950025,-0.8880953540699332,1.340460373876355,0.214703
-5.967411783950025,0.9941302955374622,-0.976125041025055,0.203158
-5.967411783950025,2.441996179850843,-0.6865518641623787,0.203851
-5.967411783950025,3.021142533576196,0.47174084328832677,0.196885
-5.822625195518686,-0.01937582348190503,2.209179904464384,0.194763
-5.822625195518686,0.12541076494943404,2.3539664928957222,0.19467
-5.822625195518686,2.0076364145568295,2.4987530813270595,0.191558
-5.822625195518686,2.441996179850843,-0.6865518641623787,0.205046
-5.822625195518686,2.5867827682821813,1.6300335507390313,0.183607
-5.677838607087349,-1.4672417077952855,0.3269542548569886,0.245346
-5.677838607087349,-0.3089490003445814,-0.6865518641623787,0.222128
-5.677838607087349,1.8628498261254913,-0.976125041025055,0.207585
-5.677838607087349,2.5867827682821813,-0.5417652757310405,0.206456
-5.677838607087349,2.8763559451448577,1.0508871970136786,0.190711
-5.53305201865601,-1.7568148846579619,-0.10740551043702684,0.247279
-5.53305201865601,-1.1776685309326096,-0.252192098868365,0.245654
-5.53305201865601,-1.1776685309326096,1.0508871970136786,0.23751
-5.53305201865601,1.1389168839688004,2.933112846621074,0.203698
-5.388265430224672,2.0076364145568295,2.6435396697583977,0.200469
-5.388265430224672,2.441996179850843,2.064393316033046,0.192295
-5.243478841793334,-0.8880953540699332,-0.5417652757310405,0.245087
-5.243478841793334,0.12541076494943404,2.4987530813270595,0.207539
-5.243478841793334,1.4284900608314768,2.933112846621074,0.208189
-5.243478841793334,2.441996179850843,2.064393316033046,0.195086
-5.243478841793334,2.8763559451448577,0.3269542548569886,0.205906
-5.098692253361996,-0.743308765638595,1.4852469623076932,0.232187
-5.098692253361996,-0.4537355887759196,1.7748201391703695,0.220697
-5.098692253361996,0.12541076494943404,-1.5552713947504073,0.227059
-4.953905664930658,-2.480747826814653,-0.252192098868365,0.251289
-4.953905664930658,-0.3089490003445814,-0.976125041025055,0.236449
-4.953905664930658,2.0076364145568295,-1.4104848063190691,0.216774
-4.953905664930658,2.5867827682821813,-0.5417652757310405,0.217379
-4.953905664930658,2.5867827682821813,1.4852469623076932,0.201158
-4.953905664930658,2.7315693567135195,-0.252192098868365,0.216141
-4.80911907649932,0.12541076494943404,-1.8448445716130837,0.22973
-4.80911907649932,0.7045571186747859,2.788326258189736,0.219067
-4.80911907649932,2.0076364145568295,-1.5552713947504073,0.217737
-4.80911907649932,2.5867827682821813,-0.6865518641623787,0.218657
-4.6643324880679815,-2.0463880615206382,-1.4104848063190691,0.274885
-4.6643324880679815,-1.9016014730893,-1.5552713947504073,0.266933
-4.6643324880679815,-1.4672417077952855,-1.5552713947504073,0.242066
-4.6643324880679815,-1.1776685309326096,-1.4104848063190691,0.233784
-4.6643324880679815,2.5867827682821813,1.1956737854450168,0.212591
-4.519545899636644,-2.7703210036773287,0.616527431719665,0.238023
-4.519545899636644,-2.0463880615206382,1.4852469623076932,0.239592
-4.519545899636644,-0.5985221772072569,-1.4104848063190691,0.226743
-4.519545899636644,-0.4537355887759196,-1.4104848063190691,0.229092
-4.519545899636644,-0.3089490003445814,-1.5552713947504073,0.228427
-4.519545899636644,0.12541076494943404,-1.9896311600444214,0.231379
-4.374759311205306,-1.1776685309326096,-2.1344177484757596,0.218722
-4.374759311205306,-0.3089490003445814,-1.7000579831817455,0.22391
-4.374759311205306,1.1389168839688004,-2.2792043369070982,0.232665
-4.374759311205306,2.297209591419505,-1.4104848063190691,0.219642
-4.374759311205306,2.441996179850843,1.340460373876355,0.220002
-4.229972722773968,-2.915107592108667,-1.8448445716130837,0.312858
-4.229972722773968,-2.7703210036773287,0.9061006085823404,0.23574
-4.229972722773968,-1.9016014730893,1.6300335507390313,0.243801
-4.229972722773968,-0.1641624119132432,1.9196067276017077,0.254384
-4.229972722773968,0.2701973533807722,-2.1344177484757596,0.2342
-4.229972722773968,0.5597705302434486,2.3539664928957222,0.239667
-4.229972722773968,2.8763559451448577,-0.8313384525937169,0.22222
-4.08518613434263,-2.915107592108667,0.03738107799431134,0.252677
-4.08518613434263,-2.915107592108667,0.616527431719665,0.238941
-4.08518613434263,0.2701973533807722,-2.1344177484757596,0.235138
-4.08518613434263,0.7045571186747859,-2.2792043369070982,0.238371
-4.08518613434263,1.573276649262815,-2.1344177484757596,0.232457
-3.9403995459112906,2.1524230029881677,1.4852469623076932,0.233445
-3.7956129574799524,-2.7703210036773287,1.340460373876355,0.235757
-3.7956129574799524,-0.743308765638595,1.9196067276017077,0.267891
-3.7956129574799524,-0.01937582348190503,2.3539664928957222,0.258522
-3.7956129574799524,3.3107157104388723,0.03738107799431134,0.233038
-3.6508263690486142,-3.059894180540005,0.9061006085823404,0.236968
-3.6508263690486142,-2.335961238383314,1.7748201391703695,0.241109
-3.6508263690486142,-1.9016014730893,-2.7135641022011123,0.256304
-3.6508263690486142,-1.6120282962266237,-2.7135641022011123,0.235538
-3.6508263690486142,-0.8880953540699332,1.9196067276017077,0.26956
-3.6508263690486142,0.5597705302434486,-2.1344177484757596,0.246373
-3.6508263690486142,1.2837034724001386,-2.1344177484757596,0.244229
-3.6508263690486142,2.1524230029881677,-1.5552713947504073,0.23334
-3.6508263690486142,3.3107157104388723,0.03738107799431134,0.236435
-3.506039780617276,-2.191174649951976,-2.7135641022011123,0.271517
-3.506039780617276,-2.0463880615206382,1.9196067276017077,0.246895
-3.506039780617276,-1.6120282962266237,1.9196067276017077,0.256685
-3.506039780617276,-1.0328819425012714,1.9196067276017077,0.269802
-3.506039780617276,-0.4537355887759196,-2.4239909253384364,0.203983
-3.506039780617276,-0.1641624119132432,2.4987530813270595,0.261973
-3.506039780617276,0.12541076494943404,-1.9896311600444214,0.237831
-3.506039780617276,0.2701973533807722,-1.9896311600444214,0.245164
-3.506039780617276,1.7180632376941531,-1.8448445716130837,0.243037
-3.506039780617276,2.297209591419505,1.340460373876355,0.243743
-3.506039780617276,3.165929122007534,-0.5417652757310405,0.238484
-3.3612531921859388,-3.2046807689713432,-1.9896311600444214,0.295586
-3.3612531921859388,-3.059894180540005,-0.10740551043702684,0.254701
-3.3612531921859388,-2.625534415245991,1.7748201391703695,0.240891
-3.3612531921859388,-0.8880953540699332,2.064393316033046,0.268924
-3.3612531921859388,-0.3089490003445814,2.4987530813270595,0.264264
-3.2164666037546006,1.4284900608314768,1.9196067276017077,0.26436
-3.0716800153232624,-0.4537355887759196,2.4987530813270595,0.267733
-3.0716800153232624,1.7180632376941531,1.4852469623076932,0.267451
-3.0716800153232624,2.1524230029881677,-1.265698217887731,0.259544
-2.926893426891924,-2.915107592108667,-2.2792043369070982,0.271518
-2.926893426891924,-2.0463880615206382,-2.7135641022011123,0.24268
-2.926893426891924,-0.1641624119132432,2.6435396697583977,0.269451
-2.926893426891924,3.021142533576196,-0.252192098868365,0.260835
-2.782106838460586,-2.915107592108667,1.6300335507390313,0.247326
-2.782106838460586,2.297209591419505,-0.976125041025055,0.279855
-2.782106838460586,2.7315693567135195,0.616527431719665,0.269186
-2.637320250029248,-3.2046807689713432,-1.4104848063190691,0.239003
-2.637320250029248,-1.0328819425012714,-2.7135641022011123,0.210926
-2.637320250029248,2.7315693567135195,0.3269542548569886,0.279152
-2.4925336615979097,-3.059894180540005,0.18216766642564952,0.249485
-2.4925336615979097,-0.4537355887759196,-2.4239909253384364,0.241391
-2.4925336615979097,0.2701973533807722,2.6435396697583977,0.276644
-2.4925336615979097,1.2837034724001386,2.064393316033046,0.279359
-2.4925336615979097,2.5867827682821813,0.18216766642564952,0.295016
-2.2029604847352333,-2.7703210036773287,-1.9896311600444214,0.220678
-2.2029604847352333,-2.625534415245991,1.6300335507390313,0.261956
-2.2029604847352333,-1.1776685309326096,1.7748201391703695,0.28372
-2.2029604847352333,0.9941302955374622,2.209179904464384,0.285576
-2.2029604847352333,1.4284900608314768,-1.5552713947504073,0.321024
-2.2029604847352333,2.1524230029881677,-0.976125041025055,0.330759
-2.2029604847352333,2.441996179850843,-0.252192098868365,0.330625
-2.058173896303895,-2.7703210036773287,-1.8448445716130837,0.214126
-2.058173896303895,-2.335961238383314,-2.2792043369070982,0.214037
-2.058173896303895,-2.0463880615206382,-2.4239909253384364,0.213044
-2.058173896303895,0.5597705302434486,2.3539664928957222,0.288732
-2.058173896303895,1.2837034724001386,-1.7000579831817455,0.322546
-2.058173896303895,2.297209591419505,-0.8313384525937169,0.338197
-2.058173896303895,2.441996179850843,-0.3969786872997023,0.340149
-2.058173896303895,2.441996179850843,-0.10740551043702684,0.33948
-1.913387307872557,-2.7703210036773287,-0.6865518641623787,0.22289
-1.913387307872557,-2.0463880615206382,1.6300335507390313,0.277535
-1.913387307872557,-1.6120282962266237,1.6300335507390313,0.285033
-1.913387307872557,-0.743308765638595,-2.2792043369070982,0.262317
-1.913387307872557,2.441996179850843,-0.5417652757310405,0.344789
-1.7686007194412197,-2.625534415245991,0.7613140201510031,0.275454
-1.7686007194412197,-2.480747826814653,-0.3969786872997023,0.242102
-1.7686007194412197,2.441996179850843,0.03738107799431134,0.348755
-1.6238141310098815,-2.335961238383314,1.0508871970136786,0.286577
-1.6238141310098815,-1.7568148846579619,-2.1344177484757596,0.218025
-1.6238141310098815,-1.6120282962266237,1.4852469623076932,0.294289
-1.6238141310098815,-1.1776685309326096,-2.1344177484757596,0.245347
-1.6238141310098815,0.5597705302434486,-2.1344177484757596,0.334858
-1.6238141310098815,2.0076364145568295,-1.265698217887731,0.339411
-1.6238141310098815,2.1524230029881677,-1.1209116294563928,0.3437
-1.6238141310098815,2.441996179850843,0.03738107799431134,0.351661
-1.4790275425785433,-2.335961238383314,0.616527431719665,0.293615
-1.4790275425785433,0.5597705302434486,2.064393316033046,0.306786
-1.4790275425785433,2.441996179850843,-0.5417652757310405,0.354159
-1.3342409541472051,-2.335961238383314,0.47174084328832677,0.297855
-1.3342409541472051,-2.191174649951976,-0.10740551043702684,0.288131
-1.3342409541472051,-2.191174649951976,1.0508871970136786,0.298877
-1.3342409541472051,-2.0463880615206382,-0.976125041025055,0.242156
-1.3342409541472051,-0.1641624119132432,2.209179904464384,0.299344
-1.3342409541472051,0.4149839418121104,2.209179904464384,0.304116
-1.189454365715867,-2.335961238383314,0.18216766642564952,0.297453
-1.189454365715867,-2.335961238383314,0.7613140201510031,0.30151
-1.189454365715867,-1.6120282962266237,-0.976125041025055,0.273386
-1.189454365715867,-1.4672417077952855,-1.1209116294563928,0.27707
-1.189454365715867,0.5597705302434486,-1.9896311600444214,0.338329
-1.0446677772845288,-2.191174649951976,-0.252192098868365,0.292796
-1.0446677772845288,-1.0328819425012714,-1.265698217887731,0.317844
-0.8998811888531906,-2.191174649951976,1.1956737854450168,0.302346
-0.8998811888531906,-1.6120282962266237,-0.8313384525937169,0.295757
-0.7550946004218524,-1.4672417077952855,1.7748201391703695,0.294602
-0.7550946004218524,-0.743308765638595,2.209179904464384,0.293134
-0.7550946004218524,0.7045571186747859,-1.7000579831817455,0.339576
-0.6103080119905151,-0.8880953540699332,-1.5552713947504073,0.322927
-0.6103080119905151,-0.743308765638595,-1.7000579831817455,0.325238
-0.6103080119905151,1.1389168839688004,-1.4104848063190691,0.34084
-0.6103080119905151,1.4284900608314768,1.4852469623076932,0.31526
-0.46552142355917603,-1.9016014730893,1.4852469623076932,0.302561
-0.46552142355917603,-1.4672417077952855,-0.976125041025055,0.310346
-0.46552142355917603,1.7180632376941531,0.18216766642564952,0.354233
-0.32073483512783874,0.9941302955374622,-1.5552713947504073,0.331436
-0.32073483512783874,1.573276649262815,0.47174084328832677,0.343053
-0.17594824669650144,-2.191174649951976,-0.10740551043702684,0.316027
-0.17594824669650144,-1.3224551193639473,1.7748201391703695,0.302795
-0.17594824669650144,0.4149839418121104,2.4987530813270595,0.303592
-0.17594824669650144,1.1389168839688004,-1.5552713947504073,0.324724
-0.17594824669650144,1.8628498261254913,-0.5417652757310405,0.339338
-0.031161658265162373,1.8628498261254913,-0.976125041025055,0.32563
0.11362493016617492,-1.3224551193639473,1.6300335507390313,0.313855
0.11362493016617492,-1.0328819425012714,-2.2792043369070982,0.303204
0.258411518597514,-0.3089490003445814,-2.568777513769774,0.301029
0.4031981070288513,-1.6120282962266237,-1.4104848063190691,0.31032
0.4031981070288513,-0.5985221772072569,-2.568777513769774,0.300897
0.4031981070288513,0.4149839418121104,2.209179904464384,0.313195
0.4031981070288513,1.8628498261254913,0.3269542548569886,0.318004
0.5479846954601886,-1.9016014730893,0.03738107799431134,0.354379
0.5479846954601886,-1.7568148846579619,-0.3969786872997023,0.345995
0.5479846954601886,-1.3224551193639473,-2.1344177484757596,0.303064
0.5479846954601886,0.4149839418121104,2.064393316033046,0.318597
0.6927712838915276,-1.3224551193639473,-2.1344177484757596,0.303514
0.6927712838915276,0.8493437071061241,1.4852469623076932,0.327384
0.8375578723228649,-0.01937582348190503,-2.568777513769774,0.295236
0.9823444607542058,-0.3089490003445814,-2.568777513769774,0.297016
1.1271310491855413,-1.0328819425012714,1.6300335507390313,0.336463
1.1271310491855413,-0.01937582348190503,1.7748201391703695,0.343884
1.1271310491855413,1.4284900608314768,0.7613140201510031,0.316555
1.2719176376168821,0.8493437071061241,1.1956737854450168,0.342392
1.4167042260482194,-2.480747826814653,0.03738107799431134,0.357574
1.4167042260482194,-1.7568148846579619,-0.976125041025055,0.335006
1.4167042260482194,0.7045571186747859,1.4852469623076932,0.345613
1.4167042260482194,1.4284900608314768,-1.9896311600444214,0.282615
1.4167042260482194,1.7180632376941531,-1.7000579831817455,0.285529
1.4167042260482194,2.1524230029881677,0.3269542548569886,0.286414
1.5614908144795585,-1.4672417077952855,1.6300335507390313,0.330671
1.5614908144795585,-0.743308765638595,1.9196067276017077,0.328855
1.5614908144795585,0.7045571186747859,-2.2792043369070982,0.282624
1.5614908144795585,1.7180632376941531,-1.9896311600444214,0.274897
1.5614908144795585,1.8628498261254913,0.9061006085823404,0.288122
1.5614908144795585,2.0076364145568295,0.9061006085823404,0.28231
1.5614908144795585,2.297209591419505,-0.252192098868365,0.279549
1.7062774029108958,-2.335961238383314,-0.3969786872997023,0.347784
1.7062774029108958,-0.743308765638595,-2.1344177484757596,0.302004
1.7062774029108958,-0.3089490003445814,2.064393316033046,0.332747
1.7062774029108958,-0.1641624119132432,2.064393316033046,0.335983
1.7062774029108958,0.8493437071061241,1.4852469623076932,0.340269
1.7062774029108958,2.0076364145568295,-1.5552713947504073,0.273521
1.8510639913422349,-1.7568148846579619,-1.265698217887731,0.317671
1.8510639913422349,0.12541076494943404,2.064393316033046,0.336644
1.8510639913422349,1.1389168839688004,-2.7135641022011123,0.261709
1.8510639913422349,1.1389168839688004,1.1956737854450168,0.321345
1.8510639913422349,1.2837034724001386,-2.7135641022011123,0.259975
1.8510639913422349,2.1524230029881677,-0.976125041025055,0.271829
1.8510639913422349,2.297209591419505,-0.6865518641623787,0.266664
1.8510639913422349,2.441996179850843,-0.5417652757310405,0.2599
1.9958505797735722,-2.0463880615206382,-0.8313384525937169,0.328688
1.9958505797735722,-2.0463880615206382,1.340460373876355,0.334936
1.9958505797735722,-1.7568148846579619,-1.7000579831817455,0.299693
1.9958505797735722,1.8628498261254913,1.4852469623076932,0.268303
2.1406371682049095,-1.7568148846579619,-1.9896311600444214,0.289837
2.1406371682049095,-1.6120282962266237,-2.1344177484757596,0.288156
2.1406371682049095,0.7045571186747859,1.7748201391703695,0.330467
2.1406371682049095,2.1524230029881677,-2.4239909253384364,0.246674
2.2854237566362485,-1.9016014730893,-1.9896311600444214,0.286161
2.2854237566362485,-1.6120282962266237,-2.2792043369070982,0.283264
2.2854237566362485,0.7045571186747859,1.7748201391703695,0.322822
2.2854237566362485,0.9941302955374622,1.4852469623076932,0.312884
2.2854237566362485,1.1389168839688004,-3.0031372790637887,0.246619
2.2854237566362485,1.2837034724001386,-3.0031372790637887,0.245301
2.2854237566362485,1.7180632376941531,1.6300335507390313,0.261348
2.2854237566362485,2.441996179850843,-1.7000579831817455,0.245039
2.2854237566362485,2.5867827682821813,-1.1209116294563928,0.241711
2.430210345067586,-2.335961238383314,0.7613140201510031,0.336705
2.430210345067586,-2.191174649951976,-1.265698217887731,0.295296
2.430210345067586,-0.3089490003445814,-2.4239909253384364,0.275251
2.430210345067586,-0.1641624119132432,-2.4239909253384364,0.273123
2.430210345067586,0.12541076494943404,-2.568777513769774,0.264383
2.430210345067586,2.8763559451448577,1.4852469623076932,0.227625
2.430210345067586,3.4555022988702095,0.18216766642564952,0.213986
2.574996933498925,1.4284900608314768,1.6300335507390313,0.259637
2.574996933498925,3.4555022988702095,-0.6865518641623787,0.215475
2.719783521930262,-2.335961238383314,0.47174084328832677,0.321368
2.719783521930262,2.7315693567135195,-1.5552713947504073,0.230793
2.719783521930262,3.165929122007534,-1.265698217887731,0.221557
2.8645701103616013,-2.335961238383314,-1.265698217887731,0.282423
2.8645701103616013,-2.335961238383314,0.616527431719665,0.306645
2.8645701103616013,-2.0463880615206382,1.0508871970136786,0.29811
2.8645701103616013,1.7180632376941531,1.7748201391703695,0.234086
2.8645701103616013,2.441996179850843,1.7748201391703695,0.222138
2.8645701103616013,3.165929122007534,-1.4104848063190691,0.221141
2.8645701103616013,3.6002888873015486,0.47174084328832677,0.205755
3.0093566987929385,-1.6120282962266237,-2.568777513769774,0.269624
3.0093566987929385,-0.1641624119132432,2.788326258189736,0.208883
3.1541432872242776,-2.480747826814653,0.9061006085823404,0.276048
3.1541432872242776,-2.191174649951976,-1.9896311600444214,0.270717
3.1541432872242776,-1.3224551193639473,2.788326258189736,0.204512
3.1541432872242776,-0.4537355887759196,2.933112846621074,0.2051
3.1541432872242776,0.12541076494943404,-2.7135641022011123,0.248551
3.1541432872242776,1.7180632376941531,1.7748201391703695,0.221859
3.1541432872242776,3.4555022988702095,0.9061006085823404,0.204154
3.298929875655615,-2.335961238383314,-1.4104848063190691,0.272238
3.298929875655615,1.7180632376941531,1.7748201391703695,0.216284
3.298929875655615,2.297209591419505,1.7748201391703695,0.212147
3.298929875655615,2.7315693567135195,-1.8448445716130837,0.224543
3.298929875655615,3.4555022988702095,0.9061006085823404,0.202762
3.298929875655615,3.889862064164223,-1.1209116294563928,0.213852
3.443716464086954,-2.625534415245991,-0.6865518641623787,0.269453
3.443716464086954,2.441996179850843,-2.1344177484757596,0.225432
3.443716464086954,3.4555022988702095,0.9061006085823404,0.201425
3.5885030525182913,-3.059894180540005,-0.252192098868365,0.259233
3.5885030525182913,3.889862064164223,0.3269542548569886,0.199639
3.7332896409496286,-2.335961238383314,-1.1209116294563928,0.266888
3.7332896409496286,-1.4672417077952855,-2.4239909253384364,0.262544
3.7332896409496286,-1.4672417077952855,2.933112846621074,0.218139
3.7332896409496286,-0.1641624119132432,-2.568777513769774,0.250603
3.7332896409496286,2.8763559451448577,-1.8448445716130837,0.219058
3.7332896409496286,3.165929122007534,1.1956737854450168,0.201275
3.8780762293809676,-2.625534415245991,1.340460373876355,0.247102
3.8780762293809676,-1.0328819425012714,-2.4239909253384364,0.260934
3.8780762293809676,-0.743308765638595,-2.4239909253384364,0.260051
3.8780762293809676,-0.5985221772072569,-2.4239909253384364,0.258875
3.8780762293809676,-0.1641624119132432,3.0778994350524123,0.21823
4.022862817812305,-1.9016014730893,-1.7000579831817455,0.264691
4.022862817812305,2.1524230029881677,1.7748201391703695,0.203536
4.022862817812305,2.7315693567135195,-1.8448445716130837,0.218363
4.022862817812305,3.3107157104388723,-1.7000579831817455,0.214163
4.022862817812305,4.034648652595562,0.03738107799431134,0.200229
4.167649406243644,-1.3224551193639473,3.0778994350524123,0.24783
4.167649406243644,2.5867827682821813,-1.8448445716130837,0.218906
4.312435994674981,-2.7703210036773287,-0.8313384525937169,0.247524
4.312435994674981,-1.3224551193639473,-1.8448445716130837,0.265023
4.312435994674981,3.021142533576196,-1.7000579831817455,0.212852
4.45722258310632,2.7315693567135195,1.4852469623076932,0.199274
4.45722258310632,3.889862064164223,-0.976125041025055,0.206905
4.602009171537658,-2.0463880615206382,2.209179904464384,0.254332
4.602009171537658,-1.1776685309326096,-1.5552713947504073,0.267883
4.602009171537658,-0.743308765638595,3.2226860234837504,0.274957
4.602009171537658,-0.4537355887759196,-1.9896311600444214,0.256737
4.602009171537658,1.573276649262815,1.7748201391703695,0.20685
4.602009171537658,2.0076364145568295,1.7748201391703695,0.206948
4.602009171537658,3.6002888873015486,0.3269542548569886,0.192112
4.746795759968997,-2.0463880615206382,2.064393316033046,0.25975
4.746795759968997,-0.8880953540699332,-1.5552713947504073,0.265784
4.746795759968997,0.2701973533807722,-2.7135641022011123,0.234089
4.746795759968997,0.9941302955374622,1.9196067276017077,0.191416
4.746795759968997,1.1389168839688004,-2.8583506906324505,0.224093
4.746795759968997,3.021142533576196,-1.4104848063190691,0.206901
4.891582348400334,-2.625534415245991,1.1956737854450168,0.241702
4.891582348400334,-2.191174649951976,-0.976125041025055,0.244462
4.891582348400334,0.4149839418121104,-2.7135641022011123,0.232833
4.891582348400334,1.8628498261254913,-2.2792043369070982,0.220797
4.891582348400334,2.297209591419505,-1.4104848063190691,0.215102
4.891582348400334,3.6002888873015486,-0.5417652757310405,0.198034
5.036368936831673,0.7045571186747859,-2.7135641022011123,0.230257
5.036368936831673,0.8493437071061241,1.7748201391703695,0.19721
5.036368936831673,1.1389168839688004,1.4852469623076932,0.210373
5.036368936831673,1.8628498261254913,1.6300335507390313,0.211917
5.036368936831673,2.5867827682821813,-1.1209116294563928,0.205586
5.18115552526301,-2.480747826814653,1.0508871970136786,0.240499
5.18115552526301,-1.6120282962266237,2.6435396697583977,0.294723
5.18115552526301,-0.01937582348190503,-1.9896311600444214,0.244167
5.18115552526301,0.7045571186747859,1.7748201391703695,0.201152
5.18115552526301,1.8628498261254913,-1.5552713947504073,0.221059
5.18115552526301,1.8628498261254913,-1.4104848063190691,0.220774
5.18115552526301,2.441996179850843,1.340460373876355,0.204822
5.18115552526301,3.021142533576196,-0.5417652757310405,0.194332
5.325942113694348,-2.191174649951976,-0.6865518641623787,0.233833
5.325942113694348,0.7045571186747859,-2.4239909253384364,0.232876
5.325942113694348,0.8493437071061241,0.18216766642564952,0.233642
5.325942113694348,0.8493437071061241,0.616527431719665,0.228875
5.325942113694348,1.1389168839688004,-0.3969786872997023,0.228631
5.325942113694348,1.4284900608314768,-0.8313384525937169,0.224184
5.325942113694348,1.4284900608314768,-0.6865518641623787,0.223181
5.325942113694348,1.573276649262815,-1.1209116294563928,0.223207
5.325942113694348,1.573276649262815,-0.6865518641623787,0.219892
5.325942113694348,2.441996179850843,-0.5417652757310405,0.199772
5.325942113694348,2.7315693567135195,0.7613140201510031,0.197318
5.470728702125687,-2.0463880615206382,-0.6865518641623787,0.232917
5.470728702125687,-1.6120282962266237,1.4852469623076932,0.273676
5.470728702125687,0.4149839418121104,0.47174084328832677,0.236212
5.470728702125687,1.1389168839688004,-2.1344177484757596,0.229505
5.470728702125687,1.2837034724001386,-1.265698217887731,0.227801
5.470728702125687,2.297209591419505,-0.252192098868365,0.200346
5.470728702125687,2.441996179850843,0.9061006085823404,0.203812
5.470728702125687,2.5867827682821813,0.616527431719665,0.198832
5.615515290557024,-2.191174649951976,-0.252192098868365,0.228544
5.615515290557024,-0.4537355887759196,-1.265698217887731,0.246863
5.615515290557024,0.4149839418121104,0.18216766642564952,0.239021
5.615515290557024,2.0076364145568295,0.9061006085823404,0.211651
5.615515290557024,2.297209591419505,0.3269542548569886,0.202237
5.760301878988363,-1.9016014730893,-0.5417652757310405,0.229935
5.760301878988363,-1.0328819425012714,2.064393316033046,0.291764
5.760301878988363,-0.8880953540699332,1.4852469623076932,0.26981
5.760301878988363,0.2701973533807722,-0.5417652757310405,0.243795
5.9050884674197,-0.8880953540699332,1.0508871970136786,0.252205
5.9050884674197,-0.5985221772072569,-1.1209116294563928,0.242134
6.0498750558510395,-1.7568148846579619,-0.10740551043702684,0.228694
6.0498750558510395,-1.7568148846579619,0.03738107799431134,0.229096
6.0498750558510395,-1.6120282962266237,-0.5417652757310405,0.230403
6.0498750558510395,-1.6120282962266237,0.47174084328832677,0.23357
6.0498750558510395,0.12541076494943404,0.03738107799431134,0.238589
6.194661644282377,-1.4672417077952855,0.3269542548569886,0.232044
6.194661644282377,-0.5985221772072569,-0.8313384525937169,0.238547
6.194661644282377,-0.3089490003445814,-0.6865518641623787,0.239736
6.194661644282377,-0.1641624119132432,0.3269542548569886,0.237521
6.339448232713716,-1.0328819425012714,-0.5417652757310405,0.233748
6.339448232713716,-0.3089490003445814,-0.252192098868365,0.237549
6.339448232713716,-0.3089490003445814,0.03738107799431134,0.237037
