-7.867287610163059,0.1291208263568242,1.1196220245997655,0.057594
-7.867287610163059,1.660466531988364,-0.07142463533587673,0.0504063
-7.867287610163059,2.5112141462281086,1.97036963883951,0.0860203
-7.6971380873151105,-0.3813277421870218,1.459921070295663,0.064489
-7.6971380873151105,-0.21117821933907344,0.9494725017518162,0.0554569
-7.526988564467162,-0.04102869649112417,2.991266775927203,0.093785
-7.526988564467162,0.6395693949006711,-0.07142463533587673,0.0440147
-7.526988564467162,1.8306160548363133,2.1405191616874584,0.083108
-7.356839041619213,3.702260806163749,1.1196220245997655,0.0884649
-7.186689518771264,-0.8917763107308687,0.9494725017518162,0.0591227
-7.186689518771264,-0.8917763107308687,1.459921070295663,0.0686648
-7.186689518771264,-0.04102869649112417,-0.07142463533587673,0.0456293
-7.186689518771264,2.5112141462281086,-1.0923217724235696,0.0575851
-7.016539995923315,-0.8917763107308687,0.2688744103600209,0.051242
-7.016539995923315,2.17091510053221,-1.4326208181194673,0.0536429
-7.016539995923315,2.8515131919240053,-1.262471295271518,0.0643467
-7.016539995923315,3.0216627147719537,2.3106686845354076,0.082425
-6.846390473075367,-0.5514772650349711,-0.2415741581838251,0.0476785
-6.846390473075367,0.8097189177486204,3.3315658216230997,0.0871991
-6.846390473075367,1.150017963444518,-1.262471295271518,0.0453548
-6.846390473075367,1.8306160548363133,-1.6027703409674157,0.0507646
-6.846390473075367,2.17091510053221,2.480818207383356,0.0772331
-6.846390473075367,3.5321112833158006,-0.41172368103177437,0.0805116
-6.846390473075367,3.702260806163749,0.6091734560559185,0.0835308
-6.676240950227418,-1.2320753564267664,1.6300705931436124,0.0793609
-6.676240950227418,-1.061925833578817,1.97036963883951,0.0841697
-6.676240950227418,1.8306160548363133,-1.7729198638153645,0.0520614
-6.506091427379468,-1.7425239249706124,0.9494725017518162,0.0743779
-6.506091427379468,-1.572374402122664,0.2688744103600209,0.0640267
-6.506091427379468,-0.8917763107308687,2.480818207383356,0.0898001
-6.506091427379468,-0.3813277421870218,3.1614162987751513,0.0910599
-6.506091427379468,3.702260806163749,0.6091734560559185,0.0810221
-6.33594190453152,0.1291208263568242,-1.0923217724235696,0.0507598
-6.33594190453152,3.702260806163749,1.2897715474477147,0.0753108
-6.165792381683572,2.0007655776842617,-2.113218909511262,0.059869
-6.165792381683572,3.872410329011699,0.09872488751207253,0.0818261
-5.995642858835622,2.8515131919240053,-2.113218909511262,0.0753557
-5.825493335987673,-0.8917763107308687,2.480818207383356,0.0899136
-5.825493335987673,-0.21117821933907344,-1.7729198638153645,0.0584265
-5.825493335987673,0.1291208263568242,3.1614162987751513,0.0771198
-5.825493335987673,0.8097189177486204,3.1614162987751513,0.069489
-5.825493335987673,3.872410329011699,-1.7729198638153645,0.0925418
-5.825493335987673,3.872410329011699,0.2688744103600209,0.0764072
-5.655343813139725,0.1291208263568242,-2.113218909511262,0.0607879
-5.655343813139725,0.9798684405965687,-2.4535179552071598,0.0619017
-5.485194290291776,-1.9126734478185616,-0.2415741581838251,0.0877097
-5.485194290291776,-1.572374402122664,-0.9221722495756204,0.0828336
-5.485194290291776,-1.2320753564267664,2.480818207383356,0.0923179
-5.485194290291776,-0.3813277421870218,-1.9430693866633133,0.068899
-5.485194290291776,3.191812237619904,1.6300705931436124,0.0565062
-5.485194290291776,3.872410329011699,-1.7729198638153645,0.0932416
-5.315044767443827,-2.252972493514459,0.2688744103600209,0.0981817
-5.315044767443827,-2.08282297066651,-0.07142463533587673,0.0952875
-5.315044767443827,-1.9126734478185616,-0.752022726727672,0.0925889
-5.315044767443827,-1.4022248792747147,2.480818207383356,0.0945047
-5.315044767443827,-0.21117821933907344,-2.113218909511262,0.0721348
-5.315044767443827,1.8306160548363133,2.480818207383356,0.0520958
-5.144895244595879,-2.252972493514459,-1.0923217724235696,0.0993735
-5.144895244595879,-2.252972493514459,-0.2415741581838251,0.102257
-5.144895244595879,-0.8917763107308687,-1.9430693866633133,0.0859312
-5.144895244595879,0.29927034920477347,-2.4535179552071598,0.0740287
-5.144895244595879,0.46941987205272184,2.8211172530792528,0.0627627
-5.144895244595879,0.6395693949006711,-2.6236674780551086,0.0737063
-5.144895244595879,0.6395693949006711,2.8211172530792528,0.0610188
-5.144895244595879,3.191812237619904,1.2897715474477147,0.0531403
-4.974745721747929,-2.08282297066651,2.1405191616874584,0.106963
-4.974745721747929,-1.061925833578817,-2.113218909511262,0.0918662
-4.974745721747929,1.660466531988364,2.3106686845354076,0.0497923
-4.974745721747929,3.191812237619904,1.1196220245997655,0.0521381
-4.974745721747929,3.5321112833158006,0.6091734560559185,0.0591092
-4.804596198899981,-2.7634210620583053,-0.2415741581838251,0.114059
-4.804596198899981,-1.061925833578817,2.480818207383356,0.0866757
-4.804596198899981,0.1291208263568242,-2.4535179552071598,0.0853549
-4.804596198899981,2.17091510053221,1.8002201159915607,0.0475662
-4.804596198899981,3.191812237619904,0.9494725017518162,0.0519525
-4.634446676052032,-1.9126734478185616,2.1405191616874584,0.105921
-4.634446676052032,-1.2320753564267664,-2.6236674780551086,0.101091
-4.634446676052032,0.6395693949006711,-2.7938170009030574,0.0882598
-4.634446676052032,0.9798684405965687,2.3106686845354076,0.0528293
-4.634446676052032,2.3410646233801584,1.459921070295663,0.0473588
-4.634446676052032,2.681363669076057,-2.113218909511262,0.0911579
-4.634446676052032,2.8515131919240053,1.1196220245997655,0.0483083
-4.634446676052032,3.191812237619904,0.7793229789038678,0.0523972
-4.634446676052032,3.702260806163749,-1.262471295271518,0.084944
-4.464297153204083,-2.933570584906254,-1.4326208181194673,0.111806
-4.464297153204083,-2.933570584906254,-0.07142463533587673,0.119637
-4.464297153204083,-1.7425239249706124,2.1405191616874584,0.103364
-4.464297153204083,-0.21117821933907344,-2.6236674780551086,0.100516
-4.464297153204083,0.29927034920477347,-2.6236674780551086,0.0942573
-4.464297153204083,1.4903170091404156,1.459921070295663,0.0530592
-4.464297153204083,2.17091510053221,-2.7938170009030574,0.0948912
-4.294147630356134,-1.2320753564267664,-2.963966523751006,0.109419
-4.294147630356134,0.8097189177486204,1.97036963883951,0.0541034
-4.294147630356134,0.9798684405965687,1.8002201159915607,0.0533559
-4.294147630356134,3.0216627147719537,-1.4326208181194673,0.0837841
-4.123998107508186,-0.3813277421870218,-2.963966523751006,0.110717
-4.123998107508186,2.681363669076057,0.6091734560559185,0.0499866
-4.123998107508186,3.0216627147719537,0.2688744103600209,0.0539822
-3.9538485846602365,0.8097189177486204,1.459921070295663,0.0585023
-3.9538485846602365,0.9798684405965687,-2.963966523751006,0.105292
-3.9538485846602365,2.17091510053221,-2.7938170009030574,0.102312
-3.783699061812288,-2.252972493514459,0.6091734560559185,0.120992
-3.783699061812288,-1.9126734478185616,0.7793229789038678,0.119134
-3.783699061812288,-1.4022248792747147,-3.134116046598955,0.119216
-3.783699061812288,1.150017963444518,-2.963966523751006,0.108148
-3.613549538964339,-0.3813277421870218,1.6300705931436124,0.0869123
-3.613549538964339,0.29927034920477347,1.459921070295663,0.071486
-3.4434000161163905,1.150017963444518,-2.7938170009030574,0.111964
-3.4434000161163905,1.660466531988364,-2.7938170009030574,0.11014
-3.4434000161163905,1.8306160548363133,0.2688744103600209,0.0575092
-3.4434000161163905,2.5112141462281086,-0.752022726727672,0.0672632
-3.273250493268441,-2.4231220163624076,-2.283368432359211,0.126152
-3.273250493268441,0.29927034920477347,1.1196220245997655,0.084812
-3.273250493268441,2.3410646233801584,-1.9430693866633133,0.0949738
-3.273250493268441,2.3410646233801584,-0.9221722495756204,0.0722044
-3.103100970420493,-2.08282297066651,-2.963966523751006,0.136391
-3.103100970420493,-1.9126734478185616,0.9494725017518162,0.129053
-3.103100970420493,2.17091510053221,-1.262471295271518,0.0817583
-2.9329514475725436,-3.103720107754203,-0.752022726727672,0.142603
-2.9329514475725436,-2.7634210620583053,-2.7938170009030574,0.139126
-2.9329514475725436,-1.9126734478185616,1.1196220245997655,0.131411
-2.9329514475725436,-1.061925833578817,-3.134116046598955,0.129767
-2.9329514475725436,1.660466531988364,-0.752022726727672,0.0809037
-2.9329514475725436,1.8306160548363133,-1.262471295271518,0.0873446
-2.7628019247245943,-1.7425239249706124,1.459921070295663,0.133483
-2.7628019247245943,1.150017963444518,-0.2415741581838251,0.0909679
-2.592652401876646,-3.103720107754203,0.2688744103600209,0.150815
-2.592652401876646,-2.933570584906254,-1.6027703409674157,0.145151
-2.592652401876646,-0.04102869649112417,1.6300705931436124,0.115088
-2.592652401876646,0.29927034920477347,-1.9430693866633133,0.121289
-2.4225028790286967,0.8097189177486204,0.4390239332079702,0.0993534
-2.4225028790286967,1.150017963444518,-1.0923217724235696,0.11241
-2.2523533561807483,-1.061925833578817,-3.304265569446904,0.126519
-2.082203833332799,-3.4440191534501006,-2.113218909511262,0.136961
-2.082203833332799,-0.5514772650349711,-2.6236674780551086,0.129327
-2.082203833332799,0.29927034920477347,-1.9430693866633133,0.127255
-2.082203833332799,0.6395693949006711,-1.7729198638153645,0.125767
-1.9120543104848506,-3.103720107754203,-3.6445646151428015,0.128458
-1.7419047876369014,-3.6141686762980494,-2.283368432359211,0.13321
-1.7419047876369014,0.29927034920477347,-1.9430693866633133,0.131867
-1.571755264788953,0.9798684405965687,0.2688744103600209,0.109964
-1.4016057419410046,-2.7634210620583053,0.9494725017518162,0.173052
-1.4016057419410046,-2.4231220163624076,-3.984863660838699,0.123644
-1.4016057419410046,-1.2320753564267664,1.6300705931436124,0.173905
-1.4016057419410046,-0.5514772650349711,-3.4744150922948527,0.125665
-1.2314562190930562,-3.784318199145998,-2.6236674780551086,0.129203
-1.2314562190930562,-3.6141686762980494,-3.134116046598955,0.124353
-1.2314562190930562,-1.9126734478185616,-3.984863660838699,0.122451
-1.2314562190930562,-1.061925833578817,-3.8147141379907503,0.122059
-1.2314562190930562,-0.21117821933907344,1.2897715474477147,0.148366
-1.2314562190930562,0.29927034920477347,0.7793229789038678,0.12783
-1.2314562190930562,1.150017963444518,-0.9221722495756204,0.125633
-1.061306696245106,-3.954467721993947,-0.9221722495756204,0.158449
-1.061306696245106,-1.4022248792747147,1.6300705931436124,0.201428
-1.061306696245106,-0.7216267878829195,1.459921070295663,0.180501
-1.061306696245106,0.1291208263568242,0.7793229789038678,0.139971
-0.8911571733971577,-3.954467721993947,-0.752022726727672,0.162306
-0.8911571733971577,-3.4440191534501006,-3.4744150922948527,0.124693
-0.8911571733971577,-0.7216267878829195,1.459921070295663,0.191306
-0.8911571733971577,0.1291208263568242,-2.6236674780551086,0.141688
-0.8911571733971577,0.1291208263568242,-1.7729198638153645,0.148467
-0.7210076505492093,-3.954467721993947,-2.6236674780551086,0.135704
-0.7210076505492093,-3.784318199145998,-1.0923217724235696,0.160749
-0.7210076505492093,-0.04102869649112417,0.6091734560559185,0.164276
-0.7210076505492093,0.1291208263568242,-2.7938170009030574,0.142488
-0.550858127701261,-3.954467721993947,-2.7938170009030574,0.136795
-0.550858127701261,-3.784318199145998,-1.6027703409674157,0.153345
-0.550858127701261,-3.784318199145998,-0.9221722495756204,0.165665
-0.550858127701261,0.1291208263568242,-2.7938170009030574,0.144472
-0.550858127701261,0.1291208263568242,0.2688744103600209,0.165075
-0.550858127701261,0.46941987205272184,-0.752022726727672,0.154044
-0.3807086048533108,-4.124617244841896,-0.41172368103177437,0.16883
-0.3807086048533108,-3.784318199145998,-1.6027703409674157,0.155505
-0.3807086048533108,-3.4440191534501006,0.9494725017518162,0.173855
-0.3807086048533108,-2.7634210620583053,1.2897715474477147,0.187561
-0.3807086048533108,-0.04102869649112417,-1.7729198638153645,0.161958
-0.3807086048533108,0.1291208263568242,-0.9221722495756204,0.17886
-0.3807086048533108,2.5112141462281086,0.7793229789038678,0.0239926
-0.3807086048533108,2.681363669076057,0.2688744103600209,0.0235794
-0.21055908200536244,-4.4649162905377935,0.09872488751207253,0.16842
-0.21055908200536244,-3.2738696306021517,-3.6445646151428015,0.131447
-0.21055908200536244,-2.4231220163624076,1.97036963883951,0.146651
-0.21055908200536244,-1.061925833578817,-3.8147141379907503,0.129273
-0.21055908200536244,-1.061925833578817,1.97036963883951,0.192507
-0.21055908200536244,0.1291208263568242,0.2688744103600209,0.178525
-0.21055908200536244,2.5112141462281086,1.2897715474477147,0.0231783
-0.21055908200536244,3.191812237619904,0.09872488751207253,0.0187423
-0.040409559157414066,-3.2738696306021517,1.2897715474477147,0.16286
-0.040409559157414066,-1.4022248792747147,2.3106686845354076,0.141056
-0.040409559157414066,-0.04102869649112417,-2.113218909511262,0.158365
-0.040409559157414066,2.3410646233801584,-0.5818732038797227,0.0377543
-0.040409559157414066,2.5112141462281086,-0.5818732038797227,0.0345489
0.1297399636905343,-4.635065813385742,-0.2415741581838251,0.164902
0.1297399636905343,-3.784318199145998,-1.262471295271518,0.163716
0.1297399636905343,-3.2738696306021517,1.459921070295663,0.14872
0.1297399636905343,-0.21117821933907344,-1.9430693866633133,0.166958
0.29988948653848446,-4.635065813385742,-0.41172368103177437,0.16302
0.29988948653848446,-3.6141686762980494,1.459921070295663,0.143344
0.29988948653848446,-3.2738696306021517,-3.4744150922948527,0.139862
0.29988948653848446,-0.7216267878829195,1.8002201159915607,0.172822
0.29988948653848446,-0.21117821933907344,-2.6236674780551086,0.151398
0.29988948653848446,-0.21117821933907344,-2.4535179552071598,0.154314
0.29988948653848446,1.4903170091404156,-0.5818732038797227,0.0648189
0.29988948653848446,3.5321112833158006,-0.41172368103177437,0.0273796
0.47003900938643284,-4.805215336233691,0.2688744103600209,0.164184
0.47003900938643284,-4.4649162905377935,-0.752022726727672,0.159637
0.47003900938643284,-0.7216267878829195,1.97036963883951,0.146424
0.47003900938643284,-0.5514772650349711,-1.9430693866633133,0.171882
0.47003900938643284,1.660466531988364,1.8002201159915607,0.047321
0.47003900938643284,3.191812237619904,1.8002201159915607,0.0208358
0.47003900938643284,3.872410329011699,-0.07142463533587673,0.0301282
0.640188532234383,-1.061925833578817,2.991266775927203,0.102807
0.640188532234383,-0.7216267878829195,-2.283368432359211,0.157978
0.640188532234383,-0.21117821933907344,1.8002201159915607,0.152843
0.640188532234383,0.9798684405965687,1.6300705931436124,0.0983001
0.640188532234383,3.872410329011699,-0.2415741581838251,0.0372419
0.640188532234383,4.0425598518596475,0.7793229789038678,0.0306184
0.8103380550823296,-3.4440191534501006,-2.4535179552071598,0.162583
0.8103380550823296,-1.4022248792747147,-2.6236674780551086,0.144712
0.8103380550823296,-0.7216267878829195,2.6509677302313044,0.107073
0.9804875779302797,-4.635065813385742,0.7793229789038678,0.159003
0.9804875779302797,-3.2738696306021517,3.3315658216230997,0.0786216
0.9804875779302797,0.8097189177486204,-0.41172368103177437,0.113665
0.9804875779302797,2.17091510053221,2.1405191616874584,0.0422658
0.9804875779302797,2.681363669076057,2.1405191616874584,0.0346647
1.1506371007782281,-4.635065813385742,-0.41172368103177437,0.158463
1.1506371007782281,-4.4649162905377935,0.9494725017518162,0.156359
1.1506371007782281,-3.103720107754203,-2.283368432359211,0.169438
1.1506371007782281,0.46941987205272184,-0.5818732038797227,0.145591
1.1506371007782281,1.150017963444518,1.97036963883951,0.095934
1.1506371007782281,3.0216627147719537,-1.0923217724235696,0.0604107
1.3207866236261765,-4.294766767689845,-0.9221722495756204,0.156592
1.3207866236261765,3.872410329011699,-0.5818732038797227,0.0749856
1.3207866236261765,4.0425598518596475,-0.41172368103177437,0.0830086
1.3207866236261765,4.382858897555544,0.4390239332079702,0.0997597
1.4909361464741249,-3.954467721993947,1.459921070295663,0.140781
1.4909361464741249,-3.784318199145998,2.8211172530792528,0.0818463
1.4909361464741249,-2.7634210620583053,-2.283368432359211,0.171501
1.4909361464741249,-0.7216267878829195,-1.0923217724235696,0.185378
1.4909361464741249,-0.7216267878829195,2.991266775927203,0.126403
1.4909361464741249,-0.3813277421870218,2.480818207383356,0.119532
1.4909361464741249,0.1291208263568242,-0.9221722495756204,0.150207
1.4909361464741249,3.5321112833158006,-0.9221722495756204,0.0750415
1.6610856693220732,-4.4649162905377935,0.2688744103600209,0.161235
1.6610856693220732,-4.124617244841896,-1.0923217724235696,0.158461
1.6610856693220732,-1.9126734478185616,-1.9430693866633133,0.170576
1.6610856693220732,0.9798684405965687,-0.9221722495756204,0.10928
1.8312351921700234,-4.124617244841896,1.2897715474477147,0.147922
1.8312351921700234,0.8097189177486204,2.3106686845354076,0.111634
1.8312351921700234,2.17091510053221,-1.262471295271518,0.102364
1.8312351921700234,4.212709374707598,1.2897715474477147,0.0899767
1.8312351921700234,5.233606511795288,-0.2415741581838251,0.149144
2.0013847150179718,-4.294766767689845,0.6091734560559185,0.158763
2.0013847150179718,-4.294766767689845,0.7793229789038678,0.156165
2.0013847150179718,1.8306160548363133,1.97036963883951,0.0866219
2.0013847150179718,3.3619617604678522,1.8002201159915607,0.0698142
2.0013847150179718,4.893307466099391,1.1196220245997655,0.124319
2.0013847150179718,5.403756034643238,0.4390239332079702,0.154715
2.17153423786592,-4.124617244841896,-0.07142463533587673,0.16606
2.17153423786592,-2.252972493514459,-1.9430693866633133,0.16717
2.17153423786592,-1.4022248792747147,-1.262471295271518,0.152087
2.17153423786592,0.46941987205272184,-1.262471295271518,0.113074
2.17153423786592,0.8097189177486204,2.3106686845354076,0.109003
2.17153423786592,3.3619617604678522,1.8002201159915607,0.0756555
2.17153423786592,3.872410329011699,-1.4326208181194673,0.073862
2.3416837607138685,-4.294766767689845,1.459921070295663,0.143144
2.3416837607138685,-3.6141686762980494,-1.4326208181194673,0.164327
2.3416837607138685,-3.6141686762980494,2.6509677302313044,0.112269
2.3416837607138685,-0.8917763107308687,3.1614162987751513,0.174965
2.3416837607138685,-0.3813277421870218,2.480818207383356,0.128497
2.5118332835618187,-0.8917763107308687,-1.262471295271518,0.127492
2.5118332835618187,3.872410329011699,1.8002201159915607,0.0712724
2.5118332835618187,4.382858897555544,-1.4326208181194673,0.0794686
2.5118332835618187,4.893307466099391,-1.0923217724235696,0.104285
2.5118332835618187,5.233606511795288,-0.752022726727672,0.128938
2.681982806409767,-4.4649162905377935,1.1196220245997655,0.147463
2.681982806409767,-4.294766767689845,1.6300705931436124,0.14225
2.681982806409767,-3.6141686762980494,2.3106686845354076,0.133292
2.681982806409767,-0.04102869649112417,-1.262471295271518,0.115965
2.681982806409767,1.150017963444518,2.1405191616874584,0.103217
2.681982806409767,5.573905557491186,-0.07142463533587673,0.148687
2.8521323292577154,-4.4649162905377935,0.7793229789038678,0.150224
2.8521323292577154,-1.2320753564267664,3.1614162987751513,0.195253
2.8521323292577154,-1.061925833578817,2.8211172530792528,0.175559
2.8521323292577154,0.8097189177486204,-1.6027703409674157,0.106202
2.8521323292577154,1.150017963444518,2.1405191616874584,0.10158
2.8521323292577154,5.573905557491186,0.09872488751207253,0.145765
3.022281852105664,-4.4649162905377935,0.9494725017518162,0.14903
3.022281852105664,-4.124617244841896,0.09872488751207253,0.155088
3.022281852105664,-3.954467721993947,-0.07142463533587673,0.156795
3.022281852105664,-3.103720107754203,2.480818207383356,0.149954
3.022281852105664,-2.252972493514459,3.3315658216230997,0.196841
3.192431374953614,-3.6141686762980494,-0.2415741581838251,0.158193
3.192431374953614,-3.2738696306021517,-0.41172368103177437,0.160598
3.192431374953614,-1.9126734478185616,-1.4326208181194673,0.127822
3.192431374953614,-1.2320753564267664,2.480818207383356,0.156817
3.192431374953614,0.29927034920477347,2.3106686845354076,0.104937
3.192431374953614,2.5112141462281086,1.8002201159915607,0.104467
3.192431374953614,5.403756034643238,0.6091734560559185,0.127987
3.3625808978015623,-1.572374402122664,-1.6027703409674157,0.117316
3.5327304206495107,-3.6141686762980494,-0.07142463533587673,0.155417
3.5327304206495107,-1.4022248792747147,2.3106686845354076,0.140888
3.5327304206495107,-0.8917763107308687,2.3106686845354076,0.122624
3.5327304206495107,0.46941987205272184,2.1405191616874584,0.0998948
3.5327304206495107,2.0007655776842617,1.8002201159915607,0.102183
3.5327304206495107,3.872410329011699,-1.6027703409674157,0.08118
3.5327304206495107,4.723157943251443,1.459921070295663,0.0788379
3.702879943497459,-4.124617244841896,0.7793229789038678,0.150974
3.702879943497459,-3.103720107754203,1.97036963883951,0.147472
3.702879943497459,-2.933570584906254,1.97036963883951,0.148567
3.702879943497459,-2.4231220163624076,1.97036963883951,0.149942
3.702879943497459,0.6395693949006711,-1.9430693866633133,0.109436
3.702879943497459,2.0007655776842617,-1.7729198638153645,0.100347
3.702879943497459,3.872410329011699,1.8002201159915607,0.0656024
3.702879943497459,4.382858897555544,1.6300705931436124,0.0699992
3.702879943497459,4.723157943251443,-1.0923217724235696,0.106998
3.8730294663454092,-3.784318199145998,0.4390239332079702,0.152963
3.8730294663454092,-3.784318199145998,1.459921070295663,0.147917
3.8730294663454092,-2.4231220163624076,-1.4326208181194673,0.126343
3.8730294663454092,-0.04102869649112417,1.97036963883951,0.102496
3.8730294663454092,2.17091510053221,-1.9430693866633133,0.0876052
3.8730294663454092,4.893307466099391,-0.752022726727672,0.12146
4.043178989193358,-3.6141686762980494,0.6091734560559185,0.152561
4.043178989193358,0.6395693949006711,1.8002201159915607,0.0983708
4.043178989193358,2.17091510053221,-2.113218909511262,0.082705
4.043178989193358,3.5321112833158006,1.6300705931436124,0.0743172
4.213328512041308,-3.2738696306021517,0.9494725017518162,0.149126
4.213328512041308,-3.103720107754203,1.1196220245997655,0.147047
4.213328512041308,0.46941987205272184,1.6300705931436124,0.102411
4.213328512041308,0.6395693949006711,-2.113218909511262,0.112076
4.213328512041308,1.3201674862924664,-2.113218909511262,0.109373
4.213328512041308,4.723157943251443,-0.752022726727672,0.131728
4.383478034889254,-1.4022248792747147,-1.9430693866633133,0.106157
4.383478034889254,0.9798684405965687,1.6300705931436124,0.0979054
4.383478034889254,1.8306160548363133,1.459921070295663,0.101589
4.383478034889254,2.681363669076057,0.9494725017518162,0.114323
4.5536275577372045,-3.103720107754203,-1.0923217724235696,0.138662
4.5536275577372045,-2.252972493514459,-1.6027703409674157,0.120748
4.5536275577372045,-1.572374402122664,1.8002201159915607,0.10987
4.5536275577372045,2.3410646233801584,0.9494725017518162,0.114604
4.5536275577372045,3.5321112833158006,-1.6027703409674157,0.0826827
4.5536275577372045,3.872410329011699,1.1196220245997655,0.0983636
4.5536275577372045,4.0425598518596475,-1.0923217724235696,0.128698
4.723777080585153,0.9798684405965687,1.459921070295663,0.100714
4.723777080585153,2.0007655776842617,-2.4535179552071598,0.0889969
4.723777080585153,2.0007655776842617,1.1196220245997655,0.109156
4.723777080585153,3.0216627147719537,0.7793229789038678,0.111735
4.893926603433103,-2.4231220163624076,1.2897715474477147,0.123157
4.893926603433103,-0.8917763107308687,1.6300705931436124,0.0991411
4.893926603433103,-0.21117821933907344,-2.283368432359211,0.108901
4.893926603433103,1.3201674862924664,-2.283368432359211,0.115832
5.06407612628105,-1.9126734478185616,-1.6027703409674157,0.120982
5.06407612628105,-0.3813277421870218,-2.283368432359211,0.110002
5.06407612628105,0.8097189177486204,-2.113218909511262,0.132206
5.06407612628105,1.150017963444518,1.2897715474477147,0.104214
5.06407612628105,3.872410329011699,0.2688744103600209,0.138748
5.234225649129,-2.08282297066651,1.2897715474477147,0.113818
5.234225649129,-0.7216267878829195,1.459921070295663,0.0959091
5.234225649129,-0.3813277421870218,-2.283368432359211,0.112855
5.404375171976948,-3.103720107754203,-0.752022726727672,0.142107
5.404375171976948,1.8306160548363133,-2.4535179552071598,0.121808
5.404375171976948,2.8515131919240053,-2.283368432359211,0.0962897
5.574524694824898,-2.933570584906254,-0.752022726727672,0.140459
5.574524694824898,-2.5932715392103565,0.7793229789038678,0.125569
5.574524694824898,-1.9126734478185616,-1.262471295271518,0.13192
5.574524694824898,-0.7216267878829195,1.2897715474477147,0.0948297
5.574524694824898,-0.5514772650349711,1.2897715474477147,0.0940979
5.574524694824898,0.6395693949006711,1.1196220245997655,0.101492
5.574524694824898,2.5112141462281086,0.7793229789038678,0.0859062
5.744674217672845,-1.7425239249706124,-1.262471295271518,0.133009
5.744674217672845,0.8097189177486204,0.9494725017518162,0.106515
5.744674217672845,1.3201674862924664,0.7793229789038678,0.114056
5.914823740520795,-1.572374402122664,-1.4326208181194673,0.131787
6.0849732633687434,-1.7425239249706124,0.09872488751207253,0.124754
6.0849732633687434,-0.3813277421870218,0.9494725017518162,0.0979409
6.0849732633687434,-0.21117821933907344,0.9494725017518162,0.0982766
6.0849732633687434,3.0216627147719537,0.2688744103600209,0.0845688
6.255122786216694,-1.572374402122664,-1.0923217724235696,0.136229
6.255122786216694,-0.04102869649112417,-2.113218909511262,0.141144
6.255122786216694,-0.04102869649112417,0.7793229789038678,0.102464
6.255122786216694,2.17091510053221,0.4390239332079702,0.0993253
6.255122786216694,3.191812237619904,-1.262471295271518,0.12901
6.42527230906464,-0.3813277421870218,0.6091734560559185,0.105191
6.59542183191259,0.46941987205272184,0.09872488751207253,0.127568
6.59542183191259,1.660466531988364,-0.07142463533587673,0.144983
6.765571354760537,-1.2320753564267664,-0.5818732038797227,0.133281
6.765571354760537,1.3201674862924664,-0.5818732038797227,0.184217
7.105870400456437,-0.5514772650349711,-1.262471295271518,0.144703
