-6.119334327035289,-0.7978627023966576,2.2373913997932737,0.0818828
-5.758597399200428,-1.8800734859012387,2.5981283276281344,0.0740454
-5.758597399200428,-0.07638884672693713,2.0570229358758434,0.0795555
-5.578228935282999,-1.3389680941489477,3.319602183297854,0.0863201
-5.578228935282999,-0.6174942384792272,3.319602183297854,0.0840826
-5.3978604713655685,-1.6997050219838084,0.9748121523712632,0.0610409
-5.3978604713655685,-0.7978627023966576,3.6803391111327146,0.0861094
-5.3978604713655685,0.1039796171904932,3.1392337193804236,0.079759
-5.217492007448138,-2.2408104137360993,1.3355490802061238,0.0395192
-5.217492007448138,-1.519336558066378,0.7944436884538328,0.0612108
-5.037123543530708,-2.7819158054883895,0.07296983278411329,0.00495339
-4.8567550796132775,0.464716545025353,3.860707575050145,0.0921989
-4.676386615695847,-2.962284269405819,3.6803391111327146,0.0859667
-4.496018151778418,-1.6997050219838084,-0.2877670950507474,0.0298842
-4.315649687860987,3.1702435037868044,-0.2877670950507474,0.0609759
-4.315649687860987,3.3506119677042348,0.07296983278411329,0.0624766
-4.315649687860987,3.8917173594565257,0.07296983278411329,0.0703548
-4.315649687860987,4.432822751208817,-0.2877670950507474,0.0820063
-4.135281223943557,-2.7819158054883895,4.041076038967575,0.088286
-4.135281223943557,-1.3389680941489477,4.401812966802436,0.0781078
-4.135281223943557,2.448769648117083,-1.0092409507204678,0.0576
-4.135281223943557,2.448769648117083,-0.8288724868030384,0.0563401
-4.135281223943557,2.8095065759519438,-1.3699778785553285,0.0639729
-4.135281223943557,3.3506119677042348,-1.1896094146378982,0.0693936
-4.135281223943557,3.3506119677042348,0.7944436884538328,0.0624861
-4.135281223943557,4.252454287291386,0.43370676061897306,0.0774341
-4.135281223943557,4.613191215126245,0.25333829670154273,0.0847323
-4.135281223943557,4.973928142961106,-0.4681355589681777,0.0945452
-3.954912760026127,1.9076642563647939,-1.1896094146378982,0.0580083
-3.954912760026127,2.2684011841996545,-1.9110832703076195,0.0667364
-3.954912760026127,3.530980431621665,1.3355490802061238,0.0685976
-3.954912760026127,3.7113488955390954,1.1551806162886935,0.0705909
-3.954912760026127,3.8917173594565257,0.9748121523712632,0.073155
-3.7745442961086972,-3.6837581250755393,-0.8288724868030384,0.0283532
-3.7745442961086972,-3.5033896611581095,-1.0092409507204678,0.0368056
-3.7745442961086972,-3.1426527333232492,-1.1896094146378982,0.0449767
-3.7745442961086972,-1.1585996302315182,4.401812966802436,0.0785047
-3.7745442961086972,1.5469273285299332,-1.1896094146378982,0.0583865
-3.7745442961086972,1.7272957924473635,-1.7307148063901892,0.063515
-3.7745442961086972,2.6291381120345134,-2.632557125977339,0.0824805
-3.594175832191267,-2.060441949818669,4.221444502885006,0.0809458
-3.594175832191267,1.5469273285299332,-1.9110832703076195,0.0663223
-3.594175832191267,2.989875039869374,2.2373913997932737,0.0723232
-3.594175832191267,4.252454287291386,1.876654471958413,0.0871962
-3.594175832191267,4.432822751208817,-1.5503463424727588,0.0930778
-3.4138073682738366,-1.3389680941489477,4.221444502885006,0.0776593
-3.4138073682738366,0.6450850089427833,2.0570229358758434,0.056819
-3.4138073682738366,0.8254534728602136,-1.3699778785553285,0.0638721
-3.4138073682738366,1.1861904006950743,-1.9110832703076195,0.0671214
-3.4138073682738366,1.1861904006950743,-0.2877670950507474,0.0598167
-3.4138073682738366,1.5469273285299332,-0.10739863113331705,0.0625485
-3.4138073682738366,2.448769648117083,2.2373913997932737,0.0683538
-3.4138073682738366,3.8917173594565257,2.5981283276281344,0.0916722
-3.4138073682738366,5.515033534713397,-0.8288724868030384,0.102383
-3.4138073682738366,5.515033534713397,0.07296983278411329,0.100507
-3.233438904356407,-4.58560044466269,-1.3699778785553285,0.0697762
-3.233438904356407,-4.58560044466269,-1.1896094146378982,0.0671998
-3.233438904356407,-4.58560044466269,-1.0092409507204678,0.0647855
-3.233438904356407,-4.58560044466269,-0.8288724868030384,0.062679
-3.233438904356407,-4.40523198074526,0.07296983278411329,0.0411206
-3.233438904356407,-2.962284269405819,2.417759863710704,0.0673092
-3.233438904356407,-1.1585996302315182,-0.648504022885608,0.0732282
-3.233438904356407,0.28434808110792265,-3.1736625177296296,0.0480985
-3.233438904356407,0.28434808110792265,3.860707575050145,0.0924356
-3.233438904356407,0.6450850089427833,-3.1736625177296296,0.0497587
-3.233438904356407,0.8254534728602136,0.25333829670154273,0.0582772
-3.233438904356407,0.8254534728602136,1.3355490802061238,0.0472931
-3.233438904356407,1.1861904006950743,1.6962860080409845,0.0549756
-3.233438904356407,1.9076642563647939,-2.8129255898947694,0.0785371
-3.233438904356407,4.973928142961106,0.7944436884538328,0.0949783
-3.053070440438977,-2.2408104137360993,-1.7307148063901892,0.0784083
-3.053070440438977,-0.6174942384792272,-2.632557125977339,0.049012
-3.053070440438977,-0.6174942384792272,-2.2718201981424793,0.0493758
-3.053070440438977,0.6450850089427833,2.417759863710704,0.0591767
-3.053070440438977,0.8254534728602136,2.0570229358758434,0.0530328
-3.053070440438977,1.9076642563647939,2.417759863710704,0.0707163
-3.053070440438977,4.793559679043676,1.3355490802061238,0.09495
-2.8727019765215465,-4.946337372497551,-1.3699778785553285,0.0754338
-2.8727019765215465,-2.962284269405819,2.2373913997932737,0.070415
-2.8727019765215465,-2.2408104137360993,-2.091451734225049,0.0832853
-2.8727019765215465,-0.6174942384792272,-3.1736625177296296,0.053241
-2.8727019765215465,-0.2567573106443666,-0.2877670950507474,0.0794776
-2.8727019765215465,-0.2567573106443666,3.6803391111327146,0.0822254
-2.8727019765215465,-0.07638884672693713,-1.0092409507204678,0.0694986
-2.8727019765215465,-0.07638884672693713,-0.4681355589681777,0.0737589
-2.8727019765215465,3.3506119677042348,-3.3540309816470595,0.102135
-2.8727019765215465,4.252454287291386,-2.091451734225049,0.0955634
-2.692333512604117,-4.946337372497551,0.25333829670154273,0.0822234
-2.692333512604117,-3.8641265889929697,1.5159175441235542,0.0411462
-2.692333512604117,-0.9782311663140879,-2.8129255898947694,0.0548377
-2.692333512604117,-0.9782311663140879,-1.9110832703076195,0.0524176
-2.692333512604117,-0.9782311663140879,-1.1896094146378982,0.0596159
-2.692333512604117,-0.6174942384792272,-1.1896094146378982,0.0618385
-2.692333512604117,-0.07638884672693713,3.319602183297854,0.072626
-2.692333512604117,1.1861904006950743,2.5981283276281344,0.0724947
-2.692333512604117,4.252454287291386,2.9588652554629933,0.104208
-2.5119650486866867,-1.1585996302315182,-2.632557125977339,0.0569882
-2.5119650486866867,-1.1585996302315182,-1.9110832703076195,0.0544915
-2.5119650486866867,0.8254534728602136,2.5981283276281344,0.068199
-2.5119650486866867,1.1861904006950743,-3.89513637339935,0.0524237
-2.5119650486866867,5.515033534713397,0.07296983278411329,0.092514
-2.3315965847692564,-4.2248635168278295,0.7944436884538328,0.0698143
-2.3315965847692564,-0.7978627023966576,-3.53439944556449,0.0677057
-2.3315965847692564,2.2684011841996545,-3.3540309816470595,0.0827844
-2.3315965847692564,2.2684011841996545,2.9588652554629933,0.0914772
-2.3315965847692564,3.8917173594565257,-2.9932940538121997,0.0969477
-2.3315965847692564,5.334665070795967,-1.0092409507204678,0.0892497
-2.3315965847692564,5.515033534713397,-0.4681355589681777,0.0904121
-2.151228120851826,-5.487442764249841,-0.2877670950507474,0.0910147
-2.151228120851826,-4.0444950529104,-2.9932940538121997,0.0844271
-2.151228120851826,1.1861904006950743,3.1392337193804236,0.0917657
-2.151228120851826,1.5469273285299332,-3.89513637339935,0.0546467
-2.151228120851826,2.2684011841996545,-3.3540309816470595,0.0797587
-2.151228120851826,4.973928142961106,1.1551806162886935,0.0881773
-1.9708596569343957,-3.1426527333232492,-2.9932940538121997,0.0868523
-1.9708596569343957,-2.060441949818669,-2.2718201981424793,0.0844227
-1.9708596569343957,0.464716545025353,-4.25587330123421,0.0642173
-1.9708596569343957,0.6450850089427833,-4.25587330123421,0.06119
-1.9708596569343957,1.3665588646125046,-4.07550483731678,0.0538343
-1.9708596569343957,2.6291381120345134,2.9588652554629933,0.0980328
-1.9708596569343957,4.973928142961106,-1.1896094146378982,0.0810558
-1.7904911930169654,-3.8641265889929697,0.7944436884538328,0.0837036
-1.7904911930169654,-2.962284269405819,1.6962860080409845,0.0910984
-1.7904911930169654,0.464716545025353,2.778496791545563,0.0805343
-1.7904911930169654,3.8917173594565257,2.9588652554629933,0.100618
-1.7904911930169654,4.973928142961106,-1.0092409507204678,0.0783975
-1.610122729099536,-0.6174942384792272,-3.89513637339935,0.0877671
-1.610122729099536,-0.6174942384792272,2.9588652554629933,0.0563677
-1.610122729099536,4.432822751208817,2.5981283276281344,0.0972748
-1.4297542651821056,-5.487442764249841,-1.5503463424727588,0.0880879
-1.4297542651821056,-5.487442764249841,-1.3699778785553285,0.0867098
-1.4297542651821056,-5.487442764249841,-1.1896094146378982,0.0858615
-1.4297542651821056,-5.487442764249841,-1.0092409507204678,0.0858076
-1.4297542651821056,-5.487442764249841,-0.8288724868030384,0.0865373
-1.4297542651821056,-1.8800734859012387,2.2373913997932737,0.0814212
-1.4297542651821056,-1.6997050219838084,2.417759863710704,0.0727342
-1.4297542651821056,-1.1585996302315182,-3.3540309816470595,0.0840001
-1.4297542651821056,-0.6174942384792272,-3.89513637339935,0.091023
-1.2493858012646752,-5.487442764249841,-1.9110832703076195,0.0940378
-1.2493858012646752,2.2684011841996545,-3.1736625177296296,0.067921
-1.2493858012646752,2.6291381120345134,-2.8129255898947694,0.0776285
-1.2493858012646752,4.613191215126245,-0.8288724868030384,0.0731226
-1.069017337347245,-5.487442764249841,-1.5503463424727588,0.0924643
-1.069017337347245,-5.307074300332411,-0.4681355589681777,0.089358
-1.069017337347245,-3.5033896611581095,0.7944436884538328,0.0862222
-1.069017337347245,-3.3230211972406796,-2.9932940538121997,0.105159
-1.069017337347245,2.448769648117083,3.1392337193804236,0.100367
-1.069017337347245,4.432822751208817,1.6962860080409845,0.0788735
-0.8886488734298146,-3.6837581250755393,0.6140752245364025,0.0909961
-0.8886488734298146,-0.9782311663140879,2.5981283276281344,0.0920089
-0.8886488734298146,2.6291381120345134,-2.4521886620599096,0.0741892
-0.7082804095123842,-3.5033896611581095,-2.9932940538121997,0.119234
-0.7082804095123842,-2.601547341570959,-2.8129255898947694,0.110194
-0.7082804095123842,-1.519336558066378,-2.8129255898947694,0.0792966
-0.7082804095123842,-0.6174942384792272,-3.71476790948192,0.0929624
-0.7082804095123842,1.7272957924473635,-3.71476790948192,0.0549591
-0.7082804095123842,2.088032720282224,-3.1736625177296296,0.060593
-0.7082804095123842,2.448769648117083,2.9588652554629933,0.0968001
-0.7082804095123842,3.530980431621665,-1.5503463424727588,0.0726856
-0.7082804095123842,4.072085823373956,-0.8288724868030384,0.0800312
-0.7082804095123842,4.072085823373956,1.5159175441235542,0.075339
-0.7082804095123842,4.252454287291386,-0.4681355589681777,0.079602
-0.7082804095123842,4.252454287291386,0.25333829670154273,0.0714377
-0.7082804095123842,4.252454287291386,0.43370676061897306,0.0703552
-0.5279119455949548,-3.6837581250755393,-2.9932940538121997,0.126416
-0.5279119455949548,-2.060441949818669,1.6962860080409845,0.0879131
-0.5279119455949548,-1.6997050219838084,1.876654471958413,0.0951881
-0.5279119455949548,0.28434808110792265,2.778496791545563,0.105581
-0.5279119455949548,1.9076642563647939,-3.3540309816470595,0.0569177
-0.5279119455949548,4.072085823373956,0.7944436884538328,0.0714978
-0.34754348167752447,-2.601547341570959,-2.9932940538121997,0.118331
-0.34754348167752447,-1.8800734859012387,-2.9932940538121997,0.0907697
-0.34754348167752447,1.005821936777644,2.778496791545563,0.103778
-0.34754348167752447,2.448769648117083,2.5981283276281344,0.0893046
-0.34754348167752447,2.6291381120345134,2.417759863710704,0.0860833
-0.34754348167752447,2.8095065759519438,-1.3699778785553285,0.0702574
-0.34754348167752447,2.8095065759519438,2.2373913997932737,0.0836197
-0.34754348167752447,2.989875039869374,-1.0092409507204678,0.0744779
-0.34754348167752447,2.989875039869374,-0.648504022885608,0.0767366
-0.34754348167752447,2.989875039869374,-0.4681355589681777,0.0771945
-0.34754348167752447,2.989875039869374,-0.2877670950507474,0.0770327
-0.34754348167752447,4.072085823373956,0.7944436884538328,0.0747708
-0.16717501776009502,-1.6997050219838084,1.6962860080409845,0.0982425
-0.16717501776009502,-1.1585996302315182,2.417759863710704,0.105923
-0.16717501776009502,1.1861904006950743,2.5981283276281344,0.0985785
-0.16717501776009502,1.7272957924473635,-3.1736625177296296,0.0568318
-0.16717501776009502,1.9076642563647939,-2.4521886620599096,0.0640819
-0.16717501776009502,2.6291381120345134,-0.648504022885608,0.0740527
-0.16717501776009502,2.6291381120345134,-0.4681355589681777,0.0754674
-0.16717501776009502,2.8095065759519438,-0.2877670950507474,0.0776042
-0.16717501776009502,3.3506119677042348,-1.1896094146378982,0.0869491
-0.16717501776009502,4.252454287291386,-1.3699778785553285,0.0995869
-0.16717501776009502,4.613191215126245,-1.1896094146378982,0.0995524
-0.16717501776009502,4.613191215126245,0.43370676061897306,0.0826003
0.013193446157335309,-4.2248635168278295,-2.632557125977339,0.143685
0.013193446157335309,-0.7978627023966576,2.5981283276281344,0.108382
0.013193446157335309,-0.07638884672693713,-3.53439944556449,0.078906
0.013193446157335309,1.005821936777644,2.2373913997932737,0.0951505
0.013193446157335309,1.1861904006950743,2.2373913997932737,0.0928978
0.013193446157335309,1.7272957924473635,-1.9110832703076195,0.0656993
0.013193446157335309,2.2684011841996545,-1.1896094146378982,0.0669318
0.013193446157335309,3.7113488955390954,1.6962860080409845,0.0923063
0.013193446157335309,4.613191215126245,-1.3699778785553285,0.100854
0.19356191007476564,-4.40523198074526,-1.3699778785553285,0.125222
0.19356191007476564,-3.1426527333232492,0.43370676061897306,0.0995687
0.19356191007476564,-0.2567573106443666,-3.1736625177296296,0.0792233
0.19356191007476564,1.3665588646125046,-2.9932940538121997,0.0572735
0.19356191007476564,2.2684011841996545,-1.1896094146378982,0.0653079
0.19356191007476564,3.3506119677042348,1.876654471958413,0.0971653
0.19356191007476564,4.793559679043676,-1.3699778785553285,0.0998147
0.19356191007476564,4.973928142961106,-1.1896094146378982,0.097709
0.373930373992196,-3.8641265889929697,-0.4681355589681777,0.10835
0.373930373992196,-0.6174942384792272,2.417759863710704,0.107894
0.373930373992196,1.1861904006950743,-2.4521886620599096,0.0580536
0.373930373992196,1.1861904006950743,-2.2718201981424793,0.0583634
0.373930373992196,1.1861904006950743,-2.091451734225049,0.0590287
0.373930373992196,1.5469273285299332,-1.7307148063901892,0.0581947
0.373930373992196,2.088032720282224,-1.5503463424727588,0.0592313
0.5542988379096263,-3.6837581250755393,-2.8129255898947694,0.180839
0.5542988379096263,-2.7819158054883895,-3.1736625177296296,0.158077
0.5542988379096263,-2.601547341570959,-3.1736625177296296,0.150466
0.5542988379096263,1.005821936777644,-1.9110832703076195,0.0605727
0.5542988379096263,2.088032720282224,1.5159175441235542,0.0886665
0.5542988379096263,4.613191215126245,1.6962860080409845,0.0928715
0.7346673018270566,-0.7978627023966576,1.876654471958413,0.107308
0.7346673018270566,-0.07638884672693713,-2.4521886620599096,0.0868706
0.7346673018270566,0.28434808110792265,2.417759863710704,0.0789158
0.7346673018270566,2.989875039869374,2.0570229358758434,0.101751
0.7346673018270566,5.515033534713397,0.43370676061897306,0.0895917
0.915035765744487,2.2684011841996545,1.876654471958413,0.0792386
1.0954042296619155,-1.3389680941489477,-2.8129255898947694,0.137288
1.0954042296619155,-1.1585996302315182,1.5159175441235542,0.111372
1.0954042296619155,1.7272957924473635,2.5981283276281344,0.0632202
1.2757726935793459,-2.601547341570959,0.43370676061897306,0.125821
1.2757726935793459,-2.421178877653529,0.7944436884538328,0.130775
1.2757726935793459,0.28434808110792265,2.778496791545563,0.0727072
1.2757726935793459,1.9076642563647939,2.5981283276281344,0.0631705
1.2757726935793459,5.334665070795967,1.3355490802061238,0.0919865
1.2757726935793459,5.515033534713397,-0.8288724868030384,0.0895218
1.4561411574967762,-3.5033896611581095,-2.4521886620599096,0.185204
1.4561411574967762,-3.3230211972406796,-2.632557125977339,0.186087
1.4561411574967762,-2.601547341570959,1.1551806162886935,0.140688
1.4561411574967762,-0.2567573106443666,-2.8129255898947694,0.122451
1.4561411574967762,0.6450850089427833,-2.091451734225049,0.0855467
1.4561411574967762,0.6450850089427833,2.9588652554629933,0.07101
1.4561411574967762,2.448769648117083,-2.091451734225049,0.0815633
1.4561411574967762,4.432822751208817,2.0570229358758434,0.0959238
1.4561411574967762,5.695401998630827,-0.648504022885608,0.0928458
1.6365096214142065,-2.962284269405819,-0.10739863113331705,0.129793
1.6365096214142065,-2.962284269405819,0.7944436884538328,0.139934
1.6365096214142065,-2.7819158054883895,1.3355490802061238,0.144467
1.6365096214142065,-2.060441949818669,1.6962860080409845,0.145405
1.6365096214142065,6.056138926465688,0.25333829670154273,0.102757
1.8168780853316369,-2.962284269405819,-0.10739863113331705,0.137362
1.8168780853316369,-0.2567573106443666,-3.1736625177296296,0.129284
1.8168780853316369,0.1039796171904932,-2.9932940538121997,0.12568
1.8168780853316369,0.28434808110792265,-2.8129255898947694,0.122373
1.8168780853316369,3.1702435037868044,2.0570229358758434,0.0973159
1.9972465492490654,2.8095065759519438,1.876654471958413,0.0849011
1.9972465492490654,2.989875039869374,1.876654471958413,0.0924033
1.9972465492490654,4.432822751208817,1.876654471958413,0.0943332
2.1776150131664957,-2.2408104137360993,2.0570229358758434,0.156126
2.1776150131664957,0.8254534728602136,-2.2718201981424793,0.103976
2.1776150131664957,1.9076642563647939,-2.2718201981424793,0.0863515
2.357983477083926,-3.3230211972406796,-2.4521886620599096,0.158653
2.357983477083926,-2.962284269405819,-2.9932940538121997,0.153059
2.357983477083926,-1.519336558066378,-3.3540309816470595,0.134394
2.357983477083926,0.28434808110792265,-3.1736625177296296,0.133867
2.357983477083926,0.464716545025353,-2.9932940538121997,0.132046
2.357983477083926,2.448769648117083,2.2373913997932737,0.0718332
2.357983477083926,2.8095065759519438,1.6962860080409845,0.0884479
2.357983477083926,3.1702435037868044,-2.4521886620599096,0.11651
2.5383519410013564,-2.601547341570959,2.0570229358758434,0.15992
2.5383519410013564,-2.2408104137360993,-3.3540309816470595,0.13921
2.5383519410013564,0.8254534728602136,-2.2718201981424793,0.116502
2.5383519410013564,1.1861904006950743,2.9588652554629933,0.100999
2.7187204049187867,-2.2408104137360993,-3.3540309816470595,0.137785
2.7187204049187867,-0.2567573106443666,2.778496791545563,0.18877
2.7187204049187867,4.793559679043676,-1.0092409507204678,0.112586
2.7187204049187867,5.695401998630827,0.7944436884538328,0.112824
2.899088868836217,-3.1426527333232492,1.6962860080409845,0.160862
2.899088868836217,-1.8800734859012387,-3.3540309816470595,0.13254
2.899088868836217,-1.519336558066378,-3.3540309816470595,0.129847
2.899088868836217,0.464716545025353,-2.9932940538121997,0.137424
2.899088868836217,0.8254534728602136,-1.9110832703076195,0.115878
2.899088868836217,2.448769648117083,1.876654471958413,0.0888969
2.899088868836217,5.515033534713397,-0.2877670950507474,0.112911
3.0794573327536474,-4.0444950529104,-0.10739863113331705,0.15055
3.0794573327536474,-3.5033896611581095,-1.0092409507204678,0.155764
3.0794573327536474,-3.3230211972406796,-1.1896094146378982,0.156777
3.0794573327536474,-2.601547341570959,-3.1736625177296296,0.140507
3.0794573327536474,-2.2408104137360993,2.417759863710704,0.174077
3.0794573327536474,-1.6997050219838084,2.417759863710704,0.185543
3.0794573327536474,0.464716545025353,2.9588652554629933,0.187782
3.0794573327536474,1.3665588646125046,-1.7307148063901892,0.104784
3.0794573327536474,3.530980431621665,1.3355490802061238,0.118081
3.0794573327536474,3.8917173594565257,1.1551806162886935,0.116667
3.0794573327536474,4.613191215126245,-0.8288724868030384,0.119495
3.0794573327536474,4.793559679043676,0.9748121523712632,0.1105
3.2598257966710777,-3.3230211972406796,1.5159175441235542,0.16623
3.2598257966710777,-2.962284269405819,-2.8129255898947694,0.1448
3.2598257966710777,0.28434808110792265,-2.9932940538121997,0.137676
3.2598257966710777,0.6450850089427833,-1.1896094146378982,0.11573
3.2598257966710777,3.8917173594565257,-2.2718201981424793,0.125415
3.2598257966710777,4.432822751208817,-1.3699778785553285,0.120998
3.2598257966710777,4.973928142961106,0.07296983278411329,0.116211
3.440194260588508,-3.6837581250755393,-1.0092409507204678,0.155928
3.440194260588508,-1.8800734859012387,2.9588652554629933,0.182911
3.440194260588508,-0.2567573106443666,-3.1736625177296296,0.134092
3.440194260588508,0.28434808110792265,3.1392337193804236,0.201971
3.440194260588508,0.8254534728602136,-0.2877670950507474,0.140829
3.440194260588508,0.8254534728602136,-0.10739863113331705,0.150414
3.440194260588508,1.005821936777644,0.07296983278411329,0.160726
3.440194260588508,1.5469273285299332,-1.1896094146378982,0.121842
3.6205627245059384,-2.962284269405819,-2.091451734225049,0.147738
3.6205627245059384,-1.8800734859012387,3.1392337193804236,0.184225
3.6205627245059384,-0.2567573106443666,-2.9932940538121997,0.132807
3.6205627245059384,0.28434808110792265,-1.9110832703076195,0.129542
3.6205627245059384,0.464716545025353,3.1392337193804236,0.203365
3.6205627245059384,1.3665588646125046,0.07296983278411329,0.163046
3.6205627245059384,1.3665588646125046,2.2373913997932737,0.168712
3.6205627245059384,1.5469273285299332,-0.648504022885608,0.138577
3.6205627245059384,3.8917173594565257,0.7944436884538328,0.125854
3.6205627245059384,4.252454287291386,-1.1896094146378982,0.122795
3.6205627245059384,4.252454287291386,-1.0092409507204678,0.123147
3.8009311884233687,-4.2248635168278295,0.07296983278411329,0.154502
3.8009311884233687,-3.6837581250755393,1.1551806162886935,0.163278
3.8009311884233687,0.1039796171904932,3.319602183297854,0.207876
3.8009311884233687,0.464716545025353,-1.1896094146378982,0.111537
3.8009311884233687,4.072085823373956,-0.8288724868030384,0.124194
3.981299652340799,-3.3230211972406796,-1.1896094146378982,0.154854
3.981299652340799,-0.9782311663140879,-2.4521886620599096,0.12495
3.981299652340799,-0.6174942384792272,3.319602183297854,0.210169
3.981299652340799,1.7272957924473635,-0.2877670950507474,0.152998
4.161668116258228,0.1039796171904932,-1.5503463424727588,0.10599
4.161668116258228,1.9076642563647939,-0.2877670950507474,0.151605
4.161668116258228,2.6291381120345134,1.1551806162886935,0.153454
4.161668116258228,2.8095065759519438,1.1551806162886935,0.149024
4.161668116258228,3.3506119677042348,-1.3699778785553285,0.123981
4.161668116258228,3.530980431621665,-0.8288724868030384,0.123306
4.342036580175658,-3.6837581250755393,-0.8288724868030384,0.155292
4.342036580175658,0.28434808110792265,3.4999706472152843,0.223533
4.342036580175658,0.464716545025353,-0.4681355589681777,0.145905
4.342036580175658,2.088032720282224,-0.10739863113331705,0.154862
4.342036580175658,2.8095065759519438,-0.648504022885608,0.12895
4.522405044093088,-3.6837581250755393,0.7944436884538328,0.163951
4.522405044093088,-2.962284269405819,-1.0092409507204678,0.149453
4.522405044093088,-0.7978627023966576,-1.9110832703076195,0.096681
4.522405044093088,0.28434808110792265,-0.8288724868030384,0.119438
4.522405044093088,0.6450850089427833,-0.10739863113331705,0.207985
4.522405044093088,2.989875039869374,0.25333829670154273,0.141757
4.702773508010519,-2.7819158054883895,3.319602183297854,0.17862
4.883141971927949,-3.3230211972406796,0.9748121523712632,0.174055
4.883141971927949,-3.3230211972406796,1.3355490802061238,0.175313
4.883141971927949,-3.3230211972406796,2.5981283276281344,0.171454
4.883141971927949,-2.962284269405819,3.1392337193804236,0.17594
4.883141971927949,-0.4371257745617969,-1.3699778785553285,0.0938021
4.883141971927949,-0.07638884672693713,-0.8288724868030384,0.116526
4.883141971927949,0.464716545025353,-0.10739863113331705,0.215845
4.883141971927949,0.8254534728602136,3.319602183297854,0.235807
5.063510435845379,1.1861904006950743,0.43370676061897306,0.238096
5.24387889976281,-1.519336558066378,-0.4681355589681777,0.140559
5.24387889976281,-0.2567573106443666,0.07296983278411329,0.203316
5.24387889976281,1.1861904006950743,0.6140752245364025,0.237355
5.42424736368024,-2.962284269405819,0.43370676061897306,0.169361
5.42424736368024,-1.3389680941489477,-0.2877670950507474,0.153398
5.60461582759767,-2.7819158054883895,0.25333829670154273,0.168087
5.60461582759767,-0.6174942384792272,3.1392337193804236,0.239127
5.965352755432531,-2.2408104137360993,2.417759863710704,0.16797
5.965352755432531,-1.3389680941489477,2.417759863710704,0.196345
6.145721219349961,-0.6174942384792272,1.6962860080409845,0.209045
6.32608968326739,-2.601547341570959,1.5159175441235542,0.166605
6.32608968326739,-2.2408104137360993,0.25333829670154273,0.171334
6.32608968326739,-1.519336558066378,2.0570229358758434,0.181326
6.32608968326739,-0.7978627023966576,1.3355490802061238,0.196316
6.50645814718482,-1.1585996302315182,0.6140752245364025,0.181656
