-6.976051589361864,-0.6027095564565346,-0.44703303025559116,0.00927638
-6.976051589361864,-0.4721790020167984,-0.316502475815855,0.00886229
-6.976051589361864,-0.4721790020167984,0.33615029638282534,0.00875924
-6.976051589361864,-0.34164844757706225,-0.055441366936382686,0.00848554
-6.845521034922128,-1.9080151008538953,-0.316502475815855,0.0275404
-6.845521034922128,-1.5164234375346872,-0.7080941391350635,0.0197899
-6.845521034922128,-0.8637706653360064,-0.8386246935747996,0.00983807
-6.845521034922128,-0.7332401108962707,-0.8386246935747996,0.00881162
-6.845521034922128,-0.6027095564565346,-0.8386246935747996,0.00817486
-6.845521034922128,-0.4721790020167984,-0.8386246935747996,0.00792266
-6.845521034922128,-0.34164844757706225,-0.8386246935747996,0.00798648
-6.845521034922128,-0.21111789313732654,-0.8386246935747996,0.00825615
-6.845521034922128,0.049943215742145775,0.7277419597020334,0.00867748
-6.845521034922128,0.18047377018188193,-0.44703303025559116,0.00767759
-6.845521034922128,0.18047377018188193,0.4666808508225615,0.00774425
-6.714990480482392,-1.7774845464141595,0.7277419597020334,0.0232773
-6.714990480482392,-1.255362328655215,-0.9691552480145358,0.0135705
-6.714990480482392,-0.6027095564565346,-1.0996858024542715,0.00802718
-6.714990480482392,0.5720654335010904,-0.5775635846953273,0.00874578
-6.714990480482392,0.5720654335010904,0.4666808508225615,0.00779002
-6.714990480482392,0.5720654335010904,0.5972114052622972,0.00897834
-6.584459926042656,-0.7332401108962707,1.2498641774609789,0.00807899
-6.584459926042656,0.44153487906135513,-1.3607469113337443,0.0175084
-6.584459926042656,0.5720654335010904,1.2498641774609789,0.0171132
-6.45392937160292,-2.299606764173104,0.33615029638282534,0.0308244
-6.45392937160292,-1.7774845464141595,0.9888030685815057,0.0202022
-6.45392937160292,-1.5164234375346872,1.1193336230212418,0.0152689
-6.45392937160292,-1.1248317742154788,1.2498641774609789,0.00952674
-6.45392937160292,0.049943215742145775,1.6414558407801865,0.0175787
-6.45392937160292,0.9636570968202989,-0.44703303025559116,0.00716479
-6.45392937160292,0.9636570968202989,0.4666808508225615,0.00748404
-6.3233988171631825,-1.9080151008538953,0.9888030685815057,0.0213914
-6.3233988171631825,0.049943215742145775,1.7719863952199226,0.0189643
-6.3233988171631825,0.5720654335010904,1.6414558407801865,0.021965
-6.3233988171631825,1.094187651260035,-0.7080941391350635,0.0105531
-6.3233988171631825,1.094187651260035,-0.5775635846953273,0.00856199
-6.3233988171631825,1.094187651260035,0.4666808508225615,0.00693858
-6.3233988171631825,1.094187651260035,0.7277419597020334,0.0109079
-6.192868262723447,-2.4301373186128403,0.33615029638282534,0.0306338
-6.192868262723447,-1.255362328655215,1.3803947319007142,0.00952054
-6.192868262723447,-0.4721790020167984,-1.7523385746529523,0.0131567
-6.062337708283711,-0.6027095564565346,1.7719863952199226,0.0120516
-6.062337708283711,-0.34164844757706225,-1.8828691290926884,0.0157522
-6.062337708283711,0.7025959879408266,1.7719863952199226,0.0239141
-5.931807153843975,-1.7774845464141595,-1.230216356894008,0.0158765
-5.931807153843975,-1.255362328655215,-1.4912774657734802,0.00916602
-5.931807153843975,-0.7332401108962707,1.7719863952199226,0.0108871
-5.931807153843975,0.9636570968202989,1.6414558407801865,0.0227256
-5.931807153843975,1.2247182056997712,1.2498641774609789,0.0174114
-5.801276599404239,-1.7774845464141595,1.2498641774609789,0.0154109
-5.801276599404239,-0.6027095564565346,-1.8828691290926884,0.0130796
-5.801276599404239,1.3552487601395073,-0.1859719213761193,0.000219155
-5.801276599404239,1.3552487601395073,0.20561974194308918,0.000413865
-5.5402154905247665,-1.1248317742154788,1.6414558407801865,0.0101329
-5.5402154905247665,-0.34164844757706225,2.033047504099395,0.01648
-5.40968493608503,-2.299606764173104,0.7277419597020334,0.023219
-5.40968493608503,-0.34164844757706225,2.033047504099395,0.0163585
-5.279154381645294,0.9636570968202989,-1.7523385746529523,0.0185987
-5.279154381645294,1.3552487601395073,1.1193336230212418,0.00819961
-5.148623827205558,-2.4301373186128403,0.07508918750335303,0.0258074
-5.148623827205558,-2.299606764173104,0.5972114052622972,0.0235576
-5.148623827205558,-2.038545655293632,0.9888030685815057,0.0200141
-5.148623827205558,-1.9080151008538953,1.1193336230212418,0.0186154
-5.148623827205558,-1.7774845464141595,-1.230216356894008,0.0173957
-5.148623827205558,-1.385892883094951,-1.4912774657734802,0.014419
-5.148623827205558,-1.1248317742154788,1.6414558407801865,0.0129538
-5.148623827205558,-0.21111789313732654,2.033047504099395,0.0165128
-5.148623827205558,0.44153487906135513,-2.0133996835324246,0.0193488
-5.148623827205558,1.2247182056997712,1.3803947319007142,0.0108029
-5.018093272765823,-2.038545655293632,-0.9691552480145358,0.020848
-5.018093272765823,-1.7774845464141595,-1.230216356894008,0.0185461
-5.018093272765823,-0.6027095564565346,-1.8828691290926884,0.0136852
-4.887562718326086,-2.038545655293632,-0.9691552480145358,0.0218962
-4.887562718326086,-1.6469539919744234,-1.3607469113337443,0.0187567
-4.887562718326086,-1.385892883094951,1.5109252863404503,0.0170813
-4.75703216388635,-2.299606764173104,-0.316502475815855,0.0265386
-4.75703216388635,-0.7332401108962707,1.7719863952199226,0.0143169
-4.75703216388635,0.18047377018188193,1.9025169496596588,0.0140381
-4.75703216388635,0.3110043246216181,-1.8828691290926884,0.0137266
-4.626501609446614,0.9636570968202989,1.3803947319007142,0.000261189
-4.626501609446614,1.2247182056997712,-0.8386246935747996,-0.0124453
-4.495971055006878,-1.9080151008538953,-1.4912774657734802,0.0228684
-4.495971055006878,-1.255362328655215,-1.7523385746529523,0.0188415
-4.495971055006878,0.049943215742145775,-1.7523385746529523,0.0109804
-4.495971055006878,0.7025959879408266,1.5109252863404503,0.0016899
-4.495971055006878,0.9636570968202989,1.2498641774609789,-0.0064399
-4.495971055006878,1.3552487601395073,-0.316502475815855,-0.0260575
-4.495971055006878,1.3552487601395073,0.33615029638282534,-0.025929
-4.365440500567142,-2.299606764173104,-1.0996858024542715,0.0247348
-4.365440500567142,-2.038545655293632,1.5109252863404503,0.024164
-4.365440500567142,-1.9080151008538953,-1.6218080202132164,0.0236932
-4.365440500567142,0.18047377018188193,1.6414558407801865,0.00759798
-4.365440500567142,0.5720654335010904,-1.4912774657734802,-0.000296418
-4.365440500567142,1.2247182056997712,0.8582725141417695,-0.0239844
-4.365440500567142,1.4857793145792435,-0.055441366936382686,-0.0339159
-4.365440500567142,1.4857793145792435,0.07508918750335303,-0.0338859
-4.234909946127406,-0.4721790020167984,-1.7523385746529523,0.0139443
-4.234909946127406,0.7025959879408266,-1.3607469113337443,-0.0098944
-4.234909946127406,1.2247182056997712,-0.9691552480145358,-0.028223
-4.234909946127406,1.4857793145792435,-0.5775635846953273,-0.0359326
-4.10437939168767,-1.7774845464141595,-1.8828691290926884,0.0242955
-4.10437939168767,-0.4721790020167984,1.7719863952199226,0.0136032
-4.10437939168767,0.3110043246216181,-1.4912774657734802,-0.00124824
-3.9738488372479326,-2.560667873052576,-0.7080941391350635,0.0250182
-3.9738488372479326,-2.560667873052576,-0.5775635846953273,0.0248473
-3.9738488372479326,-2.560667873052576,0.5972114052622972,0.0248624
-3.9738488372479326,-2.560667873052576,0.7277419597020334,0.0250085
-3.9738488372479326,-1.9080151008538953,-1.8828691290926884,0.0254103
-3.9738488372479326,-1.385892883094951,2.033047504099395,0.0218872
-3.9738488372479326,-1.255362328655215,2.033047504099395,0.0208174
-3.8433182828081973,-2.560667873052576,-0.1859719213761193,0.0244049
-3.8433182828081973,-2.560667873052576,0.20561974194308918,0.0244371
-3.8433182828081973,-1.6469539919744234,2.033047504099395,0.024118
-3.8433182828081973,1.877370977898452,-0.316502475815855,-0.0435939
-3.712787728368461,0.8331265423805627,1.5109252863404503,-0.0288305
-3.582257173928725,-2.038545655293632,1.9025169496596588,0.0266061
-3.582257173928725,-1.7774845464141595,2.033047504099395,0.0253355
-3.582257173928725,-0.8637706653360064,2.033047504099395,0.0168178
-3.582257173928725,0.049943215742145775,-1.6218080202132164,-0.00336773
-3.451726619488989,-2.560667873052576,-1.230216356894008,0.0263582
-3.451726619488989,-2.038545655293632,1.9025169496596588,0.0266423
-3.451726619488989,-1.7774845464141595,2.033047504099395,0.0253321
-3.451726619488989,-0.8637706653360064,2.033047504099395,0.0165413
-3.451726619488989,0.3110043246216181,1.6414558407801865,-0.0160243
-3.451726619488989,0.44153487906135513,1.6414558407801865,-0.0206135
-3.1906655106095165,-2.560667873052576,-1.0996858024542715,0.0259015
-3.1906655106095165,-2.299606764173104,-1.6218080202132164,0.0267761
-3.1906655106095165,2.007901532338188,0.5972114052622972,-0.0332567
-3.0601349561697804,-2.560667873052576,-0.8386246935747996,0.025227
-3.0601349561697804,-2.560667873052576,-0.5775635846953273,0.0243785
-3.0601349561697804,-2.560667873052576,0.5972114052622972,0.024452
-3.0601349561697804,-2.560667873052576,0.8582725141417695,0.0251873
-3.0601349561697804,-1.385892883094951,2.033047504099395,0.0211408
-3.0601349561697804,-1.255362328655215,2.033047504099395,0.0198241
-2.929604401730044,-0.34164844757706225,1.6414558407801865,0.00553049
-2.929604401730044,-0.21111789313732654,-1.6218080202132164,0.00100956
-2.929604401730044,2.1384320867779243,-0.44703303025559116,-0.0182784
-2.799073847290309,-2.4301373186128403,0.9888030685815057,0.0253777
-2.799073847290309,-0.7332401108962707,-1.7523385746529523,0.0128413
-2.799073847290309,1.2247182056997712,-1.4912774657734802,-0.0300312
-2.668543292850572,-2.4301373186128403,-0.5775635846953273,0.0262177
-2.668543292850572,-1.9080151008538953,1.6414558407801865,0.0222728
-2.668543292850572,-1.6469539919744234,1.7719863952199226,0.0203092
-2.668543292850572,-0.994301219775743,1.7719863952199226,0.014615
-2.668543292850572,0.049943215742145775,-1.6218080202132164,-0.00752774
-2.668543292850572,0.18047377018188193,1.6414558407801865,-0.0113008
-2.668543292850572,2.2689626412176596,-0.7080941391350635,-0.0045917
-2.668543292850572,2.791084858976604,0.4666808508225615,0.0118527
-2.5380127384108357,-2.4301373186128403,-0.44703303025559116,0.0284649
-2.5380127384108357,-2.4301373186128403,0.4666808508225615,0.0282375
-2.5380127384108357,-2.169076209733368,-1.230216356894008,0.0229225
-2.5380127384108357,-1.9080151008538953,1.5109252863404503,0.0209929
-2.5380127384108357,1.7468404234587158,1.1193336230212418,-0.0166767
-2.5380127384108357,2.007901532338188,-0.9691552480145358,-0.0104094
-2.5380127384108357,2.791084858976604,-0.7080941391350635,0.0113494
-2.5380127384108357,3.0521459678560765,0.4666808508225615,0.019022
-2.5380127384108357,3.1826765222958135,-0.1859719213761193,0.0227966
-2.4074821839710996,-2.4301373186128403,-0.5775635846953273,0.0287166
-2.4074821839710996,-2.299606764173104,0.8582725141417695,0.025277
-2.4074821839710996,-2.038545655293632,1.2498641774609789,0.0208073
-2.4074821839710996,-1.9080151008538953,1.3803947319007142,0.0192627
-2.4074821839710996,0.5720654335010904,1.6414558407801865,-0.0147354
-2.4074821839710996,1.6163098690189788,1.2498641774609789,-0.0153961
-2.2769516295313634,-2.560667873052576,-0.44703303025559116,0.0312463
-2.2769516295313634,-2.4301373186128403,-0.7080941391350635,0.0276408
-2.2769516295313634,-1.385892883094951,1.5109252863404503,0.0117663
-2.2769516295313634,-0.8637706653360064,1.5109252863404503,0.00799697
-2.2769516295313634,0.18047377018188193,1.6414558407801865,-0.00678438
-2.2769516295313634,1.4857793145792435,1.3803947319007142,-0.0147146
-2.2769516295313634,2.5300237500971328,-1.0996858024542715,0.00193818
-2.2769516295313634,3.0521459678560765,-0.8386246935747996,0.0161374
-2.2769516295313634,3.1826765222958135,-0.7080941391350635,0.0202384
-2.146421075091628,-2.691198427492312,-0.316502475815855,0.0330712
-2.146421075091628,-1.9080151008538953,1.2498641774609789,0.0152615
-2.146421075091628,-1.255362328655215,-1.4912774657734802,0.00717467
-2.146421075091628,-0.994301219775743,1.5109252863404503,0.00519909
-2.146421075091628,1.3552487601395073,-1.4912774657734802,-0.0144066
-2.146421075091628,1.7468404234587158,1.3803947319007142,-0.0119538
-2.146421075091628,2.791084858976604,-1.0996858024542715,0.00732153
-2.015890520651892,-2.169076209733368,1.1193336230212418,0.0176446
-2.015890520651892,2.2689626412176596,-1.3607469113337443,-0.00622955
-2.015890520651892,3.443737631175285,0.5972114052622972,0.0250331
-1.885359966212155,-1.385892883094951,1.5109252863404503,0.000863191
-1.885359966212155,1.3552487601395073,-1.6218080202132164,-0.0152417
-1.885359966212155,3.1826765222958135,0.9888030685815057,0.0154454
-1.885359966212155,3.313207076735549,0.8582725141417695,0.0195932
-1.7548294117724188,-2.691198427492312,0.7277419597020334,0.0265302
-1.7548294117724188,-1.5164234375346872,1.5109252863404503,-0.000778529
-1.7548294117724188,-1.1248317742154788,-1.6218080202132164,-0.00555931
-1.7548294117724188,-0.08058733869759038,-1.7523385746529523,-0.0111569
-1.7548294117724188,0.7025959879408266,-1.7523385746529523,-0.0141984
-1.6242988573326835,-2.169076209733368,1.2498641774609789,0.00968367
-1.6242988573326835,-0.21111789313732654,1.7719863952199226,-0.0135759
-1.6242988573326835,0.7025959879408266,1.7719863952199226,-0.0155353
-1.6242988573326835,2.9216154134163403,1.2498641774609789,0.00488578
-1.4937683028929474,-2.9522595363717845,-0.1859719213761193,0.0299614
-1.4937683028929474,-2.8217289819320484,0.5972114052622972,0.0263031
-1.4937683028929474,-1.385892883094951,1.6414558407801865,-0.00855146
-1.4937683028929474,-0.7332401108962707,1.7719863952199226,-0.0146607
-1.4937683028929474,1.2247182056997712,1.7719863952199226,-0.0186338
-1.4937683028929474,2.5300237500971328,-1.4912774657734802,-0.0063566
-1.3632377484532112,-2.9522595363717845,0.20561974194308918,0.0284743
-1.3632377484532112,-2.560667873052576,-0.9691552480145358,0.0167183
-1.3632377484532112,-2.4301373186128403,-1.0996858024542715,0.0124007
-1.3632377484532112,-1.7774845464141595,1.5109252863404503,-0.00451794
-1.3632377484532112,-0.994301219775743,1.7719863952199226,-0.0151852
-1.2327071940134742,-2.560667873052576,-0.9691552480145358,0.0146462
-1.2327071940134742,-2.038545655293632,1.3803947319007142,-0.000634117
-1.2327071940134742,-1.1248317742154788,1.7719863952199226,-0.0160904
-1.2327071940134742,2.791084858976604,1.3803947319007142,-0.00223441
-1.102176639573739,-2.038545655293632,1.3803947319007142,-0.00246638
-1.102176639573739,0.18047377018188193,1.7719863952199226,-0.0197379
-1.102176639573739,0.7025959879408266,1.7719863952199226,-0.0199416
-1.102176639573739,2.791084858976604,1.3803947319007142,-0.00295115
-0.9716460851340027,-2.8217289819320484,-0.44703303025559116,0.0210197
-0.9716460851340027,2.007901532338188,1.7719863952199226,-0.0180269
-0.9716460851340027,2.3994931956573957,-1.6218080202132164,-0.012354
-0.9716460851340027,3.313207076735549,-0.8386246935747996,0.0141265
-0.9716460851340027,3.574268185615021,-0.1859719213761193,0.0245331
-0.8411155306942666,-2.560667873052576,-0.8386246935747996,0.0113403
-0.8411155306942666,-2.169076209733368,1.2498641774609789,-0.00164284
-0.8411155306942666,-2.038545655293632,-1.3607469113337443,-0.00555046
-0.8411155306942666,-1.255362328655215,1.7719863952199226,-0.0197238
-0.8411155306942666,2.9216154134163403,1.2498641774609789,0.000161591
-0.7105849762545304,-1.255362328655215,1.7719863952199226,-0.0210189
-0.7105849762545304,-0.21111789313732654,1.7719863952199226,-0.0236542
-0.7105849762545304,0.44153487906135513,1.6414558407801865,-0.019222
-0.5800544218147952,-2.4301373186128403,0.8582725141417695,0.00604523
-0.5800544218147952,-1.255362328655215,1.7719863952199226,-0.0221347
-0.5800544218147952,-0.21111789313732654,-1.7523385746529523,-0.0240162
-0.5800544218147952,0.7025959879408266,1.6414558407801865,-0.019808
-0.4495238673750581,-2.299606764173104,-0.9691552480145358,0.000960229
-0.4495238673750581,0.049943215742145775,1.6414558407801865,-0.0212511
-0.4495238673750581,1.094187651260035,-1.7523385746529523,-0.0228953
-0.4495238673750581,3.313207076735549,-0.44703303025559116,0.0202783
-0.31899331293532285,-2.169076209733368,-1.0996858024542715,-0.0042766
-0.31899331293532285,-1.9080151008538953,1.3803947319007142,-0.0124303
-0.31899331293532285,-1.7774845464141595,-1.4912774657734802,-0.0156932
-0.31899331293532285,0.049943215742145775,-1.6218080202132164,-0.0210598
-0.1884627584955858,-1.255362328655215,-1.7523385746529523,-0.0240302
-0.1884627584955858,0.049943215742145775,-1.6218080202132164,-0.0211999
-0.057932204055850534,-2.038545655293632,1.2498641774609789,-0.0102182
-0.057932204055850534,-1.255362328655215,-1.7523385746529523,-0.0241704
-0.057932204055850534,-0.34164844757706225,1.7719863952199226,-0.0256397
-0.057932204055850534,0.049943215742145775,1.6414558407801865,-0.0216826
-0.057932204055850534,1.094187651260035,-1.7523385746529523,-0.0223658
-0.057932204055850534,2.1384320867779243,-1.7523385746529523,-0.0163693
-0.057932204055850534,3.443737631175285,-0.316502475815855,0.0251418
0.07259835038388651,-2.4301373186128403,-0.7080941391350635,0.00284897
0.07259835038388651,-1.9080151008538953,1.3803947319007142,-0.0141963
0.07259835038388651,0.5720654335010904,-1.6218080202132164,-0.0194884
0.07259835038388651,1.094187651260035,1.7719863952199226,-0.0220108
0.07259835038388651,2.1384320867779243,-1.7523385746529523,-0.0151882
0.07259835038388651,2.3994931956573957,1.6414558407801865,-0.0106334
0.07259835038388651,3.0521459678560765,1.1193336230212418,0.00822408
0.20312890482362178,-2.299606764173104,0.9888030685815057,-0.00390749
0.20312890482362178,-1.7774845464141595,-1.4912774657734802,-0.0173494
0.20312890482362178,-1.5164234375346872,1.6414558407801865,-0.0211952
0.20312890482362178,0.9636570968202989,-1.7523385746529523,-0.0213152
0.20312890482362178,2.3994931956573957,1.6414558407801865,-0.00920564
0.33365945926335705,-2.691198427492312,-0.316502475815855,0.00812158
0.33365945926335705,-1.7774845464141595,-1.4912774657734802,-0.0174835
0.33365945926335705,-1.5164234375346872,1.6414558407801865,-0.0211268
0.33365945926335705,0.9636570968202989,1.7719863952199226,-0.0208657
0.33365945926335705,2.3994931956573957,1.6414558407801865,-0.00763939
0.33365945926335705,2.660554304536869,-1.4912774657734802,-0.00174629
0.4641900137030941,-1.1248317742154788,1.7719863952199226,-0.0240516
0.4641900137030941,0.049943215742145775,1.7719863952199226,-0.0231708
0.4641900137030941,0.18047377018188193,-1.7523385746529523,-0.0223049
0.4641900137030941,2.007901532338188,1.7719863952199226,-0.0123102
0.4641900137030941,3.313207076735549,0.9888030685815057,0.0194947
0.5947205681428311,-2.4301373186128403,-0.9691552480145358,-0.0033029
0.5947205681428311,-2.299606764173104,-1.0996858024542715,-0.00685032
0.5947205681428311,-1.7774845464141595,-1.4912774657734802,-0.0178868
0.5947205681428311,2.007901532338188,-1.7523385746529523,-0.0103758
0.5947205681428311,2.3994931956573957,-1.6218080202132164,-0.00394113
0.5947205681428311,2.660554304536869,-1.4912774657734802,0.00169993
0.7252511225825682,-2.560667873052576,-0.8386246935747996,-0.000276522
0.7252511225825682,-2.299606764173104,1.1193336230212418,-0.00746214
0.7252511225825682,3.7047987400547573,-0.44703303025559116,0.034752
0.8557816770223035,-2.8217289819320484,0.33615029638282534,0.0065297
0.8557816770223035,-2.560667873052576,0.8582725141417695,-0.00114518
0.8557816770223035,3.574268185615021,0.7277419597020334,0.0322937
0.8557816770223035,3.7047987400547573,0.4666808508225615,0.03623
0.9863122314620387,-2.8217289819320484,0.33615029638282534,0.00546201
0.9863122314620387,-2.560667873052576,0.8582725141417695,-0.00223489
0.9863122314620387,-2.299606764173104,1.1193336230212418,-0.0089733
0.9863122314620387,-1.255362328655215,1.6414558407801865,-0.0221276
0.9863122314620387,1.2247182056997712,1.7719863952199226,-0.0128416
0.9863122314620387,3.574268185615021,-0.7080941391350635,0.0344252
0.9863122314620387,3.7047987400547573,-0.44703303025559116,0.0380032
1.1168427859017758,-1.5164234375346872,1.5109252863404503,-0.0210929
1.1168427859017758,-0.21111789313732654,1.7719863952199226,-0.0201956
1.1168427859017758,0.9636570968202989,1.7719863952199226,-0.0126926
1.1168427859017758,1.094187651260035,-1.7523385746529523,-0.0116195
1.1168427859017758,3.313207076735549,0.9888030685815057,0.0292703
1.247373340341511,-2.8217289819320484,-0.1859719213761193,0.00146615
1.247373340341511,-2.8217289819320484,0.20561974194308918,0.00122204
1.247373340341511,-2.691198427492312,0.5972114052622972,-0.00218219
1.247373340341511,-2.038545655293632,-1.230216356894008,-0.0163551
1.247373340341511,-1.7774845464141595,-1.3607469113337443,-0.0198968
1.247373340341511,-0.08058733869759038,-1.7523385746529523,-0.0177384
1.247373340341511,0.7025959879408266,1.7719863952199226,-0.0125107
1.247373340341511,2.5300237500971328,1.3803947319007142,0.0128577
1.3779038947812463,-1.6469539919744234,-1.3607469113337443,-0.0220321
1.3779038947812463,-1.1248317742154788,1.5109252863404503,-0.0211595
1.3779038947812463,-0.6027095564565346,-1.6218080202132164,-0.0185776
1.3779038947812463,0.18047377018188193,-1.7523385746529523,-0.0144194
1.3779038947812463,0.7025959879408266,-1.7523385746529523,-0.0108435
1.3779038947812463,3.1826765222958135,0.9888030685815057,0.0318198
1.5084344492209834,-2.4301373186128403,-0.8386246935747996,-0.0154398
1.5084344492209834,-0.8637706653360064,-1.4912774657734802,-0.0184419
1.5084344492209834,-0.34164844757706225,-1.6218080202132164,-0.01522
1.5084344492209834,1.2247182056997712,-1.6218080202132164,-0.00267375
1.5084344492209834,1.6163098690189788,-1.4912774657734802,0.0051267
1.5084344492209834,2.007901532338188,1.3803947319007142,0.0125397
1.5084344492209834,2.5300237500971328,-1.230216356894008,0.0217217
1.5084344492209834,3.443737631175285,0.5972114052622972,0.0420082
1.6389650036607186,-0.994301219775743,1.3803947319007142,-0.0187489
1.6389650036607186,1.4857793145792435,-1.4912774657734802,0.00545234
1.6389650036607186,1.7468404234587158,1.3803947319007142,0.0123782
1.7694955581004557,-2.691198427492312,0.20561974194308918,-0.0272154
1.7694955581004557,-2.560667873052576,-0.5775635846953273,-0.0293295
1.7694955581004557,-0.7332401108962707,-1.3607469113337443,-0.0131143
1.7694955581004557,-0.08058733869759038,-1.6218080202132164,-0.0114911
1.7694955581004557,1.877370977898452,1.2498641774609789,0.0211208
1.7694955581004557,2.2689626412176596,-1.0996858024542715,0.0297713
1.900026112540191,-2.691198427492312,-0.316502475815855,-0.0387811
1.900026112540191,-2.691198427492312,0.33615029638282534,-0.0388236
1.900026112540191,-2.038545655293632,-1.0996858024542715,-0.0406574
1.900026112540191,-1.385892883094951,1.2498641774609789,-0.0309038
1.900026112540191,-1.255362328655215,1.2498641774609789,-0.0272099
1.900026112540191,-1.1248317742154788,1.2498641774609789,-0.0230188
1.900026112540191,-0.994301219775743,1.2498641774609789,-0.0185205
1.900026112540191,-0.6027095564565346,-1.3607469113337443,-0.00989667
1.900026112540191,-0.34164844757706225,-1.4912774657734802,-0.00975684
1.900026112540191,2.007901532338188,1.1193336230212418,0.0307141
1.900026112540191,2.2689626412176596,0.9888030685815057,0.0376336
2.030556666979928,-0.994301219775743,1.2498641774609789,-0.0196897
2.030556666979928,1.6163098690189788,1.3803947319007142,0.01548
2.030556666979928,2.1384320867779243,0.9888030685815057,0.0410127
2.030556666979928,3.0521459678560765,-0.1859719213761193,0.0551762
2.161087221419665,-2.299606764173104,1.1193336230212418,-0.0528866
2.161087221419665,1.2247182056997712,-1.6218080202132164,0.000301349
2.161087221419665,2.1384320867779243,-0.9691552480145358,0.0456377
2.161087221419665,2.3994931956573957,0.7277419597020334,0.0565861
2.161087221419665,2.5300237500971328,0.5972114052622972,0.0597195
2.161087221419665,2.660554304536869,-0.44703303025559116,0.0615076
2.2916177758594003,-2.8217289819320484,0.5972114052622972,-0.0590487
2.2916177758594003,-1.9080151008538953,1.3803947319007142,-0.0503305
2.2916177758594003,1.4857793145792435,1.5109252863404503,0.00993037
2.2916177758594003,2.007901532338188,-1.0996858024542715,0.0406818
2.2916177758594003,2.660554304536869,-0.1859719213761193,0.0712985
2.2916177758594003,2.660554304536869,0.20561974194308918,0.0709445
2.4221483302991373,-2.9522595363717845,-0.44703303025559116,-0.0621981
2.4221483302991373,-1.5164234375346872,-1.4912774657734802,-0.0418891
2.4221483302991373,0.18047377018188193,-1.7523385746529523,-0.0110054
2.4221483302991373,0.9636570968202989,-1.7523385746529523,-0.00563348
2.5526788847388726,1.7468404234587158,-1.3607469113337443,0.025701
2.683209439178608,-2.9522595363717845,0.7277419597020334,-0.0656167
2.683209439178608,-2.560667873052576,-1.230216356894008,-0.0620274
2.683209439178608,0.9636570968202989,-1.7523385746529523,-0.00329182
2.683209439178608,1.7468404234587158,-1.3607469113337443,0.0275778
2.813739993618345,-2.169076209733368,1.5109252863404503,-0.0565956
2.813739993618345,0.8331265423805627,1.7719863952199226,-0.00361185
2.94427054805808,-3.0827900908115202,0.5972114052622972,-0.0683529
2.94427054805808,-1.9080151008538953,-1.6218080202132164,-0.0506853
3.0748011024978155,-1.9080151008538953,1.6414558407801865,-0.0501416
3.0748011024978155,-0.994301219775743,1.6414558407801865,-0.0150316
3.0748011024978155,-0.7332401108962707,-1.6218080202132164,-0.00214318
3.0748011024978155,-0.6027095564565346,-1.6218080202132164,0.00273688
3.0748011024978155,2.2689626412176596,0.8582725141417695,0.0714544
3.2053316569375525,-3.213320645251257,-0.055441366936382686,-0.0713567
3.2053316569375525,-3.213320645251257,0.07508918750335303,-0.0713185
3.2053316569375525,-2.8217289819320484,-1.0996858024542715,-0.0668482
3.2053316569375525,-2.299606764173104,1.5109252863404503,-0.0585102
3.2053316569375525,-0.7332401108962707,1.6414558407801865,6.94497e-05
3.2053316569375525,-0.6027095564565346,1.6414558407801865,0.00513593
3.2053316569375525,-0.4721790020167984,1.6414558407801865,0.00888515
3.2053316569375525,0.9636570968202989,1.6414558407801865,0.0073228
3.2053316569375525,1.7468404234587158,1.2498641774609789,0.0400205
3.3358622113772896,-2.8217289819320484,-1.0996858024542715,-0.0672406
3.3358622113772896,-2.299606764173104,1.5109252863404503,-0.0582657
3.3358622113772896,0.7025959879408266,1.6414558407801865,0.00874888
3.4663927658170266,0.3110043246216181,1.6414558407801865,0.0148594
3.4663927658170266,2.3994931956573957,0.33615029638282534,0.0897769
3.596923320256762,-0.7332401108962707,1.6414558407801865,0.00743797
3.596923320256762,-0.08058733869759038,1.6414558407801865,0.0214133
3.596923320256762,0.18047377018188193,-1.6218080202132164,0.0205173
3.596923320256762,0.8331265423805627,-1.4912774657734802,0.0192021
3.596923320256762,2.2689626412176596,-0.44703303025559116,0.0851312
3.727453874696497,-0.34164844757706225,1.6414558407801865,0.0212934
3.727453874696497,0.049943215742145775,-1.6218080202132164,0.0238449
3.857984429136234,-2.691198427492312,-1.0996858024542715,-0.0663867
3.857984429136234,0.049943215742145775,-1.6218080202132164,0.0249262
3.857984429136234,1.877370977898452,0.7277419597020334,0.0651429
3.9885149835759695,-3.0827900908115202,-0.055441366936382686,-0.0739421
3.9885149835759695,-3.0827900908115202,0.07508918750335303,-0.0738862
3.9885149835759695,-2.8217289819320484,0.8582725141417695,-0.0693028
3.9885149835759695,-0.6027095564565346,-1.6218080202132164,0.0172153
3.9885149835759695,-0.34164844757706225,1.6414558407801865,0.0222621
3.9885149835759695,-0.21111789313732654,1.6414558407801865,0.0237699
3.9885149835759695,-0.08058733869759038,1.6414558407801865,0.0242936
4.1190455380157065,-2.9522595363717845,-0.44703303025559116,-0.0723138
4.1190455380157065,0.3110043246216181,-1.6218080202132164,0.0240148
4.1190455380157065,1.7468404234587158,0.8582725141417695,0.0510762
4.249576092455442,-2.8217289819320484,-0.5775635846953273,-0.0700438
4.249576092455442,-1.7774845464141595,-1.3607469113337443,-0.0375018
4.249576092455442,-0.7332401108962707,-1.6218080202132164,0.0145716
4.380106646895177,-1.9080151008538953,-1.230216356894008,-0.0420604
4.380106646895177,-1.385892883094951,-1.3607469113337443,-0.0133006
4.380106646895177,-0.4721790020167984,-1.7523385746529523,0.0190703
4.380106646895177,0.18047377018188193,-1.7523385746529523,0.0215452
4.510637201334914,-2.691198427492312,-0.316502475815855,-0.0678257
4.510637201334914,-2.169076209733368,0.9888030685815057,-0.0516852
4.510637201334914,-1.5164234375346872,1.2498641774609789,-0.0180662
4.510637201334914,-1.1248317742154788,-1.4912774657734802,0.00482217
4.510637201334914,2.1384320867779243,0.5972114052622972,0.0523451
4.510637201334914,2.2689626412176596,-0.1859719213761193,0.057199
4.510637201334914,2.2689626412176596,0.20561974194308918,0.0573345
4.641167755774649,-2.560667873052576,-0.1859719213761193,-0.0649625
4.641167755774649,-2.560667873052576,0.20561974194308918,-0.0647486
4.641167755774649,1.877370977898452,-0.9691552480145358,0.0401051
4.641167755774649,2.007901532338188,0.8582725141417695,0.0445182
4.771698310214386,0.3110043246216181,-1.8828691290926884,0.0212314
4.771698310214386,1.3552487601395073,-1.3607469113337443,0.0250421
4.771698310214386,2.1384320867779243,0.7277419597020334,0.0461714
4.771698310214386,2.2689626412176596,-0.44703303025559116,0.0500004
4.771698310214386,2.2689626412176596,0.4666808508225615,0.0504197
4.902228864654123,-0.34164844757706225,-2.0133996835324246,0.0245056
4.902228864654123,-0.08058733869759038,-2.0133996835324246,0.0240867
5.163289973533596,-0.4721790020167984,2.033047504099395,0.0268262
5.163289973533596,0.18047377018188193,-2.0133996835324246,0.0253467
5.163289973533596,1.3552487601395073,1.3803947319007142,0.0226211
5.293820527973331,-1.255362328655215,-1.6218080202132164,0.0191128
5.293820527973331,-1.1248317742154788,-1.7523385746529523,0.0228069
5.424351082413066,-1.6469539919744234,0.33615029638282534,-0.00697418
5.424351082413066,-1.6469539919744234,0.4666808508225615,-0.00540603
5.424351082413066,-1.1248317742154788,-1.7523385746529523,0.0247729
5.424351082413066,0.7025959879408266,-1.7523385746529523,0.0213893
5.424351082413066,1.4857793145792435,-1.230216356894008,0.0236355
5.554881636852803,-1.5164234375346872,-1.0996858024542715,0.0104664
5.554881636852803,-0.4721790020167984,2.033047504099395,0.0315186
5.554881636852803,-0.08058733869759038,2.033047504099395,0.0297357
5.554881636852803,0.9636570968202989,1.5109252863404503,0.0187221
5.554881636852803,2.007901532338188,-0.7080941391350635,0.0354178
5.685412191292539,-1.5164234375346872,-0.9691552480145358,0.0104089
5.685412191292539,-1.385892883094951,1.3803947319007142,0.0206636
5.685412191292539,1.4857793145792435,-1.0996858024542715,0.0233614
5.815942745732274,-1.5164234375346872,-0.5775635846953273,0.00519039
5.815942745732274,-1.5164234375346872,-0.44703303025559116,0.00326862
5.815942745732274,-1.5164234375346872,0.07508918750335303,0.000567178
5.815942745732274,-0.994301219775743,-1.7523385746529523,0.0308695
5.946473300172011,-0.8637706653360064,1.7719863952199226,0.0329223
5.946473300172011,0.3110043246216181,1.7719863952199226,0.0273579
5.946473300172011,1.3552487601395073,-0.9691552480145358,0.0215246
6.077003854611746,-1.385892883094951,0.8582725141417695,0.0165593
6.207534409051485,-0.08058733869759038,-1.7523385746529523,0.0327189
6.207534409051485,1.6163098690189788,-0.055441366936382686,0.0268479
6.207534409051485,1.6163098690189788,0.07508918750335303,0.0268883
6.33806496349122,-1.1248317742154788,-0.1859719213761193,0.00973792
6.33806496349122,-1.1248317742154788,-0.055441366936382686,0.0092373
6.33806496349122,-0.7332401108962707,-1.4912774657734802,0.0319305
6.33806496349122,-0.08058733869759038,-1.6218080202132164,0.031619
6.4685955179309556,-0.994301219775743,0.33615029638282534,0.0134235
6.4685955179309556,-0.994301219775743,0.8582725141417695,0.0221284
6.4685955179309556,-0.8637706653360064,-1.0996858024542715,0.0257979
6.4685955179309556,-0.6027095564565346,-1.3607469113337443,0.0305417
6.4685955179309556,-0.6027095564565346,1.3803947319007142,0.0310146
6.4685955179309556,0.049943215742145775,1.3803947319007142,0.0278329
6.4685955179309556,0.5720654335010904,0.8582725141417695,0.019163
6.599126072370693,-0.7332401108962707,0.33615029638282534,0.0151546
6.599126072370693,-0.7332401108962707,0.8582725141417695,0.023228
6.599126072370693,0.18047377018188193,-0.9691552480145358,0.0223076
