-5.667740318421361,-2.1905523375550153,-0.0052415002482115725,0.168714
-5.667740318421361,-2.0374095118274123,-1.2303841060690384,0.16736
-5.667740318421361,-1.8842666860998087,-1.2303841060690384,0.166773
-5.667740318421361,-1.5779810346446022,0.30104415120699546,0.168027
-5.667740318421361,-1.2716953831893951,-0.3115271517034186,0.165494
-5.667740318421361,-1.1185525574617916,-0.1583843259758151,0.164939
-5.667740318421361,-0.9654097317341881,0.30104415120699546,0.164917
-5.514597492693756,-0.5059812545513784,-0.1583843259758151,0.165572
-5.361454666966154,-2.956266466193033,-0.6178128031586247,0.162493
-5.361454666966154,-2.0374095118274123,1.2199011055726166,0.162308
-5.361454666966154,-0.3528384288237749,0.7604726283898051,0.170472
-5.0551690155109466,-3.109409291920636,1.37304393130022,0.174056
-5.0551690155109466,-2.649980814737826,-1.8429554089794524,0.177046
-5.0551690155109466,-2.3436951632826193,-1.996098234707056,0.17922
-5.0551690155109466,-1.1185525574617916,1.37304393130022,0.1618
-5.0551690155109466,-0.5059812545513784,-0.9240984546138318,0.163006
-5.0551690155109466,-0.5059812545513784,1.2199011055726166,0.169098
-4.902026189783343,-3.2625521176482395,-0.9240984546138318,0.165485
-4.902026189783343,-3.2625521176482395,1.37304393130022,0.176376
-4.902026189783343,-0.659124080278982,1.37304393130022,0.16733
-4.7488833640557395,-2.649980814737826,-1.996098234707056,0.180964
-4.7488833640557395,-0.8122669060065855,-1.5366697575242454,0.168675
-4.595740538328137,-1.5779810346446022,-2.149241060434659,0.182267
-4.28945488687293,-3.7219805948310496,0.9136154541174086,0.181327
-4.28945488687293,-3.109409291920636,1.6793295827554262,0.18167
-4.28945488687293,-0.9654097317341881,-1.8429554089794524,0.179389
-4.1363120611453255,-2.3436951632826193,-2.149241060434659,0.190504
-3.9831692354177224,-3.7219805948310496,0.7604726283898051,0.18501
-3.9831692354177224,-2.649980814737826,1.8324724084830297,0.180477
-3.9831692354177224,0.10659004835903563,-0.7709556288862283,0.180085
-3.676883583962516,-3.568837769103446,0.9136154541174086,0.191714
-3.676883583962516,-2.8031236404654294,-1.6898125832518485,0.199662
-3.676883583962516,-2.649980814737826,1.8324724084830297,0.183868
-3.676883583962516,-1.2716953831893951,-2.608669537617469,0.184367
-3.676883583962516,-0.9654097317341881,1.8324724084830297,0.169112
-3.676883583962516,-0.3528384288237749,1.5261867570278236,0.175433
-3.676883583962516,-0.04655277736856789,1.0667582798450121,0.183123
-3.676883583962516,0.5660185255418453,-0.46466997743102123,0.180332
-3.676883583962516,3.0163037371835006,-0.0052415002482115725,0.114035
-3.676883583962516,3.0163037371835006,0.30104415120699546,0.11628
-3.676883583962516,3.3225893886387077,0.14790132547939194,0.10954
-3.5237407582349123,-3.568837769103446,0.30104415120699546,0.199175
-3.5237407582349123,-3.568837769103446,0.454186976934599,0.197949
-3.5237407582349123,-2.8031236404654294,1.8324724084830297,0.18529
-3.5237407582349123,-2.3436951632826193,2.1387580599382368,0.17474
-3.5237407582349123,-0.5059812545513784,-2.7618123633450726,0.17282
-3.5237407582349123,-0.5059812545513784,1.9856152342106332,0.165085
-3.5237407582349123,-0.04655277736856789,-2.3023838861622625,0.166328
-3.5237407582349123,0.7191613512694497,-1.3835269317966419,0.167681
-3.5237407582349123,2.55687526000069,-0.1583843259758151,0.121942
-3.5237407582349123,3.628875040093913,0.6073298026622025,0.105439
-3.3705979325073088,-2.956266466193033,1.8324724084830297,0.186219
-3.3705979325073088,-1.8842666860998087,-2.455526711889866,0.19277
-3.3705979325073088,-0.5059812545513784,-2.914955189072676,0.172946
-3.3705979325073088,0.10659004835903563,0.6073298026622025,0.189578
-3.3705979325073088,0.10659004835903563,1.2199011055726166,0.177735
-3.3705979325073088,2.250589608545483,0.14790132547939194,0.130966
-3.3705979325073088,2.55687526000069,-0.6178128031586247,0.117408
-3.3705979325073088,4.394589168731931,-0.46466997743102123,0.0984332
-3.2174551067797053,-3.415694943375843,0.454186976934599,0.211366
-3.2174551067797053,-3.109409291920636,1.8324724084830297,0.185878
-3.2174551067797053,0.25973287408663825,1.5261867570278236,0.16849
-3.2174551067797053,2.250589608545483,-0.46466997743102123,0.125802
-3.2174551067797053,2.4037324342730866,0.9136154541174086,0.126474
-3.2174551067797053,4.394589168731931,0.454186976934599,0.0960767
-3.2174551067797053,4.700874820187137,-0.7709556288862283,0.0984819
-3.0643122810521026,-2.1905523375550153,-2.149241060434659,0.202713
-3.0643122810521026,0.25973287408663825,0.7604726283898051,0.181778
-3.0643122810521026,2.4037324342730866,1.0667582798450121,0.123223
-3.0643122810521026,4.088303517276724,0.9136154541174086,0.0968236
-3.0643122810521026,5.160303297369948,-0.0052415002482115725,0.104034
-2.911169455324499,-3.568837769103446,-0.6178128031586247,0.236409
-2.911169455324499,-3.2625521176482395,-1.2303841060690384,0.234703
-2.911169455324499,-2.0374095118274123,-2.608669537617469,0.18977
-2.911169455324499,0.25973287408663825,2.1387580599382368,0.153958
-2.911169455324499,0.5660185255418453,-2.149241060434659,0.16316
-2.911169455324499,1.944303957090277,-0.3115271517034186,0.135786
-2.911169455324499,3.3225893886387077,-2.3023838861622625,0.119628
-2.911169455324499,3.4757322143663103,-2.3023838861622625,0.117404
-2.911169455324499,3.93516069154912,-2.149241060434659,0.109092
-2.911169455324499,5.160303297369948,-0.9240984546138318,0.101435
-2.7580266295968956,-2.956266466193033,-1.5366697575242454,0.232255
-2.7580266295968956,-1.1185525574617916,2.75132936284865,0.150574
-2.7580266295968956,0.5660185255418453,0.454186976934599,0.175896
-2.7580266295968956,0.5660185255418453,1.37304393130022,0.155519
-2.7580266295968956,0.5660185255418453,1.5261867570278236,0.152435
-2.7580266295968956,2.250589608545483,-1.5366697575242454,0.12686
-2.7580266295968956,3.93516069154912,1.2199011055726166,0.0970176
-2.7580266295968956,4.700874820187137,-1.5366697575242454,0.0960677
-2.7580266295968956,5.466588948825155,0.14790132547939194,0.108653
-2.604883803869292,-3.415694943375843,0.454186976934599,0.225083
-2.604883803869292,-2.649980814737826,2.9044721885762534,0.165761
-2.604883803869292,0.41287569981424177,2.1387580599382368,0.142256
-2.604883803869292,0.5660185255418453,0.9136154541174086,0.161277
-2.604883803869292,1.7911611313626734,-0.3115271517034186,0.140939
-2.604883803869292,2.7100180857282936,-2.3023838861622625,0.127307
-2.4517409781416886,-3.7219805948310496,-0.46466997743102123,0.242544
-2.4517409781416886,-3.415694943375843,1.2199011055726166,0.19442
-2.4517409781416886,-0.04655277736856789,2.5981865371210464,0.142754
-2.4517409781416886,0.7191613512694497,1.8324724084830297,0.12173
-2.4517409781416886,1.3317326541798629,-1.3835269317966419,0.160917
-2.4517409781416886,1.4848754799074664,-0.7709556288862283,0.159989
-2.4517409781416886,2.863160911455898,-2.455526711889866,0.126629
-2.298598152414085,-1.4248382089169986,2.9044721885762534,0.153093
-2.298598152414085,0.41287569981424177,2.2919008856658403,0.124415
-2.298598152414085,0.7191613512694497,2.1387580599382368,0.10498
-2.298598152414085,1.0254470027246567,0.30104415120699546,0.159645
-2.298598152414085,1.0254470027246567,2.1387580599382368,0.0875642
-2.298598152414085,1.3317326541798629,-0.1583843259758151,0.162288
-2.298598152414085,1.63801830563507,1.9856152342106332,0.0729939
-2.298598152414085,1.944303957090277,-1.2303841060690384,0.13119
-2.298598152414085,3.3225893886387077,-2.608669537617469,0.121784
-2.298598152414085,3.4757322143663103,-2.608669537617469,0.119655
-2.298598152414085,4.241446343004327,-2.3023838861622625,0.105819
-2.1454553266864815,-0.8122669060065855,-3.2212408405278827,0.170604
-2.1454553266864815,0.10659004835903563,-2.7618123633450726,0.1676
-2.1454553266864815,0.25973287408663825,-2.608669537617469,0.168002
-2.1454553266864815,0.25973287408663825,2.445043711393444,0.122201
-2.1454553266864815,1.63801830563507,-0.46466997743102123,0.146762
-2.1454553266864815,3.628875040093913,-2.608669537617469,0.117254
-2.1454553266864815,5.313446123097551,0.7604726283898051,0.106434
-1.992312500958879,-3.415694943375843,-1.2303841060690384,0.244095
-1.992312500958879,-3.2625521176482395,-1.3835269317966419,0.241432
-1.992312500958879,1.1785898284522593,-1.5366697575242454,0.156932
-1.992312500958879,1.63801830563507,-0.7709556288862283,0.142899
-1.992312500958879,5.619731774552758,0.454186976934599,0.111368
-1.992312500958879,5.77287460028036,0.14790132547939194,0.113329
-1.8391696752312754,-3.568837769103446,-0.0052415002482115725,0.236805
-1.8391696752312754,-1.5779810346446022,-2.914955189072676,0.172956
-1.8391696752312754,-1.5779810346446022,2.9044721885762534,0.156906
-1.8391696752312754,-0.1996956030961714,-2.914955189072676,0.166786
-1.8391696752312754,1.3317326541798629,-1.2303841060690384,0.149098
-1.6860268495036719,-2.8031236404654294,2.75132936284865,0.163321
-1.6860268495036719,-1.8842666860998087,-2.608669537617469,0.176123
-1.6860268495036719,2.4037324342730866,-2.149241060434659,0.122581
-1.6860268495036719,2.863160911455898,1.5261867570278236,0.0789225
-1.5328840237760675,-3.2625521176482395,0.9136154541174086,0.192407
-1.5328840237760675,4.241446343004327,1.2199011055726166,0.101901
-1.5328840237760675,4.854017645914741,-1.6898125832518485,0.0985144
-1.5328840237760675,5.007160471642344,0.9136154541174086,0.104681
-1.5328840237760675,5.77287460028036,-0.1583843259758151,0.112655
-1.379741198048464,-1.8842666860998087,-2.608669537617469,0.170384
-1.379741198048464,-0.5059812545513784,2.5981865371210464,0.132454
-1.379741198048464,1.1785898284522593,3.057615014303857,0.0529244
-1.379741198048464,2.7100180857282936,2.1387580599382368,0.0529865
-1.379741198048464,5.160303297369948,0.7604726283898051,0.10715
-1.2265983723208604,-3.2625521176482395,0.9136154541174086,0.182739
-1.2265983723208604,-3.2625521176482395,1.2199011055726166,0.17432
-1.2265983723208604,-2.956266466193033,-1.0772412803414353,0.225097
-1.2265983723208604,1.63801830563507,3.057615014303857,0.047009
-1.2265983723208604,2.250589608545483,-1.8429554089794524,0.110099
-1.2265983723208604,2.7100180857282936,-2.149241060434659,0.115992
-1.2265983723208604,3.0163037371835006,-2.3023838861622625,0.11626
-1.2265983723208604,3.7820178658215173,-2.3023838861622625,0.110436
-1.2265983723208604,5.619731774552758,-0.46466997743102123,0.110389
-1.0734555465932578,-3.109409291920636,-0.1583843259758151,0.213302
-1.0734555465932578,-2.956266466193033,-0.7709556288862283,0.220058
-1.0734555465932578,0.10659004835903563,-3.068098014800279,0.152643
-1.0734555465932578,0.25973287408663825,2.9044721885762534,0.0721982
-1.0734555465932578,1.4848754799074664,-1.8429554089794524,0.112076
-1.0734555465932578,4.394589168731931,-1.8429554089794524,0.105577
-0.9203127208656543,-2.956266466193033,1.9856152342106332,0.157731
-0.9203127208656543,-0.04655277736856789,2.75132936284865,0.0884963
-0.7671698951380508,-3.109409291920636,-0.1583843259758151,0.191549
-0.7671698951380508,-2.649980814737826,-2.3023838861622625,0.169394
-0.7671698951380508,-2.3436951632826193,2.5981865371210464,0.149618
-0.7671698951380508,-1.8842666860998087,2.9044721885762534,0.146581
-0.7671698951380508,-0.1996956030961714,-3.2212408405278827,0.148461
-0.7671698951380508,2.55687526000069,2.5981865371210464,0.0467402
-0.7671698951380508,3.1694465629111033,-1.996098234707056,0.114194
-0.7671698951380508,4.241446343004327,1.5261867570278236,0.109021
-0.6140270694104473,-2.8031236404654294,-0.6178128031586247,0.188045
-0.6140270694104473,-1.1185525574617916,-3.068098014800279,0.145963
-0.6140270694104473,0.5660185255418453,-3.068098014800279,0.148704
-0.6140270694104473,1.0254470027246567,-2.608669537617469,0.141332
-0.6140270694104473,2.55687526000069,2.5981865371210464,0.0480026
-0.6140270694104473,4.394589168731931,-1.6898125832518485,0.111715
-0.46088424368284375,-3.568837769103446,0.6073298026622025,0.165379
-0.46088424368284375,-2.8031236404654294,-2.149241060434659,0.167425
-0.46088424368284375,0.25973287408663825,-3.2212408405278827,0.147938
-0.46088424368284375,2.4037324342730866,-1.996098234707056,0.0968971
-0.46088424368284375,5.007160471642344,-0.0052415002482115725,0.117966
-0.30774141795524024,0.25973287408663825,-3.2212408405278827,0.147294
-0.30774141795524024,1.4848754799074664,-2.149241060434659,0.101549
-0.30774141795524024,3.7820178658215173,1.9856152342106332,0.107321
-0.30774141795524024,5.007160471642344,-0.1583843259758151,0.117607
-0.1545985922276376,-1.4248382089169986,3.2107578400314605,0.140382
-0.1545985922276376,-0.04655277736856789,2.75132936284865,0.0989132
-0.1545985922276376,1.63801830563507,-2.149241060434659,0.0922558
-0.1545985922276376,1.7911611313626734,-2.149241060434659,0.0886786
-0.1545985922276376,2.55687526000069,2.445043711393444,0.0560053
-0.1545985922276376,3.93516069154912,-1.996098234707056,0.113855
-0.0014557665000340947,-3.415694943375843,1.5261867570278236,0.144335
-0.0014557665000340947,-2.8031236404654294,-1.0772412803414353,0.163412
-0.0014557665000340947,-1.8842666860998087,3.057615014303857,0.138629
-0.0014557665000340947,-1.4248382089169986,3.2107578400314605,0.14007
-0.0014557665000340947,-0.1996956030961714,-3.2212408405278827,0.14364
-0.0014557665000340947,-0.04655277736856789,-3.2212408405278827,0.144429
-0.0014557665000340947,1.4848754799074664,-2.149241060434659,0.0955458
-0.0014557665000340947,4.854017645914741,0.454186976934599,0.113594
0.15168705922756942,-3.568837769103446,0.454186976934599,0.155341
0.15168705922756942,-0.1996956030961714,2.75132936284865,0.118117
0.15168705922756942,3.7820178658215173,1.9856152342106332,0.110747
0.30482988495517294,-3.568837769103446,0.9136154541174086,0.14864
0.30482988495517294,4.700874820187137,0.9136154541174086,0.108818
0.45797271068277645,-2.649980814737826,-1.8429554089794524,0.152577
0.45797271068277645,-2.496837989010223,-0.6178128031586247,0.148888
0.45797271068277645,3.4757322143663103,-1.996098234707056,0.113017
0.6111155364103809,-3.109409291920636,-0.0052415002482115725,0.146902
0.6111155364103809,-2.496837989010223,-0.46466997743102123,0.143475
0.6111155364103809,-0.8122669060065855,-2.914955189072676,0.141567
0.6111155364103809,-0.659124080278982,2.9044721885762534,0.135943
0.6111155364103809,-0.1996956030961714,-2.914955189072676,0.139249
0.6111155364103809,-0.04655277736856789,2.5981865371210464,0.122004
0.6111155364103809,2.250589608545483,1.8324724084830297,0.0854086
0.6111155364103809,3.628875040093913,1.8324724084830297,0.11183
0.6111155364103809,5.007160471642344,-0.7709556288862283,0.113936
0.7642583621379835,-3.2625521176482395,0.454186976934599,0.143298
0.7642583621379835,-2.956266466193033,-0.0052415002482115725,0.141873
0.7642583621379835,-1.4248382089169986,2.9044721885762534,0.136129
0.7642583621379835,-1.2716953831893951,-2.914955189072676,0.143839
0.7642583621379835,-0.5059812545513784,-2.914955189072676,0.138918
0.7642583621379835,0.5660185255418453,-2.3023838861622625,0.125213
0.7642583621379835,4.394589168731931,1.0667582798450121,0.107184
0.7642583621379835,4.700874820187137,0.14790132547939194,0.106106
0.7642583621379835,4.854017645914741,-1.2303841060690384,0.116833
0.9174011878655861,-3.109409291920636,0.454186976934599,0.138418
0.9174011878655861,0.41287569981424177,2.75132936284865,0.115264
0.9174011878655861,0.5660185255418453,-1.996098234707056,0.115008
0.9174011878655861,0.7191613512694497,2.5981865371210464,0.106754
0.9174011878655861,1.4848754799074664,1.9856152342106332,0.0921896
0.9174011878655861,3.628875040093913,-1.8429554089794524,0.114516
0.9174011878655861,3.93516069154912,-1.8429554089794524,0.116843
0.9174011878655861,4.547731994459534,-1.5366697575242454,0.118596
1.0705440135931905,-2.956266466193033,0.9136154541174086,0.130901
1.0705440135931905,-2.3436951632826193,-1.3835269317966419,0.126652
1.0705440135931905,-1.4248382089169986,2.5981865371210464,0.128855
1.0705440135931905,-0.8122669060065855,2.75132936284865,0.130527
1.0705440135931905,0.10659004835903563,-2.608669537617469,0.124036
1.0705440135931905,1.0254470027246567,-1.5366697575242454,0.0842188
1.0705440135931905,1.7911611313626734,-1.6898125832518485,0.0679594
1.0705440135931905,1.7911611313626734,1.0667582798450121,0.121816
1.0705440135931905,1.944303957090277,0.9136154541174086,0.120246
1.0705440135931905,2.250589608545483,0.7604726283898051,0.114558
1.0705440135931905,2.4037324342730866,-1.5366697575242454,0.0779148
1.2236868393207931,-2.649980814737826,0.6073298026622025,0.123851
1.2236868393207931,-2.3436951632826193,1.37304393130022,0.117224
1.2236868393207931,-2.1905523375550153,1.5261867570278236,0.115749
1.2236868393207931,-1.7311238603722052,2.1387580599382368,0.118395
1.2236868393207931,-1.1185525574617916,2.5981865371210464,0.125252
1.2236868393207931,-0.9654097317341881,-3.2212408405278827,0.136282
1.2236868393207931,3.0163037371835006,-1.2303841060690384,0.102849
1.2236868393207931,3.4757322143663103,-1.5366697575242454,0.111766
1.2236868393207931,3.7820178658215173,0.7604726283898051,0.10412
1.2236868393207931,4.088303517276724,-1.5366697575242454,0.116809
1.3768296650483958,-1.5779810346446022,2.1387580599382368,0.113886
1.3768296650483958,0.41287569981424177,3.057615014303857,0.119409
1.3768296650483958,2.7100180857282936,-0.7709556288862283,0.0902205
1.3768296650483958,3.0163037371835006,-0.7709556288862283,0.101464
1.3768296650483958,4.394589168731931,-0.7709556288862283,0.112444
1.5299724907760002,-2.496837989010223,-1.2303841060690384,0.106219
1.5299724907760002,-2.496837989010223,-1.0772412803414353,0.104874
1.5299724907760002,-2.496837989010223,-0.9240984546138318,0.103658
1.5299724907760002,-2.3436951632826193,0.454186976934599,0.10529
1.5299724907760002,-1.4248382089169986,2.2919008856658403,0.110056
1.5299724907760002,-0.9654097317341881,2.75132936284865,0.116218
1.5299724907760002,0.5660185255418453,3.057615014303857,0.117642
1.5299724907760002,2.0974467828178796,-0.0052415002482115725,0.0839952
1.5299724907760002,2.250589608545483,-0.1583843259758151,0.0823338
1.5299724907760002,3.93516069154912,-0.7709556288862283,0.109896
1.5299724907760002,3.93516069154912,-0.6178128031586247,0.108314
1.6831153165036028,-2.496837989010223,-1.6898125832518485,0.106627
1.6831153165036028,-2.3436951632826193,0.30104415120699546,0.098305
1.6831153165036028,0.41287569981424177,-2.455526711889866,0.0988264
1.6831153165036028,0.8723041769970532,-1.6898125832518485,0.08183
1.6831153165036028,0.8723041769970532,2.9044721885762534,0.113868
1.8362581422312072,-2.496837989010223,-1.8429554089794524,0.104704
1.8362581422312072,0.5660185255418453,-2.3023838861622625,0.0911962
1.8362581422312072,1.4848754799074664,0.14790132547939194,0.0845274
1.9894009679588098,-2.3436951632826193,0.14790132547939194,0.0883648
1.9894009679588098,1.4848754799074664,1.8324724084830297,0.094908
2.1425437936864142,-2.3436951632826193,-2.3023838861622625,0.106859
2.1425437936864142,-1.7311238603722052,-3.068098014800279,0.121854
2.1425437936864142,-1.4248382089169986,-3.2212408405278827,0.123226
2.1425437936864142,1.1785898284522593,-0.7709556288862283,0.0723637
2.4488294451416195,-2.649980814737826,-1.2303841060690384,0.0844003
2.4488294451416195,-2.649980814737826,-1.0772412803414353,0.08294
2.4488294451416195,-2.1905523375550153,-2.455526711889866,0.106467
2.4488294451416195,0.25973287408663825,3.057615014303857,0.113307
2.601972270869224,-2.649980814737826,-1.2303841060690384,0.0821369
2.601972270869224,-2.649980814737826,-1.0772412803414353,0.0806652
2.601972270869224,-2.0374095118274123,1.2199011055726166,0.0774999
2.601972270869224,-0.1996956030961714,-2.914955189072676,0.101172
2.601972270869224,0.7191613512694497,-2.149241060434659,0.0769983
2.601972270869224,1.0254470027246567,-0.9240984546138318,0.0717572
2.7551150965968265,-2.649980814737826,-1.2303841060690384,0.0802578
2.7551150965968265,-2.649980814737826,-1.0772412803414353,0.0787753
2.7551150965968265,-2.496837989010223,-0.46466997743102123,0.0761578
2.7551150965968265,-2.0374095118274123,1.0667582798450121,0.0762616
2.7551150965968265,0.8723041769970532,-1.8429554089794524,0.0717677
2.908257922324431,-2.496837989010223,-0.46466997743102123,0.0747576
2.908257922324431,-1.1185525574617916,2.5981865371210464,0.0899288
2.908257922324431,0.25973287408663825,-2.608669537617469,0.0857939
2.908257922324431,1.0254470027246567,-0.3115271517034186,0.0756989
3.0614007480520335,-2.0374095118274123,1.0667582798450121,0.0736233
3.0614007480520335,-1.4248382089169986,-2.914955189072676,0.113353
3.0614007480520335,-1.1185525574617916,2.5981865371210464,0.0889825
3.0614007480520335,1.1785898284522593,2.1387580599382368,0.0930385
3.0614007480520335,1.3317326541798629,0.14790132547939194,0.0702864
3.0614007480520335,1.4848754799074664,0.454186976934599,0.0698249
3.214543573779638,-2.649980814737826,-1.3835269317966419,0.0789642
3.214543573779638,-2.649980814737826,-0.9240984546138318,0.0743491
3.214543573779638,-2.3436951632826193,-0.1583843259758151,0.0736239
3.214543573779638,-2.0374095118274123,0.6073298026622025,0.0758109
3.214543573779638,1.3317326541798629,0.14790132547939194,0.0694711
3.3676863995072406,-2.649980814737826,-0.9240984546138318,0.0739308
3.3676863995072406,-2.0374095118274123,1.37304393130022,0.0711317
3.3676863995072406,-1.4248382089169986,-3.068098014800279,0.111854
3.3676863995072406,-0.3528384288237749,2.9044721885762534,0.103084
3.520829225234843,-2.3436951632826193,-0.0052415002482115725,0.071039
3.520829225234843,-1.8842666860998087,-2.914955189072676,0.108191
3.6739720509624476,-2.649980814737826,-0.9240984546138318,0.0734108
3.6739720509624476,-2.496837989010223,-0.3115271517034186,0.0697798
3.6739720509624476,-2.1905523375550153,0.6073298026622025,0.0700062
3.6739720509624476,-0.3528384288237749,-3.068098014800279,0.0984329
3.6739720509624476,-0.04655277736856789,3.057615014303857,0.106418
3.6739720509624476,0.10659004835903563,-2.7618123633450726,0.0869576
3.6739720509624476,1.3317326541798629,1.9856152342106332,0.0868331
3.8271148766900502,-2.649980814737826,-1.2303841060690384,0.0765813
3.8271148766900502,-2.649980814737826,-1.0772412803414353,0.0748622
3.8271148766900502,-0.8122669060065855,2.9044721885762534,0.095603
3.8271148766900502,0.8723041769970532,-1.6898125832518485,0.0686577
3.8271148766900502,1.4848754799074664,1.5261867570278236,0.0789581
3.9802577024176546,-2.3436951632826193,0.30104415120699546,0.0683055
3.9802577024176546,-2.1905523375550153,-2.7618123633450726,0.104234
3.9802577024176546,-2.0374095118274123,1.37304393130022,0.0699351
3.9802577024176546,-1.8842666860998087,-3.068098014800279,0.110433
3.9802577024176546,0.25973287408663825,-2.608669537617469,0.0830763
3.9802577024176546,0.41287569981424177,3.057615014303857,0.108729
3.9802577024176546,1.0254470027246567,2.5981865371210464,0.100483
3.9802577024176546,1.1785898284522593,-0.46466997743102123,0.066027
3.9802577024176546,1.4848754799074664,0.6073298026622025,0.0691813
4.133400528145257,-1.8842666860998087,1.6793295827554262,0.0729744
4.133400528145257,1.0254470027246567,-1.0772412803414353,0.065613
4.133400528145257,1.4848754799074664,0.9136154541174086,0.072492
4.133400528145257,1.4848754799074664,1.2199011055726166,0.0758082
4.28654335387286,-1.8842666860998087,-3.068098014800279,0.111044
4.439686179600466,-2.496837989010223,-1.0772412803414353,0.0765281
4.439686179600466,-0.8122669060065855,2.9044721885762534,0.09864
4.439686179600466,-0.659124080278982,-3.2212408405278827,0.106434
4.439686179600466,-0.3528384288237749,-3.068098014800279,0.100036
4.439686179600466,0.7191613512694497,-1.6898125832518485,0.0709804
4.439686179600466,1.3317326541798629,0.30104415120699546,0.0682084
4.592829005328069,-2.0374095118274123,1.0667582798450121,0.0709068
4.745971831055673,-1.4248382089169986,1.9856152342106332,0.0828788
4.745971831055673,-0.3528384288237749,-2.914955189072676,0.0995459
4.745971831055673,-0.04655277736856789,3.057615014303857,0.10986
4.745971831055673,1.1785898284522593,1.9856152342106332,0.0923979
4.899114656783276,-1.5779810346446022,1.5261867570278236,0.0798035
5.05225748251088,-1.4248382089169986,1.5261867570278236,0.0835896
5.05225748251088,0.25973287408663825,-1.6898125832518485,0.0815329
5.05225748251088,1.0254470027246567,0.6073298026622025,0.0777928
5.205400308238483,-1.1185525574617916,1.6793295827554262,0.0901801
5.205400308238483,-0.659124080278982,-2.608669537617469,0.102656
5.205400308238483,-0.659124080278982,2.445043711393444,0.100737
5.205400308238483,0.8723041769970532,0.7604726283898051,0.0826706
5.358543133966085,-0.9654097317341881,1.5261867570278236,0.0939013
5.358543133966085,-0.659124080278982,-2.149241060434659,0.100127
5.358543133966085,0.5660185255418453,-1.0772412803414353,0.0784333
5.358543133966085,0.5660185255418453,1.2199011055726166,0.0931384
5.358543133966085,0.5660185255418453,1.37304393130022,0.094426
5.358543133966085,0.7191613512694497,0.7604726283898051,0.0863153
5.358543133966085,0.8723041769970532,-0.46466997743102123,0.0759475
5.51168595969369,-0.8122669060065855,1.37304393130022,0.097242
5.51168595969369,0.10659004835903563,1.5261867570278236,0.100732
5.51168595969369,0.10659004835903563,1.6793295827554262,0.101401
5.51168595969369,0.10659004835903563,1.8324724084830297,0.102137
5.817971611148897,-1.8842666860998087,-0.1583843259758151,0.0885866
5.817971611148897,-1.8842666860998087,-0.0052415002482115725,0.0878897
5.9711144368764995,-1.7311238603722052,-0.46466997743102123,0.0939551
5.9711144368764995,-1.4248382089169986,-0.9240984546138318,0.0992774
5.9711144368764995,-0.8122669060065855,-1.2303841060690384,0.101666
6.124257262604104,-1.4248382089169986,-0.7709556288862283,0.100095
6.430542914059309,-1.1185525574617916,-0.6178128031586247,0.104705
6.430542914059309,-0.659124080278982,0.6073298026622025,0.104585
6.5836857397869135,-0.9654097317341881,-0.3115271517034186,0.106763
6.5836857397869135,-0.659124080278982,0.30104415120699546,0.10638
