-8.13335738131909,-0.45794043087307035,-1.6338367473350837,0.079347
-8.13335738131909,-0.2972795845471481,-0.9911933620313969,0.0828627
-8.13335738131909,0.02404210810469376,-0.9911933620313969,0.0824758
-8.13335738131909,0.18470295443061602,-1.6338367473350837,0.0792679
-7.972696534993169,-0.1366187382212276,-2.1158192863128478,0.0767572
-7.972696534993169,0.5060246470824588,-0.9911933620313969,0.0796085
-7.651374842341326,-0.779262123524914,-2.276480132638769,0.0719338
-7.651374842341326,-0.45794043087307035,-0.3485499767277114,0.0830168
-7.651374842341326,0.18470295443061602,-2.437140978964691,0.0769668
-7.651374842341326,0.5060246470824588,-2.276480132638769,0.0772634
-7.490713996015405,-1.1005838161767567,-2.1158192863128478,0.0696381
-7.490713996015405,-0.2972795845471481,-0.18788913040178912,0.083175
-7.330053149689483,-0.1366187382212276,-0.027228284075867748,0.0831707
-7.330053149689483,0.02404210810469376,-0.027228284075867748,0.0830035
-7.330053149689483,0.8273463397343024,-0.5092108230536327,0.0771207
-7.169392303363562,-1.261244662502678,-2.276480132638769,0.0671517
-7.169392303363562,0.18470295443061602,1.4187193328574255,0.0872235
-7.169392303363562,0.5060246470824588,0.294093408575975,0.082381
-7.169392303363562,0.6666854934083801,0.7760759475537391,0.0830307
-7.169392303363562,1.469989725037987,-1.794497593661005,0.0738289
-7.008731457037641,-1.4219055088286003,-2.1158192863128478,0.0658927
-7.008731457037641,-0.779262123524914,0.7760759475537391,0.0838818
-7.008731457037641,-0.779262123524914,0.9367367938796614,0.0843279
-7.008731457037641,1.6306505713639101,-1.4731759010091618,0.0738937
-6.848070610711718,-0.9399229698508345,0.7760759475537391,0.0821927
-6.848070610711718,-0.9399229698508345,0.9367367938796614,0.0828288
-6.848070610711718,-0.6186012771989917,1.5793801791833468,0.0865985
-6.848070610711718,-0.45794043087307035,-3.40110605692022,0.0793244
-6.848070610711718,0.18470295443061602,-3.2404452105942987,0.0797411
-6.848070610711718,0.5060246470824588,-3.079784364268377,0.0811987
-6.687409764385797,-1.5825663551545208,-1.955158439986926,0.0646353
-6.687409764385797,-1.5825663551545208,-1.794497593661005,0.0641174
-6.687409764385797,-0.9399229698508345,-0.18788913040178912,0.0746924
-6.687409764385797,-0.779262123524914,1.5793801791833468,0.0856989
-6.687409764385797,1.9519722640157529,-2.276480132638769,0.0800204
-6.687409764385797,1.9519722640157529,-1.4731759010091618,0.0781933
-6.526748918059875,-1.1005838161767567,0.45475425490189636,0.0762595
-6.526748918059875,1.3093288787120656,0.13343256225005273,0.0796647
-6.526748918059875,2.1126331103416742,-2.1158192863128478,0.0818901
-6.526748918059875,2.1126331103416742,-1.6338367473350837,0.0808044
-6.366088071733953,-1.261244662502678,-0.18788913040178912,0.0576657
-6.366088071733953,0.3453638007565365,2.061362718161112,0.08787
-6.205427225408032,-1.261244662502678,0.294093408575975,0.0661598
-6.205427225408032,-1.261244662502678,0.45475425490189636,0.0703775
-6.205427225408032,0.3453638007565365,-3.5617669032461414,0.0777749
-6.205427225408032,0.5060246470824588,2.061362718161112,0.0880276
-6.205427225408032,1.469989725037987,-3.079784364268377,0.0775779
-6.205427225408032,1.6306505713639101,-0.5092108230536327,0.081394
-6.205427225408032,1.7913114176898315,0.294093408575975,0.0797211
-6.205427225408032,1.7913114176898315,0.45475425490189636,0.0793723
-6.205427225408032,2.2732939566675956,-1.955158439986926,0.0843382
-6.044766379082111,-1.4219055088286003,-3.40110605692022,0.0853109
-6.044766379082111,1.1486680323861442,-3.2404452105942987,0.0748741
-6.044766379082111,1.7913114176898315,0.9367367938796614,0.080842
-6.044766379082111,1.9519722640157529,0.6154151012278186,0.0810716
-5.884105532756189,-1.9038880478063644,-0.8305325157054755,0.0308407
-5.884105532756189,-1.7432272014804422,-2.758462671616534,0.0759444
-5.884105532756189,-1.7432272014804422,-2.1158192863128478,0.0643501
-5.884105532756189,2.1126331103416742,-2.5978018252906123,0.0838661
-5.884105532756189,2.1126331103416742,-0.027228284075867748,0.0831881
-5.723444686430268,-1.7432272014804422,-1.794497593661005,0.0538698
-5.723444686430268,-1.4219055088286003,0.7760759475537391,0.0746426
-5.723444686430268,0.3453638007565365,2.222023564487033,0.090953
-5.562783840104347,-0.9399229698508345,-3.722427749572063,0.0887435
-5.562783840104347,-0.2972795845471481,2.3826844108129555,0.0884147
-5.562783840104347,2.1126331103416742,-0.5092108230536327,0.0849864
-5.402122993778425,-0.779262123524914,2.3826844108129555,0.0852271
-5.402122993778425,-0.1366187382212276,2.7040061034647973,0.0896801
-5.402122993778425,2.2732939566675956,-0.3485499767277114,0.0864248
-5.241462147452503,-1.7432272014804422,0.45475425490189636,0.0610122
-5.241462147452503,1.9519722640157529,-0.9911933620313969,0.0853863
-5.080801301126582,-2.225209740458207,1.258058486531505,0.0864245
-5.080801301126582,-1.4219055088286003,-2.9191235179424555,0.0787745
-5.080801301126582,-0.1366187382212276,-3.5617669032461414,0.0792587
-5.080801301126582,1.9519722640157529,1.4187193328574255,0.089677
-5.080801301126582,2.1126331103416742,-0.6698716693795541,0.0863343
-4.92014045480066,0.9880071860602229,-2.9191235179424555,0.0703943
-4.92014045480066,1.3093288787120656,1.9007018718351896,0.0954047
-4.92014045480066,1.469989725037987,1.740041025509269,0.0942748
-4.92014045480066,1.7913114176898315,-0.9911933620313969,0.084564
-4.92014045480066,2.2732939566675956,1.0973976402055827,0.0902326
-4.759479608474739,-2.3858705867841286,0.9367367938796614,0.0858369
-4.759479608474739,-2.064548894132286,0.45475425490189636,0.0698391
-4.759479608474739,-0.6186012771989917,-3.2404452105942987,0.0784267
-4.759479608474739,1.1486680323861442,2.543345257138876,0.0975972
-4.759479608474739,1.469989725037987,-2.437140978964691,0.0759118
-4.5988187621488175,-2.54653143311005,1.258058486531505,0.0920321
-4.5988187621488175,-2.3858705867841286,0.7760759475537391,0.0846498
-4.5988187621488175,0.6666854934083801,-2.5978018252906123,0.0670755
-4.5988187621488175,0.9880071860602229,-2.437140978964691,0.0690813
-4.5988187621488175,1.3093288787120656,2.222023564487033,0.0965037
-4.5988187621488175,2.2732939566675956,-0.3485499767277114,0.0878206
-4.438157915822895,-1.261244662502678,-2.1158192863128478,0.0421033
-4.438157915822895,0.18470295443061602,3.507310335094406,0.100063
-4.438157915822895,0.3453638007565365,-2.437140978964691,0.0617013
-4.438157915822895,0.8273463397343024,-2.1158192863128478,0.0630287
-4.438157915822895,1.1486680323861442,-1.3125150546832405,0.0660332
-4.438157915822895,1.6306505713639101,1.5793801791833468,0.0948792
-4.277497069496974,-2.54653143311005,0.9367367938796614,0.0913305
-4.277497069496974,-1.4219055088286003,2.8646669497907187,0.0802486
-4.277497069496974,-0.779262123524914,-2.276480132638769,0.0454593
-4.277497069496974,0.5060246470824588,-2.1158192863128478,0.0527117
-4.277497069496974,1.3093288787120656,2.543345257138876,0.100351
-4.116836223171053,-2.3858705867841286,0.6154151012278186,0.0874608
-4.116836223171053,-1.7432272014804422,2.7040061034647973,0.0826361
-4.116836223171053,0.5060246470824588,-1.955158439986926,0.0444693
-4.116836223171053,0.6666854934083801,-1.794497593661005,0.0452822
-4.116836223171053,1.469989725037987,-0.6698716693795541,0.0763091
-4.116836223171053,1.9519722640157529,-0.3485499767277114,0.0834779
-3.956175376845131,-1.4219055088286003,2.8646669497907187,0.0807686
-3.956175376845131,-0.6186012771989917,-2.1158192863128478,0.034235
-3.956175376845131,0.5060246470824588,-1.794497593661005,0.0382722
-3.956175376845131,0.8273463397343024,-1.3125150546832405,0.0448776
-3.956175376845131,1.469989725037987,2.061362718161112,0.100972
-3.956175376845131,1.6306505713639101,1.4187193328574255,0.0965843
-3.7955145305192097,-1.9038880478063644,-0.8305325157054755,0.0621341
-3.7955145305192097,-1.7432272014804422,-1.151854208357319,0.0496637
-3.7955145305192097,-0.779262123524914,-1.955158439986926,0.030587
-3.7955145305192097,1.6306505713639101,1.740041025509269,0.100406
-3.7955145305192097,1.7913114176898315,-0.027228284075867748,0.0812066
-3.7955145305192097,1.7913114176898315,1.0973976402055827,0.0919026
-3.6348536841932875,-2.225209740458207,0.45475425490189636,0.0913222
-3.6348536841932875,-2.225209740458207,2.222023564487033,0.0905775
-3.6348536841932875,-2.064548894132286,2.3826844108129555,0.0879382
-3.6348536841932875,0.5060246470824588,3.3466494887684846,0.103038
-3.6348536841932875,0.9880071860602229,-0.5092108230536327,0.0671857
-3.6348536841932875,0.9880071860602229,3.02532779611664,0.105602
-3.6348536841932875,1.1486680323861442,2.8646669497907187,0.106235
-3.6348536841932875,1.9519722640157529,1.740041025509269,0.0997894
-3.6348536841932875,1.9519722640157529,1.9007018718351896,0.10238
-3.474192837867367,-2.3858705867841286,-0.18788913040178912,0.0949619
-3.474192837867367,-2.3858705867841286,0.9367367938796614,0.0950647
-3.474192837867367,-2.225209740458207,0.294093408575975,0.093571
-3.474192837867367,-2.225209740458207,0.45475425490189636,0.0936131
-3.474192837867367,0.18470295443061602,-1.4731759010091618,0.031118
-3.474192837867367,0.6666854934083801,3.185988642442563,0.103777
-3.474192837867367,1.9519722640157529,0.7760759475537391,0.0840236
-3.474192837867367,2.1126331103416742,1.258058486531505,0.0907003
-3.474192837867367,2.2732939566675956,1.9007018718351896,0.102388
-3.474192837867367,2.2732939566675956,2.061362718161112,0.104904
-3.3135319915414447,-2.225209740458207,1.9007018718351896,0.0917511
-3.3135319915414447,-0.1366187382212276,-1.4731759010091618,0.0343939
-3.3135319915414447,2.433954802993517,1.5793801791833468,0.0958898
-3.1528711452155234,-2.225209740458207,1.0973976402055827,0.0940792
-3.1528711452155234,-2.225209740458207,1.4187193328574255,0.0932276
-3.1528711452155234,1.7913114176898315,3.02532779611664,0.112617
-2.992210298889601,-0.1366187382212276,-1.4731759010091618,0.0495637
-2.992210298889601,1.9519722640157529,0.13343256225005273,0.0716458
-2.992210298889601,2.5946156493194383,1.258058486531505,0.0893518
-2.8315494525636806,0.02404210810469376,-1.4731759010091618,0.054102
-2.8315494525636806,2.2732939566675956,3.02532779611664,0.114863
-2.8315494525636806,2.7552764956453597,2.3826844108129555,0.110902
-2.6708886062377593,-2.54653143311005,0.45475425490189636,0.0941624
-2.6708886062377593,-2.3858705867841286,-1.4731759010091618,0.104857
-2.6708886062377593,-1.9038880478063644,1.4187193328574255,0.08753
-2.6708886062377593,-1.5825663551545208,-1.794497593661005,0.0873534
-2.6708886062377593,-1.1005838161767567,2.3826844108129555,0.0844415
-2.6708886062377593,-0.45794043087307035,2.7040061034647973,0.0862331
-2.6708886062377593,-0.1366187382212276,-1.6338367473350837,0.0589153
-2.6708886062377593,2.7552764956453597,1.258058486531505,0.0900051
-2.510227759911837,1.3093288787120656,-0.5092108230536327,0.0680724
-2.3495669135859165,0.18470295443061602,-1.6338367473350837,0.0620095
-2.3495669135859165,2.433954802993517,3.02532779611664,0.113968
-2.3495669135859165,2.5946156493194383,2.8646669497907187,0.11428
-2.3495669135859165,2.915937341971281,2.061362718161112,0.106791
-2.1889060672599943,-2.3858705867841286,0.7760759475537391,0.0870344
-2.1889060672599943,-0.2972795845471481,2.7040061034647973,0.0799885
-2.1889060672599943,2.915937341971281,1.9007018718351896,0.104983
-2.028245220934073,-2.3858705867841286,0.7760759475537391,0.0860798
-2.028245220934073,-1.5825663551545208,1.740041025509269,0.0782785
-2.028245220934073,-1.261244662502678,2.061362718161112,0.0777836
-2.028245220934073,0.9880071860602229,-0.8305325157054755,0.0748745
-2.028245220934073,2.7552764956453597,2.543345257138876,0.112583
-1.8675843746081506,-1.5825663551545208,-1.794497593661005,0.101201
-1.7069235282822302,1.6306505713639101,-0.6698716693795541,0.0749128
-1.7069235282822302,2.7552764956453597,2.222023564487033,0.111948
-1.7069235282822302,2.915937341971281,0.9367367938796614,0.0916712
-1.7069235282822302,2.915937341971281,1.0973976402055827,0.0950068
-1.5462626819563088,-1.7432272014804422,1.4187193328574255,0.077932
-1.5462626819563088,0.02404210810469376,-2.1158192863128478,0.0758637
-1.5462626819563088,1.3093288787120656,-0.9911933620313969,0.0774648
-1.5462626819563088,2.915937341971281,1.4187193328574255,0.104015
-1.3856018356303874,-2.54653143311005,-0.18788913040178912,0.0968108
-1.3856018356303874,0.18470295443061602,-2.1158192863128478,0.0773038
-1.224940989304466,-1.9038880478063644,-1.794497593661005,0.116425
-1.224940989304466,1.1486680323861442,-1.4731759010091618,0.0784207
-1.224940989304466,2.1126331103416742,2.7040061034647973,0.107851
-1.224940989304466,2.915937341971281,0.13343256225005273,0.0865048
-1.064280142978543,-1.9038880478063644,-1.955158439986926,0.119029
-1.064280142978543,-0.9399229698508345,-2.437140978964691,0.102421
-1.064280142978543,-0.779262123524914,-2.437140978964691,0.0991228
-1.064280142978543,1.469989725037987,-1.3125150546832405,0.0825847
-1.064280142978543,2.1126331103416742,-0.8305325157054755,0.0819021
-0.9036192966526215,-2.3858705867841286,-0.18788913040178912,0.0979762
-0.9036192966526215,-2.225209740458207,-1.4731759010091618,0.120858
-0.9036192966526215,-2.064548894132286,0.7760759475537391,0.0849513
-0.9036192966526215,-1.7432272014804422,1.0973976402055827,0.0823199
-0.9036192966526215,0.3453638007565365,2.7040061034647973,0.0780456
-0.9036192966526215,1.1486680323861442,-1.6338367473350837,0.084011
-0.9036192966526215,1.7913114176898315,-1.151854208357319,0.0861302
-0.7429584503267002,-0.2972795845471481,-2.437140978964691,0.0969382
-0.7429584503267002,0.5060246470824588,2.7040061034647973,0.0793533
-0.5822976040007788,-1.1005838161767567,1.258058486531505,0.0869561
-0.5822976040007788,3.076598188297204,2.061362718161112,0.123598
-0.5822976040007788,3.2372590346231256,0.45475425490189636,0.107032
-0.4216367576748574,-1.1005838161767567,-2.5978018252906123,0.120949
-0.4216367576748574,0.02404210810469376,2.222023564487033,0.0800971
-0.4216367576748574,1.3093288787120656,2.7040061034647973,0.0919361
-0.4216367576748574,3.076598188297204,0.13343256225005273,0.107094
-0.26097591134893605,-1.1005838161767567,-2.5978018252906123,0.124622
-0.26097591134893605,-0.9399229698508345,-2.5978018252906123,0.121587
-0.26097591134893605,-0.2972795845471481,-2.437140978964691,0.107801
-0.26097591134893605,-0.2972795845471481,1.740041025509269,0.0870104
-0.26097591134893605,0.02404210810469376,-2.276480132638769,0.102037
-0.26097591134893605,3.076598188297204,0.13343256225005273,0.112251
-0.10031506502301468,-2.064548894132286,0.294093408575975,0.105946
-0.10031506502301468,-1.5825663551545208,0.9367367938796614,0.103278
-0.10031506502301468,0.18470295443061602,2.222023564487033,0.0840457
-0.10031506502301468,2.1126331103416742,-0.9911933620313969,0.111656
-0.10031506502301468,2.7552764956453597,2.3826844108129555,0.125176
0.06034578130290669,-1.9038880478063644,0.6154151012278186,0.113672
0.06034578130290669,0.6666854934083801,-1.955158439986926,0.097923
0.06034578130290669,1.1486680323861442,2.543345257138876,0.0940854
0.06034578130290669,1.3093288787120656,-1.794497593661005,0.0938039
0.22100662762882806,-2.064548894132286,-0.027228284075867748,0.119534
0.22100662762882806,-1.9038880478063644,-2.1158192863128478,0.145429
0.22100662762882806,-1.7432272014804422,1.4187193328574255,0.123411
0.22100662762882806,-1.1005838161767567,1.258058486531505,0.112088
0.22100662762882806,-0.2972795845471481,-2.276480132638769,0.118128
0.5423283202806726,-2.54653143311005,0.6154151012278186,0.134774
0.5423283202806726,-2.225209740458207,1.9007018718351896,0.122446
0.5423283202806726,-2.064548894132286,-1.3125150546832405,0.148968
0.5423283202806726,-1.9038880478063644,-1.794497593661005,0.15223
0.5423283202806726,-1.5825663551545208,-2.1158192863128478,0.150769
0.5423283202806726,-1.1005838161767567,-2.276480132638769,0.143749
0.5423283202806726,-0.9399229698508345,1.5793801791833468,0.118684
0.5423283202806726,2.5946156493194383,2.222023564487033,0.131813
0.5423283202806726,3.2372590346231256,-0.8305325157054755,0.136967
0.5423283202806726,3.2372590346231256,0.6154151012278186,0.1372
0.5423283202806726,3.2372590346231256,0.7760759475537391,0.138105
0.7029891666065922,-1.9038880478063644,-0.8305325157054755,0.14724
0.7029891666065922,-0.9399229698508345,-2.1158192863128478,0.145533
0.8636500129325153,-1.7432272014804422,-0.3485499767277114,0.149464
0.8636500129325153,2.915937341971281,1.5793801791833468,0.141984
0.8636500129325153,3.076598188297204,-1.3125150546832405,0.13797
0.8636500129325153,3.2372590346231256,0.7760759475537391,0.139369
0.8636500129325153,3.7192415736008897,-0.6698716693795541,0.142467
1.0243108592584367,-3.349835664739658,-0.18788913040178912,0.140357
1.0243108592584367,-3.028513972087815,1.740041025509269,0.122557
1.0243108592584367,-2.225209740458207,-0.18788913040178912,0.152989
1.0243108592584367,-1.4219055088286003,-1.151854208357319,0.167358
1.0243108592584367,-0.9399229698508345,-1.6338367473350837,0.160386
1.0243108592584367,0.8273463397343024,1.740041025509269,0.123382
1.0243108592584367,1.7913114176898315,-1.955158439986926,0.101238
1.0243108592584367,2.433954802993517,1.9007018718351896,0.138775
1.1849717055843563,-3.831818203717422,-0.18788913040178912,0.13324
1.1849717055843563,-3.1891748184137367,0.13343256225005273,0.140156
1.1849717055843563,-3.1891748184137367,1.740041025509269,0.124232
1.1849717055843563,-3.028513972087815,0.294093408575975,0.140713
1.1849717055843563,-1.9038880478063644,-0.3485499767277114,0.163449
1.1849717055843563,-0.2972795845471481,1.4187193328574255,0.126311
1.1849717055843563,0.02404210810469376,-2.1158192863128478,0.11544
1.1849717055843563,0.18470295443061602,1.258058486531505,0.130147
1.1849717055843563,2.7552764956453597,1.5793801791833468,0.140848
1.3456325519102794,-4.153139896369265,-1.3125150546832405,0.135542
1.3456325519102794,-3.349835664739658,1.740041025509269,0.12675
1.3456325519102794,-2.064548894132286,-0.9911933620313969,0.171392
1.3456325519102794,2.5946156493194383,-1.6338367473350837,0.13792
1.3456325519102794,2.915937341971281,1.4187193328574255,0.138724
1.5062933982362008,-3.349835664739658,0.6154151012278186,0.137834
1.5062933982362008,-3.349835664739658,0.9367367938796614,0.134708
1.5062933982362008,-1.7432272014804422,-0.6698716693795541,0.186161
1.5062933982362008,-0.779262123524914,-1.6338367473350837,0.185701
1.5062933982362008,-0.2972795845471481,2.222023564487033,0.130989
1.5062933982362008,0.8273463397343024,-2.276480132638769,0.104822
1.5062933982362008,1.7913114176898315,-1.955158439986926,0.118792
1.666954244562124,-4.474461589021109,-0.9911933620313969,0.128377
1.666954244562124,-4.474461589021109,-0.18788913040178912,0.12632
1.666954244562124,-3.992479050043344,0.45475425490189636,0.131673
1.666954244562124,-3.671157357391501,0.6154151012278186,0.135691
1.666954244562124,-3.510496511065579,1.258058486531505,0.134132
1.666954244562124,-3.1891748184137367,-2.1158192863128478,0.146691
1.666954244562124,-1.261244662502678,-1.4731759010091618,0.203423
1.666954244562124,0.6666854934083801,1.5793801791833468,0.146743
1.666954244562124,2.5946156493194383,1.9007018718351896,0.139107
1.8276150908880435,-4.63512243534703,-0.6698716693795541,0.125721
1.8276150908880435,-2.225209740458207,-1.794497593661005,0.168695
1.8276150908880435,-2.064548894132286,-1.6338367473350837,0.175953
1.8276150908880435,-1.261244662502678,-1.6338367473350837,0.203731
1.8276150908880435,0.5060246470824588,1.4187193328574255,0.151219
1.8276150908880435,3.2372590346231256,1.0973976402055827,0.134726
1.8276150908880435,3.5585807272749683,-1.3125150546832405,0.152018
1.988275937213965,1.1486680323861442,2.061362718161112,0.149324
1.988275937213965,1.9519722640157529,-1.955158439986926,0.144874
1.988275937213965,2.915937341971281,-1.6338367473350837,0.151518
1.988275937213965,3.7192415736008897,0.45475425490189636,0.139984
2.148936783539888,-4.313800742695188,0.9367367938796614,0.140245
2.148936783539888,-3.510496511065579,2.8646669497907187,0.141644
2.148936783539888,-2.064548894132286,-1.794497593661005,0.179036
2.148936783539888,0.18470295443061602,2.222023564487033,0.151138
2.148936783539888,0.3453638007565365,1.4187193328574255,0.158608
2.148936783539888,2.2732939566675956,-1.955158439986926,0.150852
2.3095976298658076,-4.63512243534703,-1.3125150546832405,0.128053
2.3095976298658076,-3.671157357391501,2.7040061034647973,0.143939
2.3095976298658076,-3.349835664739658,-2.276480132638769,0.13879
2.3095976298658076,-3.028513972087815,-2.276480132638769,0.144537
2.3095976298658076,-2.225209740458207,-1.955158439986926,0.17281
2.3095976298658076,-1.7432272014804422,-1.794497593661005,0.197189
2.3095976298658076,2.1126331103416742,-2.276480132638769,0.149388
2.470258476191729,-4.956444127998873,-0.8305325157054755,0.127146
2.470258476191729,-4.474461589021109,-1.6338367473350837,0.129379
2.470258476191729,-2.8678531257618936,-2.276480132638769,0.148538
2.470258476191729,0.3453638007565365,1.9007018718351896,0.161574
2.470258476191729,0.5060246470824588,1.5793801791833468,0.164396
2.470258476191729,2.915937341971281,-1.6338367473350837,0.162485
2.630919322517652,-4.63512243534703,-1.4731759010091618,0.128935
2.630919322517652,-4.63512243534703,1.0973976402055827,0.146695
2.630919322517652,-3.671157357391501,2.7040061034647973,0.146176
2.630919322517652,-2.3858705867841286,-2.1158192863128478,0.169504
2.630919322517652,-0.2972795845471481,3.02532779611664,0.145438
2.630919322517652,1.9519722640157529,2.061362718161112,0.143648
2.630919322517652,3.076598188297204,1.0973976402055827,0.127863
2.630919322517652,3.397919880949045,0.6154151012278186,0.133511
2.630919322517652,3.7192415736008897,-0.5092108230536327,0.169478
2.7915801688435735,-1.4219055088286003,-2.276480132638769,0.213886
2.7915801688435735,0.02404210810469376,2.7040061034647973,0.155016
2.7915801688435735,0.5060246470824588,1.740041025509269,0.168098
2.7915801688435735,1.9519722640157529,-2.758462671616534,0.152729
2.7915801688435735,2.915937341971281,-1.794497593661005,0.165878
2.7915801688435735,2.915937341971281,1.258058486531505,0.123391
2.7915801688435735,3.5585807272749683,0.45475425490189636,0.132288
2.7915801688435735,3.7192415736008897,-0.6698716693795541,0.179581
2.952241015169493,-3.831818203717422,1.5793801791833468,0.151961
2.952241015169493,0.18470295443061602,2.3826844108129555,0.162567
2.952241015169493,0.5060246470824588,-2.276480132638769,0.180366
2.952241015169493,1.1486680323861442,1.740041025509269,0.160816
3.1129018614954163,-2.3858705867841286,3.185988642442563,0.131495
3.1129018614954163,2.7552764956453597,-2.276480132638769,0.158564
3.2735627078213376,-5.277765820650716,-0.3485499767277114,0.1331
3.2735627078213376,-3.831818203717422,1.4187193328574255,0.154174
3.2735627078213376,-3.671157357391501,1.5793801791833468,0.154612
3.2735627078213376,0.3453638007565365,2.061362718161112,0.170814
3.2735627078213376,0.9880071860602229,-2.758462671616534,0.165413
3.2735627078213376,1.469989725037987,-2.9191235179424555,0.158143
3.2735627078213376,1.7913114176898315,-2.9191235179424555,0.155798
3.2735627078213376,2.2732939566675956,-2.758462671616534,0.154514
3.2735627078213376,3.397919880949045,1.0973976402055827,0.093977
3.2735627078213376,4.040563266252732,0.294093408575975,0.139862
3.4342235541472608,-5.277765820650716,-0.18788913040178912,0.134873
3.4342235541472608,-3.671157357391501,1.4187193328574255,0.156403
3.4342235541472608,0.9880071860602229,-2.758462671616534,0.166327
3.4342235541472608,1.469989725037987,-2.9191235179424555,0.158672
3.4342235541472608,1.7913114176898315,-2.9191235179424555,0.156148
3.4342235541472608,2.2732939566675956,-2.758462671616534,0.154679
3.4342235541472608,2.433954802993517,1.4187193328574255,0.106296
3.4342235541472608,2.5946156493194383,1.4187193328574255,0.0992777
3.4342235541472608,3.7192415736008897,-1.4731759010091618,0.201709
3.4342235541472608,3.7192415736008897,0.9367367938796614,0.0965059
3.5948844004731804,-3.992479050043344,1.258058486531505,0.152447
3.5948844004731804,-3.510496511065579,1.4187193328574255,0.158951
3.5948844004731804,-3.028513972087815,2.543345257138876,0.143369
3.5948844004731804,-0.779262123524914,-2.5978018252906123,0.230112
3.5948844004731804,2.7552764956453597,-2.276480132638769,0.159469
3.5948844004731804,4.040563266252732,0.6154151012278186,0.117113
3.7555452467991017,-5.1171049743247945,0.294093408575975,0.139911
3.7555452467991017,-4.956444127998873,-0.8305325157054755,0.126711
3.7555452467991017,-4.795783281672952,-1.3125150546832405,0.128021
3.7555452467991017,-0.45794043087307035,2.3826844108129555,0.159692
3.7555452467991017,0.5060246470824588,-2.276480132638769,0.188668
3.7555452467991017,0.6666854934083801,-2.437140978964691,0.179414
3.7555452467991017,3.7192415736008897,1.0973976402055827,0.0851565
3.916206093125025,-4.795783281672952,-1.151854208357319,0.127476
3.916206093125025,-3.831818203717422,1.0973976402055827,0.152717
3.916206093125025,-2.54653143311005,-2.276480132638769,0.183414
3.916206093125025,-1.5825663551545208,2.3826844108129555,0.144409
3.916206093125025,-1.4219055088286003,2.3826844108129555,0.145558
3.916206093125025,-1.261244662502678,2.3826844108129555,0.147069
3.916206093125025,2.7552764956453597,-2.1158192863128478,0.159305
3.916206093125025,3.2372590346231256,-1.794497593661005,0.176257
3.916206093125025,4.361884958904577,-1.151854208357319,0.211147
4.0768669394509445,-4.63512243534703,0.6154151012278186,0.14162
4.0768669394509445,-2.707192279435972,1.9007018718351896,0.154449
4.0768669394509445,-2.3858705867841286,2.061362718161112,0.151348
4.0768669394509445,4.040563266252732,0.7760759475537391,0.102924
4.237527785776866,-3.992479050043344,-2.276480132638769,0.148187
4.237527785776866,-2.54653143311005,-2.1158192863128478,0.186104
4.237527785776866,-2.54653143311005,1.9007018718351896,0.154972
4.237527785776866,-0.779262123524914,-2.437140978964691,0.23636
4.237527785776866,-0.779262123524914,1.740041025509269,0.169404
4.237527785776866,4.361884958904577,-1.151854208357319,0.205466
4.237527785776866,4.5225458052304965,-0.3485499767277114,0.189036
4.398188632102789,-3.349835664739658,1.0973976402055827,0.158054
4.398188632102789,-3.028513972087815,-2.276480132638769,0.16764
4.398188632102789,-2.707192279435972,-2.1158192863128478,0.178046
4.398188632102789,-1.261244662502678,1.740041025509269,0.163223
4.398188632102789,0.18470295443061602,2.061362718161112,0.166647
4.398188632102789,0.5060246470824588,2.061362718161112,0.163245
4.55884947842871,-3.831818203717422,-2.1158192863128478,0.151656
4.55884947842871,-1.4219055088286003,1.740041025509269,0.16218
4.55884947842871,2.2732939566675956,-1.955158439986926,0.141973
4.71951032475463,-4.153139896369265,-1.4731759010091618,0.14213
4.71951032475463,-4.153139896369265,-0.8305325157054755,0.135636
4.71951032475463,-2.064548894132286,-0.9911933620313969,0.200379
4.71951032475463,-1.5825663551545208,1.740041025509269,0.161453
4.71951032475463,-1.261244662502678,-1.955158439986926,0.233436
4.71951032475463,0.18470295443061602,1.9007018718351896,0.162211
4.71951032475463,1.3093288787120656,1.4187193328574255,0.138808
4.880171171080553,-3.349835664739658,-0.5092108230536327,0.15098
4.880171171080553,-2.8678531257618936,-1.3125150546832405,0.167593
4.880171171080553,-1.4219055088286003,1.5793801791833468,0.16409
4.880171171080553,-0.9399229698508345,-1.6338367473350837,0.224448
4.880171171080553,-0.779262123524914,-1.6338367473350837,0.222158
4.880171171080553,-0.6186012771989917,-1.6338367473350837,0.218433
4.880171171080553,-0.2972795845471481,1.5793801791833468,0.163215
4.880171171080553,0.02404210810469376,1.740041025509269,0.16069
4.880171171080553,0.6666854934083801,1.740041025509269,0.153209
4.880171171080553,4.201224112578654,-0.8305325157054755,0.17241
5.0408320174064745,-3.028513972087815,-0.027228284075867748,0.15898
5.0408320174064745,1.469989725037987,0.9367367938796614,0.123137
5.0408320174064745,3.076598188297204,1.258058486531505,0.059754
5.0408320174064745,3.397919880949045,-1.4731759010091618,0.130445
5.0408320174064745,3.397919880949045,1.0973976402055827,0.064452
5.0408320174064745,3.7192415736008897,0.7760759475537391,0.0793556
5.201492863732396,-2.8678531257618936,1.0973976402055827,0.159699
5.201492863732396,-1.7432272014804422,-0.3485499767277114,0.184051
5.201492863732396,-1.1005838161767567,-0.5092108230536327,0.194169
5.201492863732396,0.3453638007565365,1.4187193328574255,0.151217
5.201492863732396,0.8273463397343024,1.258058486531505,0.143938
5.201492863732396,3.8799024199268093,-0.8305325157054755,0.138438
5.362153710058317,-1.261244662502678,0.6154151012278186,0.173723
5.362153710058317,-0.2972795845471481,-1.4731759010091618,0.189328
5.362153710058317,0.18470295443061602,-1.6338367473350837,0.178709
5.362153710058317,0.5060246470824588,-1.6338367473350837,0.171476
5.362153710058317,0.6666854934083801,1.0973976402055827,0.144508
5.362153710058317,1.6306505713639101,0.6154151012278186,0.104816
5.522814556384239,-2.3858705867841286,0.9367367938796614,0.163442
5.522814556384239,-2.064548894132286,0.13343256225005273,0.169761
5.522814556384239,-0.45794043087307035,0.6154151012278186,0.161506
5.522814556384239,0.18470295443061602,0.9367367938796614,0.149669
5.522814556384239,2.1126331103416742,-1.151854208357319,0.0960191
5.522814556384239,3.5585807272749683,-0.6698716693795541,0.101135
5.683475402710162,0.3453638007565365,-1.4731759010091618,0.1716
5.683475402710162,1.6306505713639101,-0.3485499767277114,0.110967
5.683475402710162,1.6306505713639101,-0.18788913040178912,0.108744
5.683475402710162,2.2732939566675956,-0.9911933620313969,0.085242
5.844136249036081,2.1126331103416742,-0.3485499767277114,0.0788597
5.844136249036081,2.433954802993517,0.294093408575975,0.0645113
6.004797095362003,0.02404210810469376,0.294093408575975,0.157514
6.004797095362003,0.3453638007565365,-1.151854208357319,0.169052
