-8.14672704348679,-4.207929846162231,0.5503506467584991,0.0363781
-8.14672704348679,1.63968997643609,-2.556197383996859,0.0202344
-7.963988924030592,-4.390667965618428,0.1848744078461042,0.0360091
-7.963988924030592,-4.207929846162231,0.915826885670894,0.0340269
-7.963988924030592,-2.197810532144058,0.1848744078461042,0.00191406
-7.963988924030592,-2.197810532144058,0.36761252730230165,0.0047223
-7.963988924030592,1.0914756180674967,-3.8353642201902414,0.0323527
-7.963988924030592,2.005166215348485,-3.6526261007340435,0.0334271
-7.781250804574395,-4.0251917267060335,1.2813031245832889,0.0301261
-7.781250804574395,-2.746024890512651,1.6467793634956847,0.0165631
-7.781250804574395,-2.0150724126878607,0.7330887662146965,0.00377619
-7.598512685118197,-3.659715487793638,1.6467793634956847,0.0251051
-7.598512685118197,-1.8323342932316633,0.915826885670894,0.00148662
-7.598512685118197,0.36052314024270693,-3.469887981277846,0.0170175
-7.598512685118197,1.4569518569798916,-4.200840459102636,0.032265
-7.415774565662,-2.197810532144058,2.0122556024080795,0.0187521
-7.415774565662,-0.7359055764944786,-1.2770305478034754,-0.0673003
-7.415774565662,-0.7359055764944786,-1.0942924283472788,-0.0670595
-7.415774565662,1.63968997643609,-1.4597686672596737,0.0044427
-7.415774565662,2.3706424542608797,-1.6425067867158711,0.0127368
-7.415774565662,2.7361186931732746,-2.1907211450844635,0.0164802
-7.233036446205801,-4.573406085074626,-0.18060183106629069,0.0266314
-7.233036446205801,-2.9287630099688484,-1.0942924283472788,-0.00634618
-7.233036446205801,-0.9186436959506752,-2.007983025628266,-0.062124
-7.233036446205801,1.8224280958922865,-1.2770305478034754,0.00636578
-7.050298326749605,-2.9287630099688484,2.560469960776671,0.0295692
-7.050298326749605,-2.563286771056453,2.560469960776671,0.0289148
-7.050298326749605,-1.4668580543192684,1.2813031245832889,0.00176593
-7.050298326749605,0.5432612596989044,-0.363339950522489,-0.0355402
-6.8675602072934065,-4.573406085074626,0.915826885670894,0.0320429
-6.8675602072934065,-4.390667965618428,-0.5460780699786856,0.0192802
-6.8675602072934065,-4.207929846162231,-0.7288161894348839,0.017209
-6.8675602072934065,-1.8323342932316633,-1.8252449061720686,-0.0583811
-6.8675602072934065,-1.649596173775465,-1.8252449061720686,-0.0616962
-6.8675602072934065,-1.4668580543192684,1.4640412440394863,0.00828811
-6.8675602072934065,1.274213737523695,-4.383578578558834,0.0223156
-6.8675602072934065,1.63968997643609,-0.9115543088910805,-0.000995057
-6.8675602072934065,3.284333051541868,-2.3734592645406614,0.0241376
-6.68482208783721,-1.4668580543192684,1.6467793634956847,0.0134344
-6.502083968381012,-3.8424536072498356,2.194993721864276,0.031754
-6.502083968381012,-3.4769773683374408,-1.0942924283472788,0.00632815
-6.502083968381012,-2.3805486516002556,2.7432080802328693,0.0320644
-6.502083968381012,-1.649596173775465,2.194993721864276,0.022114
-6.502083968381012,-0.5531674570382803,0.915826885670894,-0.0130443
-6.502083968381012,0.9087374986112993,-0.18060183106629069,-0.0141298
-6.319345848924815,-4.756144204530823,0.0021362883899067597,0.024102
-6.319345848924815,-3.111501129425046,2.7432080802328693,0.0346225
-6.319345848924815,-0.37042933758208285,-3.2871498618216486,-0.0200431
-6.319345848924815,-0.004953098669687961,0.5503506467584991,-0.0075915
-6.319345848924815,0.17778502078650948,0.36761252730230165,-0.0064522
-6.319345848924815,1.63968997643609,-4.383578578558834,0.0205605
-6.136607729468617,2.005166215348485,-0.7288161894348839,0.0133138
-6.136607729468617,2.918856812629471,-0.9115543088910805,0.0233372
-5.953869610012419,-3.4769773683374408,-1.0942924283472788,0.00701078
-5.953869610012419,-1.4668580543192684,-2.007983025628266,-0.0401996
-5.953869610012419,0.5432612596989044,0.5503506467584991,-0.00821128
-5.771131490556222,-1.1013818154068735,1.6467793634956847,0.0033316
-5.771131490556222,3.1015949320856713,-3.104411742365451,0.0267068
-5.771131490556222,3.284333051541868,-1.2770305478034754,0.0270793
-5.588393371100024,-2.0150724126878607,-1.8252449061720686,-0.029512
-5.588393371100024,-0.5531674570382803,-3.104411742365451,-0.0223774
-5.588393371100024,-0.004953098669687961,-3.469887981277846,0.0028679
-5.588393371100024,0.36052314024270693,-4.018102339646439,0.0130325
-5.588393371100024,0.5432612596989044,-4.200840459102636,0.0154081
-5.588393371100024,1.4569518569798916,0.1848744078461042,-0.0130439
-5.588393371100024,2.005166215348485,-4.383578578558834,0.0255373
-5.588393371100024,3.284333051541868,-2.7389355034530563,0.0253084
-5.588393371100024,3.4670711709980644,-2.1907211450844635,0.0274557
-5.405655251643827,-4.756144204530823,0.915826885670894,0.0346467
-5.405655251643827,-3.8424536072498356,1.8295174829518812,0.0319994
-5.405655251643827,-1.28411993486307,2.0122556024080795,0.00235318
-5.405655251643827,0.5432612596989044,-4.200840459102636,0.0171221
-5.405655251643827,2.918856812629471,-1.0942924283472788,0.0202151
-5.405655251643827,3.1015949320856713,-1.2770305478034754,0.0236919
-5.2229171321876295,-4.207929846162231,1.4640412440394863,0.0337367
-5.2229171321876295,-0.9186436959506752,-2.556197383996859,-0.0191068
-5.2229171321876295,0.17778502078650948,1.2813031245832889,-0.0169496
-5.2229171321876295,3.1015949320856713,-1.4597686672596737,0.0233599
-5.040179012731431,-4.756144204530823,0.5503506467584991,0.0372576
-5.040179012731431,-4.390667965618428,-0.5460780699786856,0.0299714
-5.040179012731431,2.7361186931732746,-1.0942924283472788,0.0132495
-4.857440893275235,-3.111501129425046,2.0122556024080795,0.0409566
-4.857440893275235,-2.9287630099688484,-0.7288161894348839,0.01271
-4.857440893275235,-2.197810532144058,-1.4597686672596737,-0.00742924
-4.857440893275235,-1.4668580543192684,2.3777318413204744,0.00373998
-4.857440893275235,0.17778502078650948,1.4640412440394863,-0.019275
-4.857440893275235,0.5432612596989044,-4.018102339646439,0.0212316
-4.857440893275235,1.274213737523695,0.7330887662146965,-0.0211446
-4.857440893275235,2.3706424542608797,-0.18060183106629069,-0.0146063
-4.857440893275235,2.553380573717078,-3.6526261007340435,0.0259508
-4.857440893275235,2.918856812629471,-2.1907211450844635,0.0236108
-4.857440893275235,2.918856812629471,-1.6425067867158711,0.022106
-4.674702773819036,-3.8424536072498356,1.2813031245832889,0.0381738
-4.674702773819036,0.36052314024270693,-3.469887981277846,0.0169553
-4.674702773819036,0.36052314024270693,1.2813031245832889,-0.0159305
-4.674702773819036,2.553380573717078,-0.363339950522489,-0.0111924
-4.674702773819036,2.7361186931732746,-2.3734592645406614,0.0240716
-4.49196465436284,-4.207929846162231,0.0021362883899067597,0.0350796
-4.49196465436284,-3.659715487793638,-0.363339950522489,0.0260007
-4.49196465436284,2.3706424542608797,-3.469887981277846,0.0256363
-4.309226534906641,-3.8424536072498356,0.1848744078461042,0.0327039
-4.309226534906641,-3.8424536072498356,0.5503506467584991,0.0359948
-4.309226534906641,-3.659715487793638,0.0021362883899067597,0.0283332
-4.309226534906641,-3.4769773683374408,1.4640412440394863,0.0470103
-4.309226534906641,-2.563286771056453,-0.9115543088910805,-0.0042142
-4.309226534906641,2.3706424542608797,-2.7389355034530563,0.0249182
-4.126488415450445,1.0914756180674967,-3.469887981277846,0.0216812
-3.9437502959942465,-1.649596173775465,-1.4597686672596737,-0.012827
-3.9437502959942465,-1.4668580543192684,2.560469960776671,0.00498756
-3.9437502959942465,-1.1013818154068735,-1.8252449061720686,-0.0115903
-3.9437502959942465,-0.9186436959506752,-2.007983025628266,-0.0125663
-3.9437502959942465,2.918856812629471,-2.007983025628266,0.0258352
-3.761012176538049,-3.2942392488812433,1.8295174829518812,0.0606176
-3.761012176538049,-2.3805486516002556,-0.9115543088910805,-0.0136167
-3.761012176538049,-1.4668580543192684,2.560469960776671,0.00522943
-3.761012176538049,-0.1876912181258854,2.3777318413204744,-0.0172153
-3.761012176538049,2.1879043348046814,0.5503506467584991,-0.0262753
-3.5782740570818516,0.9087374986112993,-2.7389355034530563,-0.00519966
-3.5782740570818516,1.0914756180674967,1.6467793634956847,-0.0191761
-3.395535937625654,-3.2942392488812433,1.2813031245832889,0.0554945
-3.395535937625654,-2.9287630099688484,0.0021362883899067597,0.00496003
-3.395535937625654,-2.9287630099688484,2.3777318413204744,0.0662157
-3.395535937625654,-2.746024890512651,2.560469960776671,0.0541392
-3.395535937625654,-2.563286771056453,-0.5460780699786856,-0.0101673
-3.395535937625654,-2.0150724126878607,2.9259461996890677,0.00535555
-3.395535937625654,-1.649596173775465,2.9259461996890677,-0.00630785
-3.395535937625654,-1.28411993486307,2.7432080802328693,-0.00656745
-3.395535937625654,2.7361186931732746,-0.5460780699786856,-0.0236319
-3.395535937625654,2.918856812629471,-1.6425067867158711,0.0107063
-3.2127978181694568,-3.111501129425046,0.7330887662146965,0.0328873
-3.2127978181694568,-0.1876912181258854,-2.1907211450844635,-0.0224341
-3.2127978181694568,2.7361186931732746,-0.18060183106629069,-0.0410929
-3.0300596987132593,2.7361186931732746,-1.4597686672596737,-0.00845467
-2.847321579257062,-1.8323342932316633,-0.7288161894348839,-0.0172776
-2.847321579257062,2.005166215348485,-2.1907211450844635,-0.00372883
-2.6645834598008644,-0.1876912181258854,2.9259461996890677,-0.00862839
-2.481845340344667,-0.004953098669687961,2.9259461996890677,-0.00755583
-2.481845340344667,0.5432612596989044,2.560469960776671,-0.00857949
-2.2991072208884695,-2.197810532144058,4.022374916426251,-0.0189776
-2.2991072208884695,-2.0150724126878607,-0.18060183106629069,-0.00667865
-2.116369101432271,-2.0150724126878607,0.0021362883899067597,-0.00103545
-2.116369101432271,-1.28411993486307,-0.7288161894348839,-0.0164574
-2.116369101432271,-0.37042933758208285,-1.2770305478034754,-0.0163057
-1.9336309819760746,-0.7359055764944786,-0.9115543088910805,-0.0153397
-1.9336309819760746,1.8224280958922865,2.0122556024080795,-0.00999644
-1.9336309819760746,3.649809290454261,-0.18060183106629069,-0.0313204
-1.7508928625198763,-3.659715487793638,2.560469960776671,0.0660481
-1.7508928625198763,0.7259993791551018,-1.6425067867158711,-0.0364724
-1.7508928625198763,2.3706424542608797,-1.6425067867158711,-0.0602156
-1.7508928625198763,4.198023648822854,0.915826885670894,0.00371794
-1.5681547430636797,-2.9287630099688484,3.6568986775138574,0.0260868
-1.5681547430636797,1.63968997643609,2.3777318413204744,-0.0131716
-1.3854166236074814,-2.3805486516002556,4.022374916426251,0.0107365
-1.3854166236074814,-0.7359055764944786,-0.363339950522489,-0.00540054
-1.3854166236074814,-0.1876912181258854,-0.7288161894348839,-0.0111799
-1.3854166236074814,0.17778502078650948,3.2914224386014608,-0.0314749
-1.3854166236074814,2.3706424542608797,2.0122556024080795,-0.0137299
-1.3854166236074814,2.918856812629471,1.4640412440394863,-0.0180167
-1.3854166236074814,3.649809290454261,-0.9115543088910805,-0.0254621
-1.2026785041512849,-3.4769773683374408,2.560469960776671,0.052031
-1.0199403846950865,-2.746024890512651,0.915826885670894,0.00576647
-1.0199403846950865,-2.3805486516002556,0.7330887662146965,0.00265718
-1.0199403846950865,-1.4668580543192684,0.1848744078461042,0.00202697
-1.0199403846950865,-0.5531674570382803,-0.18060183106629069,-0.00298846
-1.0199403846950865,2.553380573717078,2.194993721864276,-0.0210977
-0.8372022652388882,0.7259993791551018,-1.2770305478034754,-0.036179
-0.6544641457826916,-0.37042933758208285,-0.18060183106629069,-0.00771514
-0.6544641457826916,3.4670711709980644,-1.8252449061720686,-0.000970705
-0.6544641457826916,4.015285529366658,1.6467793634956847,-0.00280379
-0.6544641457826916,4.746238007191447,1.2813031245832889,0.00346544
-0.4717260263264951,-1.4668580543192684,0.5503506467584991,-0.00713143
-0.4717260263264951,3.1015949320856713,-2.007983025628266,0.00243413
-0.28898790687029496,1.8224280958922865,-1.2770305478034754,-0.0218999
-0.1062497874140984,2.1879043348046814,2.9259461996890677,-0.00697054
-0.1062497874140984,3.1015949320856713,2.3777318413204744,-0.0164733
-0.1062497874140984,5.111714246103842,0.0021362883899067597,0.00536593
0.07648833204209815,-0.9186436959506752,0.36761252730230165,-0.0245284
0.07648833204209815,0.36052314024270693,3.2914224386014608,-0.0357369
0.07648833204209815,1.0914756180674967,-0.7288161894348839,-0.0128615
0.07648833204209815,5.111714246103842,0.5503506467584991,0.00319403
0.2592264514982947,-1.4668580543192684,2.0122556024080795,0.00168723
0.2592264514982947,-1.4668580543192684,2.7432080802328693,0.0375751
0.2592264514982947,4.198023648822854,1.6467793634956847,0.00198654
0.2592264514982947,4.746238007191447,1.2813031245832889,0.00166477
0.4419645709544948,-0.7359055764944786,2.7432080802328693,-0.0296469
0.4419645709544948,0.9087374986112993,3.6568986775138574,0.00319112
0.4419645709544948,2.553380573717078,-2.007983025628266,0.012705
0.6247026904106914,-1.1013818154068735,1.8295174829518812,-0.0288566
0.6247026904106914,-0.37042933758208285,0.36761252730230165,-0.0182039
0.6247026904106914,0.5432612596989044,3.474160558057661,-0.00249116
0.6247026904106914,2.1879043348046814,3.6568986775138574,0.00386725
0.6247026904106914,4.563499887735251,1.4640412440394863,0.00638013
0.8074408098668879,4.563499887735251,1.4640412440394863,0.00951655
0.8074408098668879,5.111714246103842,0.7330887662146965,0.0115267
0.9901789293230863,-0.37042933758208285,0.1848744078461042,-0.00303463
0.9901789293230863,1.4569518569798916,-1.2770305478034754,0.0136708
0.9901789293230863,4.015285529366658,-1.4597686672596737,0.00539624
0.9901789293230863,4.198023648822854,-1.2770305478034754,0.00509583
1.1729170487792846,0.17778502078650948,2.9259461996890677,-0.00864506
1.1729170487792846,0.36052314024270693,3.2914224386014608,0.00160792
1.1729170487792846,1.0914756180674967,-1.4597686672596737,0.0174676
1.3556551682354812,-0.5531674570382803,0.0021362883899067597,0.00637656
1.3556551682354812,0.5432612596989044,3.474160558057661,0.00737219
1.3556551682354812,3.832547409910461,2.560469960776671,0.0139784
1.5383932876916777,-0.37042933758208285,-0.18060183106629069,0.00790399
1.5383932876916777,2.918856812629471,-1.2770305478034754,0.00683933
1.721131407147876,0.17778502078650948,2.7432080802328693,-0.00166285
1.721131407147876,2.005166215348485,3.6568986775138574,0.0041933
1.721131407147876,4.3807617682790525,1.2813031245832889,0.0227498
1.9038695266040744,4.015285529366658,2.194993721864276,0.020792
2.086607646060271,4.3807617682790525,0.7330887662146965,0.0249403
2.2693457655164693,0.36052314024270693,2.9259461996890677,0.00266064
2.2693457655164693,1.8224280958922865,3.2914224386014608,0.00603786
2.2693457655164693,3.4670711709980644,-0.18060183106629069,0.0129066
2.2693457655164693,4.015285529366658,0.36761252730230165,0.0221567
2.452083884972666,-0.9186436959506752,0.1848744078461042,0.00841816
2.452083884972666,0.9087374986112993,3.108684319145264,0.00597254
2.452083884972666,3.284333051541868,-0.5460780699786856,0.00768328
2.452083884972666,3.4670711709980644,0.0021362883899067597,0.0146012
2.452083884972666,3.4670711709980644,0.36761252730230165,0.0173117
2.634822004428864,0.36052314024270693,-1.8252449061720686,0.0382975
2.634822004428864,1.0914756180674967,3.108684319145264,0.0062669
2.634822004428864,3.4670711709980644,0.36761252730230165,0.0165773
2.8175601238850607,0.17778502078650948,-2.007983025628266,0.0456249
2.8175601238850607,0.36052314024270693,-2.007983025628266,0.039217
2.8175601238850607,0.5432612596989044,-2.007983025628266,0.0327186
2.8175601238850607,1.0914756180674967,3.108684319145264,0.00641075
2.8175601238850607,3.4670711709980644,2.194993721864276,0.0155382
3.000298243341259,-0.9186436959506752,1.0985650051270914,-0.00165667
3.000298243341259,0.17778502078650948,-2.1907211450844635,0.0449828
3.000298243341259,1.0914756180674967,3.108684319145264,0.00685811
3.000298243341259,3.1015949320856713,2.194993721864276,0.0105595
3.000298243341259,3.284333051541868,0.915826885670894,0.013273
3.1830363627974556,-1.1013818154068735,-1.2770305478034754,0.0464189
3.1830363627974556,0.5432612596989044,3.108684319145264,0.00822407
3.1830363627974556,2.7361186931732746,1.4640412440394863,0.0053154
3.1830363627974556,2.918856812629471,1.2813031245832889,0.0071586
3.1830363627974556,3.1015949320856713,-1.0942924283472788,0.00381276
3.1830363627974556,3.284333051541868,0.915826885670894,0.0115512
3.365774482253654,-0.5531674570382803,2.0122556024080795,-0.000593992
3.365774482253654,0.5432612596989044,-2.3734592645406614,0.0235722
3.365774482253654,1.4569518569798916,2.9259461996890677,0.00475868
3.5485126017098523,-1.1013818154068735,0.0021362883899067597,-0.00511098
3.731250721166049,-1.28411993486307,-0.5460780699786856,0.0107651
3.731250721166049,1.8224280958922865,2.3777318413204744,-0.00644736
3.9139888406222454,-3.4769773683374408,-1.4597686672596737,0.0216842
3.9139888406222454,-3.111501129425046,-0.18060183106629069,0.028938
3.9139888406222454,-2.746024890512651,-1.8252449061720686,0.0163714
3.9139888406222454,-1.28411993486307,-0.363339950522489,0.00546561
4.096726960078444,-2.197810532144058,-2.007983025628266,0.00912705
4.096726960078444,-0.37042933758208285,-2.556197383996859,0.0104157
4.096726960078444,-0.004953098669687961,2.194993721864276,0.00460199
4.096726960078444,2.918856812629471,0.915826885670894,-0.0182791
4.279465079534642,-3.659715487793638,-1.8252449061720686,0.0180607
4.279465079534642,-3.2942392488812433,-2.1907211450844635,0.0153279
4.279465079534642,-2.746024890512651,0.1848744078461042,0.0262808
4.279465079534642,0.5432612596989044,2.3777318413204744,3.32154e-05
4.279465079534642,1.0914756180674967,-2.3734592645406614,-0.0118212
4.462203198990839,1.0914756180674967,2.0122556024080795,-0.0266326
4.462203198990839,2.005166215348485,-1.6425067867158711,-0.0149331
4.8276794379032335,-4.0251917267060335,-2.007983025628266,0.0209136
4.8276794379032335,-3.2942392488812433,-3.104411742365451,0.0200642
4.8276794379032335,-2.9287630099688484,0.36761252730230165,0.0258079
4.8276794379032335,-2.746024890512651,-3.104411742365451,0.0122349
4.8276794379032335,-1.4668580543192684,0.1848744078461042,0.0203714
4.8276794379032335,-1.4668580543192684,0.5503506467584991,0.0186078
4.8276794379032335,-1.4668580543192684,0.7330887662146965,0.0188574
4.8276794379032335,-1.28411993486307,0.915826885670894,0.0184179
4.8276794379032335,1.63968997643609,2.0122556024080795,-0.060989
4.8276794379032335,2.1879043348046814,-1.0942924283472788,-0.0100181
5.010417557359432,-1.649596173775465,1.4640412440394863,0.02414
5.010417557359432,2.7361186931732746,1.4640412440394863,-0.0726798
5.193155676815628,-4.207929846162231,-1.6425067867158711,0.0243962
5.193155676815628,0.17778502078650948,-2.7389355034530563,-0.0264645
5.193155676815628,2.1879043348046814,-1.0942924283472788,-0.0119019
5.375893796271825,-0.7359055764944786,-3.469887981277846,-0.0489742
5.375893796271825,0.7259993791551018,2.0122556024080795,-0.0520507
5.375893796271825,1.63968997643609,-1.6425067867158711,0.00695223
5.375893796271825,2.1879043348046814,2.0122556024080795,-0.0743334
5.558631915728025,-2.9287630099688484,0.5503506467584991,0.0248047
5.558631915728025,3.1015949320856713,0.915826885670894,-0.0748784
5.741370035184222,-2.9287630099688484,0.7330887662146965,0.0239337
5.741370035184222,-2.746024890512651,0.915826885670894,0.0231947
5.741370035184222,-2.563286771056453,-3.469887981277846,0.0114343
5.741370035184222,-2.197810532144058,1.8295174829518812,0.0249027
5.741370035184222,1.4569518569798916,2.194993721864276,-0.0697901
5.924108154640418,-2.563286771056453,-3.469887981277846,0.0117415
5.924108154640418,-0.1876912181258854,1.6467793634956847,-0.0126337
5.924108154640418,1.63968997643609,-1.4597686672596737,0.0103564
5.924108154640418,2.918856812629471,1.2813031245832889,-0.0781043
6.1068462740966165,-3.8424536072498356,-3.2871498618216486,0.0326421
6.1068462740966165,-2.0150724126878607,-3.2871498618216486,-0.0136484
6.1068462740966165,-1.649596173775465,2.194993721864276,0.0195609
6.1068462740966165,-0.37042933758208285,1.8295174829518812,-0.00606265
6.1068462740966165,0.17778502078650948,-2.7389355034530563,-0.0182449
6.1068462740966165,0.17778502078650948,1.6467793634956847,-0.0361578
6.1068462740966165,0.36052314024270693,-2.556197383996859,-0.00541494
6.1068462740966165,1.274213737523695,-1.8252449061720686,0.0140308
6.1068462740966165,2.3706424542608797,1.8295174829518812,-0.0782077
6.289584393552815,-4.207929846162231,-1.2770305478034754,0.0274846
6.289584393552815,-3.4769773683374408,1.0985650051270914,0.0269037
6.289584393552815,-3.2942392488812433,-3.469887981277846,0.0273132
6.289584393552815,-1.649596173775465,2.194993721864276,0.0174327
6.472322513009011,-4.390667965618428,-0.7288161894348839,0.0248517
6.472322513009011,-4.207929846162231,-2.007983025628266,0.0266055
6.472322513009011,-4.207929846162231,-1.2770305478034754,0.025718
6.472322513009011,-2.563286771056453,-3.2871498618216486,0.0125664
6.472322513009011,2.005166215348485,-0.9115543088910805,-0.0289134
6.472322513009011,2.3706424542608797,1.6467793634956847,-0.0791141
6.472322513009011,2.553380573717078,1.4640412440394863,-0.0794635
6.655060632465208,-4.207929846162231,0.915826885670894,0.0351233
6.655060632465208,-3.2942392488812433,1.2813031245832889,0.0249285
6.655060632465208,0.5432612596989044,-2.556197383996859,0.00643023
6.655060632465208,1.4569518569798916,-1.6425067867158711,0.00947728
6.655060632465208,2.1879043348046814,1.6467793634956847,-0.0791813
6.655060632465208,2.7361186931732746,0.0021362883899067597,-0.069133
6.837798751921408,1.8224280958922865,-0.7288161894348839,-0.0322136
7.020536871377605,-4.390667965618428,-0.9115543088910805,0.0216188
7.020536871377605,-3.8424536072498356,-2.007983025628266,0.0227562
7.020536871377605,2.3706424542608797,0.0021362883899067597,-0.0674693
7.203274990833805,-3.8424536072498356,-1.8252449061720686,0.0210951
7.203274990833805,2.1879043348046814,0.7330887662146965,-0.0761694
7.386013110289998,-4.0251917267060335,-1.4597686672596737,0.0190622
7.386013110289998,-2.746024890512651,1.2813031245832889,0.0169257
7.386013110289998,-1.28411993486307,-2.1907211450844635,0.00279858
7.386013110289998,0.7259993791551018,0.36761252730230165,-0.0265597
7.386013110289998,1.274213737523695,0.1848744078461042,-0.0483602
7.386013110289998,1.4569518569798916,0.1848744078461042,-0.0546173
7.568751229746198,-2.0150724126878607,-2.3734592645406614,0.0134398
7.751489349202394,-4.390667965618428,-0.363339950522489,0.0226635
7.751489349202394,-0.5531674570382803,1.8295174829518812,0.00778141
7.934227468658591,-4.207929846162231,-0.5460780699786856,0.0184593
7.934227468658591,-4.207929846162231,0.36761252730230165,0.0273337
7.934227468658591,-2.3805486516002556,1.0985650051270914,0.0144577
7.934227468658591,-0.7359055764944786,1.8295174829518812,0.0124761
7.934227468658591,-0.5531674570382803,-1.8252449061720686,0.0187383
7.934227468658591,-0.004953098669687961,1.4640412440394863,0.0060582
8.116965588114791,-3.4769773683374408,-2.007983025628266,0.0230321
8.116965588114791,-2.3805486516002556,0.915826885670894,0.0146314
8.116965588114791,-1.1013818154068735,-1.2770305478034754,0.0216219
8.116965588114791,-0.7359055764944786,-1.0942924283472788,0.02124
8.299703707570984,-3.659715487793638,-1.6425067867158711,0.0215877
8.299703707570984,-3.111501129425046,0.5503506467584991,0.0161372
8.299703707570984,-1.8323342932316633,1.2813031245832889,0.0162147
8.299703707570984,0.17778502078650948,0.1848744078461042,0.0123932
8.482441827027184,-2.197810532144058,-2.1907211450844635,0.0266161
8.665179946483384,-3.4769773683374408,-1.4597686672596737,0.0240201
8.665179946483384,-1.8323342932316633,0.1848744078461042,0.0168685
8.665179946483384,-1.28411993486307,1.2813031245832889,0.0232215
8.665179946483384,-0.1876912181258854,0.1848744078461042,0.0207905
8.847918065939577,-1.8323342932316633,-1.4597686672596737,0.0264772
8.847918065939577,-1.28411993486307,0.1848744078461042,0.0214949
8.847918065939577,-0.5531674570382803,0.915826885670894,0.0267286
