-5.982881221280258,-2.218761716175072,-0.2736041962478071,0.0275902
-5.982881221280258,-1.8087927867660212,0.4096773527672779,0.0298635
-5.982881221280258,-1.6721364769630043,-0.00029157664177326126,0.0304577
-5.982881221280258,0.24105186027923242,0.1363647331612432,0.0301275
-5.982881221280258,0.24105186027923242,0.4096773527672779,0.0311815
-5.982881221280258,0.3777081700822489,0.1363647331612432,0.0300272
-5.8462249114772415,0.10439555047621596,-0.2736041962478071,0.025556
-5.8462249114772415,0.9243334092943165,0.27302104296426055,0.0275228
-5.709568601674224,-2.492074335781106,-0.6835731256568578,0.0203008
-5.709568601674224,-0.3055733789328352,0.8196462821763273,0.0265791
-5.709568601674224,0.7876770994913,0.9563025919793446,0.0249175
-5.572912291871208,-2.902043265190157,0.6829899723733117,0.0179007
-5.572912291871208,-1.3988238573569705,-0.6835731256568578,0.0213147
-5.572912291871208,-0.9888549279479193,-0.1369478864447906,0.0253679
-5.572912291871208,-0.8521986181449028,0.1363647331612432,0.0262677
-5.572912291871208,-0.7155423083418855,-0.00029157664177326126,0.0256244
-5.572912291871208,0.10439555047621596,1.2296152115853785,0.0210547
-5.572912291871208,1.1976460289003512,0.6829899723733117,0.0234906
-5.43625598206819,-3.1753558847961902,-0.1369478864447906,0.0156574
-5.43625598206819,-3.038699574993174,0.6829899723733117,0.0154504
-5.43625598206819,-1.5354801671599878,1.092958901782362,0.0191752
-5.43625598206819,-1.3988238573569705,-0.8202294354598747,0.0180135
-5.43625598206819,-0.8521986181449028,0.6829899723733117,0.023561
-5.43625598206819,0.24105186027923242,1.3662715213883958,0.0169981
-5.43625598206819,0.3777081700822489,1.3662715213883958,0.0169838
-5.299599672265174,-0.7155423083418855,0.9563025919793446,0.01952
-5.299599672265174,0.7876770994913,1.3662715213883958,0.0138991
-5.162943362462157,-2.7653869553871395,1.2296152115853785,0.0108387
-5.162943362462157,0.6510207896882827,1.5029278311914132,0.00922042
-5.162943362462157,1.1976460289003512,-0.6835731256568578,0.0064418
-5.162943362462157,1.470958648506385,-0.2736041962478071,0.0134837
-5.02628705265914,-3.4486685044022245,-0.1369478864447906,0.0117748
-5.02628705265914,-1.3988238573569705,-1.093542055065909,0.00995254
-5.02628705265914,-0.9888549279479193,1.092958901782362,0.01443
-5.02628705265914,0.6510207896882827,-1.093542055065909,-0.00239716
-4.889630742856123,-3.4486685044022245,0.6829899723733117,0.0108709
-4.889630742856123,-0.5788859985388699,1.3662715213883958,0.00764919
-4.889630742856123,0.9243334092943165,-1.093542055065909,-0.00467932
-4.889630742856123,1.3343023387033677,1.2296152115853785,0.00876364
-4.752974433053106,-1.6721364769630043,1.5029278311914132,0.00768223
-4.752974433053106,1.470958648506385,-0.8202294354598747,-0.000526394
-4.752974433053106,2.0175838877184527,-0.2736041962478071,0.0124602
-4.752974433053106,2.0175838877184527,0.6829899723733117,0.0171657
-4.752974433053106,2.5642091269305194,-0.00029157664177326126,0.0205586
-4.616318123250089,-3.4486685044022245,1.2296152115853785,0.0130311
-4.616318123250089,-1.9454490965690385,-1.5035109844749597,0.00632385
-4.616318123250089,-0.8521986181449028,1.3662715213883958,0.00584339
-4.616318123250089,-0.44222968873585256,-1.2301983648689259,-0.00404396
-4.616318123250089,0.5143644798852662,1.776240450797446,-0.00548118
-4.616318123250089,2.154240197521469,-0.5469168158538413,0.00821864
-4.616318123250089,2.2908965073244865,0.9563025919793446,0.0161794
-4.616318123250089,2.7008654367335367,0.8196462821763273,0.0220638
-4.4796618134470725,-2.902043265190157,1.776240450797446,0.0138056
-4.4796618134470725,-1.3988238573569705,1.5029278311914132,0.00647522
-4.4796618134470725,-0.3055733789328352,-1.3668546746719423,-0.00864849
-4.4796618134470725,1.8809275779154353,1.2296152115853785,0.00707984
-4.4796618134470725,2.7008654367335367,-0.5469168158538413,0.0141326
-4.4796618134470725,3.110834366142587,-0.1369478864447906,0.0244584
-4.343005503644055,-2.628730645584123,1.9128967606004634,0.0130569
-4.343005503644055,-1.9454490965690385,-1.6401672942779766,0.00698182
-4.343005503644055,-1.9454490965690385,1.776240450797446,0.00656534
-4.343005503644055,-0.5788859985388699,-1.3668546746719423,-0.0064515
-4.206349193841039,-3.8586374338112748,-0.956885745262892,0.0187198
-4.206349193841039,-3.8586374338112748,0.9563025919793446,0.0160439
-4.206349193841039,-1.8087927867660212,-1.6401672942779766,0.00643637
-4.206349193841039,-1.8087927867660212,1.776240450797446,0.00608955
-4.206349193841039,0.5143644798852662,1.9128967606004634,-0.0133387
-4.206349193841039,1.3343023387033677,-1.3668546746719423,-0.0152655
-4.206349193841039,1.8809275779154353,1.5029278311914132,-0.000199141
-4.206349193841039,2.5642091269305194,1.3662715213883958,0.0110794
-4.069692884038021,-3.312012194599207,-1.776823604080993,0.0248241
-4.069692884038021,-2.902043265190157,-1.91347991388401,0.0217705
-4.069692884038021,-2.7653869553871395,2.04955307040348,0.0181273
-4.069692884038021,-2.628730645584123,2.04955307040348,0.0165103
-4.069692884038021,-0.7155423083418855,-1.5035109844749597,-0.00740334
-4.069692884038021,0.7876770994913,1.9128967606004634,-0.015077
-4.069692884038021,1.744271268112418,1.6395841409944296,-0.00528587
-3.933036574235005,-3.995293743614292,-0.8202294354598747,0.019428
-3.933036574235005,-3.995293743614292,0.5463336625702944,0.0138963
-3.933036574235005,-3.995293743614292,0.6829899723733117,0.0151577
-3.933036574235005,-3.5853248142052414,-1.6401672942779766,0.0268946
-3.933036574235005,0.5143644798852662,-1.6401672942779766,-0.0208431
-3.7963802644319875,-3.1753558847961902,2.04955307040348,0.0250051
-3.7963802644319875,-1.5354801671599878,-1.6401672942779766,0.00437331
-3.6597239546289706,-0.9888549279479193,-1.6401672942779766,-0.00495356
-3.6597239546289706,1.3343023387033677,1.9128967606004634,-0.017038
-3.6597239546289706,2.0175838877184527,1.776240450797446,-0.00809159
-3.6597239546289706,2.837521746536554,1.5029278311914132,0.00714442
-3.523067644825954,-1.3988238573569705,1.776240450797446,0.00101529
-3.523067644825954,3.2474906759456044,1.2296152115853785,0.0151084
-3.523067644825954,3.6574596053546564,0.1363647331612432,0.0242068
-3.523067644825954,3.6574596053546564,0.4096773527672779,0.0245206
-3.386411335022937,-3.8586374338112748,-1.3668546746719423,0.0292191
-3.386411335022937,1.1976460289003512,-1.6401672942779766,-0.0227786
-3.386411335022937,1.3343023387033677,-1.6401672942779766,-0.0220877
-3.386411335022937,3.2474906759456044,1.2296152115853785,0.0132575
-3.386411335022937,3.6574596053546564,0.27302104296426055,0.0232207
-3.24975502521992,-3.995293743614292,-0.1369478864447906,0.0136364
-3.24975502521992,-3.995293743614292,0.27302104296426055,0.0133031
-3.24975502521992,-3.1753558847961902,-1.91347991388401,0.0307356
-3.24975502521992,-3.1753558847961902,2.04955307040348,0.0284309
-3.24975502521992,0.3777081700822489,-1.6401672942779766,-0.0223749
-3.24975502521992,0.9243334092943165,-1.6401672942779766,-0.0234554
-3.24975502521992,2.154240197521469,-1.5035109844749597,-0.0154624
-3.1130987154169034,-3.038699574993174,-1.91347991388401,0.0299052
-3.1130987154169034,-0.3055733789328352,1.9128967606004634,-0.0205978
-3.1130987154169034,1.744271268112418,-1.6401672942779766,-0.0206737
-3.1130987154169034,3.2474906759456044,-0.6835731256568578,0.00755917
-2.976442405613886,-1.3988238573569705,1.776240450797446,-0.00212189
-2.976442405613886,-0.9888549279479193,-1.776823604080993,-0.00961381
-2.976442405613886,-0.5788859985388699,-1.776823604080993,-0.0156794
-2.976442405613886,1.0609897190973339,-1.6401672942779766,-0.0230701
-2.976442405613886,2.837521746536554,-1.093542055065909,-0.00521673
-2.976442405613886,3.3841469857486217,-0.410260506050824,0.0119293
-2.8397860958108696,-3.8586374338112748,-0.5469168158538413,0.0194224
-2.8397860958108696,-3.8586374338112748,0.5463336625702944,0.0167329
-2.8397860958108696,-3.8586374338112748,0.8196462821763273,0.020489
-2.8397860958108696,-1.1255112377509366,-1.776823604080993,-0.00819111
-2.8397860958108696,0.7876770994913,1.9128967606004634,-0.0249625
-2.8397860958108696,2.2908965073244865,-1.5035109844749597,-0.0171933
-2.8397860958108696,2.5642091269305194,1.6395841409944296,-0.00902037
-2.8397860958108696,2.837521746536554,-1.093542055065909,-0.00620446
-2.7031297860078523,-3.7219811240082583,1.092958901782362,0.0240626
-2.7031297860078523,-2.218761716175072,-1.6401672942779766,0.016765
-2.7031297860078523,-1.6721364769630043,-1.6401672942779766,0.00338888
-2.7031297860078523,-1.262167547553954,1.776240450797446,-0.00733611
-2.7031297860078523,-0.44222968873585256,-1.776823604080993,-0.017752
-2.7031297860078523,0.10439555047621596,1.776240450797446,-0.0223688
-2.7031297860078523,0.24105186027923242,1.776240450797446,-0.0227654
-2.7031297860078523,1.8809275779154353,1.9128967606004634,-0.020189
-2.7031297860078523,2.7008654367335367,-1.2301983648689259,-0.0106292
-2.566473476204835,-3.312012194599207,-1.3668546746719423,0.0291981
-2.566473476204835,-2.082105406372055,1.6395841409944296,0.00996975
-2.566473476204835,-1.6721364769630043,-1.6401672942779766,0.00243251
-2.566473476204835,-0.3055733789328352,1.776240450797446,-0.0205108
-2.566473476204835,-0.03226075932680139,-1.6401672942779766,-0.018129
-2.566473476204835,1.0609897190973339,-1.6401672942779766,-0.0222455
-2.566473476204835,2.837521746536554,-1.093542055065909,-0.00770865
-2.566473476204835,3.110834366142587,-0.6835731256568578,0.00238927
-2.4298171664018184,-3.4486685044022245,-0.8202294354598747,0.0238395
-2.4298171664018184,-1.1255112377509366,1.776240450797446,-0.0125121
-2.4298171664018184,-0.3055733789328352,-1.776823604080993,-0.0184055
-2.4298171664018184,0.3777081700822489,-1.5035109844749597,-0.0153439
-2.4298171664018184,0.3777081700822489,1.6395841409944296,-0.0200867
-2.4298171664018184,3.110834366142587,-0.6835731256568578,0.00177045
-2.293160856598801,-3.312012194599207,0.4096773527672779,0.0174023
-2.293160856598801,-3.312012194599207,0.5463336625702944,0.0180808
-2.293160856598801,-3.1753558847961902,1.092958901782362,0.0218037
-2.293160856598801,-2.7653869553871395,-1.2301983648689259,0.0244179
-2.293160856598801,-2.7653869553871395,1.3662715213883958,0.020009
-2.293160856598801,-1.5354801671599878,1.6395841409944296,-0.00553581
-2.293160856598801,0.10439555047621596,-1.6401672942779766,-0.0170432
-2.293160856598801,2.154240197521469,-1.6401672942779766,-0.0208515
-2.293160856598801,2.9741780563395714,-0.956885745262892,-0.00475676
-2.1565045467957855,-2.628730645584123,-1.093542055065909,0.02344
-2.1565045467957855,-0.8521986181449028,-1.91347991388401,-0.0137493
-2.1565045467957855,-0.7155423083418855,-1.91347991388401,-0.0151673
-2.1565045467957855,-0.7155423083418855,1.776240450797446,-0.0191741
-2.1565045467957855,-0.16891706912981874,1.6395841409944296,-0.0194792
-2.1565045467957855,1.470958648506385,-1.776823604080993,-0.0229229
-2.1565045467957855,2.154240197521469,1.776240450797446,-0.0221176
-2.1565045467957855,2.9741780563395714,1.092958901782362,-0.00308394
-2.019848236992768,-2.902043265190157,-0.5469168158538413,0.0260234
-2.019848236992768,-0.16891706912981874,1.6395841409944296,-0.0195992
-2.019848236992768,0.9243334092943165,1.776240450797446,-0.0246385
-2.019848236992768,1.1976460289003512,-1.776823604080993,-0.0214348
-2.019848236992768,1.744271268112418,-1.776823604080993,-0.0220339
-2.019848236992768,3.2474906759456044,0.6829899723733117,0.00523753
-2.019848236992768,3.3841469857486217,-0.2736041962478071,0.00844487
-2.019848236992768,3.3841469857486217,0.27302104296426055,0.0100508
-1.8831919271897508,-2.902043265190157,-0.410260506050824,0.028355
-1.8831919271897508,-1.9454490965690385,1.3662715213883958,0.00198828
-1.8831919271897508,-1.1255112377509366,-1.91347991388401,-0.0082222
-1.8831919271897508,0.24105186027923242,-1.776823604080993,-0.0161285
-1.7465356173867344,-2.902043265190157,0.1363647331612432,0.0281938
-1.7465356173867344,-2.082105406372055,-1.5035109844749597,0.0129016
-1.7465356173867344,0.9243334092943165,1.776240450797446,-0.0243898
-1.609879307583717,0.24105186027923242,1.6395841409944296,-0.0190004
-1.609879307583717,0.9243334092943165,1.776240450797446,-0.0240776
-1.609879307583717,2.0175838877184527,1.776240450797446,-0.0251105
-1.4732229977806997,-2.3554180259780892,-1.3668546746719423,0.0225362
-1.4732229977806997,-1.6721364769630043,1.5029278311914132,-0.00499962
-1.4732229977806997,-1.1255112377509366,-1.91347991388401,-0.00276474
-1.4732229977806997,-0.03226075932680139,-1.91347991388401,-0.0113912
-1.4732229977806997,0.9243334092943165,1.776240450797446,-0.0236101
-1.4732229977806997,3.110834366142587,-1.093542055065909,-0.00330012
-1.4732229977806997,3.2474906759456044,-0.956885745262892,0.000113783
-1.4732229977806997,3.520803295551639,0.5463336625702944,0.00669402
-1.3365666879776832,0.10439555047621596,-1.91347991388401,-0.00928643
-1.3365666879776832,2.9741780563395714,1.2296152115853785,-0.0115069
-1.3365666879776832,3.6574596053546564,-0.00029157664177326126,0.0106136
-1.1999103781746667,0.24105186027923242,-1.91347991388401,-0.00716261
-1.1999103781746667,1.1976460289003512,1.776240450797446,-0.0237022
-1.1999103781746667,2.9741780563395714,1.2296152115853785,-0.0129576
-1.1999103781746667,3.3841469857486217,-0.8202294354598747,0.00393337
-1.0632540683716494,-2.218761716175072,1.092958901782362,0.0126484
-1.0632540683716494,-0.03226075932680139,-1.91347991388401,-0.00312783
-1.0632540683716494,0.10439555047621596,-1.91347991388401,-0.0038025
-1.0632540683716494,0.24105186027923242,-1.91347991388401,-0.00453873
-1.0632540683716494,1.3343023387033677,-1.776823604080993,-0.0114068
-1.0632540683716494,3.110834366142587,-1.093542055065909,-0.00206331
-1.0632540683716494,3.6574596053546564,-0.1369478864447906,0.00862234
-0.9265977585686329,1.1976460289003512,-1.776823604080993,-0.00845414
-0.9265977585686329,3.2474906759456044,0.9563025919793446,-0.00899584
-0.7899414487656156,-2.082105406372055,1.092958901782362,0.0133558
-0.7899414487656156,2.154240197521469,1.5029278311914132,-0.0269911
-0.7899414487656156,2.837521746536554,1.2296152115853785,-0.0222585
-0.6532851389625991,-2.902043265190157,-0.2736041962478071,0.0434822
-0.6532851389625991,-2.902043265190157,-0.1369478864447906,0.0427414
-0.6532851389625991,-1.6721364769630043,1.2296152115853785,0.00688874
-0.6532851389625991,-1.262167547553954,1.3662715213883958,0.000257717
-0.6532851389625991,-1.1255112377509366,-1.776823604080993,0.0210771
-0.6532851389625991,1.8809275779154353,1.5029278311914132,-0.0257859
-0.6532851389625991,2.427552817127504,1.3662715213883958,-0.029801
-0.6532851389625991,3.2474906759456044,-0.8202294354598747,-0.0020276
-0.6532851389625991,3.520803295551639,0.4096773527672779,-0.00729616
-0.5166288291595817,-2.3554180259780892,-1.2301983648689259,0.0395386
-0.5166288291595817,-1.8087927867660212,1.092958901782362,0.013627
-0.5166288291595817,1.3343023387033677,-1.6401672942779766,-0.00249203
-0.5166288291595817,1.3343023387033677,1.5029278311914132,-0.0162046
-0.5166288291595817,2.427552817127504,-1.2301983648689259,-0.006233
-0.5166288291595817,3.3841469857486217,-0.5469168158538413,-0.0058511
-0.3799725193565644,-2.3554180259780892,0.6829899723733117,0.0304458
-0.3799725193565644,-1.6721364769630043,-1.91347991388401,0.0368472
-0.3799725193565644,1.0609897190973339,-1.776823604080993,-0.00310773
-0.3799725193565644,1.744271268112418,-1.3668546746719423,0.00180227
-0.3799725193565644,2.427552817127504,1.3662715213883958,-0.039685
-0.3799725193565644,2.837521746536554,1.2296152115853785,-0.0412082
-0.3799725193565644,3.3841469857486217,0.6829899723733117,-0.0313412
-0.24331620955354794,-2.628730645584123,-0.5469168158538413,0.0447692
-0.24331620955354794,-2.3554180259780892,-1.2301983648689259,0.0421498
-0.24331620955354794,-2.082105406372055,-1.776823604080993,0.0422114
-0.24331620955354794,-0.44222968873585256,1.3662715213883958,0.00329259
-0.24331620955354794,0.10439555047621596,1.5029278311914132,-0.00130667
-0.24331620955354794,3.520803295551639,-0.1369478864447906,-0.0285381
-0.10665989975053058,-2.492074335781106,-0.8202294354598747,0.0433561
-0.10665989975053058,-1.8087927867660212,-2.186792533490044,0.0437444
-0.10665989975053058,-1.8087927867660212,0.9563025919793446,0.0249788
-0.10665989975053058,1.6076149583094015,1.3662715213883958,-0.0203299
-0.10665989975053058,2.2908965073244865,-1.093542055065909,-0.00565333
-0.10665989975053058,2.837521746536554,-0.956885745262892,-0.0210083
0.029996410052485878,-2.492074335781106,-1.093542055065909,0.0425713
0.029996410052485878,-2.492074335781106,0.27302104296426055,0.0382077
0.029996410052485878,-1.9454490965690385,0.9563025919793446,0.0285894
0.029996410052485878,-0.9888549279479193,-2.323448843293061,0.036734
0.029996410052485878,1.470958648506385,1.3662715213883958,-0.0138392
0.16665271985550234,-2.492074335781106,0.4096773527672779,0.0371795
0.16665271985550234,1.0609897190973339,-1.91347991388401,-0.00214345
0.16665271985550234,1.0609897190973339,1.3662715213883958,0.00190677
0.16665271985550234,3.110834366142587,-0.956885745262892,-0.0354998
0.3033090296585197,-2.082105406372055,1.092958901782362,0.0311585
0.3033090296585197,-1.262167547553954,1.2296152115853785,0.0235315
0.3033090296585197,2.2908965073244865,1.776240450797446,-0.0484628
0.3033090296585197,2.5642091269305194,1.776240450797446,-0.0537323
0.3033090296585197,2.9741780563395714,-1.093542055065909,-0.0334047
0.43996533946153704,-2.628730645584123,-0.6835731256568578,0.0385004
0.43996533946153704,-2.628730645584123,-0.5469168158538413,0.0379781
0.43996533946153704,-1.3988238573569705,-2.596761462899095,0.0454619
0.43996533946153704,-0.8521986181449028,1.2296152115853785,0.0190964
0.43996533946153704,-0.3055733789328352,1.3662715213883958,0.00686765
0.43996533946153704,3.110834366142587,-1.093542055065909,-0.0382235
0.43996533946153704,3.794115915157672,-0.410260506050824,-0.0543115
0.5766216492645535,-2.628730645584123,-1.6401672942779766,0.0463303
0.5766216492645535,-2.3554180259780892,-2.186792533490044,0.0495643
0.5766216492645535,-2.218761716175072,-2.323448843293061,0.0499484
0.5766216492645535,-1.8087927867660212,1.3662715213883958,0.027431
0.5766216492645535,-1.6721364769630043,-2.596761462899095,0.0483163
0.7132779590675709,0.6510207896882827,-2.0501362236870273,0.0102331
0.7132779590675709,1.0609897190973339,1.5029278311914132,0.00947381
0.7132779590675709,1.8809275779154353,-1.5035109844749597,0.0166701
0.7132779590675709,2.427552817127504,-1.3668546746719423,-0.00912007
0.8499342688705882,-0.9888549279479193,-2.596761462899095,0.0428154
0.8499342688705882,0.5143644798852662,-2.0501362236870273,0.0164012
0.8499342688705882,0.9243334092943165,1.5029278311914132,0.0155532
0.8499342688705882,1.0609897190973339,-1.91347991388401,0.0135348
0.9865905786736038,-1.6721364769630043,1.5029278311914132,0.0207923
0.9865905786736038,-0.8521986181449028,1.3662715213883958,0.0178722
0.9865905786736038,2.0175838877184527,1.9128967606004634,-0.0373567
0.9865905786736038,2.837521746536554,1.9128967606004634,-0.0574389
0.9865905786736038,3.110834366142587,-1.2301983648689259,-0.0389443
0.9865905786736038,3.9307722249606893,0.9563025919793446,-0.0661547
1.1232468884766211,-2.7653869553871395,-0.410260506050824,0.0373026
1.1232468884766211,-2.492074335781106,1.092958901782362,0.0295457
1.1232468884766211,-1.262167547553954,1.5029278311914132,0.0151446
1.1232468884766211,-1.1255112377509366,-2.596761462899095,0.0454092
1.1232468884766211,1.6076149583094015,1.776240450797446,-0.0160785
1.1232468884766211,2.7008654367335367,-1.3668546746719423,-0.0211228
1.1232468884766211,3.110834366142587,-1.2301983648689259,-0.0393083
1.2599031982796385,-0.7155423083418855,-2.4601051530960776,0.0429091
1.3965595080826558,1.0609897190973339,-1.776823604080993,0.0355328
1.3965595080826558,1.6076149583094015,-1.6401672942779766,0.0340427
1.3965595080826558,4.067428534763707,0.27302104296426055,-0.067865
1.5332158178856714,-2.7653869553871395,-0.00029157664177326126,0.0365385
1.5332158178856714,-2.7653869553871395,0.27302104296426055,0.0344715
1.5332158178856714,-2.082105406372055,-2.186792533490044,0.0500576
1.5332158178856714,-1.8087927867660212,1.5029278311914132,0.000194781
1.5332158178856714,-0.44222968873585256,1.2296152115853785,0.0200387
1.5332158178856714,0.3777081700822489,-2.0501362236870273,0.0406495
1.5332158178856714,0.5143644798852662,1.3662715213883958,0.0352513
1.5332158178856714,1.744271268112418,1.776240450797446,-0.0186974
1.5332158178856714,2.427552817127504,1.9128967606004634,-0.0473074
1.5332158178856714,2.9741780563395714,-1.2301983648689259,-0.0353405
1.6698721276886888,-2.492074335781106,-1.2301983648689259,0.0480617
1.6698721276886888,-2.218761716175072,-1.91347991388401,0.0500102
1.6698721276886888,-1.9454490965690385,-2.186792533490044,0.050312
1.6698721276886888,-1.6721364769630043,1.6395841409944296,-0.0150178
1.6698721276886888,1.0609897190973339,-1.776823604080993,0.0372237
1.6698721276886888,1.6076149583094015,-1.6401672942779766,0.0301363
1.6698721276886888,2.9741780563395714,1.776240450797446,-0.0594214
1.6698721276886888,3.2474906759456044,1.6395841409944296,-0.0638456
1.806528437491706,-2.628730645584123,-0.2736041962478071,0.0406117
1.806528437491706,-2.492074335781106,0.8196462821763273,0.0190576
1.806528437491706,-1.9454490965690385,1.6395841409944296,-0.0223478
1.806528437491706,-1.5354801671599878,1.9128967606004634,-0.0271109
1.806528437491706,-0.7155423083418855,-2.596761462899095,0.0463115
1.806528437491706,-0.16891706912981874,-2.596761462899095,0.0427988
1.806528437491706,0.7876770994913,-1.91347991388401,0.0389237
1.806528437491706,3.9307722249606893,0.5463336625702944,-0.070584
1.9431847472947235,-2.492074335781106,0.6829899723733117,0.0194028
1.9431847472947235,-2.082105406372055,-1.776823604080993,0.0528095
1.9431847472947235,-1.9454490965690385,1.9128967606004634,-0.0339502
1.9431847472947235,-0.8521986181449028,2.04955307040348,-0.0131065
1.9431847472947235,-0.3055733789328352,-2.733417772702112,0.0445738
1.9431847472947235,-0.3055733789328352,1.5029278311914132,0.0125046
1.9431847472947235,0.5143644798852662,1.3662715213883958,0.0311207
1.9431847472947235,1.3343023387033677,1.5029278311914132,0.0126299
1.9431847472947235,3.2474906759456044,1.5029278311914132,-0.064508
2.079841057097741,-2.492074335781106,-0.5469168158538413,0.0475672
2.079841057097741,-2.218761716175072,-1.3668546746719423,0.055615
2.079841057097741,-0.8521986181449028,-2.733417772702112,0.0482212
2.079841057097741,0.3777081700822489,1.3662715213883958,0.0289676
2.079841057097741,2.7008654367335367,1.6395841409944296,-0.0537139
2.079841057097741,3.520803295551639,-0.5469168158538413,-0.0614869
2.2164973669007564,-2.492074335781106,0.27302104296426055,0.0295017
2.2164973669007564,-2.082105406372055,-1.5035109844749597,0.0578552
2.2164973669007564,-1.8087927867660212,-1.91347991388401,0.0553784
2.2164973669007564,-1.3988238573569705,2.459521999812531,-0.0288913
2.2164973669007564,-1.262167547553954,2.459521999812531,-0.0245022
2.2164973669007564,-0.7155423083418855,2.3228656900095137,-0.00208807
2.2164973669007564,-0.3055733789328352,2.04955307040348,0.0172015
2.2164973669007564,0.10439555047621596,1.5029278311914132,0.0290359
2.2164973669007564,2.0175838877184527,1.5029278311914132,-0.0271688
2.2164973669007564,3.110834366142587,1.3662715213883958,-0.0632635
2.2164973669007564,3.3841469857486217,-0.5469168158538413,-0.0597793
2.2164973669007564,3.520803295551639,0.9563025919793446,-0.0694255
2.3531536767037737,-2.628730645584123,-0.5469168158538413,0.0456815
2.3531536767037737,-2.492074335781106,0.4096773527672779,0.0224631
2.3531536767037737,-2.492074335781106,0.6829899723733117,0.00716989
2.3531536767037737,-1.3988238573569705,-2.4601051530960776,0.0508627
2.3531536767037737,0.5143644798852662,-2.596761462899095,0.0375043
2.3531536767037737,1.6076149583094015,1.3662715213883958,-0.00509688
2.3531536767037737,1.8809275779154353,1.3662715213883958,-0.0190929
2.3531536767037737,2.0175838877184527,-1.5035109844749597,-0.0096331
2.3531536767037737,2.2908965073244865,-1.2301983648689259,-0.0167196
2.489809986506791,2.7008654367335367,1.2296152115853785,-0.0543038
2.489809986506791,3.110834366142587,-0.410260506050824,-0.0568688
2.489809986506791,3.3841469857486217,0.5463336625702944,-0.0683023
2.6264662963098084,0.3777081700822489,1.776240450797446,0.0520236
2.6264662963098084,1.744271268112418,1.2296152115853785,-0.0161252
2.763122606112824,-2.7653869553871395,1.092958901782362,-0.0176728
2.763122606112824,-1.8087927867660212,-1.91347991388401,0.0550789
2.763122606112824,-0.7155423083418855,-3.006730392308145,0.0498235
2.763122606112824,0.24105186027923242,2.1862093802064972,0.0656395
2.763122606112824,0.7876770994913,1.5029278311914132,0.0254292
2.763122606112824,1.6076149583094015,-1.776823604080993,-0.0106005
2.763122606112824,2.154240197521469,-1.3668546746719423,-0.0268256
2.763122606112824,2.154240197521469,0.9563025919793446,-0.0343598
2.763122606112824,2.837521746536554,0.4096773527672779,-0.057688
2.8997789159158396,-2.082105406372055,-1.6401672942779766,0.0548776
2.8997789159158396,-1.8087927867660212,-1.91347991388401,0.0544541
2.8997789159158396,-0.7155423083418855,-3.006730392308145,0.0498282
2.8997789159158396,-0.03226075932680139,-3.006730392308145,0.0462459
2.8997789159158396,0.7876770994913,1.5029278311914132,0.029907
2.8997789159158396,2.0175838877184527,0.9563025919793446,-0.031051
3.036435225718857,-1.3988238573569705,2.869490929221582,-0.0192957
3.036435225718857,-0.44222968873585256,2.732834619418565,0.043688
3.036435225718857,0.7876770994913,1.5029278311914132,0.0352619
3.036435225718857,1.1976460289003512,1.3662715213883958,0.00032309
3.036435225718857,1.470958648506385,-1.776823604080993,-0.0106198
3.036435225718857,2.427552817127504,0.27302104296426055,-0.0452001
3.1730915355218743,-1.6721364769630043,2.869490929221582,-0.0304455
3.1730915355218743,1.0609897190973339,1.3662715213883958,0.00958025
3.1730915355218743,1.8809275779154353,-1.5035109844749597,-0.0275946
3.1730915355218743,2.0175838877184527,0.8196462821763273,-0.0349113
3.1730915355218743,2.427552817127504,-0.00029157664177326126,-0.0457676
3.3097478453248916,-2.902043265190157,1.2296152115853785,-0.0230888
3.3097478453248916,-2.492074335781106,2.459521999812531,-0.0496361
3.446404155127909,-0.5788859985388699,-2.8700740825051287,0.0486607
3.446404155127909,-0.16891706912981874,-2.8700740825051287,0.046392
3.446404155127909,-0.16891706912981874,2.732834619418565,0.0663488
3.446404155127909,0.3777081700822489,-2.596761462899095,0.0390842
3.446404155127909,0.5143644798852662,2.1862093802064972,0.0874136
3.446404155127909,2.2908965073244865,-0.00029157664177326126,-0.0451865
3.5830604649309263,-3.312012194599207,0.1363647331612432,0.0318759
3.5830604649309263,-3.038699574993174,0.5463336625702944,0.0178546
3.5830604649309263,-2.902043265190157,1.2296152115853785,-0.0228582
3.5830604649309263,-2.492074335781106,2.459521999812531,-0.0500112
3.5830604649309263,-0.9888549279479193,-2.596761462899095,0.0489791
3.5830604649309263,-0.8521986181449028,2.869490929221582,0.0177986
3.5830604649309263,0.10439555047621596,2.5961783096155484,0.0805297
3.5830604649309263,0.7876770994913,-1.776823604080993,0.0193457
3.719716774733942,-3.312012194599207,0.1363647331612432,0.0315766
3.719716774733942,-3.038699574993174,0.5463336625702944,0.0176903
3.719716774733942,-1.1255112377509366,-2.323448843293061,0.048834
3.719716774733942,-0.9888549279479193,-2.4601051530960776,0.048209
3.8563730845369593,-1.6721364769630043,-1.776823604080993,0.0502176
3.8563730845369593,-1.5354801671599878,2.869490929221582,-0.0261285
3.8563730845369593,-1.1255112377509366,2.869490929221582,-0.00411509
3.8563730845369593,0.5143644798852662,2.04955307040348,0.087424
3.9930293943399766,-1.9454490965690385,2.732834619418565,-0.0412986
3.9930293943399766,0.3777081700822489,2.1862093802064972,0.0854447
3.9930293943399766,0.6510207896882827,-1.2301983648689259,0.01833
3.9930293943399766,1.0609897190973339,0.6829899723733117,-0.006715
4.129685704142994,-3.038699574993174,0.4096773527672779,0.0212905
4.129685704142994,-2.7653869553871395,1.092958901782362,-0.0163868
4.129685704142994,-2.628730645584123,2.04955307040348,-0.0475532
4.129685704142994,-1.8087927867660212,2.732834619418565,-0.0379124
4.129685704142994,0.3777081700822489,-1.2301983648689259,0.0305138
4.129685704142994,1.0609897190973339,0.4096773527672779,-0.0103528
4.129685704142994,1.1976460289003512,-0.8202294354598747,-0.0148569
4.266342013946011,-2.7653869553871395,-1.3668546746719423,0.0433673
4.266342013946011,-2.7653869553871395,0.6829899723733117,0.00801934
4.266342013946011,-2.492074335781106,-1.5035109844749597,0.042657
4.266342013946011,-2.3554180259780892,2.3228656900095137,-0.0484232
4.266342013946011,-1.1255112377509366,2.732834619418565,-0.00970369
4.266342013946011,-0.7155423083418855,-1.776823604080993,0.0450621
4.266342013946011,-0.5788859985388699,-1.776823604080993,0.0439916
4.266342013946011,-0.16891706912981874,2.459521999812531,0.056821
4.266342013946011,0.6510207896882827,-0.6835731256568578,0.0132547
4.266342013946011,0.7876770994913,-0.5469168158538413,0.00438791
4.266342013946011,0.9243334092943165,-0.410260506050824,-0.00395237
4.402998323749029,-2.628730645584123,0.8196462821763273,-0.000721061
4.402998323749029,-2.218761716175072,-1.5035109844749597,0.0405003
4.402998323749029,0.3777081700822489,-0.956885745262892,0.0277414
4.402998323749029,0.5143644798852662,-0.6835731256568578,0.0211196
4.539654633552044,-2.628730645584123,-1.2301983648689259,0.0393577
4.539654633552044,-2.3554180259780892,-1.3668546746719423,0.0386219
4.539654633552044,-2.082105406372055,2.3228656900095137,-0.0448532
4.539654633552044,-1.8087927867660212,-1.5035109844749597,0.039566
4.539654633552044,-0.7155423083418855,2.459521999812531,0.0106702
4.539654633552044,0.10439555047621596,1.3662715213883958,0.0541319
4.539654633552044,0.10439555047621596,1.6395841409944296,0.0576937
4.676310943355062,-2.902043265190157,-0.6835731256568578,0.0354597
4.676310943355062,-2.492074335781106,0.5463336625702944,0.0124094
4.676310943355062,0.24105186027923242,0.5463336625702944,0.0336202
4.676310943355062,0.3777081700822489,-0.8202294354598747,0.0278072
4.812967253158077,-2.7653869553871395,-0.2736041962478071,0.0285785
4.812967253158077,-2.628730645584123,-0.8202294354598747,0.033309
4.9496235629610945,-2.218761716175072,-0.956885745262892,0.0309956
4.9496235629610945,-1.8087927867660212,1.9128967606004634,-0.0355016
4.9496235629610945,-1.1255112377509366,-1.5035109844749597,0.0381757
4.9496235629610945,-0.03226075932680139,-1.2301983648689259,0.0360035
5.086279872764112,-1.9454490965690385,0.5463336625702944,0.0137313
5.086279872764112,-1.6721364769630043,1.5029278311914132,-0.0242728
5.222936182567127,-1.9454490965690385,0.27302104296426055,0.0195819
5.359592492370145,-1.9454490965690385,-0.2736041962478071,0.0248386
5.359592492370145,0.10439555047621596,-0.6835731256568578,0.0355487
5.496248802173162,-0.03226075932680139,-0.6835731256568578,0.0369983
5.6329051119761795,-0.9888549279479193,0.4096773527672779,0.0278324
5.6329051119761795,-0.5788859985388699,-0.956885745262892,0.0385044
5.769561421779197,-1.262167547553954,-0.410260506050824,0.0328655
5.769561421779197,-1.262167547553954,-0.1369478864447906,0.0308529
5.769561421779197,-0.7155423083418855,0.1363647331612432,0.0335097
