-6.498424178808409,-0.40150738584833423,1.457996452789076,0.0254551
-6.498424178808409,-0.07405676276995976,2.27662301048501,0.0301104
-6.498424178808409,0.08966854876922703,2.27662301048501,0.0294251
-6.334698867269222,-0.40150738584833423,2.4403483220241977,0.0297
-6.170973555730035,-0.8926833204658946,2.1128976989458232,0.0265094
-6.170973555730035,-0.07405676276995976,0.8030952066323289,0.0103028
-6.007248244190849,0.9082951064651601,2.4403483220241977,0.0190243
-6.007248244190849,1.0720204180043469,1.2942711412498902,0.00751468
-5.843522932651661,0.5808444833867865,0.6393698950931421,-0.00141392
-5.679797621112475,-3.0211123704753233,0.31191927201476854,0.0157608
-5.679797621112475,-2.8573870589361365,-0.015531351063605037,0.0141232
-5.679797621112475,-0.23778207430914744,-0.17925666260279094,-0.0393651
-5.679797621112475,0.25339386030841293,-0.015531351063605037,-0.0337153
-5.679797621112475,1.3994710410827214,2.1128976989458232,0.0100288
-5.516072309573287,-0.7289580089267078,-0.3429819741419786,-0.0430413
-5.3523469980341005,-3.5122883050928837,0.14819396047558175,0.00951505
-5.3523469980341005,-0.23778207430914744,3.095249568180945,0.0215194
-5.3523469980341005,0.25339386030841293,3.095249568180945,0.0233631
-5.188621686494914,-3.6760136166320705,-0.015531351063605037,0.00716559
-5.188621686494914,-3.5122883050928837,0.9668205181715157,0.016291
-5.188621686494914,-1.5475845666226418,-0.3429819741419786,-0.0152473
-5.188621686494914,1.8906469757002817,1.2942711412498902,0.00141123
-5.024896374955727,-4.0034642397104445,0.14819396047558175,0.0100668
-5.024896374955727,-3.6760136166320705,-0.3429819741419786,0.00440574
-5.024896374955727,-1.5475845666226418,1.457996452789076,0.012279
-5.024896374955727,-0.8926833204658946,2.931524256641758,0.0159002
-5.024896374955727,1.2357457295435346,2.931524256641758,0.0183817
-4.86117106341654,-4.167189551249631,0.8030952066323289,0.0173635
-4.86117106341654,-4.0034642397104445,0.9668205181715157,0.0179772
-4.86117106341654,0.7445697949259742,-0.9978832202987258,-0.0546241
-4.86117106341654,1.3994710410827214,-0.015531351063605037,-0.0431691
-4.86117106341654,2.0543722872394685,1.1305458297107034,-0.00241129
-4.86117106341654,2.2180975987786535,1.457996452789076,0.00569889
-4.697445751877353,0.25339386030841293,3.2589748797201317,0.0246424
-4.533720440338167,-4.494640174328005,-0.3429819741419786,0.0142497
-4.533720440338167,-0.07405676276995976,-1.3253338433770994,-0.0453864
-4.533720440338167,1.726921664161095,0.47564458355395534,-0.0299345
-4.533720440338167,2.381822910317842,2.1128976989458232,0.0176098
-4.36999512879898,-4.494640174328005,-0.5067072856811654,0.0133762
-4.36999512879898,-3.0211123704753233,1.9491723874066373,0.0224312
-4.36999512879898,-2.038760501240203,-1.1616085318379126,-0.0274571
-4.36999512879898,-2.038760501240203,1.9491723874066373,0.0153471
-4.36999512879898,-0.8926833204658946,-1.1616085318379126,-0.038549
-4.36999512879898,-0.40150738584833423,-1.3253338433770994,-0.0391897
-4.36999512879898,-0.40150738584833423,3.4227001912593167,0.0207647
-4.206269817259793,-4.985816108945565,0.47564458355395534,0.0261738
-4.206269817259793,-3.0211123704753233,-1.3253338433770994,-0.0228789
-4.206269817259793,0.08966854876922703,3.4227001912593167,0.0212396
-4.206269817259793,0.4171191718475997,-1.3253338433770994,-0.0367033
-4.206269817259793,1.2357457295435346,-0.8341579087595399,-0.0437392
-4.206269817259793,1.3994710410827214,-0.6704325972203522,-0.0458124
-4.206269817259793,1.726921664161095,-0.5067072856811654,-0.0484011
-4.206269817259793,2.0543722872394685,2.7677989451025713,0.0207671
-4.206269817259793,3.0367241564745893,0.14819396047558175,-0.0257247
-4.042544505720606,-1.7113098781618286,2.4403483220241977,0.0205666
-4.042544505720606,2.2180975987786535,-0.8341579087595399,-0.042552
-3.8788191941814194,-4.985816108945565,-0.17925666260279094,0.0232005
-3.8788191941814194,-4.330914862788818,-0.8341579087595399,0.00705838
-3.8788191941814194,-3.1848376820145097,-1.6527844664554734,-0.0379763
-3.8788191941814194,-0.8926833204658946,-1.3253338433770994,-0.0197182
-3.8788191941814194,-0.23778207430914744,-1.4890591549162866,-0.0217784
-3.8788191941814194,0.08966854876922703,-1.4890591549162866,-0.0231324
-3.8788191941814194,2.2180975987786535,-0.9978832202987258,-0.038277
-3.8788191941814194,2.7092735333962157,1.457996452789076,-0.012921
-3.8788191941814194,3.5279000910921514,-0.17925666260279094,0.000156046
-3.7150938826422326,-4.0034642397104445,-0.9978832202987258,-0.00224247
-3.7150938826422326,-3.1848376820145097,-1.8165097779946602,-0.0443759
-3.7150938826422326,-1.0564086320050814,-1.4890591549162866,-0.0191894
-3.7150938826422326,-0.8926833204658946,-1.4890591549162866,-0.0173084
-3.7150938826422326,1.0720204180043469,-1.1616085318379126,-0.020655
-3.7150938826422326,1.5631963526219081,-0.9978832202987258,-0.0277757
-3.7150938826422326,4.51025196032727,1.2942711412498902,0.0338648
-3.7150938826422326,4.837702583405644,-0.015531351063605037,0.0288185
-3.5513685711030467,-2.6936617473969497,-2.1439604010730338,-0.0521593
-3.5513685711030467,0.9082951064651601,3.095249568180945,0.0127093
-3.5513685711030467,1.726921664161095,-1.1616085318379126,-0.02445
-3.5513685711030467,4.01907602570971,-0.6704325972203522,0.0129262
-3.5513685711030467,4.51025196032727,-0.5067072856811654,0.0188631
-3.387643259563859,-4.494640174328005,1.457996452789076,0.0178666
-3.387643259563859,-3.839738928171257,1.9491723874066373,0.0160868
-3.387643259563859,2.2180975987786535,2.1128976989458232,0.00303932
-3.387643259563859,2.381822910317842,1.9491723874066373,-0.00571059
-3.387643259563859,4.182801337248897,-0.8341579087595399,0.0142513
-3.2239179480246722,-4.494640174328005,-0.6704325972203522,0.00762357
-3.2239179480246722,-3.839738928171257,1.9491723874066373,0.014995
-3.2239179480246722,-3.6760136166320705,2.1128976989458232,0.0167602
-3.2239179480246722,-1.2201339435442682,-1.9802350895338465,-0.0202554
-3.2239179480246722,3.200449468013776,1.6217217643282629,0.00364784
-3.0601926364854855,-4.167189551249631,-0.8341579087595399,-0.00659491
-3.0601926364854855,-1.8750351897010153,2.4403483220241977,0.0273249
-3.0601926364854855,-1.5475845666226418,2.4403483220241977,0.0266587
-3.0601926364854855,-0.07405676276995976,3.2589748797201317,0.0185739
-3.0601926364854855,0.5808444833867865,2.931524256641758,0.00963842
-3.0601926364854855,1.726921664161095,-1.4890591549162866,-0.0101584
-3.0601926364854855,3.364174779552963,-1.3253338433770994,0.00997389
-3.0601926364854855,4.01907602570971,-1.3253338433770994,0.015848
-3.0601926364854855,5.0014278949448325,1.457996452789076,0.0353585
-2.8964673249462978,-1.5475845666226418,2.27662301048501,0.025346
-2.8964673249462978,4.837702583405644,1.6217217643282629,0.0318121
-2.732742013407112,-3.348562993553697,2.27662301048501,0.0194351
-2.732742013407112,-2.202485812779389,-2.3076857126122206,-0.0405885
-2.732742013407112,-0.8926833204658946,2.7677989451025713,0.0230424
-2.732742013407112,-0.07405676276995976,2.931524256641758,0.0154229
-2.732742013407112,0.5808444833867865,2.4403483220241977,0.00537357
-2.732742013407112,0.7445697949259742,2.27662301048501,0.00395623
-2.732742013407112,0.9082951064651601,2.1128976989458232,0.00302856
-2.732742013407112,2.2180975987786535,-1.4890591549162866,-0.00231774
-2.732742013407112,3.200449468013776,1.7854470758674497,0.00868582
-2.569016701867925,-3.1848376820145097,-2.1439604010730338,-0.0525574
-2.569016701867925,-2.5299364358577625,-2.3076857126122206,-0.0449865
-2.569016701867925,-2.3662111243185757,-2.3076857126122206,-0.0414364
-2.569016701867925,-1.5475845666226418,1.9491723874066373,0.0204027
-2.569016701867925,-1.383859255083454,1.7854470758674497,0.0169682
-2.569016701867925,-0.23778207430914744,-2.1439604010730338,-0.0204703
-2.569016701867925,0.4171191718475997,2.1128976989458232,0.00513714
-2.569016701867925,2.381822910317842,1.9491723874066373,-0.0135779
-2.569016701867925,3.5279000910921514,-1.8165097779946602,0.0210531
-2.4052913903287383,-4.0034642397104445,-0.9978832202987258,-0.0356902
-2.4052913903287383,-2.202485812779389,2.27662301048501,0.0246786
-2.4052913903287383,-0.40150738584833423,1.9491723874066373,0.00687253
-2.4052913903287383,-0.07405676276995976,1.9491723874066373,0.00500633
-2.4052913903287383,1.0720204180043469,-1.9802350895338465,-0.0173172
-2.4052913903287383,4.51025196032727,-1.6527844664554734,0.0268363
-2.4052913903287383,4.51025196032727,1.7854470758674497,0.0229897
-2.4052913903287383,4.673977271866457,-1.4890591549162866,0.02617
-2.2415660787895515,-4.0034642397104445,-0.5067072856811654,-0.0254452
-2.2415660787895515,-4.0034642397104445,0.31191927201476854,-0.00108611
-2.2415660787895515,-3.839738928171257,0.9668205181715157,0.00447851
-2.2415660787895515,-1.8750351897010153,-2.3076857126122206,-0.0219408
-2.2415660787895515,-1.383859255083454,1.457996452789076,0.00762614
-2.2415660787895515,-1.2201339435442682,-2.4714110241514073,-0.0219919
-2.2415660787895515,0.5808444833867865,-1.9802350895338465,-0.0169186
-2.0778407672503647,-0.40150738584833423,1.6217217643282629,-0.00487187
-2.0778407672503647,1.2357457295435346,1.6217217643282629,-0.00260358
-1.914115455711178,-3.0211123704753233,-1.9802350895338465,-0.0411223
-1.914115455711178,-1.383859255083454,1.2942711412498902,-0.000596609
-1.914115455711178,-1.2201339435442682,-2.6351363356905937,-0.0236574
-1.914115455711178,-0.8926833204658946,-2.6351363356905937,-0.024966
-1.914115455711178,4.673977271866457,-1.6527844664554734,0.0315764
-1.7503901441719911,-3.6760136166320705,-1.1616085318379126,-0.0446913
-1.7503901441719911,-3.1848376820145097,0.47564458355395534,-0.0116614
-1.7503901441719911,0.08966854876922703,-2.3076857126122206,-0.0211426
-1.7503901441719911,2.381822910317842,-1.8165097779946602,0.00176875
-1.7503901441719911,5.1651532064840175,0.47564458355395534,0.0332998
-1.5866648326328034,-3.1848376820145097,-1.6527844664554734,-0.0348601
-1.5866648326328034,-2.8573870589361365,0.47564458355395534,-0.0117531
-1.5866648326328034,-1.8750351897010153,0.9668205181715157,-0.000475443
-1.5866648326328034,-0.7289580089267078,1.2942711412498902,-0.0126772
-1.5866648326328034,1.5631963526219081,-2.3076857126122206,-0.0192328
-1.5866648326328034,3.0367241564745893,1.9491723874066373,0.0174021
-1.5866648326328034,5.0014278949448325,0.9668205181715157,0.0291269
-1.4229395210936167,-0.565232697387521,-2.798861647229781,-0.0252342
-1.4229395210936167,0.5808444833867865,-2.4714110241514073,-0.0224526
-1.4229395210936167,3.6916254026313364,-1.9802350895338465,0.031395
-1.4229395210936167,4.346526648788084,-1.8165097779946602,0.0344898
-1.2592142095544308,-1.7113098781618286,-2.798861647229781,-0.0169048
-1.2592142095544308,-1.5475845666226418,0.9668205181715157,-0.0111065
-1.2592142095544308,4.182801337248897,-1.8165097779946602,0.034588
-1.2592142095544308,4.673977271866457,1.457996452789076,0.0260978
-1.095488898015244,-1.2201339435442682,0.9668205181715157,-0.0149482
-1.095488898015244,0.7445697949259742,-2.6351363356905937,-0.020047
-1.095488898015244,3.6916254026313364,-1.8165097779946602,0.0316311
-1.095488898015244,4.837702583405644,-0.3429819741419786,0.0319831
-0.9317635864760572,4.673977271866457,1.2942711412498902,0.0289124
-0.7680382749368695,-3.1848376820145097,-1.8165097779946602,0.00718721
-0.7680382749368695,-2.038760501240203,-2.798861647229781,-0.00504845
-0.7680382749368695,1.0720204180043469,1.2942711412498902,-0.0125278
-0.7680382749368695,1.8906469757002817,1.1305458297107034,0.00354805
-0.7680382749368695,3.0367241564745893,-1.6527844664554734,0.0210438
-0.7680382749368695,4.673977271866457,0.14819396047558175,0.0309346
-0.7680382749368695,4.673977271866457,1.1305458297107034,0.0299295
-0.6043129633976836,-1.0564086320050814,0.8030952066323289,-0.0161518
-0.6043129633976836,-0.8926833204658946,0.8030952066323289,-0.0144015
-0.6043129633976836,-0.23778207430914744,0.8030952066323289,-0.00850291
-0.6043129633976836,2.381822910317842,1.1305458297107034,0.0165751
-0.4405876518584968,-2.202485812779389,0.31191927201476854,-0.0179372
-0.4405876518584968,-2.038760501240203,-2.798861647229781,0.00153045
-0.4405876518584968,-0.8926833204658946,0.8030952066323289,-0.0123757
-0.4405876518584968,0.7445697949259742,-2.798861647229781,-0.00692915
-0.4405876518584968,2.2180975987786535,0.9668205181715157,0.00933735
-0.4405876518584968,3.855350714170523,-0.6704325972203522,0.0288352
-0.2768623403193091,-3.1848376820145097,-0.9978832202987258,0.00835019
-0.2768623403193091,-0.40150738584833423,-2.962586958768968,-0.00589418
-0.2768623403193091,-0.40150738584833423,1.1305458297107034,0.00408846
-0.2768623403193091,0.25339386030841293,1.1305458297107034,-0.0037916
-0.2768623403193091,0.4171191718475997,1.1305458297107034,-0.00742191
-0.2768623403193091,1.3994710410827214,1.1305458297107034,-0.0120008
-0.2768623403193091,1.5631963526219081,-2.4714110241514073,-0.00168418
-0.2768623403193091,3.6916254026313364,-0.3429819741419786,0.0293971
-0.2768623403193091,3.855350714170523,-0.17925666260279094,0.0284418
-0.2768623403193091,4.346526648788084,0.6393698950931421,0.0312429
-0.11313702878012233,-1.5475845666226418,-2.798861647229781,0.00233668
-0.11313702878012233,-0.565232697387521,-2.962586958768968,-0.00158914
-0.11313702878012233,1.2357457295435346,-2.6351363356905937,0.00217912
-0.11313702878012233,3.364174779552963,1.2942711412498902,0.0308853
-0.11313702878012233,3.6916254026313364,1.2942711412498902,0.0326082
0.05058828275906446,-2.202485812779389,-2.6351363356905937,0.0138801
0.05058828275906446,-1.383859255083454,0.6393698950931421,-0.0141672
0.05058828275906446,0.08966854876922703,1.7854470758674497,0.0097705
0.05058828275906446,1.5631963526219081,-2.4714110241514073,0.00811633
0.05058828275906446,2.0543722872394685,0.8030952066323289,0.000232168
0.05058828275906446,2.8729988449354025,0.47564458355395534,0.0243616
0.21431359429825125,-1.8750351897010153,-2.6351363356905937,0.013074
0.21431359429825125,-1.383859255083454,-2.798861647229781,0.00995152
0.21431359429825125,-1.0564086320050814,-2.962586958768968,0.00862971
0.21431359429825125,0.9082951064651601,-2.962586958768968,0.00924903
0.21431359429825125,0.9082951064651601,1.1305458297107034,-0.00773593
0.37803890583743804,-0.565232697387521,2.1128976989458232,0.00794022
0.37803890583743804,2.381822910317842,0.47564458355395534,0.011053
0.5417642173766248,0.08966854876922703,-3.2900375818473417,0.0107527
0.5417642173766248,1.2357457295435346,-3.1263122703081545,0.017726
0.5417642173766248,1.5631963526219081,0.6393698950931421,-0.0082553
0.5417642173766248,2.0543722872394685,-2.1439604010730338,0.0228564
0.5417642173766248,2.0543722872394685,0.47564458355395534,0.00218966
0.5417642173766248,2.7092735333962157,-1.4890591549162866,0.0311833
0.7054895289158098,-1.8750351897010153,-2.4714110241514073,0.0199283
0.7054895289158098,1.2357457295435346,0.8030952066323289,-0.00838256
0.7054895289158098,2.0543722872394685,0.31191927201476854,0.00417143
0.8692148404549984,-2.038760501240203,-1.9802350895338465,0.0184025
0.8692148404549984,1.8906469757002817,0.14819396047558175,0.00277098
0.8692148404549984,2.2180975987786535,-1.6527844664554734,0.0271796
1.0329401519941852,-1.7113098781618286,-0.8341579087595399,-0.000294845
1.0329401519941852,-1.7113098781618286,0.47564458355395534,-0.0104459
1.0329401519941852,0.5808444833867865,-3.4537628933865285,0.0182498
1.0329401519941852,0.5808444833867865,2.1128976989458232,-0.00886123
1.0329401519941852,1.3994710410827214,0.47564458355395534,-0.00701814
1.0329401519941852,1.5631963526219081,0.14819396047558175,-0.00306624
1.0329401519941852,2.2180975987786535,-2.1439604010730338,0.0292235
1.196665463533372,-0.565232697387521,-3.6174882049257153,0.0214561
1.196665463533372,-0.40150738584833423,2.4403483220241977,-0.0201714
1.196665463533372,0.4171191718475997,2.27662301048501,-0.0160665
1.3603907750725588,-1.7113098781618286,-0.5067072856811654,-0.00973487
1.3603907750725588,-0.40150738584833423,-3.6174882049257153,0.0225677
1.3603907750725588,1.8906469757002817,-0.9978832202987258,0.0163615
1.3603907750725588,2.0543722872394685,-1.3253338433770994,0.0216846
1.3603907750725588,2.2180975987786535,-2.4714110241514073,0.032624
1.5241160866117456,-1.8750351897010153,0.31191927201476854,-0.0133978
1.5241160866117456,-1.8750351897010153,0.9668205181715157,-0.0124963
1.5241160866117456,-0.7289580089267078,-3.6174882049257153,0.0256673
1.5241160866117456,-0.565232697387521,2.7677989451025713,-0.0485119
1.5241160866117456,-0.07405676276995976,2.7677989451025713,-0.0467448
1.5241160866117456,1.5631963526219081,0.47564458355395534,-0.0107828
1.6878413981509324,0.08966854876922703,2.931524256641758,-0.0555575
1.6878413981509324,2.0543722872394685,-2.798861647229781,0.0360508
1.8515667096901192,-1.8750351897010153,-2.3076857126122206,0.0175675
2.0152920212293077,-1.8750351897010153,-0.6704325972203522,-0.0154719
2.0152920212293077,-1.7113098781618286,-1.4890591549162866,0.00114501
2.0152920212293077,-0.8926833204658946,-3.4537628933865285,0.027973
2.0152920212293077,-0.7289580089267078,3.2589748797201317,-0.0675681
2.0152920212293077,0.4171191718475997,3.095249568180945,-0.0624432
2.1790173327684927,-1.8750351897010153,2.27662301048501,-0.0514704
2.3427426443076795,-2.038760501240203,1.6217217643282629,-0.0379784
2.3427426443076795,-1.7113098781618286,2.7677989451025713,-0.0604316
2.3427426443076795,-1.5475845666226418,-2.4714110241514073,0.0153376
2.3427426443076795,0.9082951064651601,-3.2900375818473417,0.0626357
2.3427426443076795,1.5631963526219081,0.8030952066323289,-0.0148786
2.5064679558468663,-2.038760501240203,2.1128976989458232,-0.0493894
2.5064679558468663,-1.383859255083454,-2.4714110241514073,0.0129959
2.5064679558468663,1.0720204180043469,2.7677989451025713,-0.05559
2.5064679558468663,1.2357457295435346,-3.1263122703081545,0.0636595
2.5064679558468663,1.3994710410827214,-2.962586958768968,0.0562579
2.5064679558468663,1.726921664161095,-2.3076857126122206,0.0356915
2.5064679558468663,1.726921664161095,-1.9802350895338465,0.0288213
2.5064679558468663,1.726921664161095,0.14819396047558175,-0.0150983
2.670193267386053,-1.8750351897010153,-0.17925666260279094,-0.0174451
2.670193267386053,-0.7289580089267078,-3.1263122703081545,0.0255447
2.83391857892524,-1.7113098781618286,2.931524256641758,-0.0571115
2.83391857892524,-1.383859255083454,-1.8165097779946602,0.0022696
2.83391857892524,-0.40150738584833423,-3.4537628933865285,0.0436114
2.83391857892524,1.3994710410827214,2.1128976989458232,-0.0396834
2.9976438904644267,-1.7113098781618286,2.931524256641758,-0.0533715
2.9976438904644267,-1.0564086320050814,-2.962586958768968,0.00242839
2.9976438904644267,-0.565232697387521,-3.4537628933865285,0.0316172
2.9976438904644267,1.3994710410827214,2.1128976989458232,-0.0384334
2.9976438904644267,1.726921664161095,-0.9978832202987258,0.00488633
3.1613692020036135,-1.0564086320050814,-3.1263122703081545,-0.00106562
3.1613692020036135,1.5631963526219081,0.14819396047558175,-0.00800941
3.1613692020036135,1.726921664161095,-0.3429819741419786,-0.00523453
3.3250945135428003,-1.7113098781618286,-0.9978832202987258,-0.00678165
3.3250945135428003,0.25339386030841293,3.4227001912593167,-0.047658
3.3250945135428003,1.0720204180043469,2.7677989451025713,-0.0473031
3.488819825081989,-1.5475845666226418,-2.3076857126122206,-0.0227051
3.488819825081989,-0.40150738584833423,-3.781213516464902,0.0338225
3.488819825081989,1.3994710410827214,1.457996452789076,-0.0142808
3.488819825081989,1.726921664161095,-0.5067072856811654,-0.000646912
3.488819825081989,1.8906469757002817,-2.1439604010730338,0.0101857
3.652545136621174,-1.7113098781618286,-0.8341579087595399,-0.00671723
3.652545136621174,-1.7113098781618286,-0.3429819741419786,-0.00869205
3.652545136621174,-1.5475845666226418,-2.6351363356905937,-0.0270956
3.652545136621174,1.3994710410827214,1.457996452789076,-0.011423
3.652545136621174,1.5631963526219081,0.14819396047558175,-0.00781834
3.8162704481603607,1.726921664161095,-0.6704325972203522,0.0001291
3.9799957596995474,-1.8750351897010153,0.8030952066323289,-0.00566438
3.9799957596995474,-1.5475845666226418,3.095249568180945,0.00613138
3.9799957596995474,-1.2201339435442682,3.5864255027985052,0.0315209
3.9799957596995474,0.25339386030841293,-3.944938828004089,0.0543621
3.9799957596995474,0.4171191718475997,-3.944938828004089,0.0594497
3.9799957596995474,0.5808444833867865,3.2589748797201317,-0.0252042
3.9799957596995474,0.7445697949259742,3.095249568180945,-0.0309527
3.9799957596995474,1.726921664161095,-0.8341579087595399,-0.000418
4.143721071238734,1.3994710410827214,1.6217217643282629,-0.0107926
4.143721071238734,1.5631963526219081,0.6393698950931421,-0.0174541
4.143721071238734,1.726921664161095,-0.9978832202987258,-0.00233445
4.307446382777921,-1.8750351897010153,0.6393698950931421,-0.00990001
4.307446382777921,-1.5475845666226418,-2.798861647229781,-0.031712
4.307446382777921,-1.5475845666226418,3.5864255027985052,0.0401795
4.307446382777921,-0.40150738584833423,-3.781213516464902,0.016115
4.307446382777921,1.3994710410827214,1.6217217643282629,-0.0124265
4.471171694317108,-1.8750351897010153,0.6393698950931421,-0.0119619
4.471171694317108,-1.5475845666226418,-1.6527844664554734,-0.0244064
4.471171694317108,-1.5475845666226418,-1.1616085318379126,-0.0181266
4.471171694317108,-0.07405676276995976,4.077601437416066,0.0355141
4.471171694317108,0.4171191718475997,-3.781213516464902,0.0480364
4.471171694317108,1.2357457295435346,-3.4537628933865285,0.0464062
4.471171694317108,1.3994710410827214,1.6217217643282629,-0.015568
4.471171694317108,1.5631963526219081,0.8030952066323289,-0.022661
4.634897005856296,-1.8750351897010153,0.9668205181715157,-0.00692288
4.634897005856296,-1.383859255083454,-2.962586958768968,-0.0264672
4.634897005856296,-1.2201339435442682,4.077601437416066,0.0636546
4.634897005856296,-0.565232697387521,4.241326748955252,0.0590417
4.634897005856296,0.5808444833867865,3.750150814337692,-0.00926213
4.634897005856296,1.3994710410827214,1.6217217643282629,-0.0197462
4.634897005856296,1.5631963526219081,0.8030952066323289,-0.0262306
4.798622317395483,-1.8750351897010153,1.1305458297107034,-0.00744311
4.798622317395483,0.4171191718475997,3.913876125876879,0.00391371
4.798622317395483,0.5808444833867865,-3.6174882049257153,0.0494227
4.798622317395483,1.3994710410827214,1.2942711412498902,-0.0209422
4.798622317395483,1.3994710410827214,2.7677989451025713,-0.0449151
4.96234762893467,-2.038760501240203,2.931524256641758,0.00492663
4.96234762893467,-1.383859255083454,-1.1616085318379126,-0.0272729
5.126072940473855,-2.038760501240203,1.6217217643282629,-0.0141741
5.126072940473855,-1.2201339435442682,-1.3253338433770994,-0.024394
5.126072940473855,1.3994710410827214,0.9668205181715157,-0.0321738
5.126072940473855,1.3994710410827214,2.931524256641758,-0.0460017
5.289798252013042,-1.2201339435442682,-1.1616085318379126,-0.0312012
5.289798252013042,-0.07405676276995976,-3.4537628933865285,0.038955
5.289798252013042,1.3994710410827214,-1.4890591549162866,0.0119407
5.289798252013042,1.5631963526219081,-2.4714110241514073,0.0357213
5.289798252013042,1.5631963526219081,-0.17925666260279094,-0.0402838
5.453523563552229,-0.8926833204658946,-1.4890591549162866,-0.0131269
5.453523563552229,1.0720204180043469,3.4227001912593167,-0.0352244
5.617248875091415,-1.8750351897010153,3.095249568180945,0.0153306
5.617248875091415,-1.5475845666226418,0.31191927201476854,-0.0335755
5.617248875091415,-1.383859255083454,-0.6704325972203522,-0.045183
5.617248875091415,1.3994710410827214,-0.17925666260279094,-0.0452784
5.780974186630602,-2.038760501240203,2.1128976989458232,-0.00335478
5.780974186630602,-1.383859255083454,0.8030952066323289,-0.00996171
5.780974186630602,0.7445697949259742,3.5864255027985052,-0.0214245
5.944699498169789,-1.2201339435442682,0.6393698950931421,-0.0157334
5.944699498169789,-0.40150738584833423,-2.1439604010730338,0.0415968
5.944699498169789,0.7445697949259742,-2.798861647229781,0.0745574
5.944699498169789,0.9082951064651601,0.8030952066323289,-0.0367459
5.944699498169789,1.0720204180043469,0.47564458355395534,-0.0463825
6.1084248097089775,-1.8750351897010153,1.9491723874066373,0.0097008
6.1084248097089775,-1.5475845666226418,3.095249568180945,0.0259037
6.1084248097089775,-0.23778207430914744,-0.9978832202987258,-0.0337133
6.272150121248164,-1.7113098781618286,2.6040736335633845,0.0213768
6.272150121248164,-0.8926833204658946,3.4227001912593167,0.037406
6.272150121248164,-0.40150738584833423,-0.6704325972203522,-0.0472117
6.272150121248164,0.25339386030841293,-0.6704325972203522,-0.0442826
6.272150121248164,0.4171191718475997,0.9668205181715157,-0.00892462
6.272150121248164,1.0720204180043469,2.6040736335633845,-0.0280718
6.435875432787351,-0.23778207430914744,-0.17925666260279094,-0.0490605
6.435875432787351,-0.07405676276995976,0.31191927201476854,-0.036779
6.435875432787351,0.08966854876922703,-0.17925666260279094,-0.0499817
6.599600744326536,-0.23778207430914744,0.9668205181715157,0.027529
6.599600744326536,0.25339386030841293,3.095249568180945,0.00858654
6.763326055865723,-1.2201339435442682,1.457996452789076,0.051858
6.763326055865723,-0.7289580089267078,1.1305458297107034,0.0485257
6.763326055865723,0.4171191718475997,1.6217217643282629,0.0270654
