-6.8603252965015304,-0.33917031071059345,0.12308344358732981,0.160606
-6.702718861021916,-0.49677674619020706,0.753509185505786,0.164518
-6.545112425542302,-0.6543831816698207,-0.9801616047699668,0.154794
-6.545112425542302,0.4488618666874764,0.753509185505786,0.171622
-6.387505990062689,-0.023957439751365328,-1.2953744757291945,0.160533
-6.229899554583074,-1.284808923588277,0.5959027500261724,0.16038
-6.229899554583074,-1.1272024881086624,-1.7681937821680362,0.161926
-6.229899554583074,0.9216811731263181,0.12308344358732981,0.178598
-6.229899554583074,0.9216811731263181,0.2806898790669443,0.17806
-6.072293119103461,-0.023957439751365328,1.3839349274242414,0.170498
-6.072293119103461,0.4488618666874764,-1.2953744757291945,0.174531
-5.914686683623847,-0.9695960526290497,1.2263284919446287,0.16298
-5.914686683623847,0.7640747376467036,1.0687220564650142,0.17783
-5.7570802481442325,-2.2304475364659604,0.753509185505786,0.14565
-5.7570802481442325,-2.2304475364659604,0.9111156209853997,0.145992
-5.7570802481442325,-1.9152346655067327,-0.19212942737189742,0.161293
-5.599473812664619,0.7640747376467036,-1.452980911208809,0.200715
-5.599473812664619,1.8673197860040016,1.541541362903856,0.166299
-5.441867377185005,-1.9152346655067327,-1.452980911208809,0.161751
-5.441867377185005,1.3945004795651599,-1.452980911208809,0.226282
-5.441867377185005,2.182532656963229,1.2263284919446287,0.165653
-5.284260941705391,-3.0184797138640302,0.9111156209853997,0.136303
-5.284260941705391,-2.5456604074251885,-0.6649487338107392,0.146615
-5.284260941705391,-1.4424153590678905,1.8567542338630831,0.153822
-5.284260941705391,-0.18156387523097983,1.541541362903856,0.16939
-5.284260941705391,2.182532656963229,0.753509185505786,0.174304
-5.126654506225777,-3.0184797138640302,-0.19212942737189742,0.134871
-5.126654506225777,-2.8608732783844157,1.6991477983834704,0.144289
-5.126654506225777,-2.703266842904802,1.8567542338630831,0.14646
-5.126654506225777,-0.49677674619020706,1.541541362903856,0.166481
-5.126654506225777,-0.023957439751365328,-2.398619524086492,0.1824
-4.9690480707461635,-3.0184797138640302,-0.8225551692903532,0.141936
-4.9690480707461635,-2.2304475364659604,2.171967104822312,0.149491
-4.9690480707461635,-2.0728411009863463,-1.452980911208809,0.160538
-4.9690480707461635,0.7640747376467036,2.3295735403019258,0.158792
-4.811441635266549,-0.18156387523097983,1.6991477983834704,0.166792
-4.811441635266549,-0.023957439751365328,-2.398619524086492,0.185627
-4.811441635266549,2.0249262214836152,-1.7681937821680362,0.23263
-4.811441635266549,2.3401390924428433,0.2806898790669443,0.190882
-4.653835199786935,-3.333692584823258,-0.8225551692903532,0.141835
-4.653835199786935,-3.333692584823258,0.5959027500261724,0.130499
-4.653835199786935,-0.49677674619020706,2.0143606693426976,0.157031
-4.653835199786935,-0.023957439751365328,2.3295735403019258,0.15369
-4.653835199786935,0.13364899572824918,2.3295735403019258,0.154155
-4.496228764307322,-2.5456604074251885,2.171967104822312,0.146543
-4.496228764307322,-0.9695960526290497,2.3295735403019258,0.150519
-4.496228764307322,1.3945004795651599,-2.0834066531272644,0.218444
-4.496228764307322,2.497745527922458,-1.2953744757291945,0.229983
-4.338622328827707,-3.333692584823258,-1.137768040249581,0.147446
-4.338622328827707,-0.9695960526290497,2.8023928467407675,0.147096
-4.338622328827707,2.812958398881685,0.753509185505786,0.154064
-4.181015893348094,0.7640747376467036,2.8023928467407675,0.146863
-4.023409457868479,-3.176086149343644,1.3839349274242414,0.136873
-4.023409457868479,-1.4424153590678905,2.4871799757815394,0.146744
-4.023409457868479,-1.284808923588277,-1.9258002176476507,0.174757
-4.023409457868479,-0.18156387523097983,-3.029045266004948,0.175132
-4.023409457868479,0.4488618666874764,-3.029045266004948,0.173825
-4.023409457868479,2.812958398881685,0.2806898790669443,0.165531
-4.023409457868479,2.9705648343612996,1.0687220564650142,0.142305
-3.8658030223888655,-3.4912990203028715,0.2806898790669443,0.134336
-3.8658030223888655,-0.6543831816698207,-2.871438830525334,0.174422
-3.8658030223888655,1.5521069150447735,2.644786411261153,0.148929
-3.8658030223888655,1.8673197860040016,-1.9258002176476507,0.210157
-3.8658030223888655,2.497745527922458,-0.9801616047699668,0.213121
-3.8658030223888655,2.812958398881685,0.12308344358732981,0.168327
-3.8658030223888655,2.9705648343612996,0.4382963145465588,0.154458
-3.708196586909252,-3.4912990203028715,-0.9801616047699668,0.148769
-3.708196586909252,-3.176086149343644,1.0687220564650142,0.136436
-3.708196586909252,-0.9695960526290497,-2.556225959566106,0.173815
-3.708196586909252,0.4488618666874764,3.432818588659223,0.134385
-3.708196586909252,0.9216811731263181,-3.029045266004948,0.166861
-3.708196586909252,2.0249262214836152,-1.7681937821680362,0.207147
-3.708196586909252,2.3401390924428433,-1.2953744757291945,0.210886
-3.708196586909252,2.497745527922458,-0.6649487338107392,0.201947
-3.5505901514296374,-2.8608732783844157,1.541541362903856,0.13982
-3.5505901514296374,-2.5456604074251885,1.8567542338630831,0.141909
-3.5505901514296374,1.709713350524388,-2.2410130886068784,0.182338
-3.3929837159500247,-1.4424153590678905,2.959999282220381,0.139647
-3.3929837159500247,0.2912554312078619,3.5904250241388374,0.130384
-3.3929837159500247,1.0792876086059326,2.959999282220381,0.137512
-3.3929837159500247,2.3401390924428433,-0.9801616047699668,0.196336
-3.23537728047041,-1.4424153590678905,2.959999282220381,0.138409
-3.23537728047041,2.0249262214836152,-2.0834066531272644,0.173395
-3.23537728047041,2.182532656963229,-1.7681937821680362,0.180346
-3.0777708449907957,-3.333692584823258,-0.5073422983311247,0.147291
-3.0777708449907957,-3.176086149343644,-0.9801616047699668,0.152347
-3.0777708449907957,-1.284808923588277,-2.2410130886068784,0.169672
-3.0777708449907957,-1.1272024881086624,-2.556225959566106,0.169003
-3.0777708449907957,-0.8119896171494352,-3.029045266004948,0.168295
-3.0777708449907957,1.5521069150447735,-2.71383239504572,0.155584
-3.0777708449907957,2.3401390924428433,-1.2953744757291945,0.179117
-3.0777708449907957,2.3401390924428433,-1.137768040249581,0.180094
-3.0777708449907957,2.3401390924428433,-0.8225551692903532,0.179566
-3.0777708449907957,3.1281712698409123,1.3839349274242414,0.13652
-2.920164409511182,-3.0184797138640302,-0.9801616047699668,0.153449
-2.920164409511182,-3.0184797138640302,0.753509185505786,0.142421
-2.920164409511182,-1.1272024881086624,-2.556225959566106,0.168095
-2.920164409511182,-0.33917031071059345,-3.344258136964176,0.164537
-2.7625579740315684,-3.0184797138640302,-0.5073422983311247,0.150324
-2.7625579740315684,-3.0184797138640302,0.2806898790669443,0.144504
-2.7625579740315684,-3.0184797138640302,0.4382963145465588,0.143767
-2.7625579740315684,-3.0184797138640302,0.9111156209853997,0.142118
-2.7625579740315684,0.9216811731263181,-3.186651701484562,0.151912
-2.604951538551955,-2.8608732783844157,-0.34973586285151104,0.150911
-2.604951538551955,0.2912554312078619,-3.344258136964176,0.157107
-2.604951538551955,0.7640747376467036,3.2752121531796083,0.121027
-2.604951538551955,2.3401390924428433,2.0143606693426976,0.13398
-2.604951538551955,2.812958398881685,1.6991477983834704,0.131719
-2.4473451030723403,-2.703266842904802,-0.5073422983311247,0.154072
-2.4473451030723403,-2.388053971945574,-1.9258002176476507,0.158735
-2.4473451030723403,-1.6000217945475042,2.4871799757815394,0.137293
-2.4473451030723403,-1.284808923588277,2.8023928467407675,0.133028
-2.4473451030723403,-0.8119896171494352,3.2752121531796083,0.126368
-2.4473451030723403,0.2912554312078619,3.432818588659223,0.118862
-2.4473451030723403,2.497745527922458,-0.9801616047699668,0.144942
-2.4473451030723403,2.9705648343612996,1.3839349274242414,0.129466
-2.4473451030723403,3.1281712698409123,0.753509185505786,0.128665
-2.289738667592726,-2.8608732783844157,0.12308344358732981,0.147355
-2.132132232113113,-3.0184797138640302,1.541541362903856,0.143545
-2.132132232113113,-2.703266842904802,-0.9801616047699668,0.156014
-2.132132232113113,-2.388053971945574,-2.0834066531272644,0.156791
-2.132132232113113,-1.4424153590678905,2.4871799757815394,0.135865
-1.9745257966334986,-2.0728411009863463,2.3295735403019258,0.139037
-1.9745257966334986,-1.284808923588277,-2.556225959566106,0.15733
-1.816919361153884,-1.9152346655067327,2.3295735403019258,0.13831
-1.816919361153884,-1.1272024881086624,2.4871799757815394,0.133199
-1.816919361153884,1.709713350524388,-2.556225959566106,0.146917
-1.6593129256742714,-2.703266842904802,-1.452980911208809,0.154369
-1.6593129256742714,-2.2304475364659604,-2.2410130886068784,0.153814
-1.6593129256742714,0.13364899572824918,-2.556225959566106,0.16018
-1.6593129256742714,2.182532656963229,-2.0834066531272644,0.145259
-1.5017064901946569,-2.8608732783844157,1.541541362903856,0.145722
-1.3441000547150423,-2.8608732783844157,1.2263284919446287,0.146566
-1.3441000547150423,-2.703266842904802,-1.2953744757291945,0.151731
-1.3441000547150423,-0.9695960526290497,-2.398619524086492,0.151658
-1.3441000547150423,1.8673197860040016,-2.0834066531272644,0.142907
-1.3441000547150423,2.0249262214836152,-1.9258002176476507,0.138253
-1.1864936192354287,-2.8608732783844157,-0.34973586285151104,0.150077
-1.1864936192354287,1.709713350524388,1.8567542338630831,0.0872013
-1.0288871837558151,-2.5456604074251885,1.2263284919446287,0.145428
-1.0288871837558151,-1.7576282300271187,-2.2410130886068784,0.147331
-1.0288871837558151,1.2368940440855463,-1.9258002176476507,0.14253
-1.0288871837558151,2.497745527922458,-1.452980911208809,0.0862541
-1.0288871837558151,3.4433841408001413,-0.34973586285151104,0.0477409
-0.8712807482762015,-1.7576282300271187,1.541541362903856,0.136042
-0.8712807482762015,-1.4424153590678905,-2.2410130886068784,0.145194
-0.8712807482762015,-0.33917031071059345,2.171967104822312,0.129039
-0.8712807482762015,0.2912554312078619,2.644786411261153,0.129976
-0.8712807482762015,0.4488618666874764,2.644786411261153,0.129829
-0.8712807482762015,3.1281712698409123,-0.9801616047699668,0.0573849
-0.713674312796587,-2.2304475364659604,0.753509185505786,0.141303
-0.713674312796587,-1.1272024881086624,-2.2410130886068784,0.141767
-0.713674312796587,-0.49677674619020706,1.541541362903856,0.118388
-0.713674312796587,0.2912554312078619,2.3295735403019258,0.130576
-0.713674312796587,0.4488618666874764,2.3295735403019258,0.130177
-0.713674312796587,1.0792876086059326,1.8567542338630831,0.109624
-0.713674312796587,2.497745527922458,-1.452980911208809,0.0794308
-0.713674312796587,2.9705648343612996,1.3839349274242414,0.0411077
-0.5560678773169734,-2.8608732783844157,0.4382963145465588,0.140536
-0.5560678773169734,0.6064683021670909,1.6991477983834704,0.123191
-0.39846144183735976,-3.4912990203028715,-0.5073422983311247,0.138398
-0.39846144183735976,0.2912554312078619,1.541541362903856,0.123324
-0.39846144183735976,0.7640747376467036,-1.9258002176476507,0.12293
-0.24085500635774615,-3.333692584823258,-1.2953744757291945,0.13159
-0.24085500635774615,-3.0184797138640302,0.4382963145465588,0.136053
-0.24085500635774615,-2.388053971945574,0.753509185505786,0.133346
-0.24085500635774615,-1.7576282300271187,-2.556225959566106,0.128216
-0.24085500635774615,-0.9695960526290497,-2.556225959566106,0.131206
-0.24085500635774615,1.3945004795651599,1.6991477983834704,0.0873235
-0.08324857087813164,-3.4912990203028715,-0.19212942737189742,0.135051
-0.08324857087813164,-2.0728411009863463,0.9111156209853997,0.129129
-0.08324857087813164,-1.4424153590678905,1.2263284919446287,0.11996
-0.08324857087813164,0.2912554312078619,-2.0834066531272644,0.114372
-0.08324857087813164,1.709713350524388,-1.6105873466884226,0.113505
0.07435786460148286,-1.6000217945475042,1.3839349274242414,0.122119
0.07435786460148286,-0.8119896171494352,-2.71383239504572,0.128209
0.07435786460148286,0.6064683021670909,1.541541362903856,0.119898
0.07435786460148286,3.4433841408001413,-0.6649487338107392,0.0788729
0.23196430008109736,-1.4424153590678905,1.6991477983834704,0.121044
0.3895707355607101,-3.4912990203028715,-0.8225551692903532,0.12714
0.3895707355607101,-1.7576282300271187,1.8567542338630831,0.122225
0.3895707355607101,-1.1272024881086624,1.8567542338630831,0.118724
0.3895707355607101,-0.18156387523097983,1.3839349274242414,0.116682
0.3895707355607101,1.709713350524388,-1.6105873466884226,0.107992
0.3895707355607101,3.9162034472389813,0.4382963145465588,0.0896896
0.3895707355607101,4.073809882718596,0.12308344358732981,0.0960562
0.5471771710403246,-2.0728411009863463,1.8567542338630831,0.121632
0.5471771710403246,-1.1272024881086624,2.0143606693426976,0.118538
0.5471771710403246,-0.8119896171494352,1.8567542338630831,0.115873
0.5471771710403246,2.182532656963229,-1.452980911208809,0.0940254
0.5471771710403246,4.073809882718596,0.4382963145465588,0.0938899
0.5471771710403246,4.23141631819821,-0.03452299189228292,0.100526
0.7047836065199373,-0.33917031071059345,-2.556225959566106,0.120214
0.7047836065199373,1.3945004795651599,-1.7681937821680362,0.101807
0.7047836065199373,3.7585970117593703,-1.137768040249581,0.0934945
0.8623900419995518,-2.8608732783844157,0.753509185505786,0.119108
0.8623900419995518,-1.9152346655067327,2.171967104822312,0.120014
0.8623900419995518,-0.18156387523097983,1.541541362903856,0.111418
0.8623900419995518,3.600990576279756,1.0687220564650142,0.0782052
1.0199964774791663,-3.333692584823258,0.4382963145465588,0.117018
1.0199964774791663,1.3945004795651599,1.6991477983834704,0.0803078
1.0199964774791663,1.8673197860040016,-1.7681937821680362,0.0852044
1.1776029129587808,-3.176086149343644,-1.137768040249581,0.115366
1.1776029129587808,-2.2304475364659604,-2.556225959566106,0.118089
1.1776029129587808,-0.9695960526290497,-2.871438830525334,0.121564
1.3352093484383953,-3.333692584823258,-1.137768040249581,0.10968
1.3352093484383953,-1.1272024881086624,2.3295735403019258,0.113498
1.3352093484383953,-0.33917031071059345,1.8567542338630831,0.104403
1.3352093484383953,1.8673197860040016,1.6991477983834704,0.0692465
1.3352093484383953,3.600990576279756,1.2263284919446287,0.0754212
1.4928157839180063,-3.8065118912620997,-0.9801616047699668,0.105017
1.4928157839180063,-1.1272024881086624,2.3295735403019258,0.111907
1.6504222193976208,-1.7576282300271187,-2.556225959566106,0.117495
1.6504222193976208,-1.7576282300271187,2.3295735403019258,0.112981
1.6504222193976208,2.9705648343612996,-1.7681937821680362,0.0735634
1.6504222193976208,4.23141631819821,0.5959027500261724,0.0896748
1.8080286548772353,-3.4912990203028715,-1.452980911208809,0.0984823
1.8080286548772353,-2.0728411009863463,2.171967104822312,0.111601
1.9656350903568498,-2.388053971945574,-2.2410130886068784,0.109918
1.9656350903568498,-0.6543831816698207,-1.9258002176476507,0.105903
1.9656350903568498,1.5521069150447735,1.6991477983834704,0.0680028
1.9656350903568498,1.709713350524388,1.6991477983834704,0.0667679
1.9656350903568498,4.073809882718596,0.753509185505786,0.0847449
1.9656350903568498,4.23141631819821,0.4382963145465588,0.090567
2.1232415258364643,-4.4369376331805555,-0.6649487338107392,0.10174
2.1232415258364643,-3.9641183267417137,1.0687220564650142,0.10402
2.1232415258364643,-1.284808923588277,-2.0834066531272644,0.110578
2.1232415258364643,2.812958398881685,1.6991477983834704,0.0625602
2.1232415258364643,3.9162034472389813,-1.137768040249581,0.0832493
2.280847961316077,-4.594544068660169,-0.19212942737189742,0.104103
2.280847961316077,-4.594544068660169,0.12308344358732981,0.105261
2.280847961316077,-4.4369376331805555,0.5959027500261724,0.105353
2.280847961316077,-2.5456604074251885,1.6991477983834704,0.104891
2.280847961316077,-2.2304475364659604,-2.398619524086492,0.109105
2.280847961316077,-2.0728411009863463,2.0143606693426976,0.106221
2.280847961316077,3.285777705320527,1.541541362903856,0.0650278
2.4384543967956915,-1.6000217945475042,-2.2410130886068784,0.107715
2.4384543967956915,-1.284808923588277,2.0143606693426976,0.102525
2.4384543967956915,0.9216811731263181,1.6991477983834704,0.0712247
2.5960608322753043,-3.9641183267417137,1.0687220564650142,0.0988888
2.5960608322753043,-3.333692584823258,-2.0834066531272644,0.0977116
2.5960608322753043,2.182532656963229,1.6991477983834704,0.0619419
2.5960608322753043,3.1281712698409123,-1.7681937821680362,0.0659
2.5960608322753043,3.4433841408001413,-1.6105873466884226,0.0699754
2.5960608322753043,3.600990576279756,1.3839349274242414,0.0686761
2.5960608322753043,4.389022753677825,-0.34973586285151104,0.0947837
2.7536672677549188,-2.0728411009863463,2.3295735403019258,0.101974
2.7536672677549188,0.13364899572824918,1.8567542338630831,0.0763143
2.9112737032345333,-4.121724762221327,-0.9801616047699668,0.09077
2.9112737032345333,-3.0184797138640302,2.0143606693426976,0.0961123
2.9112737032345333,-1.6000217945475042,2.3295735403019258,0.0998469
2.9112737032345333,0.13364899572824918,1.8567542338630831,0.0752275
2.9112737032345333,0.2912554312078619,1.8567542338630831,0.0728412
2.9112737032345333,0.4488618666874764,-1.7681937821680362,0.0713693
2.9112737032345333,1.3945004795651599,1.541541362903856,0.0699202
2.9112737032345333,4.073809882718596,1.0687220564650142,0.078284
3.068880138714146,-4.279331197700941,0.4382963145465588,0.0961859
3.068880138714146,-3.176086149343644,-2.2410130886068784,0.0995352
3.068880138714146,-0.8119896171494352,-1.6105873466884226,0.0932975
3.068880138714146,0.4488618666874764,-1.7681937821680362,0.0706472
3.2264865741937605,-3.9641183267417137,-0.9801616047699668,0.089633
3.2264865741937605,-1.6000217945475042,-2.2410130886068784,0.102108
3.2264865741937605,-1.1272024881086624,-1.7681937821680362,0.0967497
3.2264865741937605,0.4488618666874764,-1.7681937821680362,0.0702611
3.2264865741937605,1.2368940440855463,1.6991477983834704,0.0656425
3.2264865741937605,3.7585970117593703,1.3839349274242414,0.0710536
3.2264865741937605,4.073809882718596,-1.2953744757291945,0.0807064
3.384093009673375,-3.6489054557824856,-1.452980911208809,0.090151
3.384093009673375,-0.8119896171494352,1.8567542338630831,0.0911456
3.384093009673375,4.546629189157439,0.753509185505786,0.0908357
3.5416994451529895,0.6064683021670909,-1.7681937821680362,0.0688095
3.5416994451529895,0.7640747376467036,1.8567542338630831,0.0666547
3.5416994451529895,2.9705648343612996,1.6991477983834704,0.0622607
3.5416994451529895,3.7585970117593703,1.3839349274242414,0.0721339
3.699305880632604,-3.4912990203028715,1.8567542338630831,0.0855156
3.699305880632604,-2.5456604074251885,-2.2410130886068784,0.101109
3.699305880632604,-1.7576282300271187,-2.0834066531272644,0.100077
3.699305880632604,-0.6543831816698207,-1.6105873466884226,0.0888392
3.699305880632604,0.13364899572824918,1.8567542338630831,0.0759364
3.699305880632604,0.4488618666874764,-1.7681937821680362,0.0708007
3.699305880632604,0.6064683021670909,-1.7681937821680362,0.0690424
3.699305880632604,1.3945004795651599,-1.7681937821680362,0.0640937
3.8569123161122167,-3.6489054557824856,-0.8225551692903532,0.0910992
3.8569123161122167,-1.1272024881086624,2.3295735403019258,0.0915152
3.8569123161122167,0.2912554312078619,1.8567542338630831,0.074188
3.8569123161122167,0.7640747376467036,-1.7681937821680362,0.0678778
3.8569123161122167,0.7640747376467036,1.8567542338630831,0.0675055
3.8569123161122167,0.9216811731263181,-1.7681937821680362,0.0666116
4.0145187515918295,-3.333692584823258,-1.137768040249581,0.0912721
4.0145187515918295,-3.0184797138640302,2.4871799757815394,0.0893167
4.0145187515918295,-2.388053971945574,-1.9258002176476507,0.098603
4.0145187515918295,-2.2304475364659604,-1.9258002176476507,0.098817
4.0145187515918295,-1.6000217945475042,-1.7681937821680362,0.0967523
4.0145187515918295,3.600990576279756,-1.452980911208809,0.0750922
4.0145187515918295,4.546629189157439,-0.8225551692903532,0.0965961
4.172125187071444,-3.9641183267417137,-0.34973586285151104,0.0911391
4.172125187071444,-2.703266842904802,2.644786411261153,0.090923
4.172125187071444,-0.49677674619020706,-1.7681937821680362,0.0875864
4.172125187071444,3.285777705320527,1.3839349274242414,0.0710598
4.172125187071444,4.23141631819821,0.9111156209853997,0.0889063
4.172125187071444,4.704235624637052,-0.34973586285151104,0.101791
4.3297316225510585,-2.5456604074251885,2.644786411261153,0.0903025
4.3297316225510585,1.3945004795651599,-1.7681937821680362,0.0664586
4.3297316225510585,4.073809882718596,0.9111156209853997,0.0877103
4.487338058030673,0.4488618666874764,-1.6105873466884226,0.0774487
4.487338058030673,2.812958398881685,-1.452980911208809,0.07079
4.487338058030673,3.600990576279756,-1.137768040249581,0.0820992
4.6449444935102875,0.9216811731263181,-1.6105873466884226,0.073247
4.6449444935102875,2.182532656963229,-1.6105873466884226,0.068451
4.6449444935102875,3.7585970117593703,0.753509185505786,0.088141
4.6449444935102875,4.23141631819821,-0.5073422983311247,0.0970231
4.8025509289899,-1.1272024881086624,2.0143606693426976,0.0871666
4.8025509289899,4.073809882718596,-0.19212942737189742,0.0973884
4.960157364469513,-4.121724762221327,-0.03452299189228292,0.0948824
4.960157364469513,-2.388053971945574,-1.137768040249581,0.0922052
4.960157364469513,-2.388053971945574,2.171967104822312,0.0829508
4.960157364469513,-1.1272024881086624,-2.0834066531272644,0.0972231
4.960157364469513,1.0792876086059326,1.541541362903856,0.078263
4.960157364469513,2.9705648343612996,0.9111156209853997,0.0836793
4.960157364469513,3.285777705320527,-0.5073422983311247,0.0919204
4.960157364469513,3.285777705320527,0.4382963145465588,0.0920253
5.1177637999491274,-4.121724762221327,0.5959027500261724,0.0932061
5.1177637999491274,-3.6489054557824856,1.3839349274242414,0.0839023
5.1177637999491274,-2.2304475364659604,-1.2953744757291945,0.0931317
5.1177637999491274,-1.1272024881086624,-2.0834066531272644,0.0977448
5.1177637999491274,-0.8119896171494352,2.0143606693426976,0.0878408
5.1177637999491274,-0.6543831816698207,2.0143606693426976,0.0879536
5.1177637999491274,-0.023957439751365328,1.8567542338630831,0.0874403
5.1177637999491274,0.4488618666874764,-1.2953744757291945,0.0862013
5.1177637999491274,0.4488618666874764,1.541541362903856,0.0869657
5.1177637999491274,0.7640747376467036,-1.2953744757291945,0.0828504
5.1177637999491274,2.9705648343612996,0.753509185505786,0.0875458
5.275370235428742,-2.703266842904802,-0.8225551692903532,0.0894837
5.275370235428742,-0.49677674619020706,2.0143606693426976,0.0891667
5.275370235428742,0.6064683021670909,-1.137768040249581,0.0873587
5.275370235428742,2.9705648343612996,0.5959027500261724,0.0908139
5.4329766709083565,-3.6489054557824856,-0.34973586285151104,0.0945641
5.4329766709083565,-1.7576282300271187,-1.7681937821680362,0.0966578
5.4329766709083565,-0.8119896171494352,2.0143606693426976,0.0900515
5.4329766709083565,-0.49677674619020706,2.0143606693426976,0.0904529
5.4329766709083565,0.7640747376467036,1.2263284919446287,0.0908251
5.4329766709083565,0.9216811731263181,1.2263284919446287,0.089216
5.4329766709083565,1.3945004795651599,-1.2953744757291945,0.0811371
5.4329766709083565,1.709713350524388,1.3839349274242414,0.0817718
5.590583106387971,-3.8065118912620997,0.2806898790669443,0.0948537
5.590583106387971,-3.8065118912620997,0.4382963145465588,0.0943899
5.590583106387971,-3.4912990203028715,1.0687220564650142,0.0878426
5.590583106387971,-3.0184797138640302,-0.5073422983311247,0.0908614
5.590583106387971,-2.0728411009863463,-1.2953744757291945,0.0923177
5.590583106387971,-2.0728411009863463,1.3839349274242414,0.0853286
5.590583106387971,0.6064683021670909,-0.8225551692903532,0.0914896
5.748189541867584,-3.4912990203028715,0.753509185505786,0.0905918
5.748189541867584,0.13364899572824918,1.6991477983834704,0.0940114
5.905795977347198,-3.176086149343644,0.2806898790669443,0.091103
5.905795977347198,-3.0184797138640302,0.12308344358732981,0.090496
5.905795977347198,-1.1272024881086624,-1.7681937821680362,0.0956466
6.063402412826811,-1.9152346655067327,-0.19212942737189742,0.0844862
6.063402412826811,-0.18156387523097983,-1.137768040249581,0.0871113
6.063402412826811,-0.023957439751365328,-0.8225551692903532,0.0855678
6.063402412826811,0.6064683021670909,0.2806898790669443,0.09635
6.063402412826811,0.6064683021670909,0.4382963145465588,0.0965166
6.063402412826811,0.7640747376467036,0.2806898790669443,0.0984597
6.063402412826811,1.5521069150447735,-0.8225551692903532,0.0946828
6.221008848306425,-1.284808923588277,-1.2953744757291945,0.0903442
6.221008848306425,-0.6543831816698207,-1.2953744757291945,0.0890058
6.221008848306425,-0.33917031071059345,-0.9801616047699668,0.0852207
6.221008848306425,-0.18156387523097983,-0.6649487338107392,0.0834661
6.37861528378604,-1.4424153590678905,-0.03452299189228292,0.0811816
6.37861528378604,-1.4424153590678905,1.0687220564650142,0.0885201
6.37861528378604,-1.284808923588277,-0.6649487338107392,0.082529
6.37861528378604,-0.023957439751365328,-0.03452299189228292,0.0858241
6.37861528378604,1.709713350524388,-0.19212942737189742,0.102865
6.37861528378604,1.709713350524388,0.2806898790669443,0.103209
