-6.915226373508238,-0.8455172267129063,-0.37302653932041974,0.125257
-6.915226373508238,-0.8455172267129063,-0.2170965372367002,0.124552
-6.915226373508238,-0.6895872246291868,-0.5289565414041388,0.12735
-6.915226373508238,-0.6895872246291868,-0.2170965372367002,0.125339
-6.759296371424519,-2.092957243382662,0.406623471098178,0.125226
-6.759296371424519,-0.06586721629430858,-0.6848865434878584,0.134326
-6.603366369340799,-2.092957243382662,1.030343479433057,0.12549
-6.603366369340799,-0.8455172267129063,1.6540634877679343,0.126483
-6.44743636725708,-2.2488872454663817,1.1862734815167766,0.127555
-6.44743636725708,-1.625167237131504,-0.9967465476552975,0.124111
-6.29150636517336,-0.3777272204617468,-1.6204665559901752,0.147094
-6.29150636517336,0.40192278995685005,1.6540634877679343,0.144503
-6.1355763630896405,-1.7810972392152236,-1.152676549739017,0.124842
-6.1355763630896405,-1.625167237131504,-1.3086065518227366,0.127665
-6.1355763630896405,0.40192278995685005,1.8099934898516539,0.146965
-6.1355763630896405,0.7137827941242891,1.1862734815167766,0.146366
-5.979646361005921,-1.313307232964065,-1.6204665559901752,0.135813
-5.979646361005921,-1.0014472287966258,2.121853494019093,0.129519
-5.979646361005921,-0.3777272204617468,-1.7763965580738952,0.151184
-5.979646361005921,0.7137827941242891,0.0947634669307389,0.143541
-5.823716358922201,-3.0285372558849795,-0.06116653515298065,0.138426
-5.823716358922201,-3.0285372558849795,0.8744134773493366,0.140996
-5.823716358922201,0.8697127962080087,0.8744134773493366,0.152375
-5.667786356838482,0.2459927878731305,2.121853494019093,0.151372
-5.667786356838482,0.8697127962080087,0.406623471098178,0.15559
-5.511856354754762,-0.8455172267129063,2.2777834961028125,0.135164
-5.511856354754762,0.5578527920405696,-1.152676549739017,0.171249
-5.355926352671043,-0.8455172267129063,2.2777834961028125,0.136262
-5.355926352671043,0.7137827941242891,-0.8408165455715779,0.178549
-5.355926352671043,0.7137827941242891,1.6540634877679343,0.164656
-5.199996350587323,-1.937027241298943,-1.3086065518227366,0.13199
-5.044066348503604,-2.7166772517175404,-0.6848865434878584,0.135857
-5.044066348503604,-0.3777272204617468,-1.7763965580738952,0.165713
-5.044066348503604,1.0256427982917282,0.8744134773493366,0.193438
-4.888136346419884,-2.87260725380126,-0.5289565414041388,0.139108
-4.888136346419884,-2.7166772517175404,1.3422034836004961,0.141981
-4.888136346419884,-1.313307232964065,-1.9323265601576147,0.142257
-4.888136346419884,-1.1573772308803454,-1.9323265601576147,0.145982
-4.888136346419884,1.0256427982917282,-1.152676549739017,0.216427
-4.888136346419884,1.1815728003754478,-0.9967465476552975,0.214158
-4.888136346419884,1.3375028024591673,-0.37302653932041974,0.202955
-4.732206344336165,-3.0285372558849795,-0.5289565414041388,0.139723
-4.732206344336165,-1.937027241298943,2.121853494019093,0.130841
-4.732206344336165,-1.625167237131504,-2.244186564325054,0.134795
-4.576276342252446,-3.0285372558849795,-0.06116653515298065,0.144725
-4.576276342252446,-2.7166772517175404,1.9659234919353734,0.137251
-4.576276342252446,-2.2488872454663817,-2.0882565622413343,0.123035
-4.576276342252446,-1.7810972392152236,2.433713498186532,0.126316
-4.576276342252446,-1.4692372350477845,-2.5560465684924925,0.138323
-4.576276342252446,-1.313307232964065,-2.5560465684924925,0.141688
-4.576276342252446,0.40192278995685005,-1.6204665559901752,0.217638
-4.420346340168726,-3.496327262136138,-0.9967465476552975,0.136085
-4.420346340168726,-3.0285372558849795,0.0947634669307389,0.145749
-4.420346340168726,-2.87260725380126,0.7184834752656171,0.147488
-4.420346340168726,-2.87260725380126,0.8744134773493366,0.146988
-4.420346340168726,-1.625167237131504,-2.711976570576212,0.135322
-4.420346340168726,-0.6895872246291868,2.9015035044376907,0.136832
-4.420346340168726,-0.22179721837802724,-1.7763965580738952,0.185209
-4.420346340168726,1.805292808710326,-0.9967465476552975,0.213305
-4.264416338085007,-3.1844672579686986,-1.7763965580738952,0.123929
-4.264416338085007,-2.87260725380126,0.5625534731818975,0.148256
-4.264416338085007,2.2730828149614837,0.7184834752656171,0.165462
-4.264416338085007,3.0527328253800814,0.25069346901445844,0.110752
-4.108486336001287,-3.1844672579686986,1.1862734815167766,0.14348
-4.108486336001287,-3.0285372558849795,2.433713498186532,0.134488
-4.108486336001287,1.9612228107940455,1.3422034836004961,0.192236
-4.108486336001287,3.6764528337149596,0.7184834752656171,0.110559
-3.9525563339175678,-3.808187266303577,-0.6848865434878584,0.138234
-3.9525563339175678,-3.0285372558849795,0.7184834752656171,0.144728
-3.9525563339175678,-2.2488872454663817,-2.711976570576212,0.122979
-3.9525563339175678,3.520522831631242,1.3422034836004961,0.103188
-3.7966263318338482,-3.1844672579686986,0.8744134773493366,0.141713
-3.7966263318338482,-0.3777272204617468,3.3692935106888493,0.139687
-3.7966263318338482,-0.06586721629430858,3.213363508605129,0.14507
-3.7966263318338482,0.2459927878731305,2.9015035044376907,0.151981
-3.7966263318338482,1.0256427982917282,1.8099934898516539,0.208148
-3.6406963297501287,-3.496327262136138,1.8099934898516539,0.137838
-3.6406963297501287,-2.7166772517175404,2.9015035044376907,0.125117
-3.6406963297501287,-0.22179721837802724,3.3692935106888493,0.141318
-3.6406963297501287,0.40192278995685005,2.745573502353971,0.155293
-3.6406963297501287,3.832382835798681,1.4981334856842148,0.115312
-3.6406963297501287,3.9883128378823987,1.3422034836004961,0.127129
-3.484766327666409,-3.3403972600524185,0.25069346901445844,0.136817
-3.484766327666409,-3.1844672579686986,0.7184834752656171,0.137732
-3.484766327666409,-3.1844672579686986,2.5896435002702516,0.130646
-3.484766327666409,-1.4692372350477845,3.3692935106888493,0.120986
-3.484766327666409,-0.06586721629430858,-2.244186564325054,0.176709
-3.484766327666409,0.09006278578941096,3.213363508605129,0.145262
-3.484766327666409,1.1815728003754478,-1.9323265601576147,0.225186
-3.484766327666409,3.2086628274638027,1.9659234919353734,0.0894627
-3.484766327666409,3.832382835798681,1.6540634877679343,0.113196
-3.484766327666409,4.144242839966118,-0.37302653932041974,0.151187
-3.484766327666409,4.300172842049838,-0.2170965372367002,0.161187
-3.3288363255826896,-3.808187266303577,-0.37302653932041974,0.132872
-3.3288363255826896,-3.496327262136138,0.0947634669307389,0.133453
-3.3288363255826896,-3.3403972600524185,0.25069346901445844,0.134136
-3.3288363255826896,-3.0285372558849795,2.745573502353971,0.126629
-3.3288363255826896,3.520522831631242,1.9659234919353734,0.0943142
-3.3288363255826896,3.9883128378823987,1.6540634877679343,0.122706
-3.3288363255826896,4.300172842049838,-0.37302653932041974,0.16543
-3.3288363255826896,4.456102844133557,-0.2170965372367002,0.175725
-3.172906323498969,-3.496327262136138,1.4981334856842148,0.131769
-3.172906323498969,-3.3403972600524185,1.030343479433057,0.131606
-3.172906323498969,-3.1844672579686986,-2.0882565622413343,0.115993
-3.172906323498969,1.6493628066266055,1.6540634877679343,0.169847
-3.172906323498969,3.0527328253800814,-1.6204665559901752,0.155873
-3.172906323498969,3.3645928295475205,-1.152676549739017,0.148036
-3.172906323498969,4.300172842049838,1.4981334856842148,0.149483
-3.0169763214152496,-1.625167237131504,-3.023836574743651,0.127247
-3.0169763214152496,2.429012817045203,2.121853494019093,0.0914107
-2.86104631933153,-3.1844672579686986,0.25069346901445844,0.125357
-2.86104631933153,-2.87260725380126,2.745573502353971,0.120532
-2.86104631933153,1.6493628066266055,1.6540634877679343,0.152887
-2.86104631933153,4.300172842049838,1.6540634877679343,0.143568
-2.7051163172478114,-3.0285372558849795,0.7184834752656171,0.123463
-2.7051163172478114,-2.560747249633821,-2.4001165664087734,0.11433
-2.7051163172478114,-0.06586721629430858,-1.9323265601576147,0.170794
-2.7051163172478114,0.09006278578941096,3.05743350652141,0.139454
-2.7051163172478114,0.40192278995685005,-1.7763965580738952,0.193345
-2.7051163172478114,0.40192278995685005,2.5896435002702516,0.147182
-2.7051163172478114,0.8697127962080087,-1.7763965580738952,0.200557
-2.7051163172478114,1.0256427982917282,1.6540634877679343,0.180512
-2.7051163172478114,4.456102844133557,-0.5289565414041388,0.188914
-2.7051163172478114,4.767962848300996,-0.2170965372367002,0.205469
-2.549186315164092,-3.3403972600524185,-1.6204665559901752,0.110095
-2.3932563130803723,-3.0285372558849795,1.030343479433057,0.115229
-2.3932563130803723,-2.87260725380126,0.25069346901445844,0.117607
-2.3932563130803723,-2.87260725380126,0.7184834752656171,0.117898
-2.3932563130803723,1.4934328045428868,1.6540634877679343,0.150759
-2.3932563130803723,2.2730828149614837,2.121853494019093,0.0909015
-2.3932563130803723,2.7408728212126423,2.2777834961028125,0.0780587
-2.3932563130803723,3.6764528337149596,-1.9323265601576147,0.14968
-2.3932563130803723,3.9883128378823987,1.9659234919353734,0.107444
-2.3932563130803723,4.456102844133557,-0.5289565414041388,0.193417
-2.3932563130803723,4.767962848300996,-0.2170965372367002,0.207637
-2.237326310996653,-3.0285372558849795,1.3422034836004961,0.111722
-2.237326310996653,-2.87260725380126,0.8744134773493366,0.11367
-2.237326310996653,-2.7166772517175404,-2.0882565622413343,0.107344
-2.237326310996653,-1.937027241298943,2.9015035044376907,0.116539
-2.237326310996653,-1.313307232964065,-2.5560465684924925,0.121165
-2.237326310996653,0.2459927878731305,2.2777834961028125,0.145551
-2.237326310996653,2.8968028232963636,2.2777834961028125,0.0768617
-2.237326310996653,3.9883128378823987,-1.152676549739017,0.162246
-2.237326310996653,4.923892850384718,0.8744134773493366,0.202386
-2.0813963089129333,-3.1844672579686986,-1.3086065518227366,0.0997066
-2.0813963089129333,-2.87260725380126,1.9659234919353734,0.110057
-2.0813963089129333,-2.560747249633821,2.433713498186532,0.11186
-2.0813963089129333,-2.4048172475501013,-2.244186564325054,0.107505
-2.0813963089129333,-0.06586721629430858,-1.9323265601576147,0.161914
-2.0813963089129333,0.7137827941242891,1.9659234919353734,0.158701
-2.0813963089129333,2.117152812877764,1.9659234919353734,0.100997
-2.0813963089129333,2.5849428191289228,-2.5560465684924925,0.1477
-2.0813963089129333,2.7408728212126423,-2.5560465684924925,0.146941
-2.0813963089129333,4.300172842049838,1.6540634877679343,0.134512
-2.0813963089129333,4.456102844133557,1.4981334856842148,0.151961
-2.0813963089129333,4.923892850384718,0.406623471098178,0.209802
-1.9254663068292137,-2.7166772517175404,0.8744134773493366,0.109824
-1.9254663068292137,-2.2488872454663817,2.5896435002702516,0.112693
-1.9254663068292137,-1.1573772308803454,2.9015035044376907,0.118279
-1.9254663068292137,1.9612228107940455,1.8099934898516539,0.115036
-1.9254663068292137,2.7408728212126423,-2.5560465684924925,0.144842
-1.9254663068292137,3.832382835798681,1.9659234919353734,0.0979541
-1.9254663068292137,4.767962848300996,0.0947634669307389,0.205604
-1.7695363047454942,-2.092957243382662,-2.244186564325054,0.107072
-1.7695363047454942,-0.8455172267129063,2.745573502353971,0.120631
-1.6136063026617746,-3.0285372558849795,-1.152676549739017,0.0837356
-1.6136063026617746,-2.560747249633821,0.8744134773493366,0.10736
-1.6136063026617746,0.2459927878731305,-2.0882565622413343,0.157389
-1.6136063026617746,2.117152812877764,-2.4001165664087734,0.141221
-1.457676300578055,-3.0285372558849795,-0.6848865434878584,0.0734102
-1.457676300578055,-2.4048172475501013,-1.9323265601576147,0.093002
-1.457676300578055,1.805292808710326,1.6540634877679343,0.13725
-1.457676300578055,3.832382835798681,-1.6204665559901752,0.145754
-1.457676300578055,4.456102844133557,0.7184834752656171,0.17205
-1.3017462984943355,-0.5336572225454663,2.121853494019093,0.134172
-1.3017462984943355,0.5578527920405696,-2.0882565622413343,0.150293
-1.3017462984943355,1.805292808710326,-2.0882565622413343,0.137127
-1.3017462984943355,3.6764528337149596,-1.7763965580738952,0.141922
-1.3017462984943355,3.832382835798681,1.4981334856842148,0.116466
-1.3017462984943355,4.456102844133557,0.25069346901445844,0.172814
-1.145816296410616,-3.6522572642198576,-1.3086065518227366,0.0658476
-1.145816296410616,-2.092957243382662,-0.06116653515298065,0.0958423
-1.145816296410616,-1.313307232964065,-1.7763965580738952,0.121665
-1.145816296410616,-1.0014472287966258,2.2777834961028125,0.124835
-1.145816296410616,-0.5336572225454663,-1.7763965580738952,0.14551
-1.145816296410616,3.832382835798681,1.3422034836004961,0.124934
-1.145816296410616,4.612032846217277,-0.2170965372367002,0.16042
-0.9898862943268973,-3.6522572642198576,-0.2170965372367002,0.0579236
-0.9898862943268973,-2.7166772517175404,0.0947634669307389,0.0561811
-0.9898862943268973,-2.092957243382662,-0.06116653515298065,0.0857484
-0.9898862943268973,-1.937027241298943,1.9659234919353734,0.112182
-0.9898862943268973,-1.625167237131504,0.0947634669307389,0.113916
-0.9898862943268973,-1.313307232964065,-1.6204665559901752,0.119013
-0.9898862943268973,-0.8455172267129063,-1.6204665559901752,0.133095
-0.9898862943268973,0.09006278578941096,1.8099934898516539,0.153226
-0.9898862943268973,1.6493628066266055,1.6540634877679343,0.145459
-0.9898862943268973,2.117152812877764,-2.0882565622413343,0.123497
-0.9898862943268973,4.612032846217277,0.25069346901445844,0.155587
-0.8339562922431769,-3.9641172683872967,-0.37302653932041974,0.070356
-0.8339562922431769,-2.7166772517175404,0.25069346901445844,0.0509265
-0.8339562922431769,-1.625167237131504,-1.6204665559901752,0.0984201
-0.8339562922431769,-1.625167237131504,0.8744134773493366,0.117594
-0.8339562922431769,-1.625167237131504,1.8099934898516539,0.116259
-0.8339562922431769,-1.0014472287966258,1.6540634877679343,0.130677
-0.8339562922431769,-0.8455172267129063,-1.7763965580738952,0.12572
-0.8339562922431769,-0.22179721837802724,1.4981334856842148,0.149158
-0.8339562922431769,2.117152812877764,1.8099934898516539,0.133546
-0.8339562922431769,4.456102844133557,-1.152676549739017,0.140939
-0.6780262901594574,-4.120047270471016,-1.6204665559901752,0.0901367
-0.6780262901594574,-4.120047270471016,-0.37302653932041974,0.0797417
-0.6780262901594574,-1.0014472287966258,1.030343479433057,0.130586
-0.6780262901594574,0.5578527920405696,-1.9323265601576147,0.129981
-0.6780262901594574,1.6493628066266055,1.6540634877679343,0.143301
-0.6780262901594574,2.429012817045203,-2.0882565622413343,0.108264
-0.6780262901594574,3.6764528337149596,-1.6204665559901752,0.133038
-0.5220962880757387,-2.4048172475501013,0.406623471098178,0.052366
-0.5220962880757387,-1.0014472287966258,-2.244186564325054,0.111973
-0.5220962880757387,-0.5336572225454663,-2.4001165664087734,0.122073
-0.5220962880757387,0.2459927878731305,-2.0882565622413343,0.127516
-0.5220962880757387,0.2459927878731305,1.4981334856842148,0.148517
-0.5220962880757387,0.5578527920405696,-1.9323265601576147,0.121091
-0.5220962880757387,1.805292808710326,-2.244186564325054,0.086547
-0.5220962880757387,2.117152812877764,1.9659234919353734,0.133058
-0.36616628599201917,-3.6522572642198576,0.406623471098178,0.0463729
-0.36616628599201917,-1.4692372350477845,-2.0882565622413343,0.0920817
-0.36616628599201917,-0.6895872246291868,-2.5560465684924925,0.116874
-0.36616628599201917,1.0256427982917282,-2.0882565622413343,0.0905017
-0.36616628599201917,2.5849428191289228,2.121853494019093,0.128565
-0.36616628599201917,2.7408728212126423,2.121853494019093,0.127232
-0.36616628599201917,4.300172842049838,-1.464536553906456,0.12998
-0.21023628390829963,-4.275977272554735,-0.06116653515298065,0.0893397
-0.21023628390829963,-2.4048172475501013,-2.5560465684924925,0.0509474
-0.21023628390829963,-2.092957243382662,-2.4001165664087734,0.0593776
-0.21023628390829963,2.2730828149614837,-2.4001165664087734,0.0731762
-0.05430628182458008,-4.275977272554735,-2.0882565622413343,0.108372
-0.05430628182458008,-3.0285372558849795,-2.711976570576212,0.0495859
-0.05430628182458008,-2.7166772517175404,1.1862734815167766,0.0308059
-0.05430628182458008,-2.7166772517175404,1.6540634877679343,0.0341906
-0.05430628182458008,-2.4048172475501013,0.8744134773493366,0.0388462
-0.05430628182458008,-2.2488872454663817,1.8099934898516539,0.0423012
-0.05430628182458008,-1.937027241298943,0.8744134773493366,0.0600803
-0.05430628182458008,-1.937027241298943,1.030343479433057,0.0557665
-0.05430628182458008,-1.937027241298943,1.4981334856842148,0.0485769
-0.05430628182458008,0.5578527920405696,-2.244186564325054,0.103932
-0.05430628182458008,1.0256427982917282,0.8744134773493366,0.138903
-0.05430628182458008,3.832382835798681,1.4981334856842148,0.123027
0.10162372025913946,-4.275977272554735,0.0947634669307389,0.091203
0.10162372025913946,-3.9641172683872967,-2.4001165664087734,0.0843028
0.10162372025913946,-0.3777272204617468,-2.8679065726599315,0.114047
0.10162372025913946,0.8697127962080087,-2.244186564325054,0.083313
0.10162372025913946,2.8968028232963636,-2.244186564325054,0.073797
0.2575537223428608,-4.8996972808896135,-1.3086065518227366,0.16487
0.2575537223428608,-3.496327262136138,0.7184834752656171,0.0365761
0.2575537223428608,1.1815728003754478,-2.4001165664087734,0.0690985
0.2575537223428608,1.3375028024591673,1.1862734815167766,0.128053
0.2575537223428608,2.2730828149614837,-2.5560465684924925,0.057994
0.2575537223428608,3.6764528337149596,-1.6204665559901752,0.110062
0.41348372442657855,-3.9641172683872967,0.406623471098178,0.0683992
0.41348372442657855,-0.06586721629430858,-2.8679065726599315,0.110652
0.41348372442657855,0.2459927878731305,-2.711976570576212,0.107565
0.41348372442657855,0.2459927878731305,0.8744134773493366,0.110649
0.41348372442657855,0.5578527920405696,0.7184834752656171,0.114654
0.41348372442657855,4.923892850384718,-0.5289565414041388,0.131826
0.5694137265102999,-4.8996972808896135,-1.464536553906456,0.169502
0.5694137265102999,-4.743767278805894,-1.7763965580738952,0.158515
0.5694137265102999,-2.7166772517175404,-2.711976570576212,0.062767
0.5694137265102999,4.612032846217277,-0.9967465476552975,0.127698
0.7253437285940176,-4.743767278805894,-0.37302653932041974,0.152527
0.7253437285940176,-4.431907274638455,-2.0882565622413343,0.13826
0.7253437285940176,-4.120047270471016,0.25069346901445844,0.0928422
0.7253437285940176,-1.313307232964065,-2.711976570576212,0.0999559
0.7253437285940176,-1.313307232964065,2.433713498186532,0.0515016
0.7253437285940176,-1.1573772308803454,2.2777834961028125,0.0488107
0.7253437285940176,-0.06586721629430858,-2.8679065726599315,0.106518
0.7253437285940176,1.0256427982917282,1.030343479433057,0.105759
0.7253437285940176,3.3645928295475205,1.6540634877679343,0.117639
0.7253437285940176,4.456102844133557,-0.9967465476552975,0.125975
0.881273730677739,-4.8996972808896135,-1.3086065518227366,0.174028
0.881273730677739,-4.5878372767221745,-0.2170965372367002,0.142685
0.881273730677739,-3.808187266303577,0.7184834752656171,0.0613173
0.881273730677739,-3.6522572642198576,2.2777834961028125,0.0540545
0.881273730677739,-3.3403972600524185,2.5896435002702516,0.0654312
0.881273730677739,0.5578527920405696,-2.4001165664087734,0.0952787
1.0372037327614567,-4.275977272554735,-2.0882565622413343,0.136048
1.0372037327614567,-3.9641172683872967,1.6540634877679343,0.0500218
1.0372037327614567,-3.3403972600524185,-2.5560465684924925,0.0840069
1.0372037327614567,-2.87260725380126,2.9015035044376907,0.0898979
1.0372037327614567,-1.937027241298943,2.9015035044376907,0.0809794
1.0372037327614567,2.429012817045203,1.6540634877679343,0.110161
1.193133734845178,-3.9641172683872967,0.8744134773493366,0.0695005
1.193133734845178,-3.3403972600524185,2.745573502353971,0.0876632
1.193133734845178,-1.937027241298943,-2.711976570576212,0.0966986
1.193133734845178,-0.5336572225454663,1.3422034836004961,0.0575711
1.193133734845178,3.3645928295475205,1.1862734815167766,0.108557
1.193133734845178,3.520522831631242,1.030343479433057,0.110444
1.193133734845178,4.300172842049838,-0.06116653515298065,0.126639
1.3490637369288958,-4.5878372767221745,-1.464536553906456,0.165215
1.3490637369288958,-3.9641172683872967,1.9659234919353734,0.0637776
1.3490637369288958,-1.625167237131504,2.9015035044376907,0.0845709
1.3490637369288958,-0.3777272204617468,-2.711976570576212,0.0995355
1.3490637369288958,0.8697127962080087,1.3422034836004961,0.0795108
1.3490637369288958,2.2730828149614837,1.4981334856842148,0.0942837
1.3490637369288958,2.429012817045203,1.4981334856842148,0.0957848
1.3490637369288958,3.0527328253800814,1.3422034836004961,0.10094
1.5049937390126154,1.9612228107940455,1.4981334856842148,0.0849089
1.5049937390126154,2.2730828149614837,-2.244186564325054,0.063159
1.5049937390126154,2.8968028232963636,-1.9323265601576147,0.0676691
1.660923741096335,-4.431907274638455,-0.06116653515298065,0.122049
1.660923741096335,-4.431907274638455,0.0947634669307389,0.116436
1.660923741096335,-4.275977272554735,0.7184834752656171,0.0961156
1.660923741096335,-3.6522572642198576,2.5896435002702516,0.103584
1.660923741096335,-1.7810972392152236,-2.8679065726599315,0.100716
1.660923741096335,3.520522831631242,1.1862734815167766,0.0964803
1.660923741096335,3.9883128378823987,0.8744134773493366,0.107483
1.660923741096335,4.456102844133557,0.25069346901445844,0.122015
1.8168537431800544,-3.808187266303577,-1.7763965580738952,0.128335
1.8168537431800544,3.0527328253800814,1.4981334856842148,0.084423
1.8168537431800544,3.6764528337149596,1.1862734815167766,0.09539
1.8168537431800544,4.612032846217277,-0.06116653515298065,0.123161
1.972783745263774,-4.5878372767221745,-0.2170965372367002,0.121392
1.972783745263774,-4.120047270471016,-0.9967465476552975,0.137899
1.972783745263774,-2.2488872454663817,-3.023836574743651,0.102838
1.972783745263774,-0.6895872246291868,1.9659234919353734,0.0514063
1.972783745263774,-0.06586721629430858,-2.244186564325054,0.0902751
1.972783745263774,2.7408728212126423,1.6540634877679343,0.0766826
2.1287137473474935,-3.9641172683872967,-1.152676549739017,0.131162
2.1287137473474935,-2.4048172475501013,-3.023836574743651,0.104009
2.1287137473474935,3.2086628274638027,-1.6204665559901752,0.0814747
2.284643749431215,-3.6522572642198576,-1.7763965580738952,0.117381
2.284643749431215,-3.1844672579686986,3.05743350652141,0.160969
2.284643749431215,-2.87260725380126,-2.8679065726599315,0.106251
2.4405737515149326,-4.743767278805894,-0.2170965372367002,0.115414
2.4405737515149326,-4.120047270471016,-0.9967465476552975,0.121481
2.4405737515149326,0.5578527920405696,1.6540634877679343,0.0642
2.4405737515149326,2.7408728212126423,1.8099934898516539,0.068877
2.596503753598654,-4.120047270471016,-0.9967465476552975,0.118163
2.596503753598654,-3.496327262136138,-1.9323265601576147,0.111804
2.596503753598654,-1.7810972392152236,2.9015035044376907,0.140008
2.596503753598654,-0.5336572225454663,1.8099934898516539,0.0681741
2.596503753598654,0.2459927878731305,1.8099934898516539,0.0628115
2.596503753598654,0.7137827941242891,-2.0882565622413343,0.0703883
2.596503753598654,1.805292808710326,1.8099934898516539,0.0638141
2.596503753598654,2.429012817045203,-1.9323265601576147,0.0669311
2.596503753598654,2.8968028232963636,1.8099934898516539,0.0692951
2.596503753598654,3.520522831631242,1.4981334856842148,0.0806001
2.596503753598654,4.767962848300996,-0.06116653515298065,0.115266
2.7524337556823717,-3.0285372558849795,-2.5560465684924925,0.108392
2.7524337556823717,-1.1573772308803454,2.121853494019093,0.0864476
2.7524337556823717,-1.0014472287966258,-1.9323265601576147,0.0988042
2.7524337556823717,-1.0014472287966258,1.9659234919353734,0.0799682
2.7524337556823717,2.2730828149614837,-1.9323265601576147,0.0645531
2.7524337556823717,3.520522831631242,1.4981334856842148,0.08025
2.7524337556823717,4.144242839966118,1.030343479433057,0.0971565
2.908363757766093,-4.743767278805894,0.5625534731818975,0.108818
2.908363757766093,-4.120047270471016,1.3422034836004961,0.110189
2.908363757766093,-3.0285372558849795,-2.4001165664087734,0.108835
2.908363757766093,-2.2488872454663817,2.9015035044376907,0.16346
2.908363757766093,-2.092957243382662,-2.711976570576212,0.105917
2.908363757766093,0.8697127962080087,-1.9323265601576147,0.0661811
2.908363757766093,3.0527328253800814,1.8099934898516539,0.0704246
2.908363757766093,3.520522831631242,1.4981334856842148,0.0802328
2.908363757766093,3.6764528337149596,-1.464536553906456,0.0794334
2.908363757766093,4.456102844133557,-0.8408165455715779,0.102473
3.064293759849811,-4.431907274638455,1.030343479433057,0.108003
3.064293759849811,-3.1844672579686986,-1.7763965580738952,0.110745
3.064293759849811,-3.1844672579686986,2.2777834961028125,0.155831
3.064293759849811,-0.22179721837802724,1.9659234919353734,0.0702538
3.064293759849811,3.520522831631242,1.4981334856842148,0.0805846
3.064293759849811,4.612032846217277,0.0947634669307389,0.108373
3.2202237619335303,-4.431907274638455,-0.5289565414041388,0.110449
3.2202237619335303,-3.1844672579686986,-1.3086065518227366,0.113525
3.2202237619335303,-1.0014472287966258,1.9659234919353734,0.09119
3.2202237619335303,-0.3777272204617468,1.9659234919353734,0.0751974
3.2202237619335303,1.3375028024591673,-1.6204665559901752,0.0655352
3.2202237619335303,1.6493628066266055,2.121853494019093,0.0598625
3.2202237619335303,2.2730828149614837,2.121853494019093,0.063259
3.2202237619335303,3.520522831631242,1.4981334856842148,0.0813469
3.2202237619335303,4.456102844133557,-0.5289565414041388,0.101423
3.37615376401725,-4.431907274638455,-0.37302653932041974,0.109229
3.37615376401725,-3.496327262136138,-0.9967465476552975,0.11111
3.37615376401725,-2.2488872454663817,2.2777834961028125,0.140851
3.37615376401725,-1.937027241298943,2.2777834961028125,0.128621
3.37615376401725,-1.7810972392152236,-1.9323265601576147,0.104852
3.37615376401725,-1.313307232964065,2.121853494019093,0.102762
3.37615376401725,3.3645928295475205,-1.464536553906456,0.069487
3.37615376401725,3.832382835798681,-1.152676549739017,0.0805283
3.37615376401725,3.9883128378823987,0.8744134773493366,0.0970283
3.37615376401725,4.144242839966118,-0.8408165455715779,0.0906342
3.5320837661009694,-1.937027241298943,2.2777834961028125,0.124435
3.5320837661009694,-1.7810972392152236,2.2777834961028125,0.119145
3.5320837661009694,-0.5336572225454663,1.9659234919353734,0.082657
3.5320837661009694,3.6764528337149596,1.3422034836004961,0.0876206
3.5320837661009694,3.9883128378823987,-0.8408165455715779,0.0861871
3.688013768184689,-4.275977272554735,0.406623471098178,0.10681
3.688013768184689,-4.120047270471016,0.7184834752656171,0.106868
3.688013768184689,-3.9641172683872967,0.8744134773493366,0.107468
3.688013768184689,-3.496327262136138,1.1862734815167766,0.11203
3.688013768184689,-3.0285372558849795,1.6540634877679343,0.122853
3.688013768184689,-0.5336572225454663,-1.6204665559901752,0.0801145
3.688013768184689,1.3375028024591673,2.2777834961028125,0.0599534
3.688013768184689,3.0527328253800814,-1.464536553906456,0.0628355
3.688013768184689,3.832382835798681,-0.8408165455715779,0.0820673
3.8439437702684085,-3.808187266303577,0.7184834752656171,0.106377
3.8439437702684085,-2.560747249633821,2.121853494019093,0.125484
3.8439437702684085,1.805292808710326,2.2777834961028125,0.0626406
3.8439437702684085,3.3645928295475205,1.8099934898516539,0.0807191
3.8439437702684085,3.9883128378823987,0.0947634669307389,0.0977061
3.8439437702684085,3.9883128378823987,0.25069346901445844,0.0990273
3.8439437702684085,3.9883128378823987,0.406623471098178,0.0994347
3.999873772352128,-3.1844672579686986,1.3422034836004961,0.111482
3.999873772352128,-0.5336572225454663,1.9659234919353734,0.0879114
3.999873772352128,1.3375028024591673,-1.3086065518227366,0.0603818
3.999873772352128,1.805292808710326,2.2777834961028125,0.0640035
3.999873772352128,3.9883128378823987,0.5625534731818975,0.0987605
4.155803774435848,-3.3403972600524185,0.7184834752656171,0.104561
4.155803774435848,1.1815728003754478,-1.3086065518227366,0.0586808
4.155803774435848,1.3375028024591673,-1.3086065518227366,0.0582232
4.155803774435848,1.6493628066266055,2.2777834961028125,0.0648072
4.311733776519567,-2.2488872454663817,2.2777834961028125,0.116974
4.311733776519567,1.6493628066266055,-1.3086065518227366,0.0561075
4.311733776519567,3.6764528337149596,1.6540634877679343,0.0915744
4.467663778603287,-3.1844672579686986,-0.8408165455715779,0.104542
4.467663778603287,-2.092957243382662,-1.7763965580738952,0.107419
4.467663778603287,-1.7810972392152236,-1.7763965580738952,0.10452
4.467663778603287,-0.8455172267129063,1.9659234919353734,0.0996052
4.467663778603287,3.0527328253800814,-0.9967465476552975,0.0657371
4.467663778603287,3.520522831631242,1.8099934898516539,0.0906876
4.623593780687008,-2.87260725380126,-1.3086065518227366,0.107789
4.623593780687008,-2.7166772517175404,-1.464536553906456,0.108447
4.623593780687008,-0.6895872246291868,-1.152676549739017,0.0851859
4.623593780687008,1.9612228107940455,2.121853494019093,0.0742461
4.623593780687008,2.117152812877764,2.121853494019093,0.075233
4.623593780687008,2.2730828149614837,2.121853494019093,0.0764254
4.623593780687008,2.429012817045203,2.121853494019093,0.0777585
4.623593780687008,2.8968028232963636,-0.9967465476552975,0.0645208
4.623593780687008,3.832382835798681,-0.06116653515298065,0.0899598
4.779523782770726,-3.0285372558849795,0.406623471098178,0.0960144
4.779523782770726,-1.625167237131504,-1.6204665559901752,0.102679
4.779523782770726,-0.6895872246291868,-0.9967465476552975,0.0858459
4.779523782770726,-0.6895872246291868,1.8099934898516539,0.0993391
4.779523782770726,0.8697127962080087,2.2777834961028125,0.075082
4.935453784854445,-2.87260725380126,1.1862734815167766,0.101461
4.935453784854445,-2.4048172475501013,-1.464536553906456,0.107344
4.935453784854445,0.5578527920405696,2.2777834961028125,0.0801514
4.935453784854445,1.805292808710326,1.9659234919353734,0.0802173
4.935453784854445,1.9612228107940455,1.9659234919353734,0.080708
5.091383786938165,-2.87260725380126,-0.5289565414041388,0.0995453
5.091383786938165,-2.87260725380126,-0.37302653932041974,0.0979295
5.091383786938165,-2.4048172475501013,-1.3086065518227366,0.106241
5.091383786938165,-0.5336572225454663,1.8099934898516539,0.0991149
5.091383786938165,0.40192278995685005,-0.9967465476552975,0.0633409
5.091383786938165,1.4934328045428868,-0.9967465476552975,0.0564172
5.091383786938165,3.3645928295475205,-0.37302653932041974,0.0798669
5.091383786938165,3.520522831631242,1.6540634877679343,0.0992849
5.091383786938165,3.6764528337149596,1.4981334856842148,0.101178
5.247313789021884,-2.560747249633821,0.25069346901445844,0.0918947
5.247313789021884,-2.560747249633821,0.7184834752656171,0.0944474
5.247313789021884,-2.560747249633821,1.030343479433057,0.0983019
5.247313789021884,-0.06586721629430858,-0.6848865434878584,0.0737393
5.247313789021884,1.0256427982917282,2.121853494019093,0.0837837
5.247313789021884,1.3375028024591673,1.9659234919353734,0.0843554
5.247313789021884,1.6493628066266055,-0.8408165455715779,0.0587879
5.247313789021884,2.8968028232963636,-0.5289565414041388,0.0725493
5.247313789021884,3.6764528337149596,0.0947634669307389,0.092347
5.247313789021884,3.832382835798681,1.030343479433057,0.103055
5.403243791105604,-2.2488872454663817,0.0947634669307389,0.0914406
5.403243791105604,-2.2488872454663817,0.7184834752656171,0.0938696
5.403243791105604,-2.2488872454663817,1.030343479433057,0.0979372
5.403243791105604,2.8968028232963636,-0.37302653932041974,0.0757162
5.5591737931893235,-0.5336572225454663,0.0947634669307389,0.0917078
5.5591737931893235,1.805292808710326,-0.37302653932041974,0.0679542
5.5591737931893235,2.7408728212126423,-0.2170965372367002,0.0777268
5.715103795273043,-0.06586721629430858,-0.2170965372367002,0.0812094
5.715103795273043,1.6493628066266055,-0.06116653515298065,0.0744681
5.715103795273043,1.6493628066266055,1.1862734815167766,0.0940177
5.715103795273043,3.3645928295475205,0.7184834752656171,0.0997197
5.871033797356763,-0.22179721837802724,0.0947634669307389,0.0891011
6.026963799440482,0.5578527920405696,-0.06116653515298065,0.0798246
6.026963799440482,0.8697127962080087,1.6540634877679343,0.0981329
6.026963799440482,1.0256427982917282,0.0947634669307389,0.0799104
6.026963799440482,1.1815728003754478,0.25069346901445844,0.0824554
6.026963799440482,1.3375028024591673,0.5625534731818975,0.087758
6.026963799440482,1.3375028024591673,1.030343479433057,0.093837
6.182893801524202,0.2459927878731305,0.25069346901445844,0.0896207
6.182893801524202,0.2459927878731305,1.4981334856842148,0.103456
6.338823803607921,0.2459927878731305,0.8744134773493366,0.0998227
