-4.000308226840143,-1.7944515552438833,0.4838568846495628,0.0975304
-4.000308226840143,-1.6497448725709987,0.4838568846495628,0.0994181
-3.855601544167258,-2.3732782859354224,0.19444351930379256,0.0812311
-3.710894861494373,-1.7944515552438833,-0.5290898940606308,0.0797001
-3.710894861494373,-1.6497448725709987,-0.5290898940606308,0.0848507
-3.710894861494373,-1.6497448725709987,1.4968036633597563,0.174147
-3.710894861494373,-0.6367980938608051,0.19444351930379256,0.129659
-3.710894861494373,-0.3473847285150349,0.3391502019766772,0.121976
-3.710894861494373,-0.05797136316926643,1.0626836153411023,0.0904874
-3.710894861494373,0.2314420021765038,1.3520969806868708,0.0728572
-3.710894861494373,0.520855367522274,1.4968036633597563,0.0612727
-3.710894861494373,1.823215511578237,0.4838568846495628,0.0461923
-3.5661881788214886,-2.5179849686083076,-0.3843832113877461,0.0675073
-3.5661881788214886,-0.7815047765336898,-0.5290898940606308,0.140265
-3.5661881788214886,-0.49209141118791955,-0.5290898940606308,0.149933
-3.5661881788214886,-0.05797136316926643,-1.8314500381165946,0.131892
-3.5661881788214886,0.2314420021765038,-0.6737965767335163,0.128671
-3.4214814961486035,-2.8073983339540773,-0.23967652871486145,0.0682306
-3.4214814961486035,-1.3603315072252293,-0.9632099420792857,0.100455
-3.4214814961486035,-1.07091814187946,-2.2655700861352486,0.0862205
-3.4214814961486035,-0.3473847285150349,-2.4102767688081337,0.127826
-3.4214814961486035,0.37614868484938846,-0.9632099420792857,0.138209
-3.4214814961486035,2.1126288769240062,0.3391502019766772,0.0520091
-3.4214814961486035,2.1126288769240062,0.6285635673224474,0.0511874
-3.1320681308028337,-3.0968116992998467,-0.09496984604197589,0.0712631
-3.1320681308028337,-2.9521050166269616,-0.3843832113877461,0.0667769
-3.1320681308028337,0.8102687328680434,-1.9761567207894788,0.19716
-3.1320681308028337,0.8102687328680434,-1.8314500381165946,0.190285
-2.987361448129949,-3.241518381972732,0.4838568846495628,0.0897268
-2.987361448129949,0.520855367522274,2.075630394051296,0.0760173
-2.8426547654570644,-3.0968116992998467,-0.3843832113877461,0.0684246
-2.8426547654570644,-0.3473847285150349,1.7862170287055257,0.142663
-2.8426547654570644,-0.05797136316926643,1.9309237113784112,0.112889
-2.6979480827841797,-1.07091814187946,-2.989103499499673,0.0980352
-2.6979480827841797,1.389095463559582,-1.1079166247521703,0.128298
-2.553241400111295,-2.8073983339540773,1.7862170287055257,0.185539
-2.553241400111295,-1.7944515552438833,2.3650437593970643,0.232577
-2.553241400111295,-0.9262114592065744,2.075630394051296,0.20438
-2.553241400111295,0.08673531950361912,-3.1338101821725575,0.190747
-2.553241400111295,0.6655620501951587,2.2203370767241806,0.0839459
-2.553241400111295,0.9549754155409271,-2.699690134153903,0.235831
-2.553241400111295,2.4020422422697756,-0.09496984604197589,0.0805504
-2.4085347174384104,-3.3862250646456165,0.4838568846495628,0.0888288
-2.4085347174384104,-3.0968116992998467,-0.5290898940606308,0.0731248
-2.4085347174384104,-2.3732782859354224,-1.1079166247521703,0.0853035
-2.4085347174384104,-0.9262114592065744,-3.1338101821725575,0.108257
-2.4085347174384104,0.520855367522274,2.2203370767241806,0.0936194
-2.4085347174384104,1.2443887808866974,-2.120863403462364,0.222452
-2.4085347174384104,1.2443887808866974,-1.6867433554437095,0.199124
-2.263828034765525,-3.0968116992998467,-0.5290898940606308,0.0758619
-2.263828034765525,-3.0968116992998467,1.3520969806868708,0.13597
-2.263828034765525,-1.07091814187946,-3.1338101821725575,0.100223
-2.263828034765525,-0.9262114592065744,2.075630394051296,0.200791
-2.263828034765525,-0.6367980938608051,1.9309237113784112,0.184372
-2.263828034765525,1.5338021462324676,2.075630394051296,0.088328
-2.263828034765525,2.5467489249426603,0.7732702499953321,0.11874
-2.11912135209264,-3.3862250646456165,0.3391502019766772,0.0859607
-2.11912135209264,-3.3862250646456165,0.4838568846495628,0.0895077
-2.11912135209264,-3.241518381972732,1.0626836153411023,0.112864
-2.11912135209264,-2.8073983339540773,-0.818503259406401,0.0839513
-2.11912135209264,-0.49209141118791955,1.9309237113784112,0.173991
-2.11912135209264,0.520855367522274,2.2203370767241806,0.106035
-2.11912135209264,1.2443887808866974,-2.2655700861352486,0.222409
-1.9744146694197555,-2.083864920589653,-2.2655700861352486,0.0764529
-1.9744146694197555,0.6655620501951587,2.2203370767241806,0.10913
-1.82970798674687,1.389095463559582,-1.252623307425055,0.15684
-1.82970798674687,1.5338021462324676,-1.1079166247521703,0.14056
-1.5402946214011015,-0.05797136316926643,-3.1338101821725575,0.153312
-1.5402946214011015,1.6785088289053522,-1.6867433554437095,0.134882
-1.5402946214011015,1.823215511578237,-1.5420366727708243,0.126751
-1.5402946214011015,1.9679221942511207,-0.818503259406401,0.123686
-1.3955879387282168,-2.6626916512811922,1.4968036633597563,0.126381
-1.3955879387282168,-1.939158237916768,1.9309237113784112,0.148844
-1.3955879387282168,-0.3473847285150349,-3.1338101821725575,0.129822
-1.3955879387282168,-0.3473847285150349,2.3650437593970643,0.165852
-1.3955879387282168,0.08673531950361912,2.2203370767241806,0.172634
-1.3955879387282168,2.8361622902884296,1.7862170287055257,0.158179
-1.2508812560553313,-2.5179849686083076,1.4968036633597563,0.123981
-1.2508812560553313,-2.083864920589653,-1.5420366727708243,0.120702
-1.2508812560553313,1.9679221942511207,-2.2655700861352486,0.126345
-1.2508812560553313,2.5467489249426603,-1.5420366727708243,0.118391
-1.2508812560553313,2.8361622902884296,1.9309237113784112,0.145288
-1.2508812560553313,3.2702823383070836,1.3520969806868708,0.142018
-1.1061745733824466,-2.5179849686083076,1.3520969806868708,0.118115
-1.1061745733824466,-0.9262114592065744,-2.989103499499673,0.102108
-1.1061745733824466,0.8102687328680434,2.075630394051296,0.178626
-1.1061745733824466,1.2443887808866974,2.075630394051296,0.159265
-1.1061745733824466,1.6785088289053522,2.2203370767241806,0.147099
-1.1061745733824466,2.5467489249426603,-0.3843832113877461,0.14859
-0.961467890709562,-2.2285716032625382,1.4968036633597563,0.117786
-0.961467890709562,-1.6497448725709987,-2.4102767688081337,0.0980856
-0.961467890709562,0.9549754155409271,-2.554983451481018,0.135242
-0.961467890709562,1.389095463559582,2.2203370767241806,0.154769
-0.961467890709562,2.691455607615545,-0.5290898940606308,0.141261
-0.8167612080366764,-3.0968116992998467,-0.23967652871486145,0.147766
-0.8167612080366764,-2.5179849686083076,0.9179769326682177,0.1214
-0.8167612080366764,1.0996820982138127,-2.699690134153903,0.125888
-0.8167612080366764,3.41498902097997,0.19444351930379256,0.121022
-0.8167612080366764,3.5596957036528547,0.4838568846495628,0.112961
-0.6720545253637917,-3.241518381972732,-0.6737965767335163,0.154951
-0.6720545253637917,-2.2285716032625382,1.3520969806868708,0.115319
-0.6720545253637917,-1.505038189898114,-2.2655700861352486,0.112718
-0.6720545253637917,-0.6367980938608051,-2.699690134153903,0.111745
-0.6720545253637917,-0.49209141118791955,-2.699690134153903,0.113944
-0.6720545253637917,1.2443887808866974,2.3650437593970643,0.166765
-0.6720545253637917,2.9808689729613143,-1.9761567207894788,0.157269
-0.5273478426909071,-2.2285716032625382,1.9309237113784112,0.0994807
-0.5273478426909071,-1.939158237916768,-1.8314500381165946,0.136876
-0.5273478426909071,-1.3603315072252293,-2.2655700861352486,0.120535
-0.5273478426909071,0.08673531950361912,-2.4102767688081337,0.121013
-0.5273478426909071,0.37614868484938846,3.0885771727614886,0.214103
-0.5273478426909071,2.691455607615545,2.50975044206995,0.0954495
-0.5273478426909071,3.5596957036528547,1.7862170287055257,0.0875688
-0.5273478426909071,3.7044023863257394,0.4838568846495628,0.0999059
-0.3826411600180233,-0.3473847285150349,3.2332838554343732,0.180842
-0.3826411600180233,1.5338021462324676,-2.989103499499673,0.126882
-0.3826411600180233,1.9679221942511207,2.6544571247428346,0.108924
-0.3826411600180233,2.257335559596891,-2.844396816826788,0.157266
-0.3826411600180233,2.257335559596891,2.6544571247428346,0.0988375
-0.3826411600180233,3.125575655634199,-0.818503259406401,0.149907
-0.23793447734513773,-2.3732782859354224,0.9179769326682177,0.140343
-0.23793447734513773,-2.083864920589653,2.50975044206995,0.0918491
-0.23793447734513773,-0.6367980938608051,-2.2655700861352486,0.136304
-0.23793447734513773,3.849109068998624,0.7732702499953321,0.0851729
-0.09322779467225306,-3.530931747318501,-0.5290898940606308,0.162522
-0.09322779467225306,-3.3862250646456165,-1.1079166247521703,0.159283
-0.09322779467225306,-1.3603315072252293,3.0885771727614886,0.110895
-0.09322779467225306,-0.3473847285150349,-2.120863403462364,0.144057
-0.09322779467225306,0.2314420021765038,3.2332838554343732,0.205886
-0.09322779467225306,0.520855367522274,-2.699690134153903,0.112416
-0.09322779467225306,1.6785088289053522,2.6544571247428346,0.118678
-0.09322779467225306,2.5467489249426603,-2.844396816826788,0.188126
-0.09322779467225306,2.5467489249426603,2.6544571247428346,0.0837385
-0.09322779467225306,3.125575655634199,-2.4102767688081337,0.211481
0.051478888000631606,-2.6626916512811922,-1.8314500381165946,0.149036
0.051478888000631606,-2.3732782859354224,1.4968036633597563,0.114814
0.051478888000631606,-2.3732782859354224,1.7862170287055257,0.103747
0.051478888000631606,-0.49209141118791955,-2.2655700861352486,0.151175
0.051478888000631606,-0.05797136316926643,-2.120863403462364,0.139039
0.051478888000631606,0.08673531950361912,-2.2655700861352486,0.128221
0.19618557067351716,-3.530931747318501,-0.23967652871486145,0.165137
0.19618557067351716,-2.3732782859354224,1.207390298013987,0.134209
0.19618557067351716,-2.3732782859354224,1.3520969806868708,0.125681
0.19618557067351716,-2.3732782859354224,1.7862170287055257,0.106167
0.19618557067351716,-1.505038189898114,-2.554983451481018,0.155276
0.19618557067351716,3.125575655634199,-2.554983451481018,0.228012
0.19618557067351716,3.41498902097997,-1.9761567207894788,0.224142
0.34089225334640183,2.4020422422697756,2.6544571247428346,0.0791202
0.4855989360192865,-3.530931747318501,-0.5290898940606308,0.168326
0.4855989360192865,-3.3862250646456165,-1.1079166247521703,0.164643
0.4855989360192865,-2.3732782859354224,1.4968036633597563,0.127739
0.4855989360192865,-1.2156248245523447,-2.699690134153903,0.164267
0.4855989360192865,-0.2026780458421511,-2.2655700861352486,0.156683
0.4855989360192865,0.520855367522274,-2.699690134153903,0.117254
0.6303056186921703,-1.505038189898114,-2.699690134153903,0.165417
0.6303056186921703,-0.3473847285150349,-2.4102767688081337,0.163595
0.6303056186921703,2.9808689729613143,-2.699690134153903,0.238179
0.7750123013650558,-3.241518381972732,0.3391502019766772,0.172534
0.7750123013650558,1.6785088289053522,-2.989103499499673,0.151414
0.7750123013650558,2.1126288769240062,2.50975044206995,0.0850595
0.7750123013650558,2.257335559596891,2.50975044206995,0.0801713
0.7750123013650558,3.125575655634199,-0.6737965767335163,0.196137
0.7750123013650558,3.2702823383070836,-0.09496984604197589,0.151424
0.7750123013650558,3.41498902097997,-1.6867433554437095,0.231954
0.9197189840379405,-2.8073983339540773,-1.6867433554437095,0.165834
0.9197189840379405,-1.7944515552438833,2.6544571247428346,0.0998507
0.9197189840379405,-1.3603315072252293,2.943870490088604,0.101932
0.9197189840379405,2.5467489249426603,2.3650437593970643,0.0727584
0.9197189840379405,2.8361622902884296,-2.699690134153903,0.235813
0.9197189840379405,3.2702823383070836,-1.252623307425055,0.215772
0.9197189840379405,3.2702823383070836,0.049736836630908776,0.142957
1.0644256667108252,-2.083864920589653,-2.4102767688081337,0.168598
1.0644256667108252,-0.2026780458421511,2.943870490088604,0.131823
1.0644256667108252,0.37614868484938846,-2.2655700861352486,0.140296
1.0644256667108252,1.6785088289053522,2.2203370767241806,0.108012
1.0644256667108252,3.125575655634199,-0.09496984604197589,0.165759
1.2091323493837098,-3.3862250646456165,-0.9632099420792857,0.176334
1.2091323493837098,-3.3862250646456165,0.4838568846495628,0.173538
1.2091323493837098,-1.7944515552438833,-2.554983451481018,0.174132
1.2091323493837098,0.6655620501951587,-2.4102767688081337,0.133054
1.2091323493837098,1.6785088289053522,2.075630394051296,0.111153
1.2091323493837098,2.8361622902884296,1.9309237113784112,0.071671
1.2091323493837098,3.125575655634199,1.641510346032641,0.07118
1.3538390320565945,-1.939158237916768,-2.4102767688081337,0.176312
1.3538390320565945,-1.6497448725709987,-2.554983451481018,0.178885
1.3538390320565945,-1.3603315072252293,2.6544571247428346,0.106589
1.3538390320565945,-0.2026780458421511,-2.120863403462364,0.178616
1.3538390320565945,0.6655620501951587,1.9309237113784112,0.143701
1.3538390320565945,2.4020422422697756,-2.554983451481018,0.209251
1.3538390320565945,2.4020422422697756,1.9309237113784112,0.0836049
1.3538390320565945,2.9808689729613143,-0.3843832113877461,0.177449
1.3538390320565945,3.125575655634199,0.6285635673224474,0.111932
1.4985457147294792,-3.241518381972732,1.207390298013987,0.163801
1.4985457147294792,-3.0968116992998467,1.4968036633597563,0.162592
1.4985457147294792,-1.7944515552438833,-2.4102767688081337,0.181497
1.4985457147294792,-1.3603315072252293,-2.554983451481018,0.183991
1.4985457147294792,-1.3603315072252293,2.50975044206995,0.113033
1.4985457147294792,2.691455607615545,1.4968036633597563,0.086081
1.4985457147294792,2.8361622902884296,-1.3973299900979397,0.205763
1.4985457147294792,2.9808689729613143,0.9179769326682177,0.0998831
1.6432523974023638,-2.2285716032625382,2.2203370767241806,0.158864
1.7879590800752485,-3.9650517953371556,0.049736836630908776,0.171596
1.7879590800752485,-3.530931747318501,-1.252623307425055,0.17879
1.7879590800752485,-2.083864920589653,-1.9761567207894788,0.190204
1.7879590800752485,-0.2026780458421511,2.075630394051296,0.118514
1.7879590800752485,-0.05797136316926643,1.9309237113784112,0.122422
1.7879590800752485,1.823215511578237,-1.9761567207894788,0.160108
1.7879590800752485,2.1126288769240062,-1.8314500381165946,0.172177
1.7879590800752485,2.257335559596891,-1.6867433554437095,0.176219
1.7879590800752485,2.5467489249426603,1.3520969806868708,0.0859352
1.9326657627481332,-1.505038189898114,2.2203370767241806,0.153067
1.9326657627481332,-0.6367980938608051,-1.9761567207894788,0.202607
1.9326657627481332,-0.6367980938608051,1.9309237113784112,0.130435
1.9326657627481332,-0.3473847285150349,1.641510346032641,0.138072
1.9326657627481332,-0.2026780458421511,1.4968036633597563,0.143656
1.9326657627481332,-0.05797136316926643,-1.3973299900979397,0.201164
1.9326657627481332,0.9549754155409271,-1.6867433554437095,0.152484
1.9326657627481332,2.691455607615545,-0.9632099420792857,0.144497
2.0773724454210196,-2.5179849686083076,-1.6867433554437095,0.192309
2.0773724454210196,-1.939158237916768,-1.8314500381165946,0.205873
2.0773724454210196,-0.9262114592065744,-1.9761567207894788,0.212169
2.0773724454210196,-0.05797136316926643,1.3520969806868708,0.150522
2.0773724454210196,0.6655620501951587,-1.5420366727708243,0.161584
2.0773724454210196,1.9679221942511207,-1.5420366727708243,0.141892
2.2220791280939043,-4.109758478010041,-0.3843832113877461,0.176708
2.2220791280939043,-4.109758478010041,-0.23967652871486145,0.175727
2.2220791280939043,-3.820345112664271,-1.1079166247521703,0.180751
2.2220791280939043,-3.675638429991386,0.7732702499953321,0.16435
2.2220791280939043,-1.6497448725709987,2.2203370767241806,0.167305
2.2220791280939043,-0.49209141118791955,-1.6867433554437095,0.217381
2.2220791280939043,-0.3473847285150349,1.207390298013987,0.17618
2.2220791280939043,-0.05797136316926643,-1.3973299900979397,0.206473
2.2220791280939043,0.8102687328680434,1.7862170287055257,0.104058
2.366785810766789,-4.109758478010041,-0.3843832113877461,0.177436
2.366785810766789,-4.109758478010041,-0.23967652871486145,0.17642
2.366785810766789,-3.820345112664271,-1.1079166247521703,0.181717
2.366785810766789,-2.2285716032625382,-1.6867433554437095,0.20948
2.366785810766789,-2.2285716032625382,2.2203370767241806,0.172536
2.366785810766789,-1.7944515552438833,2.2203370767241806,0.171703
2.366785810766789,-1.6497448725709987,-1.8314500381165946,0.226915
2.366785810766789,-0.3473847285150349,1.207390298013987,0.181345
2.366785810766789,-0.2026780458421511,-1.5420366727708243,0.214582
2.366785810766789,0.37614868484938846,-1.3973299900979397,0.179242
2.366785810766789,2.1126288769240062,-1.3973299900979397,0.119099
2.366785810766789,2.8361622902884296,0.9179769326682177,0.0669634
2.5114924934396736,-3.530931747318501,0.9179769326682177,0.164368
2.5114924934396736,-3.241518381972732,1.3520969806868708,0.164542
2.5114924934396736,-2.5179849686083076,2.075630394051296,0.173226
2.5114924934396736,-1.505038189898114,2.075630394051296,0.174638
2.5114924934396736,-0.49209141118791955,-1.8314500381165946,0.226426
2.5114924934396736,0.08673531950361912,1.3520969806868708,0.150527
2.6561991761125583,-3.9650517953371556,0.19444351930379256,0.173338
2.6561991761125583,-2.9521050166269616,-1.5420366727708243,0.193537
2.6561991761125583,0.37614868484938846,1.4968036633597563,0.127426
2.6561991761125583,0.6655620501951587,1.641510346032641,0.107371
2.6561991761125583,2.4020422422697756,-1.1079166247521703,0.0966256
2.800905858785443,-3.530931747318501,0.7732702499953321,0.168169
2.800905858785443,-0.7815047765336898,-2.120863403462364,0.241155
2.800905858785443,0.2314420021765038,1.3520969806868708,0.147381
2.800905858785443,2.1126288769240062,1.4968036633597563,0.062168
2.800905858785443,2.691455607615545,-0.6737965767335163,0.0805772
2.9456125414583276,-0.3473847285150349,-1.9761567207894788,0.232723
2.9456125414583276,2.691455607615545,-0.5290898940606308,0.0741982
2.9456125414583276,2.8361622902884296,0.049736836630908776,0.064267
3.090319224131214,-3.820345112664271,-0.09496984604197589,0.179976
3.090319224131214,0.08673531950361912,1.207390298013987,0.177136
3.090319224131214,0.8102687328680434,-1.252623307425055,0.153117
3.090319224131214,1.6785088289053522,-1.252623307425055,0.101148
3.2350259068040987,-3.3862250646456165,-0.9632099420792857,0.192343
3.2350259068040987,-1.3603315072252293,-2.2655700861352486,0.252217
3.3797325894769834,-2.083864920589653,1.3520969806868708,0.208895
3.3797325894769834,-0.2026780458421511,1.207390298013987,0.196911
3.5244392721498663,-3.241518381972732,-0.23967652871486145,0.195079
3.5244392721498663,-3.0968116992998467,0.19444351930379256,0.195983
3.5244392721498663,0.2314420021765038,-1.3973299900979397,0.208808
3.669145954822751,-0.3473847285150349,1.207390298013987,0.203649
3.669145954822751,0.2314420021765038,0.9179769326682177,0.190907
3.669145954822751,0.8102687328680434,-0.6737965767335163,0.168239
3.8138526374956356,0.9549754155409271,0.3391502019766772,0.143526
3.8138526374956356,1.0996820982138127,0.3391502019766772,0.128532
3.8138526374956356,1.389095463559582,-0.09496984604197589,0.11042
3.9585593201685203,-2.5179849686083076,0.4838568846495628,0.229021
3.9585593201685203,-0.9262114592065744,1.3520969806868708,0.222853
3.9585593201685203,-0.05797136316926643,0.9179769326682177,0.203071
3.9585593201685203,0.37614868484938846,-0.818503259406401,0.200283
4.103266002841407,-1.07091814187946,1.3520969806868708,0.229019
4.103266002841407,0.2314420021765038,0.4838568846495628,0.200119
4.103266002841407,0.37614868484938846,-0.5290898940606308,0.199257
4.247972685514291,-2.083864920589653,-1.252623307425055,0.226929
4.247972685514291,-1.07091814187946,-1.9761567207894788,0.245995
4.247972685514291,0.08673531950361912,0.4838568846495628,0.203766
4.392679368187176,-0.3473847285150349,-1.3973299900979397,0.223549
4.392679368187176,0.08673531950361912,-0.5290898940606308,0.204705
4.537386050860061,-0.2026780458421511,-0.818503259406401,0.211972
4.537386050860061,-0.05797136316926643,-0.3843832113877461,0.207825
4.682092733532945,-2.2285716032625382,0.049736836630908776,0.237852
4.682092733532945,-1.939158237916768,-0.6737965767335163,0.227607
4.682092733532945,-1.505038189898114,-1.1079166247521703,0.228182
4.682092733532945,-1.505038189898114,1.0626836153411023,0.248454
4.682092733532945,-1.2156248245523447,-1.252623307425055,0.229317
4.682092733532945,-0.3473847285150349,0.4838568846495628,0.220012
4.82679941620583,-2.083864920589653,0.19444351930379256,0.242823
4.82679941620583,-1.505038189898114,0.9179769326682177,0.250026
4.82679941620583,-0.49209141118791955,-0.3843832113877461,0.21817
4.971506098878715,-1.3603315072252293,-0.5290898940606308,0.230034
4.971506098878715,-0.9262114592065744,0.6285635673224474,0.240012
4.971506098878715,-0.7815047765336898,0.4838568846495628,0.235289
