-5.45593237820441,-0.7908701547661829,-0.5261222682764841,0.24397
-5.45593237820441,-0.0922715714568545,-1.3644405682476775,0.258853
-5.45593237820441,1.02548616183807,0.8710748983421723,0.183469
-5.3162126615425445,-0.9305898714280483,-0.24668283495275256,0.237831
-5.3162126615425445,-0.37171100478058516,-1.6438800015714086,0.249723
-5.3162126615425445,-0.23199128811871983,-0.10696311829088723,0.246458
-5.3162126615425445,0.8857664451762046,0.45191574835657544,0.193301
-5.176492944880678,-1.4894687380755105,-1.0850011349239463,0.239305
-5.176492944880678,1.02548616183807,1.8491129149752314,0.171952
-5.036773228218813,-1.9086278880611074,-0.9452814182620806,0.245134
-5.036773228218813,-1.210029304751779,-1.6438800015714086,0.233827
-5.036773228218813,-1.0703095880899136,0.17247631503284477,0.230278
-5.036773228218813,-0.37171100478058516,-1.9233194348951397,0.240821
-5.036773228218813,0.18716786186687706,1.0107946150040377,0.196951
-5.036773228218813,0.3268875785287424,0.3121960316947092,0.221301
-5.036773228218813,0.46660729519060773,0.03275659837097855,0.232228
-5.036773228218813,0.606327011852474,0.03275659837097855,0.22418
-5.036773228218813,1.7240847451473984,1.8491129149752314,0.16318
-5.036773228218813,2.00352417847113,1.5696734816515008,0.161072
-4.897053511556948,-1.7689081713992412,0.03275659837097855,0.240917
-4.897053511556948,0.04744814520501084,0.5916354650184408,0.216857
-4.897053511556948,0.04744814520501084,0.731355181680307,0.210504
-4.897053511556948,0.04744814520501084,0.8710748983421723,0.204973
-4.897053511556948,0.3268875785287424,-1.7835997182332743,0.248748
-4.897053511556948,0.8857664451762046,-0.24668283495275256,0.221771
-4.897053511556948,2.2829636117948606,0.8710748983421723,0.156584
-4.757333794895082,-1.4894687380755105,-1.7835997182332743,0.229634
-4.757333794895082,-1.210029304751779,0.45191574835657544,0.227599
-4.757333794895082,-0.37171100478058516,0.5916354650184408,0.223856
-4.757333794895082,1.8638044618092637,1.9888326316370968,0.157958
-4.757333794895082,2.2829636117948606,0.45191574835657544,0.155549
-4.617614078233216,-2.3277870380467043,-0.10696311829088723,0.257454
-4.617614078233216,-2.048347604722973,0.17247631503284477,0.248115
-4.617614078233216,-0.6511504381043167,0.731355181680307,0.221117
-4.617614078233216,-0.23199128811871983,1.0107946150040377,0.206926
-4.617614078233216,0.3268875785287424,-1.9233194348951397,0.239341
-4.617614078233216,0.606327011852474,2.128552348298963,0.168616
-4.617614078233216,1.3049255951618015,2.2682720649608283,0.159639
-4.617614078233216,2.4226833284567277,0.5916354650184408,0.153015
-4.477894361571351,-2.607226471370436,-0.8055617016002152,0.261806
-4.477894361571351,-0.23199128811871983,-2.2027588682188712,0.226464
-4.477894361571351,0.8857664451762046,-1.2247208515858117,0.242852
-4.477894361571351,1.3049255951618015,-0.6658419849383499,0.202364
-4.3381746449094845,-2.607226471370436,-1.0850011349239463,0.258534
-4.3381746449094845,1.3049255951618015,-0.8055617016002152,0.204318
-4.3381746449094845,2.5624030451185913,0.3121960316947092,0.151738
-4.198454928247619,-1.4894687380755105,0.8710748983421723,0.223826
-4.198454928247619,-0.9305898714280483,-2.342478584880737,0.21698
-4.198454928247619,-0.23199128811871983,1.7093931983133661,0.188949
-4.198454928247619,0.606327011852474,2.2682720649608283,0.165094
-4.198454928247619,2.5624030451185913,-0.24668283495275256,0.156826
-4.198454928247619,2.5624030451185913,1.2902340483277692,0.150956
-4.058735211585754,-1.3497490214136452,1.5696734816515008,0.202257
-4.058735211585754,2.5624030451185913,-0.5261222682764841,0.16112
-4.058735211585754,2.5624030451185913,1.4299537649896346,0.150509
-3.919015494923888,-2.746946188032301,-0.9452814182620806,0.260152
-3.919015494923888,-2.1880673213848385,-1.7835997182332743,0.232772
-3.919015494923888,-0.7908701547661829,1.9888326316370968,0.192981
-3.919015494923888,-0.6511504381043167,1.9888326316370968,0.191524
-3.919015494923888,-0.0922715714568545,-2.342478584880737,0.218725
-3.919015494923888,0.8857664451762046,-1.3644405682476775,0.226212
-3.919015494923888,2.2829636117948606,-0.9452814182620806,0.170066
-3.7792957782620227,-2.746946188032301,-0.9452814182620806,0.257923
-3.7792957782620227,-0.37171100478058516,-2.4821983015426023,0.218209
-3.7792957782620227,0.7460467285143384,2.4079917816226937,0.161961
-3.639576061600157,-2.607226471370436,-0.10696311829088723,0.260208
-3.639576061600157,-0.23199128811871983,-2.4821983015426023,0.218642
-3.639576061600157,-0.23199128811871983,2.128552348298963,0.187609
-3.639576061600157,2.1432438951329953,2.2682720649608283,0.150452
-3.4998563449382916,-1.6291884547373767,1.9888326316370968,0.199042
-3.4998563449382916,-1.0703095880899136,2.2682720649608283,0.194895
-3.4998563449382916,0.3268875785287424,2.2682720649608283,0.175736
-3.4998563449382916,1.02548616183807,2.54771149828456,0.158926
-3.4998563449382916,2.4226833284567277,-1.0850011349239463,0.170176
-3.4998563449382916,2.981562195104189,-0.24668283495275256,0.156996
-3.3601366282764262,-2.46750675470857,-1.3644405682476775,0.237963
-3.3601366282764262,-0.6511504381043167,-2.621918018204468,0.220596
-3.3601366282764262,-0.0922715714568545,-2.4821983015426023,0.218
-3.3601366282764262,0.8857664451762046,-1.3644405682476775,0.213399
-3.2204169116145605,2.00352417847113,2.54771149828456,0.156745
-3.0806971949526947,-2.048347604722973,1.5696734816515008,0.201668
-3.0806971949526947,-0.7908701547661829,2.4079917816226937,0.195039
-3.0806971949526947,-0.0922715714568545,2.2682720649608283,0.190505
-3.0806971949526947,2.5624030451185913,2.128552348298963,0.154518
-2.940977478290829,-1.4894687380755105,-2.342478584880737,0.213771
-2.940977478290829,-0.37171100478058516,-2.621918018204468,0.208689
-2.940977478290829,0.18716786186687706,-2.342478584880737,0.200515
-2.940977478290829,0.7460467285143384,2.54771149828456,0.171615
-2.940977478290829,2.8418424784423237,1.4299537649896346,0.150426
-2.8012577616289636,-2.1880673213848385,-0.24668283495275256,0.238569
-2.8012577616289636,-2.048347604722973,1.5696734816515008,0.199245
-2.8012577616289636,-1.9086278880611074,-1.7835997182332743,0.211698
-2.8012577616289636,-0.7908701547661829,2.4079917816226937,0.197162
-2.8012577616289636,-0.0922715714568545,2.2682720649608283,0.194624
-2.8012577616289636,0.18716786186687706,2.2682720649608283,0.189523
-2.8012577616289636,0.7460467285143384,-1.5041602849095432,0.194481
-2.8012577616289636,0.7460467285143384,2.54771149828456,0.174393
-2.8012577616289636,1.8638044618092637,2.6874312149464243,0.164608
-2.661538044967098,-2.048347604722973,0.45191574835657544,0.217941
-2.661538044967098,0.8857664451762046,-1.3644405682476775,0.185603
-2.661538044967098,1.3049255951618015,-1.2247208515858117,0.179462
-2.661538044967098,1.8638044618092637,2.6874312149464243,0.167017
-2.5218183283052316,0.3268875785287424,2.2682720649608283,0.192061
-2.382098611643367,-1.9086278880611074,-0.38640255161461834,0.224637
-2.382098611643367,-1.9086278880611074,-0.24668283495275256,0.225242
-2.382098611643367,-1.0703095880899136,2.2682720649608283,0.200554
-2.382098611643367,-0.5114307214424514,2.2682720649608283,0.203592
-2.242378894981501,-1.9086278880611074,0.17247631503284477,0.213997
-2.242378894981501,-1.7689081713992412,1.7093931983133661,0.195001
-2.242378894981501,-0.6511504381043167,-2.7616377348663335,0.135124
-2.242378894981501,-0.0922715714568545,2.128552348298963,0.20878
-2.242378894981501,0.18716786186687706,2.128552348298963,0.204983
-2.242378894981501,2.7021227617804566,-0.10696311829088723,0.153261
-2.1026591783196356,-1.9086278880611074,0.5916354650184408,0.200418
-2.1026591783196356,-1.3497490214136452,1.9888326316370968,0.198701
-2.1026591783196356,-0.37171100478058516,2.128552348298963,0.21212
-2.1026591783196356,0.606327011852474,2.2682720649608283,0.196427
-2.1026591783196356,2.4226833284567277,2.128552348298963,0.167101
-1.9629394616577693,0.46660729519060773,2.128552348298963,0.206394
-1.9629394616577693,1.02548616183807,2.4079917816226937,0.188982
-1.9629394616577693,1.1652058784999362,-1.6438800015714086,0.12779
-1.9629394616577693,1.8638044618092637,-0.6658419849383499,0.163037
-1.823219744995904,-1.4894687380755105,1.5696734816515008,0.192851
-1.823219744995904,-0.6511504381043167,-2.9013574515281992,0.0989652
-1.823219744995904,-0.23199128811871983,2.128552348298963,0.22091
-1.823219744995904,-0.0922715714568545,2.128552348298963,0.221548
-1.823219744995904,0.04744814520501084,2.128552348298963,0.220473
-1.823219744995904,2.2829636117948606,1.9888326316370968,0.169169
-1.823219744995904,2.4226833284567277,1.7093931983133661,0.163857
-1.6835000283340387,-1.9086278880611074,-0.10696311829088723,0.19178
-1.6835000283340387,-0.7908701547661829,-2.9013574515281992,0.0924698
-1.6835000283340387,0.7460467285143384,2.128552348298963,0.203898
-1.6835000283340387,1.4446453118236677,-0.6658419849383499,0.164879
-1.6835000283340387,2.1432438951329953,0.3121960316947092,0.148874
-1.5437803116721733,-2.048347604722973,-1.2247208515858117,0.134475
-1.5437803116721733,-1.9086278880611074,0.03275659837097855,0.186852
-1.5437803116721733,-0.7908701547661829,2.128552348298963,0.210038
-1.5437803116721733,0.46660729519060773,2.2682720649608283,0.215524
-1.5437803116721733,1.3049255951618015,-1.5041602849095432,0.119865
-1.5437803116721733,1.4446453118236677,-0.6658419849383499,0.160925
-1.5437803116721733,1.584365028485533,-0.38640255161461834,0.162597
-1.5437803116721733,1.8638044618092637,0.03275659837097855,0.153471
-1.5437803116721733,2.1432438951329953,0.8710748983421723,0.149828
-1.5437803116721733,2.1432438951329953,1.5696734816515008,0.163722
-1.404060595010307,-2.048347604722973,-1.5041602849095432,0.116902
-1.404060595010307,-1.9086278880611074,0.17247631503284477,0.180097
-1.404060595010307,-1.7689081713992412,0.8710748983421723,0.173065
-1.404060595010307,-1.0703095880899136,1.9888326316370968,0.196199
-1.404060595010307,-0.5114307214424514,2.4079917816226937,0.217632
-1.404060595010307,1.4446453118236677,-0.8055617016002152,0.151521
-1.404060595010307,1.584365028485533,-0.5261222682764841,0.156596
-1.404060595010307,1.7240847451473984,1.7093931983133661,0.17113
-1.404060595010307,1.8638044618092637,1.5696734816515008,0.16591
-1.404060595010307,2.00352417847113,0.3121960316947092,0.144466
-1.404060595010307,2.00352417847113,0.731355181680307,0.146625
-1.404060595010307,2.00352417847113,0.8710748983421723,0.148721
-1.404060595010307,2.1432438951329953,0.17247631503284477,0.141903
-1.2643408783484418,-2.048347604722973,-1.5041602849095432,0.111235
-1.2643408783484418,-1.7689081713992412,1.0107946150040377,0.163664
-1.2643408783484418,-1.4894687380755105,1.5696734816515008,0.170733
-1.2643408783484418,1.584365028485533,1.5696734816515008,0.166178
-1.2643408783484418,2.2829636117948606,0.731355181680307,0.138012
-1.2643408783484418,2.5624030451185913,-1.2247208515858117,0.136703
-1.2643408783484418,2.8418424784423237,-1.0850011349239463,0.13382
-1.1246211616865756,-2.048347604722973,-1.0850011349239463,0.12363
-1.1246211616865756,2.2829636117948606,1.2902340483277692,0.145341
-1.1246211616865756,2.5624030451185913,1.2902340483277692,0.141301
-1.1246211616865756,2.981562195104189,-1.2247208515858117,0.129112
-0.9849014450247102,0.04744814520501084,-2.9013574515281992,0.0650603
-0.9849014450247102,1.1652058784999362,1.9888326316370968,0.180497
-0.9849014450247102,1.8638044618092637,1.4299537649896346,0.14997
-0.9849014450247102,2.7021227617804566,1.5696734816515008,0.141634
-0.9849014450247102,2.981562195104189,1.4299537649896346,0.1352
-0.9849014450247102,3.400721345089787,-0.8055617016002152,0.120028
-0.8451817283628449,-2.1880673213848385,-0.24668283495275256,0.147315
-0.8451817283628449,-2.1880673213848385,0.45191574835657544,0.143057
-0.8451817283628449,-2.048347604722973,-0.38640255161461834,0.146353
-0.8451817283628449,-1.4894687380755105,1.8491129149752314,0.159701
-0.8451817283628449,0.3268875785287424,2.6874312149464243,0.215613
-0.8451817283628449,0.8857664451762046,-2.342478584880737,0.0716454
-0.8451817283628449,1.3049255951618015,-1.5041602849095432,0.10585
-0.8451817283628449,2.1432438951329953,-1.6438800015714086,0.12575
-0.8451817283628449,2.1432438951329953,1.7093931983133661,0.149129
-0.8451817283628449,3.2610016284279197,1.4299537649896346,0.129242
-0.7054620117009796,-3.3058250546797634,0.3121960316947092,0.129046
-0.7054620117009796,-2.746946188032301,0.8710748983421723,0.128901
-0.7054620117009796,-2.3277870380467043,-0.6658419849383499,0.137373
-0.7054620117009796,-2.3277870380467043,1.0107946150040377,0.132842
-0.7054620117009796,-1.7689081713992412,-2.063039151557006,0.0766153
-0.7054620117009796,-0.7908701547661829,2.54771149828456,0.200227
-0.7054620117009796,-0.5114307214424514,2.6874312149464243,0.209354
-0.7054620117009796,1.02548616183807,-2.063039151557006,0.0768333
-0.7054620117009796,2.1432438951329953,1.8491129149752314,0.148669
-0.7054620117009796,2.981562195104189,1.8491129149752314,0.13652
-0.5657422950391133,-3.5852644880034945,-0.10696311829088723,0.127479
-0.5657422950391133,-3.5852644880034945,0.03275659837097855,0.126216
-0.5657422950391133,-3.445544771341629,-0.5261222682764841,0.131528
-0.5657422950391133,-3.3058250546797634,0.731355181680307,0.121666
-0.5657422950391133,-3.0263856213560323,1.150514331665903,0.123314
-0.5657422950391133,-2.746946188032301,1.5696734816515008,0.130293
-0.5657422950391133,-1.7689081713992412,1.7093931983133661,0.142886
-0.5657422950391133,-1.3497490214136452,-2.4821983015426023,0.0632153
-0.5657422950391133,-0.7908701547661829,2.54771149828456,0.197424
-0.5657422950391133,-0.5114307214424514,2.6874312149464243,0.206627
-0.5657422950391133,0.606327011852474,-2.4821983015426023,0.0615883
-0.5657422950391133,2.7021227617804566,-1.7835997182332743,0.11899
-0.426022578377248,-3.7249842046653603,-0.10696311829088723,0.123362
-0.426022578377248,-3.7249842046653603,0.03275659837097855,0.122181
-0.426022578377248,-2.746946188032301,1.9888326316370968,0.133712
-0.426022578377248,-2.048347604722973,-0.9452814182620806,0.119731
-0.426022578377248,1.02548616183807,-1.7835997182332743,0.080787
-0.426022578377248,1.7240847451473984,1.8491129149752314,0.149279
-0.426022578377248,2.00352417847113,-1.7835997182332743,0.115096
-0.426022578377248,2.00352417847113,1.9888326316370968,0.147227
-0.426022578377248,2.5624030451185913,2.128552348298963,0.140718
-0.426022578377248,2.8418424784423237,-1.7835997182332743,0.115806
-0.426022578377248,3.819880495075383,0.8710748983421723,0.110894
-0.28630286171538266,-1.7689081713992412,-1.3644405682476775,0.0903935
-0.28630286171538266,-1.0703095880899136,-2.4821983015426023,0.0554792
-0.28630286171538266,-0.9305898714280483,2.4079917816226937,0.182434
-0.28630286171538266,0.18716786186687706,2.6874312149464243,0.205978
-0.28630286171538266,0.3268875785287424,-2.4821983015426023,0.0544952
-0.28630286171538266,1.4446453118236677,-1.5041602849095432,0.106817
-0.28630286171538266,3.2610016284279197,1.9888326316370968,0.128232
-0.28630286171538266,3.959600211737248,0.17247631503284477,0.106626
-0.14658314505351644,-3.7249842046653603,0.8710748983421723,0.111731
-0.14658314505351644,-3.0263856213560323,2.2682720649608283,0.129977
-0.14658314505351644,-2.048347604722973,-1.0850011349239463,0.112698
-0.14658314505351644,-1.6291884547373767,-1.5041602849095432,0.0802071
-0.14658314505351644,0.8857664451762046,-1.6438800015714086,0.0790144
-0.14658314505351644,3.400721345089787,-1.5041602849095432,0.106461
-0.14658314505351644,3.540441061751652,-1.3644405682476775,0.105192
-0.14658314505351644,3.959600211737248,0.8710748983421723,0.10689
-0.006863428391651993,-3.8647039213272256,0.731355181680307,0.10974
-0.006863428391651993,-3.7249842046653603,-0.8055617016002152,0.118436
-0.006863428391651993,-3.1661053380178976,-1.2247208515858117,0.120126
-0.006863428391651993,-3.0263856213560323,2.4079917816226937,0.1293
-0.006863428391651993,-1.6291884547373767,-1.0850011349239463,0.0991028
-0.006863428391651993,-1.210029304751779,-2.063039151557006,0.0574591
-0.006863428391651993,2.00352417847113,2.128552348298963,0.140448
-0.006863428391651993,3.959600211737248,-0.8055617016002152,0.102292
-0.006863428391651993,4.0993199283991135,0.45191574835657544,0.104286
0.13285628827021423,-4.004423637989092,0.45191574835657544,0.108143
0.13285628827021423,-1.4894687380755105,2.128552348298963,0.145646
0.13285628827021423,-1.210029304751779,-1.7835997182332743,0.0617265
0.13285628827021423,2.7021227617804566,2.2682720649608283,0.130427
0.13285628827021423,4.0993199283991135,0.731355181680307,0.10332
0.13285628827021423,4.239039645060979,-0.10696311829088723,0.103833
0.13285628827021423,4.239039645060979,0.03275659837097855,0.103803
0.27257600493207956,-3.7249842046653603,1.8491129149752314,0.112364
0.27257600493207956,-2.607226471370436,-1.3644405682476775,0.110929
0.27257600493207956,-1.7689081713992412,2.4079917816226937,0.140616
0.27257600493207956,2.7021227617804566,2.2682720649608283,0.127662
0.4122957215939458,-3.7249842046653603,-0.9452814182620806,0.109935
0.4122957215939458,-1.9086278880611074,2.54771149828456,0.137045
0.4122957215939458,-0.9305898714280483,-1.5041602849095432,0.0663685
0.4122957215939458,-0.7908701547661829,2.128552348298963,0.158453
0.4122957215939458,-0.37171100478058516,-1.7835997182332743,0.0544664
0.4122957215939458,0.606327011852474,-1.5041602849095432,0.0762036
0.4122957215939458,1.3049255951618015,-1.5041602849095432,0.0945883
0.4122957215939458,3.6801607784135175,1.7093931983133661,0.109756
0.4122957215939458,3.819880495075383,-1.2247208515858117,0.100004
0.4122957215939458,4.378759361722844,0.17247631503284477,0.104162
0.5520154382558111,-4.004423637989092,-0.5261222682764841,0.104874
0.5520154382558111,-3.7249842046653603,-0.9452814182620806,0.107292
0.5520154382558111,-1.3497490214136452,2.128552348298963,0.138874
0.5520154382558111,0.7460467285143384,1.9888326316370968,0.148773
0.5520154382558111,2.4226833284567277,-1.7835997182332743,0.099633
0.5520154382558111,3.6801607784135175,-1.3644405682476775,0.0991036
0.6917351549176773,-4.004423637989092,1.4299537649896346,0.103572
0.6917351549176773,-1.9086278880611074,-1.2247208515858117,0.0972626
0.6917351549176773,-1.6291884547373767,2.4079917816226937,0.13289
0.6917351549176773,-0.37171100478058516,2.128552348298963,0.15054
0.6917351549176773,1.584365028485533,1.8491129149752314,0.126174
0.6917351549176773,1.7240847451473984,-1.6438800015714086,0.0956106
0.6917351549176773,3.2610016284279197,1.9888326316370968,0.11226
0.6917351549176773,3.819880495075383,1.4299537649896346,0.102425
0.8314548715795427,-4.144143354650957,-0.24668283495275256,0.100292
0.8314548715795427,-3.8647039213272256,1.8491129149752314,0.104587
0.8314548715795427,-1.6291884547373767,2.4079917816226937,0.129384
0.8314548715795427,-0.5114307214424514,-1.5041602849095432,0.067273
0.8314548715795427,-0.23199128811871983,2.128552348298963,0.140998
0.8314548715795427,0.7460467285143384,1.9888326316370968,0.131246
0.8314548715795427,1.3049255951618015,-1.6438800015714086,0.0871254
0.8314548715795427,1.4446453118236677,-1.6438800015714086,0.0896993
0.8314548715795427,1.584365028485533,-1.6438800015714086,0.0920468
0.8314548715795427,3.959600211737248,-1.2247208515858117,0.102835
0.971174588241408,-4.004423637989092,1.5696734816515008,0.101459
0.971174588241408,-1.3497490214136452,-1.3644405682476775,0.0818946
0.971174588241408,-0.5114307214424514,-1.5041602849095432,0.0684409
0.971174588241408,-0.23199128811871983,2.128552348298963,0.131003
0.971174588241408,1.7240847451473984,1.8491129149752314,0.116604
0.971174588241408,3.400721345089787,-1.5041602849095432,0.0985482
1.1108943049032733,-3.8647039213272256,1.8491129149752314,0.101514
1.1108943049032733,-2.8866659046941665,2.6874312149464243,0.115717
1.1108943049032733,-0.6511504381043167,-1.5041602849095432,0.0700058
1.1108943049032733,-0.23199128811871983,2.128552348298963,0.122122
1.1108943049032733,2.00352417847113,-1.6438800015714086,0.0944261
1.2506140215651396,-3.5852644880034945,-0.9452814182620806,0.0969902
1.2506140215651396,-0.23199128811871983,2.128552348298963,0.114256
1.2506140215651396,-0.0922715714568545,2.128552348298963,0.113905
1.2506140215651396,0.04744814520501084,2.128552348298963,0.113348
1.2506140215651396,3.540441061751652,1.4299537649896346,0.0990752
1.390333738227005,-3.445544771341629,2.2682720649608283,0.103372
1.390333738227005,-2.46750675470857,-1.2247208515858117,0.0959902
1.390333738227005,-1.3497490214136452,2.128552348298963,0.113224
1.390333738227005,-0.37171100478058516,-1.5041602849095432,0.071538
1.390333738227005,-0.23199128811871983,-1.5041602849095432,0.0718569
1.390333738227005,3.400721345089787,1.4299537649896346,0.0988654
1.390333738227005,4.518479078384711,0.17247631503284477,0.111252
1.5300534548888702,-3.7249842046653603,-0.8055617016002152,0.0967068
1.5300534548888702,-2.607226471370436,2.54771149828456,0.108864
1.5300534548888702,-2.46750675470857,2.54771149828456,0.109512
1.5300534548888702,-1.9086278880611074,-1.3644405682476775,0.0871312
1.5300534548888702,-1.4894687380755105,-1.5041602849095432,0.0784778
1.5300534548888702,2.00352417847113,1.7093931983133661,0.102215
1.5300534548888702,4.378759361722844,0.45191574835657544,0.109213
1.6697731715507373,-4.423582787974688,0.03275659837097855,0.104514
1.6697731715507373,-4.2838630713128225,-0.24668283495275256,0.102996
1.6697731715507373,-2.8866659046941665,-1.0850011349239463,0.0963913
1.6697731715507373,-2.8866659046941665,2.4079917816226937,0.103836
1.6697731715507373,-1.6291884547373767,-1.5041602849095432,0.0791268
1.6697731715507373,0.04744814520501084,-1.5041602849095432,0.0752776
1.6697731715507373,1.3049255951618015,1.8491129149752314,0.0947695
1.6697731715507373,2.1432438951329953,-1.6438800015714086,0.0903589
1.6697731715507373,3.2610016284279197,1.2902340483277692,0.0985876
1.6697731715507373,3.959600211737248,-1.0850011349239463,0.111016
1.6697731715507373,4.239039645060979,-0.8055617016002152,0.113983
1.6697731715507373,4.378759361722844,0.3121960316947092,0.111301
1.809492888212601,-3.3058250546797634,-0.9452814182620806,0.0965121
1.809492888212601,0.04744814520501084,-1.5041602849095432,0.0762874
1.809492888212601,0.606327011852474,-1.7835997182332743,0.0699471
1.809492888212601,1.1652058784999362,-1.9233194348951397,0.0712715
1.809492888212601,1.1652058784999362,1.8491129149752314,0.0905568
1.809492888212601,3.819880495075383,-1.0850011349239463,0.111358
1.809492888212601,4.239039645060979,-0.6658419849383499,0.115355
1.9492126048744662,-3.5852644880034945,-0.8055617016002152,0.0988496
1.9492126048744662,-1.3497490214136452,-1.6438800015714086,0.0719351
1.9492126048744662,-0.23199128811871983,-1.5041602849095432,0.0758813
1.9492126048744662,0.8857664451762046,-1.9233194348951397,0.0686924
1.9492126048744662,4.239039645060979,0.17247631503284477,0.11341
2.0889323215363333,-4.423582787974688,0.8710748983421723,0.108323
2.0889323215363333,-2.46750675470857,-1.0850011349239463,0.0948059
2.0889323215363333,1.584365028485533,1.7093931983133661,0.0865072
2.0889323215363333,2.00352417847113,1.5696734816515008,0.0898178
2.0889323215363333,2.1432438951329953,-1.7835997182332743,0.0848327
2.0889323215363333,4.0993199283991135,0.17247631503284477,0.113438
2.2286520381981987,-3.3058250546797634,-0.8055617016002152,0.10033
2.2286520381981987,-1.9086278880611074,-1.5041602849095432,0.078844
2.2286520381981987,-1.6291884547373767,-1.6438800015714086,0.0734938
2.2286520381981987,0.3268875785287424,1.7093931983133661,0.083538
2.2286520381981987,0.8857664451762046,1.7093931983133661,0.0821861
2.2286520381981987,3.959600211737248,0.03275659837097855,0.114354
2.368371754860064,-4.004423637989092,-0.38640255161461834,0.108253
2.368371754860064,-2.746946188032301,1.8491129149752314,0.0970812
2.368371754860064,-1.9086278880611074,1.8491129149752314,0.0966287
2.368371754860064,-1.210029304751779,-1.7835997182332743,0.0684148
2.368371754860064,-0.6511504381043167,-1.7835997182332743,0.0674402
2.368371754860064,2.981562195104189,0.731355181680307,0.10123
2.5080914715219293,-3.5852644880034945,1.5696734816515008,0.101653
2.5080914715219293,-3.3058250546797634,-0.6658419849383499,0.104267
2.5080914715219293,-3.0263856213560323,1.7093931983133661,0.0977889
2.5080914715219293,-2.607226471370436,1.7093931983133661,0.0979656
2.5080914715219293,-2.46750675470857,1.7093931983133661,0.0980234
2.5080914715219293,-1.6291884547373767,1.8491129149752314,0.0909581
2.5080914715219293,2.1432438951329953,-1.9233194348951397,0.0820244
2.5080914715219293,3.540441061751652,-0.38640255161461834,0.11548
2.6478111881837965,-4.144143354650957,0.8710748983421723,0.112105
2.6478111881837965,-3.7249842046653603,-0.38640255161461834,0.109996
2.6478111881837965,-3.445544771341629,-0.5261222682764841,0.10759
2.6478111881837965,-3.1661053380178976,1.5696734816515008,0.100005
2.6478111881837965,-3.0263856213560323,-0.6658419849383499,0.104376
2.6478111881837965,-2.607226471370436,1.5696734816515008,0.0986758
2.6478111881837965,-2.46750675470857,1.5696734816515008,0.0984827
2.6478111881837965,-0.23199128811871983,-1.9233194348951397,0.0663962
2.6478111881837965,1.02548616183807,1.5696734816515008,0.0763907
2.6478111881837965,3.400721345089787,0.03275659837097855,0.111555
2.787530904845662,-4.004423637989092,0.8710748983421723,0.112397
2.787530904845662,-3.1661053380178976,1.4299537649896346,0.101968
2.787530904845662,-2.746946188032301,1.4299537649896346,0.100019
2.787530904845662,-2.46750675470857,1.4299537649896346,0.0991136
2.787530904845662,-2.048347604722973,1.5696734816515008,0.09387
2.787530904845662,-1.210029304751779,1.8491129149752314,0.080439
2.787530904845662,-0.9305898714280483,-1.9233194348951397,0.0662178
2.787530904845662,-0.9305898714280483,1.8491129149752314,0.0778856
2.787530904845662,0.3268875785287424,-2.063039151557006,0.0657716
2.787530904845662,2.4226833284567277,1.150514331665903,0.0844673
2.787530904845662,2.8418424784423237,-1.6438800015714086,0.0981168
2.787530904845662,3.1212819117660544,0.45191574835657544,0.102338
2.787530904845662,3.2610016284279197,-1.2247208515858117,0.109447
2.927250621507527,-3.8647039213272256,0.731355181680307,0.113807
2.927250621507527,-2.607226471370436,-1.0850011349239463,0.0943074
2.927250621507527,-2.3277870380467043,-1.3644405682476775,0.0857701
2.927250621507527,-2.1880673213848385,1.4299537649896346,0.0952151
2.927250621507527,-1.6291884547373767,1.7093931983133661,0.0843388
2.927250621507527,-1.0703095880899136,-1.9233194348951397,0.0672354
2.927250621507527,2.5624030451185913,1.0107946150040377,0.0861092
3.0669703381693925,-3.445544771341629,0.03275659837097855,0.114817
3.0669703381693925,-3.445544771341629,0.8710748983421723,0.11131
3.0669703381693925,-1.6291884547373767,-1.7835997182332743,0.073243
3.0669703381693925,-0.5114307214424514,1.7093931983133661,0.0729231
3.0669703381693925,0.3268875785287424,1.4299537649896346,0.0757364
3.0669703381693925,2.7021227617804566,0.8710748983421723,0.0882151
3.0669703381693925,3.400721345089787,0.03275659837097855,0.109315
3.206690054831258,-2.1880673213848385,-1.5041602849095432,0.0831138
3.206690054831258,2.2829636117948606,-1.9233194348951397,0.086957
3.206690054831258,2.8418424784423237,0.731355181680307,0.09091
3.206690054831258,3.1212819117660544,0.45191574835657544,0.0993327
3.346409771493123,-2.1880673213848385,-1.5041602849095432,0.0840681
3.346409771493123,-0.7908701547661829,1.7093931983133661,0.0714692
3.346409771493123,1.4446453118236677,-2.063039151557006,0.0754301
3.4861294881549885,-3.0263856213560323,0.45191574835657544,0.112561
3.4861294881549885,-1.9086278880611074,1.4299537649896346,0.0851242
3.4861294881549885,-0.23199128811871983,1.5696734816515008,0.0692667
3.4861294881549885,0.8857664451762046,1.4299537649896346,0.0687951
3.4861294881549885,2.5624030451185913,0.8710748983421723,0.0837927
3.4861294881549885,2.8418424784423237,-1.6438800015714086,0.101722
3.625849204816854,-0.9305898714280483,-1.9233194348951397,0.0718074
3.625849204816854,2.8418424784423237,0.5916354650184408,0.0914734
3.625849204816854,3.1212819117660544,-1.3644405682476775,0.108419
3.625849204816854,3.1212819117660544,0.3121960316947092,0.100248
3.765568921478721,-1.0703095880899136,1.5696734816515008,0.0725449
3.765568921478721,-0.6511504381043167,1.5696734816515008,0.0692385
3.9052886381405862,-1.9086278880611074,1.2902340483277692,0.0848477
3.9052886381405862,-1.4894687380755105,1.4299537649896346,0.077802
3.9052886381405862,2.1432438951329953,0.8710748983421723,0.0786156
3.9052886381405862,3.2610016284279197,-0.24668283495275256,0.108807
4.045008354802452,-3.0263856213560323,-0.38640255161461834,0.112832
4.045008354802452,-0.5114307214424514,1.4299537649896346,0.069027
4.045008354802452,1.3049255951618015,1.150514331665903,0.0701663
4.045008354802452,2.4226833284567277,-1.5041602849095432,0.100181
4.184728071464317,-1.3497490214136452,1.2902340483277692,0.0774442
4.184728071464317,-0.7908701547661829,-1.7835997182332743,0.0806612
4.184728071464317,-0.5114307214424514,-1.9233194348951397,0.0791205
4.184728071464317,1.4446453118236677,-1.6438800015714086,0.0910327
4.184728071464317,1.7240847451473984,-1.5041602849095432,0.0949259
4.184728071464317,2.8418424784423237,-1.0850011349239463,0.107541
4.324447788126182,-2.746946188032301,0.45191574835657544,0.108622
4.324447788126182,-1.4894687380755105,-1.3644405682476775,0.0902949
4.324447788126182,-1.4894687380755105,1.150514331665903,0.0808815
4.324447788126182,0.18716786186687706,-2.063039151557006,0.0808017
4.324447788126182,0.3268875785287424,-2.063039151557006,0.081177
4.324447788126182,2.00352417847113,0.45191574835657544,0.0849289
4.324447788126182,2.4226833284567277,0.17247631503284477,0.0931655
4.324447788126182,2.7021227617804566,-0.10696311829088723,0.100615
4.324447788126182,2.8418424784423237,-0.5261222682764841,0.106358
4.464167504788049,-2.3277870380467043,0.731355181680307,0.100053
4.464167504788049,-1.4894687380755105,-1.2247208515858117,0.0942239
4.464167504788049,-1.4894687380755105,1.0107946150040377,0.0832006
4.464167504788049,0.46660729519060773,1.150514331665903,0.0725313
4.464167504788049,2.00352417847113,-0.9452814182620806,0.103103
4.464167504788049,2.2829636117948606,-0.10696311829088723,0.0969132
4.603887221449915,-1.3497490214136452,-1.0850011349239463,0.0974351
4.603887221449915,-1.210029304751779,0.8710748983421723,0.0827926
4.603887221449915,-0.5114307214424514,1.0107946150040377,0.0757956
4.603887221449915,1.8638044618092637,-0.38640255161461834,0.100249
4.74360693811178,-2.46750675470857,0.03275659837097855,0.108543
4.74360693811178,-1.0703095880899136,-1.0850011349239463,0.0984309
4.883326654773645,-2.048347604722973,-0.38640255161461834,0.105829
4.883326654773645,-0.6511504381043167,0.5916354650184408,0.0853733
4.883326654773645,0.18716786186687706,0.8710748983421723,0.0782797
4.883326654773645,1.584365028485533,-0.6658419849383499,0.102172
4.883326654773645,1.584365028485533,-0.38640255161461834,0.0996585
5.023046371435511,-0.37171100478058516,0.5916354650184408,0.0847317
5.023046371435511,0.46660729519060773,0.731355181680307,0.0809053
5.162766088097376,-0.7908701547661829,-0.10696311829088723,0.0987934
5.162766088097376,-0.5114307214424514,0.3121960316947092,0.091037
5.302485804759241,-0.6511504381043167,-1.0850011349239463,0.102211
5.302485804759241,-0.6511504381043167,-0.10696311829088723,0.0986137
5.302485804759241,1.02548616183807,0.17247631503284477,0.0924885
5.442205521421107,-0.5114307214424514,-1.0850011349239463,0.103746
5.442205521421107,-0.23199128811871983,0.17247631503284477,0.0946287
5.442205521421107,0.606327011852474,-1.5041602849095432,0.104651
5.581925238082974,-0.37171100478058516,-0.24668283495275256,0.101524
5.721644954744839,0.3268875785287424,-0.10696311829088723,0.101464
